100 400
1001110110000110100001100100010010100000111000011110011011010001010101011101011010001011000011101
148
101001000011101110010111100011100001110111110101111101111101100111000000010000001000010100100100100
173
110101010010011100010001101111111000000111001001111000100101010001101010010010101110011111111111000
30
10110010110100101110111101100001110001100000011110110010100011110110011110110111110100101101001000
149
100011000011011010001111010011001011001000010001111100111000101111001101111010011000111110110111110
87
1100001010111011111101100011001111000011001001000101011111101010000010101110000110010011110100111100
147
110101001011001010110010101110101110100000001001000110000100110100100000100011000001000111010111110
182
1100010111011000001110111100011111110100111001010001111100001101100101000100101110000011101101101011
61
100001110111111101100100001000001001111100011101110111101011101110010101111011000011111100010100001
11
110001110100001010000110100010010001110100100001111000000110000001001011101101101110111010010101
104
1110100011010000000100000110111100100000010000110110100001001110001001111001111101100111011111000001
109
101100110010001010111011110011000101001110101111111111000100010101010101111010010000010101111100010
191
1000101111011100100101110101111110000011000110001010100001011011010001000111101110111001101100010010
32
100011100011011101010000001010101010110101111001101110000000010101010011011001110101101111010111100
38
1100100001000010011101010101000101011001001000001100011100110100010000101111011000001000101001101011
39
111100101101101010010000000101010111101010101010011000101101010011001101101010010011101110001111001
99
1110000011110100110001100111101101000100110110110001111001110110010010001111110001010010001111111001
164
100001100110010000011000100101001001010001001001011101010100110000100110011110001010101110100101001
150
1101110000011011001011110001010011001101000101101011111011101111001001111001000000101011001100000101
65
111010010110110110010010010001011110000101100000000000010100000011010000010110110000011011011011110
31
1110101010001111101111111100001110010101011101010100000000111001101101001110101011000011000111000111
149
1010111101000000000010101110100101000000011110011111111111101010111101101111111101011000100110111100
43
1011001111111110100100000000000111111001111101110100011110110110000000111001101100010110110011011110
157
10001000000011111101001000010101101000011000111111001110101101110001000100010100001100011010010111
186
10100001001001111100000010001011110100011000000110011011101001010101010001000101110011010001000100
126
110101110000000000000001010101011100011000101000101011101110101010000001100001010100001011011101010
159
1111111001001011011000111000111011000010100011101111100000101011010101110001110000110001110000001001
133
1000111000001000001100001001010111101101110100010010000110101101110000011111111000000001100001001111
25
10000011001011101011011000000101011101101011111000000001001001011000011000110101000100111001101110
136
11001110010011011100010111110100100111100101111100000111100010011101101101000011110111001110111100
181
1110101001111100100100000110101111010110111001010100010010011111001011001010100010110001110101000000
62
1010101100100111111010101010011111111001110111110111001111110001010000111110001111010111001001110111
139
11001000010100000000111010011000111110110111100011010101111010000011100001001101010101000111000000
20
1100110110000101101111010011011001000011111111100010000011111001011111010010101010000110100011010001
155
1000100011110000000111000010001001111000111101111011010110111110000110000010011000001010011000100000
38
111010000110100100100010000101101010110010011000011111111001100100000100001110110100001111100010101
180
1110010010111101101110010000010001100011010111011111111010111111011110010000101000010100001100100100
165
1000000011100011111101000111101000111100110011110100100110011110010111000001001101010011011101001001
104
1101000010110010110101011010001101111101001111000010101111101101010001010110001001011001110001010010
86
111100110001101100001110111001100100111011011110010111111110010011001001000000110101000111101011101
116
1110010100000111100100000000101110101111010010011110000100111011110101110111110110100111011010011000
177
10001110000010001001100000011001001101001111110101000100111110011111111011011111011000100001011100
96
1011110000100111101001100011010011101011011010100010000001101011100010101111010110011111011010001010
195
110111011100101100101010111100001101101010011111001100011111001111001100011100100100011010100101001
2
1001110111001000001100000000011110010010101100010000110110011111001000111001110111111010000011000111
42
1110110111110110110010110101010001110011011101100111100000110111110000100101001010001100100011011110
120
1111100101111100101001101100100011100000011011000101101100001101001101000111011000010110011110010000
120
111000010010011100001001010100110001000100011111000011110001111101010111001100011110011011111001100
40
1010011101111111001010000111010011010110110100000000000110111111111100000000001001110110011000100110
176
1100100110001100110011011011110101111110011100011111111100011111100111110111001001111001111000010101
111
1011000000011001110110001000011000010111110011000010111110111011101111010101111000000000011101111001
103
11011011100000111101001000010010001100111011011001110110001001101000010110111001011111010001011011
80
111011000011100011101101001110100001011011010010100011001011100100001011010100001100001101100000000
28
1001000001011100111001011010101001000000111100001010110000001001011011011011010001101010100101110
160
1100110000000000111000001101010010101010000000111101101001011000011110100001000110011111111010000100
6
1001110001010000100110111101101101111111110010110010011000100110011111111011110000011110011101110110
132
101010110010000110000011101010111010111101000110011111110000001010101110000011111111011001111011110
28
111001011100110110000011010100101101100011001010000110110000001010100101011001011101110001011000011
14
1010111000010110100110001111000111011101010000000110001010111111000001000111001100001001011001000000
50
1110000000100011000101110100001101000011101010001111101001010010001101100110000101010110001011101101
141
1011100001000110111110100111010101101000011111101100010011010111101100011000001111010101101111000011
109
1110100001011010011000101111010001100100001001111110000011010111111001000101000000001010111000000101
98
1100100001111011010000000011101011010000011101001101111101011101111100000110101011001001011100010001
109
1001110000101010011000101110011001100011110001011011101011111111101000011101001110011100001100100110
151
1010010010000101110111000111111001000110100110000110001100110110111001011000000010001011100000011100
104
101001111111100100000010000011101011110101011001011011111011111101000100011011000011000011001000010
165
1000001010000001011110100100001011010010111010011000100100011100111011010110110100011011000100011001
78
1100010110000001000111110001100110000101110110010001010001000011101101111101000110101100010011110
149
110110001101111010101100110100111100010110011011000011010001001101101100001010001010001100101110101
99
1000111000011000111010011111001001111010000111011011000000010100010101000010000001111111101011101010
194
111010010000111011110101110010100100001100101101101111110111101010100101010110101110100011001101010
33
1011101011010000110111000010100101001101110111101000001011001101010001101010110110001100101011100
28
1010011100100001011100010110011010110011000101110111011101110111010011010000000110011100000111000000
99
1010110000101011010010100000001010001100110101001000010111110110111010101100110101010111011101010
165
100001000110101110110001101100001010110110001001010110110101100110101001001101001100111001000111
130
10001110110010111001001111011101100010010001011010010111111100101010110111011110111001111100110010
118
1000001101000001010111001110110010001011110110011001111111101100001101110100111011100011101100010010
79
101110111010110010101101000111010011110101000111101000111110001111001101000100100010011101011000010
31
110111000111101100110001011001001100010010011011110000000000100110100011001101000001110101110101110
70
1011100010101100100000000010011101011001110001011111101011010000001110011100001000101100001111111010
101
101101101001100000110111100100001000001011111101101110110000101111110111011100001100100000100101101
89
11111000000110110000001010000111011000101011101011111111111100010010010111101101010100010111110100
165
1011111111100001001000101110011110011111010010011110010101101000100001100110010111110010100000110000
90
1010001110001101001111101001011001110000001100100010101100101101111101011111110001001101001110011010
2
1000011001110010000010001001000100010101111111011110110110010001100111101100011011100110010011010011
196
11011001010101101011000110010000111111010001001101010101101110011001011100110001000001001010100101
130
100011010111101000111011111110100100010010001111111100111011111011001110011101000101111101010111000
52
100111010111011101110100011000010110001001011001011011100011010111011110011000000100001000100100101
46
101001100101001111110011110110110011010101000001011111100111010110001010111001110001100110110011111
82
101101101010100111110000011001111100101100100101001000110101100011000111111101010000100000011101110
66
101000110110100001111111100011100111010110101010110000011100010010010011010100000001100100001110010
168
1111110010011110011101100001100101010111011000001010101110011011001111111111100010110010100111011100
74
101111100000111100011111010110101100111011000101010111011100001111000000001010011110010111110001110
181
1000001100111010100000011001100110001100000011110000010011001111000110010101000010100100011101100100
138
101000100000010111100111100101111110000001100010010100000101101111011110111000101010110100011110111
191
111100011101101100110101011100000011000100000011000001011110110110011010111010000100000100111101010
30
111101111000100111010111000110100100111011010101100011010011111011101001000100100100100110000011100
13
1110010000100100010100110000110101000110100001011001011100110110000100000000101100011100111111011
133
1011000011011110001010001101100111111110010001001100000000110111011001101101000111010001001011011100
56
101010101101001100011000101000101101111111010101111010110011101001111000100111001001111110101010101
37
1011111010110100110110001100011011000101010101111100101000110110011111110101010011100110011110000
26
11101101000110100001011010101111110110101111100101011111000010010101101010001111100110010110110000
140
11100010110101111010001100011100010010000111111010110111101111110101001011101111101011101111000000
90
110110010100110001011001001000001001000011011110001101101000011101001110110100111010010111000100101
180
100110011010011110101010000000110111000100000110100011100010111010000010111100000101111111001000011
24
11110001011011110110011100110111101000111100001101101101000111110100001000101101001011010111100110
187
1011010001000110000000101100100011111110100010010010011010100110011001101001011101100100000111100000
53
1010000111100010001011101001001001010100101011000101111111000001100100011111101111000000001111100101
53
100010100110111101010011001101110111010010110010100111011100010010110111010011100100111001111111101
10
110010010000100010110010100000001010001100111111001001110000010001100111111000000001011100010010100
174
1100111000011000010000111101011110001001010001000111111110110110000011001111111110011110100110011101
47
11101000111101111010001001010011010010001011110010010101110000101100110101100111010110110000100000
32
11010001101111110110010100101011100111001011001100011010000110000100010110101110101110101011011011
196
11111011010111011110001111001000101010010000010010101110111101001100101111010100100011101110110001
17
100111111101100111011000101100110010000001100000011101101000000110111010100000011101110110011100101
134
1001101111111000010000001011010011101110111100111001011001100011000101000110101011101010000011101001
150
111011001010111110101111101101010010010101101101100101111100011111001010001010110101001000000011100
124
1101111101101111100000000011001010000110101001100001010111010111110010000001101011101110000111110111
139
101101000111100101100100100101101101110101110111101000011110010010101011011001011110000111111100001
137
1000110100011110001111110011100101110001010110101011000000110011111111001111000001001110111010011
44
10111100011111011110110000110100101010100011011110011001001001000011011111011100010011101110111010
58
110000101110010001001010111001000101000110100110101011000000110001011010000111011100111111101101000
6
1001101010100100101100010011010111000001100100001101001010100100101101010010100001101110011110001010
12
1010111001011111111010010100010001101111101011100111110110110111101101101111011100111111101011110111
132
111000100000010100100111001000110111000001011000110101111111110111111100000001010101010110110010001
172
10110111100111110000011000001001010000010110110101000111100101101001000110101011100000110111101000
188
10101001000111011010100000000010010111001110101100111111110100101010111010100001010011111011111000
97
1110001000000010001001110010001110001011110011010110000011000011101000100110111001011010110011001001
83
100000101001110100100110000100111011100110101000100011100000110011110100010000000101111010110100110
77
1100111101000010001001010000111001011101100101101000010110011011111001011110000100110000000111111111
195
111000011011010110000101111011111101011011001101100011010101001110001011000010101100011000000010000
89
1110000000101101100101001101000101110100010011010010000111101110010010011010111010001010001001111
151
1111010110001010001000010110011000100011001001000010101101100011001010011000011011101101110011101000
176
111101100100000011011100001011111100110011011100111110011101111010010010011110111101111101011101110
108
101010001001010100010111111110111000001011011101101001000110110001010001011011011111000001010000000
136
1010000001000100101011101000011110100000111010111010110001000100110011011100111000000000101011100011
97
110000101010110010110111011110001111100111001111011101101100101100100001011100111000101001001101011
186
100101110110101001011101100110010001000010001110000001110000011101010110101011110000100011100010111
56
1011010010111101100101010111100011111010001010000011010011111110100000101101111111110010111010100
19
111101000011111010001010011010101011010000010111100110111010111011001011000001010111010001100110010
52
1011001101100110100000000111001111011000010110101000000011010011100101001000111000011000010000100101
149
1000101101001000010011101000100100011101111100101101110111111101111110101101010000000110100100110001
76
101101010010010001110100011010111100101100101100000000010101100110001001010100000001010101100101110
197
1101110011111111001010110111111101000001111000100000011111111101100001000110100110010101100001111100
190
1110101100101011101011001001000000110010000110110100101111110101101111100110001101000110100111100000
155
110100000110100110101001000001111101101110110010000110101100110100010101011100100100001001100000000
189
1111011110001010001111010000101011011100100111111101111000101000101001110011100001001100001011010111
163
100101100110101110011110011010001111100111111100010001101101000000001000010110111000111001101011000
142
111100110101010111110111010100001100000011001010100001101001001101110001100001110011111101100100110
166
111000111111110100001101111101010011010011010101000011100101001001110110100111010100010110010010111
160
1101101100111100010001011101001011101001111101101110110111100100010111101110111000000001110110110
157
1011110101000011001100000010100011000101001011100100111101010100000111100001010101111100001110001110
2
1100001111010111101111100001011001101000000111100011110111000111000000101110011010110101011000011000
103
1111101101001101100110101001011000100011111000111111111000011000100010011100001001011111110010
33
1110101110101001001110001100001100100010011111010100001111000100100010111011110110011101001011111010
169
1111001011111000100101001101011111000001111011011001011011011001000101111010010010000101001100111110
195
10001010001011110011001111010011000111101100100011001011011010110100001101101001110110111101110
177
1011011011001101100000110000000111011100101111001000110101010000001000101011010101100001111110011
126
101000110101001010000100010011110010001101011000000111110010000000100101100100001011001101100010001
15
101000001000101001101100011101001001001110001101100010100000000111100100011110001101111111100001010
158
10101100001001000101011111001101000100101111110100000000011011111111111110010111011110011101110111
15
111101111010111010110001111110000100011111101100100011000010001101010101100111011100110000010010101
189
1110100011001110001000010011101011011100011100001001010101100111111010011101111100010110111100100101
60
1110111000010101001111000101010000100101010111100001100001001001111100010010110011100011110001000110
54
1010000011100110010100100101110011010010101110000101100111111101000111000101000110101010111110010111
170
10101011000100010010100101111111000110001000111010010100010100111011101110000011010000010111100010
57
110101101011010110110101110010100011000000011000011010000011100100110010100000110101110101101000100
64
101111011011101110011001101001010010001110100100010011011001101110100010010000110011001000010111
135
1000010111000000101000110111011101111001110110010110010001101011110110100110100001011100001110110101
108
1101110010000001010001001110110110111100010110010001001110011101010100111000010110111011000111000000
17
1101110011101111110110110010111000111000100000001010011011101001101100101000011001000100110010010000
76
110110011001011000010000100101000010110000000101100100001010101110110100111100010000001010001011
129
101110100101100001000011010011110001110100000110001100000001001110011100001000111000100010110001011
81
10100010100001110011011110110000000001010010110001111100011010100011101010110000101101100101
185
1110110001011001001000111101000011101000101000110011001000111010010011010000010011001101100010010100
7
1100001111011010111100001011111100010000000000101001110011001000000101101001101111100111110010011001
3
101100111000111011010100110000000111111000000001101101110010100001111001100000011110011100011011101
26
1001000111001011010001110111111001110101010101101111100111001000010011101010101100101001011101110111
177
1010111101001101100011100010001011011010001111110101110000000111101011011001000000000100011111011110
6
1011001001010100100100010011111110000010010010010101101110010011101101101101111111001111001001110110
174
1110011010000011011001101110011010111000001000111100011000001101100010001011111010001000110001001110
163
1110010110001000010110100010110010100001110111111100101001101111111001101101100000111100011101111010
177
1010101111101010001011111111110101001101011110101100100111111111011111010110011011111011101
114
1110001000000001001101010111000011010001110101101011000110000110100110110010100000111011101110111011
62
11100001000001101011010010011100010111010010001101000000111111000101111010100000011100101110110011
28
1101001011010111010100101100111000000110001111010110010111111110110010011010110101100110110010001011
117
1000010111111001111000111111100011111001001011001010011101101001100010001011001010110000000100010001
15
110001101010101110001000100101110000011111111001110001111100111110001111111100111100110110100011
7
1011000011011110010111111001011100110000100101101000100011110000111111010111111010000111000001111111
52
1001001110100110001000010111010110010001100011101100001000001100100010010000010101000000001000100101
72
101111100011001110001100100000100011000000011010110100011100111100111001000000110000111010111111110
116
1110000000100101011011010000010101100001001101100010011111010110010100111001100110010010111101010110
55
1010110010110100010110000001000110010110001100100100000000111011110011110001100010101000011101000010
182
1001011011111100000001110001100010001000111100100001101101101001111100010000101100011001100011010001
7
111010000011011001110010011011111001111100110001100010111010001111111000011110111010011001110011
68
1011011110001101000001101010101010010001010100101111011111000110110011111100010011001000100111110101
134
1100111000000011000110000010011111010100001110011001101111001001010111000010010110000011101101010
178
1101011111001101101010101010100111010101100011111101100011111010010100011000000001101100101100111101
3
1111100101010110100100110111101111101110101101000100010000110011011111000100001100001100000101101100
81
1010100110101001010101000100111011110011001000101100110111100100100111010110110000010011001110111111
40
1001001011011010111000101100001111010111011100011111001001100000011010001010110100010010111111111011
47
110110011010001011110011010010010000101000100010001111111011111101110100001111010100001000111100
101
1001010011110000001110100000001110101111010101100101101101100011100010010100001000001101101000
17
1000011011101001011100101010111101101010001100100010010111000000111011101000110100010111111010001101
147
1111001101100101011000101110001000000011010011110110100011110101011110010100011000000100000100000
110
110011010101110000010011111111011000111011001010110110100011111010100010011001010010111111000110101
94
111010111111010011111010001101001010110001011110000010001110111100110100011011000111111111111000111
156
11000000011011001000111011111111100011111100110000010001100010011111100000001010001010001000101011
21
1010000001010111010100011110110011011110111110010010111111011001000001001111100101011100011111100110
112
111010000000101010110011100000101111101001010000011001000011001011001101000100101110100011101000011
124
111100010001001111000010010010000010001110100100100100000011111010001000010001000111111111100011011
177
101010111011100101100000001100101010110010001111011001100010010001100010101100011011111100001011010
188
111011000000011011101000111100101101001100010100111111101110100111011011010000000100101001011001000
59
110111111011011110010000000110000000011011010101101100010100011101011101011010001110010001101001010
60
1100111101110110110100011000110101110101100011010101110100011000101010101110000000100110100101111001
100
1000110110001101100111101100000100001101111011000100000000111101111100000001101111000000100011001100
30
1111101100010101010100110111100100100011011101100100000100001100000100100111000110011101101110000010
17
1101100101100111001001100110010001000100011110010111111010110010101001101101110001110010101100110
105
10000100001110000000100101001110001010111000011001001111000010010101011110011111011000000100000100
134
110101110100100100101001101111110111000011110010011110001011100010111001001100101011100000011011
160
1100100101010010100101010001001101100010101010001101110110000111101100110111011110000011101101010110
86
1011110010010101110100110111011111011101111111100110011011010100101011001010100100111101111010111110
181
100011101011011001011001111111000111111101100001010111111010000101110101100001001011001111011011010
195
1000100101001001000011100111100110110010000000011001101011101011110101000010000000101010101000010
135
101111010100010111110000111001011101111001110101110100011001100110001001111010110110111011101101101
67
10100100010101111011110011100000010111110101111111001001101100011000001011111001000111100100000110
125
11000001111011110001011011111100000011000110011000100000000111001110011001100100111111011100001111
75
1110101001101011011111000001100100011000100000001100101110000001001100111000011010100010010101011111
155
111110010111101010010101001111100000010111100100101100100101111100110001011100000000111000101010001
1
1011111001100010011010100101011011000111111111011111000011111101000000110101001000001011000100001
158
110001010001101001111000101010010001100111011000001111110110000011101000111110011011010000011110000
63
101110001001011111010011111010100100010001000011101011011000011010001001011100010001001101000000011
25
1101011011110111100100101011010101110111011011010100001100010100101000010010110110100010100011101000
153
10111010011110001000011100001110001111011011101101111000001011101000000110001100101100010000110001
40
10010011111111111101100011101100111011010100011000011100000111010000111110010100011000100011110110
3
1000101010111111001010011001101011101001001011111101111010110101010011100100000010100000101011101000
110
110011000001011001010011001110000000100011001000111110011000100010000100101000111001101111110101101
69
1111000101101011111011110101011010011011010000011000101111011001101110001000010001000011000010001011
182
1110100010101011111001101011010111011111101101010011010100000111001101110001000010111111011001001
90
1100110001110000100100000011011001101111001000000001100110100001011010000010110110111110001000011001
112
1001010001001001000100001101000011111100101100000010010100001110011010101000001011100011110111
117
1010001001001100001100100011000111111010110110010000001100000111110000001101000001111001000001011011
74
1000110101010110001001011001101011110101000011110100010110110111101100011111110111100111101001000
82
1111010011001011010011100010000111110010101011111100000001011010101001011101011000010110011100100011
176
1111011110010111001110010001000111100100011000100001010010110110011000101010101100000100100101101111
135
10011011001001111101101000111110100111010101000011100110110010110101000011110111011111110111110101
83
110010101110101011101010011100000100100101001100011010001110101111100011111010101011000000111111001
84
10100011001100000101000110110011101001001001000110111011010010111001101010001110101001010011101111
39
1111001100001010011110110100001100010101101010110100001110111010110010101111010100010000010000011100
53
1011101010100010001110101000101101010010100010000001100000110010101001111100001100111101000000000100
25
1111111110101111000010110010111110111100000000001000000100100101100110001110000111011001010101001010
186
1011001001110110010010111100010100111101110001100001111110111000101111000000110010101010010100100001
21
1111011001011110001000111001101111001100010101110101010101001111110010000110010100000011100010001001
28
100101010010000001000000101110010010100000010000011111111011001011101111111111111111011111001110
52
1000000110001010100110010011101010011011101010100101011111101000011110011000110101000101110101000011
69
1001010110011101111110100011010111110100111101101111011101100001100111101110011001001110001011010100
174
1110110111110000110011110100000001110101010110001110111001110011110100110111011110001101101001010110
12
1010110011110110011101000011110000110010100010100011011000011001010101000101001110011101111011100010
33
1101011111010110011100101001010101111001010010011101110001100110001110000100011011010101110010010110
7
10000011101110101000111101100010101000111011110011111001011000000110110011100110011100001111111101
139
1100100100000011100010100101010000001001111000010111111000001001110100011111010110101000110001111100
44
111011000110011000100110101011110100101111000101001011111111010010100100011101010111100000101000000
80
1010110100100000001000001010100001011011101111110100110111010111010101101101011010101100111101001000
42
1011001100000110101010111001101100010000110100101110110011111010010001110100011111101011011001000111
59
1011110101100100100011001011111010010000110101001111100101110111110010111000001111000111000010010110
7
10011001100101010000110010101000000110000110100000111100111000001000000111000110110101100011101011
93
1111100110110000100110010001000001010110110011110110011000110000000001110000110100010010111011100110
47
10010100000011111101011001001010101101001001101110111000011110101100001001010011011001010001010010
60
1101001100111011001110110011100100101001111011100111000010100110011010010111000100010101001110011000
103
110111000011000100001010001100101100111011001110111001011000001001110000010010100110000010000111000
128
1111010111001100011000010100100100001100100001111100001110101000101111010000001001000010110010000
128
1111101100000010011001110001000001010000110000010001011111110100011111000100111000100011001000110100
55
10101101101111101101110100111111101001111100011111100100010110001001001101111110010110011100110101
47
1010110111101110011001101001110001111110011000101110001010100000000011001111111111110101110110100101
173
110011010010111101010010000000011111101110111000100011101101011011011000001001111111000001011000100
120
1100100000100101110110111010100010100100001011001000010101011110110011101010101101001110000001100111
195
101010110100010000011111110101110000111100010111101001101000100010010011001100100011111010101101001
169
1110101111111011010100100001001001110010011111001101101011000100001000001011011100011110111011100000
81
110010010010110100101111001111111001100110001000101111101101110000100100001100111100111001010011011
36
1101110011001101101001010101010000111111111000010100100101110110000110100001110000010110000010100
152
11111001111100011111111010000001000110000100010000101000010101010110011110001010011100000000
8
1000001011111110111000011111011001111101101111100000111100001001111111010110001010000010010111010000
129
111101000101110111000011000111101111011101010001110100111001111100001011010010000000100110111010101
180
111010110100011101001100110110110010111111110101111011101100111111000000000000010001100101101010101
133
111001011001010011100101000110100001000010010000000001000001010101011100001001010000010000101010011
27
100011100111010100100100010111001000110110100011001011101001101110110101000001001100110100101100000
7
100001110001101110001100110100011101100010110110010110010001000010011000000100000000111111110011111
168
1100010000011001011111101110100011000111000110011110111101011101001111000000100010100010011111110111
100
1110111101001000000100110000010111110101110011101101011010100001011100110000000101001001100101010100
54
1110001000110111100000111110000100111010001011000000100001010110111000010100111000011101110111100
137
11111110010000011111110111101000010000011010000010011110000011011101000001110011100100110001100111
78
10101001011100101010011110010010111001010110100110000011000010110000011110101100011011101010111
164
100110101000000000111010011001111110110110100101110001100101110110000010100001100110010101010000010
109
1000001011011010001101000011011011011111011100001110010011101101011100010111111010010000110000001000
56
110000010011000000100100101011011111101000111000110101111000011101011001111000000000100001111001110
36
10101011110000100111011100110100000111101111100101001101000001011010111100111010111101111001001111
59
1111010110001110101111100000010110010000010100110101100001011111110110100100111011111101101011111111
23
1111000111000100110101010011100100110011111000010111111010001001101100110011111100100010101011000011
67
1010010101110001100011000001100001011100101110110111010101001100100000100010000111111011101111001000
36
110110000110000001111010101010110111101110111011000100010101010111111001111101111000010111101100001
37
1101000101100001010101011111000011100001011110001100011111011100101000100001100010011000010010000010
100
1011110010001110101101101011110000111110011000101101110111110001000110111110100101101011101110111010
25
110111100011101101000110000010111010110111110111010000101001010011011000000110100111001110011101001
148
111100111011111100110101000101001101110110110101100111111101010110101010010010010011110011001101110
35
1110101101111011001010111111100101101111010011011110011011000100010100010001010101101000000001011
10
1101010101010001101011110010011010011011010000111011111000110010110100101010010110000011110110101000
37
1010010111101111100000011010101101100100100000000001010110111100100010110001110101111010000100
145
1011000000100011000110010000100100011111101100000011110111010101100101001000000001010001010101101
110
101010001110101111010001001011011000100100110110011010101011011000110011101111010001001110100101100
154
1101001110011010100101000010100111101010110011001110000101000110001101001101101000101111010100100110
146
11001010110110101111101100100010110100111111011111100001110100010100100100111111101000111111100000
77
1010010101000010110101010000101010100001011001010110001001011110011110100010111110001100000110010001
162
110011001101110100100101001110111001110110010000111111111111011010111010011001011011100110011000011
177
1101101000011100110011101110010001100010011100110111101100011000100111110011011110111000101110110001
128
111010000100001000101111110110000000010101110000010111110011001101100100010111011111000000011000110
9
11011111010011001110011010011010011000000101000110001101111011111100110101101111101101101101110010
16
1001010110111110101110100100001111001001000100000111100001110101011010111101010011010000011001000011
186
100010010100100000110111011001001110110000110010000100000010111010101111001111001000011000000010010
73
10010010000000100111101000100101011011100110101011101110010111010100000010111110001100111010000
194
10010100000101100111011110010010010100111010101101010010100000000111111001101010010100010001011011
111
1011100110011110011011000010100000111001110110101100100110011111010000011100110100101110011111111001
68
1110100100010010111001001011010101100010111111101000000101000101100100100011110010010101011111110101
197
1000111001101101000110011001101010100110001101001100100011100000111111000011000111010111111010010001
161
100100000010100011010011110101111101111111011100101100100101110001010101100101111101101111101101001
119
1110000101010100111000110000110111000101100010101111101111110000000011011000001011011000001001100001
131
101001011101100001111101101111101000000001011110001100101110100101011011010111110111011101111111000
155
1010000100100001011011111111010000010101101100100110101011010101111001000000111011100110011001010001
146
1100100011001111010100110111100111000101110111000001110110101001011111011000000011111110100110111
128
11111011011001110101011000111000111010001001011000100100110110101110011010011100001011011100101
32
100011001011010000111000100111001111101000011110100001010010000000101111000100001100000100111000000
117
1101000000111101100101100101100111100101100101001110101101100000000100100110110011010000111110100000
31
1111111000110000100100110110000000101101110001000101010100100010100111010010000101000011110011001000
73
1100000101001101100001010100001100011001100001110110111011100000001111111000000010010001100110111111
131
1000111001110001000110101001111100001100000011110100001000111001011110001001101001111111010111010111
162
111100111001110110010110010100101100111110100111110011100100011011001111010000100000010001010011110
72
111100111111111110111010100110101000001011100000100000111000110011100010100110101010011000010100001
136
1000111100110010010001011001110111011101111011000010011001111111100111011000000110111010010101000101
37
1101100110100110100110001110110001110011011101110000011100100111101110110111010010011100000100101
58
10100100110010101100110110111011100011010011100101011010000000111010011011100110010011110011010001
121
10110001001011010110100001101011100011101000100101111101101011000101011110001011100011000100001010
107
10010111000000101000000111111011011010010000001011000001101000011001011001101010011111011011001
38
11111000011000111000001001101010111011010111010111111110011000001111010011101100010001101111011100
171
110100000011101001000100011000001110011111111000111110100011101101110000011011011011001110001110100
110
100100110110110100010101100010100000110001111011111001000100110000010011111111110001111010110100
44
10000100111101001011110010111110011100000111011001001010000100011111001010100111001000001010111111
4
101110010110111100110000001101001011000000110100110001011000101101000010011010000111000111001011000
73
100111101101100000001100011101011111100001100010010100001100001101100111110110110100010101110110100
109
1100101101000110011000000101111001110110100101001100010101000101000001100111010110101010001001111001
66
1000001111010001001010110100010111001100100101011011110011011101001100000010001101001010100000101111
24
1000111101111110000010100010101010010100110101010110100111000110110101101110100110011110011100000000
169
111111010010011001101010110100111100111010110100000110111100000111010001011010000100101110101001000
153
1100110011000001010111100111110010101011100101001111110110010010010110110100111101010011100010000100
150
101001001000101111000111000111100111011101111011111101100111110001000001101101001001001001100011011
24
110110100110111000010110111100101101001010001110111111010101001000100111010100000111100010011010011
64
1111011111101010001101001101000001111011011101001011100100000110100001010001101100110001001100001000
55
1011011011101100000100101110000111101001000100101111011101010011110111010001011110101101000001010
148
1000110111101111001101101011101111000001000001101001100110011000101110100000010000110111001111010010
7
1100100100000001100101111000100001011101111000101011111111100000011000100101101110001101101111101100
127
10101001000100010101101001101011111010100001110110011101100001100001000110001111000001100011111001
73
100000111011001001111111000001011000101111010000111001111011110101110001111101000000001000011000101
130
1011110001010111110111010110000111011110100110001110111011101001010100001010000111001011111110100110
113
1000011011010110010100001101111110101100000111101010001101101110111111101101010000010101001011001000
163
1000001000111100111001011111101110000111011010111110010010100010100110001100010001101111111001110101
176
1001011101111011101011111001010001001000010011110100000100100000111100110001001101110100000010111100
154
1100100111111101101111011001110010111101110010011111001010100000000001100111101010001110110111111100
174
1010011010110101111110111100111101111011100111110000001000111010111001001001011100000100101001100000
157
1001101010101001000111000001100100100011001000111001111111001111010100110110010100010010000001101010
10
1000100011101101100100110101111111011100001010110001011000010100010101010010111110101010101011111011
118
1111011000001111011110000101100101100101000110001000011111111000101110000001000110011001010101011001
24
101100001110110000100101011000011001001101010110100100101011101101111010110110010001110011111101101
161
101010011000100100011101010110011110111110001000000110000010111010100001011110100000110000100100101
124
101110000110110101101110000100110111010001001101010100111001110100101010000100101010100111101111
135
1011110001111010011111000011111100100011100110000000000111100010110111000110010101100101100010010000
162
101101000001000000000010010001001001000110101100111000000111101101110110101111101001100101001001100
97
110110100011111100001111100011111001110110111010011101010010101100001010110100000101011011110000000
199
1101000010001000101001010101110101110101011010100111000011111010101110011111101011111110010100011011
66
1011000011001011000000100110010011011001001101110010111101101011101000000110011110011111001100010000
42
1010001001100100100110100000001000111011010011111111100011011000010011000101000001011111100110111000
44
10000100001110011101010110000110111100111010101110111110101100110011111011000111010000111100010000
21
1100010100000101101111110000000010110001011000110100100010111001010001111100001010101000001000010001
78
1001111011111111100000011000111101001110110110101011101001110000111111110101101011111010110111111001
61
1111110110000110011000000100111001011001010011001111000001111110000000000101000001111000111101111000
66
1110001101001011101000011001010101000001101101100000001011010111100111010101010001010010101001100010
64
101110100000010101101011011111111001100111101111001010000000011101000001011110000101010011010001110
137
1110110000011101010001101011101110011110111110001000001101100001111101100100011001000000000000001000
43
1110101000000001011110010010100100000101101001111101100111110011011111111001001001110001100100011010
117
1100010101010011010111111100001000111111111001010010100000100110110001100011011010100011111100111111
109
10000011111001110000001010011110111010000110111001011101100111010011001111111111010101000001101001
28
1100000110100110001100010011100000110110010011110001101010101111110100111001101010011101001011011001
47
1101000011000101110011111101000010011011001001111011100111010110010010100000001111000111111110110000
110
10100011001000001010100000111011111000011010010010111100000101000010000010000101010000011110100000
48
1110001011101000100000100000010110010111000111000110111010101011100101111100011110101001101001011
199
111010011000000111010101100110011110011110000101010000111101001000001001001010111011100001000110000
89
1100001111000110010100011100100111100010001101110000001101011011010011101110010111110110101111001110
144
1111010011001100010100001100100011001101010101110101010000101111011010011110011011001001100000001110
148
1000000001111001100100011101100110000111101010100110110011000001000111010110000011011101010001110111
109
11001011110110100011111101010001011101000011000110111001101001000101001000110101110010111111111001
64
101000001101111000101111011101011011000010001110011011011000011110011011110001000101111000101001000
61
1110010111110101000100010000011001111111011011010111100011111101000110011011111111000000000010101101
194
1000011011011000000110111100011010101001100101000110100111001110001100101011101100101101010110010110
98
