100 100
1011001110111000111111101101110111111101010111010111110111111110111011111011111011110111111111111101
148
1101101010111111111010111111111111111110111111101111111111101100111011000011111101001111100101100111
173
1111111110011011111110011101111111010101111111011111101110111110101111110011010101110111111111111110
30
11110111111110111111111101111001111011111111011111111110101111111111011111110111111100111101001100
149
1111111101011111011011111010111011111111101010111111101111001101111001111111011011111111110111111110
87
1111101110111011111101101011011111100111101111111111011111101010111110111111000110111011110110111100
147
111111101011011111110111101111111111100111011011001111001100110111110110111111101011010111010111111
182
1111111111011110011110111111111111111111111011010101111111101101110111101101101110011011111101101111
61
1110101111111111101110101011000111001111111111111111111101011111111010111111111011111111101111110011
11
1110110101110111111110111110100111111101110111110111111000001111010111001111111111111111111011111101
104
1110101011110010010100010110111111110000111010111111101111101111101101111001111101101111011111001011
109
1101101111011101111111111111011110101011111111111111111111111111101110111111111111111111111111111110
191
1100111111011111100101110101111111110111010110101011110111111111110001001111111110111101111111010110
32
111111111111011111010000101111111010110111111001101111010100011101111011111111111101111111110111111
38
1110101111111111111111111101110101111001111111101111111110110111010100101111111101111101111011101011
39
1111111101101111111110101010101111111101110111011111000101111010111001111111011011111101110111111111
99
1110011011110101111001101111111101110100111110110111111111111110010011111111111101011010001111111101
164
1101111100110010111011000110111101111110011101001111101111101111010100111111111011111101111111111001
150
1111111011111111001011111001011111111101110101101111111011111111001011111101111011101011111100110111
65
1111011111110111111111111011111011110010101110100100001011111010011111101010110111110111111011011110
31
1111101011101111111111111100001111110101111111010101101011111111111101111110101111101111100111101111
149
1010111111011111111110111110111111110111111111011111111111111011111111111111111101011111110111111100
43
1111111111111111110110011000000111111011111101111110111110111111101011111011111111011111111111011111
157
111101011010011111111111001111111101010111011111111111111111111111111010101011110111101111011011111
186
1010100111111101111111011010111111110100011001110110011111111111011101011101101111111111011111100110
126
1110101110111100101011101011111111111011111111101111111111110111110101011101111111111111011011101111
159
1111111101111111111010111101111111010111100111101111100111111011111111111101110011111111111001111111
133
1100111111101100101100011101111111111111111101011010111111111101110101111111111011111111110011111111
25
1011000111101011111011011101011111011101111111111110011011001111011011111110110111010101111101101111
136
1111011111011011111101111111111101110111111111111101111111111110111101101101101011110111001110111101
181
1111101101111101101111010111101111110111111011110111010111111111111011001110110110111011111111101100
62
1110111100101111111011101110011111111111111111111111001111110111011010111111101111111111111001111111
139
1011011011111101101101111111011110111111111111100011010111111010101011101011111111010101101111100011
20
1110111110001111111111110111111111101011111111101011111111111011011111011111111011000111101111111011
155
1010111111110111101111111111011101111101111111111111110111111110001111011111111000001111111011110111
38
111111100110111110111010110111111011111111011001111111111101100111101100111111110111111111100111101
180
1111110010111111101110110010111001100111111111011111111111111111111111111000101001111110011100110110
165
1011101111111111111111001111101111111101111111110111101111111111010111101111111101010111111111111001
104
1101101011111011110111011111111111111111001111101111101111101111111111011110111101011001111101110110
86
111111110101111100101110111111100101111011111111110111111111111011111001010011111111011111111011111
116
1110111111011111111110111110111111111111111010111110111111111111111101111111110110101111011110011100
177
111011110110111111001100011011011101101001111111101101110111111011111111111011111011011110111011111
96
1011110001110111111101111111011011111111111010111011011101111011111111101111111110111111011010101111
195
1110111011110111100101111111101001111111111111111001111011111111111111111011111111111111011101101101
2
1001111111111110111100011011111111110111101110111001110111111111001101111101111111111111111111111111
42
1111111111111110111111111111010111111111011101100111110100111111110010111101101110111111101011011110
120
1111111111111110101111111110110111111101111111100101101101111111111101111111111111011111011111110001
120
1111001110111111110111011111100111001101100011111111111110101111101111111111111011110111111111101110
40
1111111101111111101011100111111111110111111111001011001111111111111110011101011001111111011100111111
176
1100101111111111111111011011110111111111011110011111111111011111110111111111011011111011111011111111
111
1011000111111101111111111101011101111111111011111011111110111111111111111101111110011111111111111111
103
1111111111101100111101011101111110101101111111011011110111101111111010111110111111011111010111011111
80
111111111111111011111111111111101011111111110111111111111011111110001111111111101101011111110111111
28
1111111111001111100111011111110101011011111111111011111111111111101011111111111111111111110111111110
160
1111110111011111111100101111011010111110111101111101101001011111011111110011011111111111111111101100
6
1111110001011001111111111101101111111111111111110110011101111110111111111111110100111111111111111111
132
1111011111011111111100011101111111111111101100111011111110011111111111110110111111111111011111111111
28
1111101011101111111101111011111111101110111001011111110110100111111100111111111111101110111111011111
14
1111111001011111110110111111001111011111011001101111111011111111011111110111111111011111111111111010
50
1110011010111111101101110110111101010111101111001111111111111010111111100111000101010111111111111111
141
1011110011111111111110111111111101101101011111101110110111111111111110011111101111010101111111011011
109
1111100011111111111110111111011111111111001011111111111111111111111011110111110000011011111101011101
98
1111111101111111010001111111111111111111011101011101111101111111111110010111111011111101111101110011
109
1101111010111011111111101111111111100111111001111111111111111111111111111101111111011111111110110111
151
1111110110011111111111111111111101101110100111000110001111110110111111111010101011011011100010011111
104
101111111111110100110111000011101111110111011111111111111111111111111111111111010111111111011100110
165
1010101110010101011110100101011111011010111111111011100111011100111011110110111110011011110111111011
78
1011100111110001001000111111111101111101111111110010011111001111111111111111111001111101110111011110
149
111111001101111111101110110111111111111111111011111111111111101111111100011111001111011100111111101
99
1101111111011111111011111111001101111010111111011111011100010110110101100111000111111111111111111111
194
1111110010010111011111101111111100110111110111101101111111111111110101111011111101111101011011111111
33
1001011111111011101111111110111101101101111110111111001111111111101010111101110110110011101101111101
28
1111011111111011011100111110111010111111010101111111011111111111011111010010101111111110100111111011
99
111010111001111111011011111111111111001111110101111000010111111110111111101100111101011111111101111
165
110100111011110101111111101111101101110111111001101011111111101100110111011111101111111111101100111
130
1011111111111110111101111111011101101011111101011010110111111111101111111111011110111111111100111111
118
1010111101100011111111101110111110011111110110111111111111101110101111111111111111111111101111010111
79
101110111111111111111101100111011011110111011111111011111111111111001101101111110011111101011100110
31
1111111000111101111111111111101011111011010011111111111101001101110101011001101011011111101111101110
70
1111111110101110111101011010111101011111110111011111111111011101111111111100101111111111111111111111
101
1111101111101101001111111111110111111011111111101111111111011111111111111011100101101110110101101101
89
1011111100101110110000111011100111011001111011111111111111111111111010010111101111010110011111110110
165
1111111111100011101000111110111111111111110011111111111101111011101001111111111111111110110100110111
90
1010011111011101111111101101111111111110111110111011101101101101111111111111110111101101111111011111
2
1100111111111111111111011001101100111111111111111110111111110111110111111110111111100110111011111011
196
11111011110111111111011110010100111111010001001111111111101111011011111101110001111111001111101101
130
1111111111111101001111111111110101111110111011111111111111111111011111111111111110101111111110111100
52
101111011111111111111110111011110110011111111001111011110011110111111111011110011111111111111111111
46
1111111111111001111111011111110111111111111101111011111100111011110001110111111110101101111110011111
82
1111111101111101111111011111011111110111100111101101111111111100111001111111111011110100011011111111
66
101000111110111111111111111011100111110111111111110111011111110110011011111110101111111111111111110
168
1111111111011111011111100111100101010111011001101010111111111011111111111111110011111111100111011110
74
1101111111001111110111111111111111110111011100111111111011111111111001111111011111111111111111101111
181
1101011111111011111111111111111111011100010111110111110011101111111110111111001111101110011111111111
138
111010110011010111100111111101111111111111111010111101111111111111011111111001111111111111011110111
191
1111101011111111110111111111100101011110101011111101111111111111111111111111111110101010111111111011
30
1111101111000101111010111110110110110111011011111111111110011111111101111111111110110111110011111111
13
111110011111100100111100111010111101100110111001011111011111111111111111010101111111011101111111011
133
1011111011111111101110011111110111111111111011111101101111111111011101101101101111111111101011011100
56
1111111111101001101111001101100101101111111011101111011110011101111111110110111111111111111111110111
37
