100 200
1011001110111000110101101100110111110101000111010111110111011110001011111011111011010111011100011101
148
1101001010011111111010111111111100101110111111101111101111101100111001000011110101001011100101100101
173
1111111110010011111110011101111111000101111111011111101100111010101111110010010101110111111111111110
30
11110111111110101111111101110001110011111101011111111010101111110111011111110111110100111101001100
149
1100111001011011011011111010111011011111000010101111101111001101111001111111011011001111110111111110
87
1110101010111011111101100011011111100111001011111101011111101010111010111111000110011011110110111100
147
110111101011001010110111101111111110100111011011000111000100110111100110110011101011010111010111111
182
1110011111011100001110111101111111111110111001010001111111101101110101101101101110001011111101101111
61
1110001111111111101110101011000111001111111011101111111101011101111010111111111011011111100110110001
11
1110110001110111001010111110100111111101110111110111111000000110010111001111111111111111111010110101
104
1110100011010010010100010110111101110000110010111110101011001110101101111001111101101111011111001001
109
1101101110011001011111011111011110101011111101111111111110101111101110111111111010110110111111111110
191
1100111111011111100101110101111111000111010110001011100101011011110001001111111110111001111101010010
32
110111111011011101010000101111101010110111111001101111010000011101111011111111111101111111110111111
38
1100101011010011111111110101100101111001011111101111111110110101010100101111011001111101101011101011
39
1111111101101111011110100010101110111101010111010111000101111010111001111111011011011101110101111111
99
1110001011110101111001101111111101010100110110110011111111111110010011111111111001011010001111111001
164
1101111100110010111011000110111001011110011101001011101011101111010100110111111011010101110111111001
150
1101111010111011001011111001011111101101110101101011111011111111001011111101111011101011111100100101
65
1111011111110111111111010011001011110010101100000000000011111010011011001010110111110011011011011110
31
1110101011101111111111111100001111110101011111010101001011111001111101111110101111001111100111101111
149
1010111111001111011110111110110111110011111111011111111111101011111101111111111101011111100111111100
43
1111101111111111110100001000000111111011111101111110111110111111101011111001111101011110111111011110
157
111001010000011111101011001111111101000111011111111101111111111111101010101010110011100111011010111
186
10100001101101111110000010111111110100011000010110011111111011010101010001101101111011010111100100
126
1110101110101000101001101010101011111011001111101101111101110111110001011101011011110101011011101111
159
1111111001011111111000111000111111010111100011101111100111111011111111111101110011111111111001111111
133
1100111010101100101100001101010111111111111101010010111111111101110000111111111011111111100001111111
25
10000111101011101011011101000101011101111011111010011011001001011000111000110111010100111101101111
136
1011001111011011011100111111110100110111110111111101111111111010111101101101101011110111001110111101
181
1110101101111101101111000111101111110110111011110101010011111111011011001110110010111011111111101100
62
1110111100101111111010101010011111111011110111111111001111110101010000111111001111110111111001111111
139
1011011011110101100001111110011010111111110111100011010111111010101011100011111111010101100111000011
20
1100111110000111111111110011111101100011111111100010011011111011011111011010111011000111101011010011
155
1010111111110111100111111110011001111000111111111011010111111110001111010110111000001111011010110111
38
111111100110111100111010100111111011110111011001011111111001100110101100011111110110111111100110101
180
1111010010111101101110110010110001100111111111011111111010111111111110111000101001011110011100100110
165
1011101111111111111111000111101111111100111111110101100111111111010111001111101101010111111111011001
104
1101101011111011110111011110011111111101001111101110101111101101110101011110111001011001111001110110
86
111111110101111100101110111111100101111011011111010111111111110011111001000011111111010111111011101
116
1110111111011111111100111100111110101111111010011110111110111111111101111111110110101111011110011100
177
10011110110011111001100010011011101101001111110101001110111111011111111111011111011001100111011110
96
1011110000110111101101110111011011101011111010111011010001111011111011101111110110111111011010001011
195
1110111011110111100101110111101001111111011111111001110011111111111101111011111101101111011100101101
2
1001111111101100111100011011111111010011101110110001110111111111001101111001110111111011011111110111
42
1111110111111110110111111101010111111111011101100111110100111111110010101101101110101110100011011110
120
1111111111111110101011101110100011111101011011000101101101111111101101100111011011011110011111010000
120
1111000110110011110011011011100111001001100011111011111110101111101110111111110011110111111111101110
40
1111111101111111101011000111110111010111110101001011000110111111111100011000001001111111011100110111
176
1100100111001101111011011011110111111111011100011111111100011111110111110111011001111011111010111111
111
1011000011011001111111111100011101111111111011001011111110111111111111111101111100000011111111111011
103
1111111111100100111101001101011110001101111111011011110111101011111000011110111101011111010111011111
80
111111101111111011111101111110100001111111110011101011101011111110001111010101001100011101110110011
28
1011011111001111100111011111110101001001000111110011111111110001001011111011111011011101110101111110
160
1110110100011011111100001111011010111110101000111101101001011110011111110011001111111111111111000100
6
1001110001011000110111111101101101111111111111110010011101110110111111111011110000011111011101110111
132
1111011111011001111000011101111111011111101100111011111110010101111111110100011111111111011111111111
28
1111101011101111111101111010110111101110111001011100110110100111111100111111111111101110001011010111
14
1011111001010111100110111111001111011101011001101111101011111111001011110111001111001111011111111010
50
1110011000101111000101110110001101000111101111001111111011110010111111100111000101010110101011101101
141
1011110001101111111110101111010101101101011111101110110111111111111100011111101111010101111111011011
109
1110100011111111111100111111011101111110001011111111011111011111111011110111100000011011111001011101
98
1100101001111111010001110011111011111111011101001101111101111111111110000110111011101001111100010011
109
1001111010101011011111101111111011100011111001111011101111111111111100011101011111011101101110110111
151
1010110110011111111111111111111001101110100111000110001100110110111101111010101010011011100000011101
104
101111111111110100000011000011101111110101011111011111111111111111111111011111010111110111011100110
165
1000001010000101011110100100011011011010111110111000100101011100111011110110111100011011000110111001
78
1011100010110000001000111110111100111001101111110010011110001101011111111111111001111101110011011110
149
110111001101111011101110110110111111110111011011011111110011101111111100011010001111011100101110101
99
1101111101011001111011011111001101111010001111011111011100010110110101100110000011111111111111111010
194
1111010010010111011110101110111100110111110101101101111111111111010100111011110101111101011011111111
33
1001011111111010000111111110110100101101111110111101000101111011101010111101110110110011101101111100
28
1010011111111011011100111110111010110111010101111111011111111111011011010010100111111100000111001011
99
11010110001101111011011110001101111001111110101011000010111111110111011101100111101011111111101010
165
100111011110101110110101101101101010111111001001011110111101100110111011111101111111111101100111
130
1010111110111110111001111111011101100011111001011010110111111111101111111111011110111001111100110011
118
1010111101100011111111101110111110011111110110011111111111101110101111111101111111111011101111010011
79
101110111110110011111101100111010011110111000111111010111111011111001101100100110011111101011100110
31
1110111000111101101110111111101011111011010011111111100101001100110101011001101010011111101110101110
70
1011111010101110101101011010111101011001110111011111111111010001111111111100001111111110011111111011
101
1111101101101101001110111101110111111011111111101101111111000101111110111011100101101110110101101101
89
1011111100100110110000111011000111011001111011111011111111111111011010010111101101010110010111110110
165
1111111111100011101000101110111111111111110011111111010101111010100001111111010111111110110000110111
90
1010011111001101001111101001111101111110101100100011101101101101111101111111110101001101111111011110
2
1100111101111111100110001001100100110111111111111110110111010011100111101100011111100110011011111011
196
11011011110111111111011110010000111111010001001111111101101110011011011101110001110111001110100101
130
111111111111101001111111111110101110010111011111111111111111111011111110111101000101111111010111000
52
101111011111011111111100111001110110001111011001111011100011110111011110011000010110101100111111101
46
101111101101001111111011111110110111010111001101011111100111011110001110111001110101101111110011111
82
1111111101110100111111001111001111100101100111101101110110111100111000111111111010110100011011111111
66
101000110110111011111111110011100111010111101111110001011111110010011011111110101111110111111111110
168
1111110111011110011111100011100101010111011000101010101111011011111111111111110011111111100111011100
74
1101111111001111100111111110111111110111011000111011111011111111111000111101010111111111111111101110
181
1101011111111010111011111111100111001100010111110011110011101111001110011111001111101110011101111111
138
111000110011010111100111110101111110011111111010111100001111101111011110111001101111111101011110111
191
111101011111111110111101111100100011110101000011000101111111111111111111111011110100000111111111011
30
1111101111000101111010111010110100110111011011111100111110011111111101101111110100110111110010111110
13
111110011100100100110100111010111101100110101001011101011101111110001110010100101100011101111111011
133
1011111011111111101110011111110111111111111001111100000001111111011001101101001111111101101011011100
56
101110101101001101111001101100101101111111011101111010110011101011111010110111011111111111101010101
37
101111111011111100110110011110011011011101011101111110111011110110011111110111110011110110011111100
26
11111101100111111001111110101111110110101111100111011111110011111111101011101111101110111111111011
140
11101011110111111110001101011100010010001111111110110111101111111101011011101111101111111111000101
90
110111011101110101111011011100101101011111111110001101111110011111101110110100111010111111111101111
180
101110111111011110101011001110111111100111011111100011100011111011011010111110110101111111101101011
24
11111111011111110110111110111111111010111110001101111101111111111110011000111101001011010111111110
187
1111111011100111000001101110101011111111110011110010111111101110011001111011111101100110010111101111
53
1010001111110011101011101001011111110110111011100111111111100001100101111111101111100110101111110111
53
110111100111111101111011111101111111110110110011101111111101010010110111110011100101111101111111101
10
1110010110000111011111010101000111111001101111111101001110010110001110111111100100011111111110111100
174
1101111001011101010110111111011110101011111101100111111111110110100011011111111111111110101110111111
47
1111101001111101111111011001111011010111001111110011010111110010101110110111101111010110110101110000
32
11110011111111111110111101111011101111111111101111011111000110100101110110101110101111111011011011
196
111111011010111011111011111011011101010110000010110101110111101001100101111010111111011111111111011
17
100111111111100111111101111110110011111011110110011101101000111111111010100010111111111110011110101
134
1101111111111010111111101011010011111111111111111101011001101111000101000110101011101011111011101101
150
111111111010111111101111111101110010010111111101100101111111011111011011011111110111101100100111101
124
1101111111111111111000001011001110011111111111101101011111111111110010001111101011101110011111111111
139
1101101110111100101101110100101111101111101111111101000011110010110101011011111111110001111111110011
137
111011110100011111011111111011100111111011111111111011010111110011111111011111011001001111111011011
44
111111100011111011111110011110110101110110011111111111001111101110111011111111111010011101111111010
58
110001101111110011001110111101000101110110111111101011011101110111011111011111111111111111101101011
6
1001101010111100101100011111011111010111111100011101111110110100101111110110111001101111011110111110
12
1010111001111111111010010110011101111111101011101111110110110111111111111111011101111111101011111111
132
111100111101110100110111011000111111000001011010110111111111110111111100001111010101010111111110001
172
10110111100111110000111010111101011100110111111101110111110101111111001110101111110010111111111100
188
1010111001011111111010101101011111010111001110101101111111111111111111111011100111011011111011111111
97
1110101000111010101101111111011110011111111011110111100011111011101000101110111111011011110111101001
83
1101000101111111110100111001100111011101110101000101011100011110011110101011100111101111010111111111
77
1100111111000111011011110110111101011101110111101000010110111111111101011111011100110111010111111111
195
111000111011010110000101111011111111011111001111111011011111101110111011100011101100011110100010100
89
1110100111111101100101001101111101110110010111110011100111101110010010111010111011101010001001111
151
1111110110001011011001111111011100111011111011000010101111110011001011111010111111111101111011101000
176
111111101110000011011100011011111110110111111100111110011101111110110010011110111101111101111111111
108
1111011001101110100010111111111111011001011111101101101111111111011011101111111111111000101110010101
136
1110110101100111111111111001011111100000111010111111110001000110110011011100111100101100101011101011
97
1111000101111110010111111111111011111110111111111011111111100111100100011111110111000111011101101011
186
110101111110101001011111111110010101110010101110101011110000011111010110111111110010110011100010111
56
1101011010111111101111111110111110111111011111010000011011011111110100010111101111111110111111111100
19
1111111110111111010001111011110101011010010111111110110111110111011001011000001011111011011101111010
52
1011111111110110100000110111111111011011110110101100101011110011110101101100111001011001011110110101
149
1000101101101100110011101100101100011101111110101101110111111101111111101101010100010111111110111111
76
101101111111110101111110111110111100101101111100011001010101100110011111011100100001010111111101110
197
1101111011111111001011110111111101110011111110110111011111111111111111000111110110110111100001111110
190
1110101101111011111111001101110001110011010111111100111111111101101111100110101101101110111111101110
155
1110101010111110110111001000001111101101110110110000111101101110100110111011111111101001011111001001
189
1111111111111010011111010001111111011100100111111101111000111001101001110011101111101100101011010111
163
101111101110111111011110111011001111101111111100010111111101001110001010010110111001111111101011110
142
111100110101110111110111011101101111000011111110100111101101011101110001100101111111111111100110111
166
1111000111111110111101111111111010011011011010111110011111111001001110110111111010100110110110010111
160
101111101100111111111101011111001111101101111101111110110111101101110111101111111000100001111110111
157
1011110111100111011101100010110111001101011011100100111101110111000111100001111111111111101111001110
2
1101001111010111101111110001111111101100110111101011110111100111000011101111111011110111111000111000
103
1011101111111101001101100110101011011100101111111010111111111100011101110010111101001101011111111111
33
1110101111111101111111101101101101100010011111010100001111011101100010111011110111011101011011111011
169
1111111011111000111101011111011111010001111011011101011011011101100101111110011011101101101100111111
195
1101011101110101011111011001111010011000111111100111111101011011010110100101101111011111111111101111
177
1001011011011001101101110111000001111011111111111111011111101110001001111101111010111100001111110111
126
111010111111001010110111110011110110001101111100011111110010100001100111100100111111001101111111001
15
101110011011101001101110111111101011001110101111110010100111111111100110011111101111111111111001011
158
1110101101011001110101011111111101100111101111111100000000011011111111111110110111011110011101111111
15
111101111010111010111011111111011100011111101110110011101010011111010111111111011100111000111111101
189
1111110011111111011100111011101011011100111111011101011101101111111010111111111100011110111100110101
60
1110111001110111011111110111011001100101010111100111111111001001111110110110111111111111110111001110
54
1010101011101111011110111111111011011111101111010111101111111111001111000101000110111010111110010111
170
1011101011000100011110100111111111110110011111111010011111010110111111101110001011010000011111110010
57
1110111101011010110110111111110101011101010011010111110101111101100110011110001111111110111101011111
64
11101111111111101111111111111001011111111111100110011011111101101110101011010110110111001000010111
135
1100110111101000101000111111111101111101110111110111011011101011110111111111110011111110001110110101
108
1111110010100101011011001110110111111110011111010001001111011101111100111100010111111011100111110000
17
1111110011101111110110110011111101111011101100111111111011101001111101101000111001010101111010110100
76
1001110110011111011000010001100101001011110111011101100100001010101110110101111101010110101111001011
129
111110111101101001101111110011110111110110100111111100101011011111111101001000111000110111110001111
81
1011000011101010100001110011011111111000011001010010111001111111111110100011101111111000111111100101
185
1110111101011011001111111111010011111011111001110011111101111111010011110000110111011111100010011100
7
1100111111011111111111011111111111011110011011111001110111101101000101111111111111100111110010011001
3
101100111011111011111101110100101111111100001001111101110111110101111111111010011110011111111111111
26
1101011111111011111001110111111001110111110111101111111111101000111111101110111110101011011101111111
177
1011111111101101101011100011001111111111001111110101110000000111111011111001101110101111011111011111
6
1011101001111100110101111111111110110011110010011111101110010111111101101101111111101111001011110110
174
1111111010101011011001101111011110111000001110111100011001011111111110101111111010111010111001101110
163
1111110111111001111110100010110010111101111111111100111011101111111111111111101000111110011101111110
177
1001111011010101111101010101011111111110101111101011110101101100111111111111111010110011111111011101
114
1111101010001111001111010111010011111001111111101011101110110111110111111010100010111011111111111011
62
11101101100001101111010011011110010111111110011111000001111111100101111110110100011110111111110111
28
1101011111011111111100111110111100110110101111010110010111111110110110111010111101101111110010011011
117
1011011111111011111110111111100011111011101111001010111111111001101110001011101010111011011100011101
15
110110011111110111110101011101101111001111111111001110001111111111111111111111100111110110111101011
7
1111100111111111110111111001011100111001101101111000100111110100111111110111111010000111110001111111
52
1101011110101110011111011111110110110001111111111101111011011110100110111000010101101000111010101111
72
101111101011011110001110111000101011100000011011111111011110111100111001110010110001111110111111110
116
1110110001111101011111011001010101100001101111110110011111010111011100111001111111010010111101111110
55
1011110010111111011111011011011111111110011110111101110000111111111111111001110110101000011111001011
182
1011011011111100101011111011100110001000111100111001101111101111111101010101101110111001100011010001
7
111010011011111001111011011111111001111110110011100010111010101111111000011111111010111101111011
68
1011111111011111101101111110101010111101011101101111011111000111110011111110010011001000101111110111
134
1110111011011011000110011110011111110101011111011011101111001111010111011110110110110011111111010
178
1101011111101101101110101010110111010111100111111101100011111111010100111010011101101110101101111101
3
1111111111111111111100110111101111111110111111101100111110110011011111110100101101001100000101101101
81
1110111110101111011101100110111011110111111000101100110111100101111111010110111001110111101110111111
40
