100 100
100000000010100000000000000000100000000000000000010000000000010001011100000010001000000000000
148
100000000001001010000000000001000000000000000000000101001000000001000000010000000000010000000100000
173
1000000000000000000000000100000000000000000010000100000000000000010000000101000000000010001000
30
100000000000000000000000000000000000001110000000000000000000000100010101000000000000000000
149
1000000000000000011001000001000000000001000000000100000000000000000000000011000000010000
87
1100001000000000000000000000000000000001000000010000000000000000000000000010000
147
10000000001000000000000100000001000000000001000000000000000010000000000000001000000000000010010000
182
1010110000000000000000000000000000000000001000000000000000000010000000000000000000
61
110010000000000000001000000001000000000001000001001011000000010001100000000011100000000000000
11
1010000000000000000100000000000100000000000001000000000000000000000000000101000000010000100
104
1000000000000000000000000000100100100000000000100000000000000000001000000000000000100000000010000000
109
1000000001000001000100000001000000000000000000000000010000000000000001001000010
191
1000000000001100000000000100000000000000000100000000000000000000000001000000000000000001001000000000
32
10000000000000000010000000001000000000000000000000010000000010100000000010000000
38
100000000010000000000001000010000000000000000000111001000000000100000101000
39
11001000001000000000001000010000000000000010000010000000000010001
99
1000000000100000000000000000001100000000010000000000000000000000000000001100000000000000000000001000
164
100000100100010000000000000001001000000000000001000001010000000000000000010000000010100000000000000
150
101100000010000000000000001000011001000000000001000000000000000000000001000000000000000000100000000
65
1000010010010010000000000001010000000000000000000000000000000001010000000000000000000000010000110
31
1010001110101100100000000100000000000100000000000000100000100000000000100000000000000010000000
149
1000000000000000000000000000000000100000000101000000010010000001000000000010000100010000000
43
10000100000000000000000000000000000000000100010000000100010000000000011000000000000000000000000000
157
10000000000010001000000000000000000000000000010001000000000100000000000000000000001100001000000000
186
100000000000001000000000000010000000000000000000000000000000000100010000000100000000000001000000
126
100000000000000000000000000000000000000000100000001000000000000000000000000000010000000001010000000
159
101000001000000000000001000000010000000000000000000000000000000000100000000000000100000000000001001
133
10100001000000100000010000000001100100000001000000000000000000000000000
25
1001000000010000000100000000000000100000000000000000001000000000010100000100000001000000
136
100010000000100000000000001000000000100000000011000000000000000000000000100100100
181
100000000000000000000000001001010000100001010000000010000000000010000000000000000000100001000000
62
100000000010001000001010000100000000010111000000000001000000010000000000000000000100000000000000
139
100100100000000000010000001000000001000001000001010000000000000000
20
1000000100000100100000000011000001000000010111000000000000000000010000010000000000000010000000010001
155
10000000000000000000000001011000000100000001000000001000000000000000000000000000001000000000
38
1000000110000000100010000100101000000000000000000010100000100000000000000000100100000000000000000
180
11000001100000000000000000010000010010000100000001000000010000000000000000000001000000000
165
10000000000101000001000000000000000000000000000100000000000100000000000100000000000000001000
104
1000000000100000100100001000000000000000000100000000000000100000000000000010000000001000100000000000
86
100001100100000000000001000100100000010000000000101000000000000000000000010000000110000000101
116
10000000000000000000000100100000001000000000000000000011000000001000000010000000000000000000000
177
1100000000000000000000000000000000000000000000000000000000000000100011000000010000000000000000
96
1000000000000000000001000000000000000001001010000010000001001000000010000010010000000000000000000000
195
100000000000000000000011000000000001000001000000100001110000000000100000100000000001000000000001
2
1000000001000000000000000000000000000000000000000000000000000000000000001000110100100000000000000010
42
10000010000000000101010000000000001000100010000000000100100000000000000000000100000000000100
120
100000000000000000000000000000000010000000001000000000100000000000001000000000000000100000000
120
100000000000001000001000000100000001000100010100000000100000000000010010001000000010000000010000000
40
1000001100000000000000010000000010000000000000000000000000010000000000000000000000000000000000
176
100100000000000000000000000001000000001000000000000100100110000001000000000110000000000
111
1000000000010001000010000000010000000000010000000000100000010000000010000000001000000000001000010000
103
1000000000001000000000000000000000000001001000010010000000001000010000001000000000000000000000
80
1000000000000010001000000100000000000000000000100000001000000000000000000000000100000000000000000
28
100000000000000000000000000000000010000000000001000000000000010000100000000000100
160
110000000000000000000000000010000010000000010000000000000000000110000001000010011001000000000000
6
10000000000100000100000000001110000100000000000010000000000000000000001000000001000000000000000
132
1000000000000000000000000000000000000000000000000000000000000000000000000001001110010001100000000
28
100000000000000000100000000000010001000000000000000000010000000000000000000000000011000000
14
10000000000000000000000000000001000000000000010000000000001000000000100000000000000000000000000
50
100000000000000000100000000000100000000000010000001000000000000000101000010000000000100000001000001
141
100000000000000010000000000000000000000100100100000000000010100000010000000010000000000100000000
109
10000000000010000000000000000000100000010000000000000000000000000000000100000000000
98
1000100000000000000000000010000000010000001000000000000000010000100100000000001000000001010000000000
109
10000000100000001000000010000000000000000100000000000011100001000010000000100000000
151
10000000000001010100000011010000000000000000000100000000010000000000001000000000000010000000010000
104
100000000000000000001000001000100000000000000001000101000000100000000000011000000001000000
165
10000000001000000100001100100000010000000000000001000100000000
78
101110000000000010000000000000000010000000000000000000010000
149
100001000100000100000000000110100000000000001000001000000000100000000000000000000001000000000000
99
1000100000010000000000000000000000000000000000010000000000000010000000001000000010101000
194
1000010000000000000001000010000000000000001001001000000000000000000000000000001100100010000000000
33
10000000011000010000000000100100000000000000001001001000000000010000000000000000010000
28
10000000000000010000000000000000100000000100000000001000000000000000100000000000000
99
10000000000011000010000000001000001000000001001000010000000100110010000000000000000000000000000
165
10000001000100001000000000000000000100000101000000000001000001000000001000000101
130
110000000101001000000000000001001010010001000100000000000000000000000001010000000000
118
101000000000000000000000000000001010100010001000000000100000000100000010000000001000000000000
79
10110000100010100000000000000010000100000001100000000000000000000001000100000000000000000000000
31
100001000000001000000000000000001100000010010000000000000000000100000010000001000000000000000001000
70
1001000000000000000000000000000101000000000000000010000001000000000010000100000000000000000100000000
101
101001000000000000110000100000000001010000000100100100000000100010000000100000000000000000000000
89
10000000000000000000000000101010000000000000000000000000000000000010100101000010000010010000100
165
1010010000000000000000000000000000001000000000011010000000000000000000000000000001000000000000000000
90
10000010001001001000001001000000000000001000100000000000000000001100001111100001000001000000000000
2
1000001000010000000000000000000000000000000000000010000000000000000010000000010001000010000001000001
196
10000001010000000000000010000000000000000000000001010000000000000000001000000000000000101
130
100000000000001000000000110000100000000000001000000000000000000000000000000001000101101000000000000
52
10010010000110000000000000000000000001001000000100001000000000000010000000100001000000000000
46
100001100100000000000001000100010011000000000000000001000000000000000010000000010001100000000011010
82
10000000010000010000000000000000000000100000000000000011000000000000000000000000010
66
100000000100000010000110000000000010000000000100000000000001000100000000000000000110000
168
1010000000010000000000000001000001000010000000000000000000001001000100000000000000000000000000000000
74
10001010100100000000010000001010100000000001001000000001000000010000000000000010
181
1100010000100000000000000000000000011000000000000000000000000010000000000
138
1000000000000000000000000000001000000000100000000000000000100000000000
191
1100000000000000000001000100000000000000000010000000000010000000011000010000000000000100111000000
30
1100000000100010100000010000000000000000001000000010000001000000000000000000000000000000010000
13
1000000000100000010000000000000000100010000001100000
133
10000100000000000000000000100000000000000000000000000100000001000000000000010000001000000000
56
1000000000000000000000000000000000000010000100000000000010001001000000000010000000100110000000000
37
