100 300
100000000010100000100100000000100000000000010010010000000000010001011101000010001010000010100
148
100000000001001010000010000001100000000000100001000101111001000001000000010000000000010000000100000
173
101010000000100000000000001110000000100000000010000100001000000100010000000101000000011010001000
30
10000000100000101010000000000000010001100000001110010000000010000100000110110101100100000100001000
149
1001000000000000011001000001000000001001000000000100000001000000010010000011110010010010
87
100000000000000000001100001000001000010000000000001001010101000000010000000000110000000000000110000
147
10101001001000000000000101000001000100000001000000000000000010000100000000011000000000100010111000
182
10010000001010110100001100100000000000000000100000001000000000000000000010000011000000000010
61
100001110010100100100000001000000001000000000001010101001011001000010001100000000011110100000000000
11
1010100000010000010100000000000110000100000001000000010000000000010100000101010010010000100
104
1000000000000000000000000010100100100000010000100010000000000000001000011001001001100010000010000000
109
10010000010101000010011000001001100100011000011000000000000000000010000010000000001111000010
191
1000000010001100000000100101000010000000000100000000000000000000000001000000000000010001001100000000
32
100000000000010000010000001010000000010000001001000000000000010000010010010000110100000111010001000
38
100000000000001000000101000001010000000000001000011000100000000000001111011000000000101000101000
39
100000000000000000000000000011001010101010001000001000010000001000000010000010100000000111001
99
1000000001100000010000000110001100000100010000100000000000000010000000001101100000000000001000001000
164
100001100110010000010000000001001000000001001001000001010100000000000000011100000010100010000000000
150
101100000010001000010000001000011001000000100001001000000100011000000011000000000100000000100000101
65
101000010010010110000000000001010000000000000000000000000100000011010000000000010000000000010010110
31
1010001111101101100000001100000001010100000100000000100000100000000000100001000000000010000001
149
1000000000000001010000001000000000100000011101100001010010001001100000100011000100010000000
43
1010000100000010000000000000000010000000010100010000000100010010000000011000100100000100000000010000
157
10000000000011101000000000010000000000000000110001000000000101010001000000010000001100001000000100
186
100000000001111000000000001010000000000000000000000000001000000100010000000100000010000001000000
126
100000000000000000000001010000010000000000100000001011000000000000000000100000010100000011010000000
159
101000001001000000000011000000010000000000010000000000000000010010101000001000000100000000000001001
133
1000011000000000000100001001010100001001010100000010000000001100110000001000100000000000000001001110
25
10000011001001001000010000000100010000001001100000000000000000001000000000010100000100010001101010
136
1000010000001000100010000000100100000000101000000000100100000011001000000000010000000001110100100
181
100000000000000000000100001111010010101001010000000010010010001010000010000000010000100001000000
62
100000100011001000001010000101010001010111000000000001010000010000101110000001000100001000000010
139
1000000000000000000010010000000110100100010000000010000001000000001100001000001010000000010000000
20
1000000100000100101000000011000001000000010111100010000001000001010010010000000000000010100001010001
155
100010000000000010000010000001011000110101001001000000011000000000000000000000000000011000000000
38
1000000110100100100010000100101000100010000000000011110000100100000000000000110100000000000000001
180
10000000011101001110000000000000000011000011011110100000111010000010000000100000000000001000000000
165
11000010000101000001000000000000100010100100000100000000000101000000000100000000010001001000
104
1100000000100010100100011000000000000000000100000000000000100000010000000110000000001001100000010000
86
100000100001100100000100001001000100100000010100000010101000010000001000000000010001000110000000101
116
100010100000011000000000000100100001011000000000000000000011000000001000000110000000000000000000000
177
1100000000001000000000000001001000000001000100000000001000001000100011001000010000000001000000
96
1010000000000000000001000011010000000001001010000010000001001001000010000010010000001100000000000000
195
101000000000000001000011000000000101000001010000100001110000000001100000100100000001000100001001
2
1000000001001000000100000000001100010000100000010000000110010000000000001001110100100000000000000110
42
10011010110100000000101010000100000001100100010000000000100100000100000001000000100000001001100
120
110000100000000000001100000000000000000010000000001001000000100000101000001000000000000001110000000
120
110000010000001000001000010100110001000100010100000000110000000000010010001100001010000010010000000
40
1000111111001000000000010000000010000000000000000100000000010000000000001000010000001000100100
176
100110001001000000000011000001100000001001000000100100100110000001000100000111000010100
111
1000000000010001000110000000011000000000110001000000110000010000000011000100001000000000001101010000
103
11000000000011001000000000010001000001001001000010010001000101000010000001000000010000000010000
80
1010000000000010101000000100000000011000000000100001001000000000001000000000000100000000000000000
28
1000001011100100001001000100001000000010000001010010000000001000000000000010001100000000100100
160
1000110000000000110000000000010010000010000000010000000000000000000110100001000010011011000010000000
6
1010000000000100000100001100001110000100000000000010000100000000100000001000000001000000100010010
132
1000000000000110000000000010100000010000000110001010010000000000100010000001001110010001110000010
28
10000000100000000000001010100101000000010001000000000100000000010100000010000010000000000011000000
14
1000111000010000100000001000000000011100000000000010000000001001000000000100001000001000001000000000
50
110000000000000000100010000000100000010101010000011001000000010000101000010000101000100000001101001
141
100000000000000010000000010000000000000110100100000000000010100000010000000010010000000111000000
109
100100000001000010000000010010000000000000000000100000010000010100000000001000000000000101000000101
98
1000100000001000000000000010000001010000001000000000000000010100100100000000001000000001010100000001
109
1010000000000010000000100011001000000010000000010000001100001000000011100001000011000000100000000
151
10010000000101010100000111010000000000000100000100001000010000100000001000000000000010000000011000
104
10100100100000000000011000001100100000000000000011000101001000100000000000011000000001000010
165
1010100000100001000000010001010001000100100011100100001010000010100000001000100010000
78
1000010100000001000100000000000000000101110000000000010001000000100100010001000000001000000010100
149
10100001000100000101000000000110100000100010001000001000001001100101100000010000000001000001100100
99
1000000000001000100000010000000001000000000001010000000000010000010000000010000000011100000010101000
194
11000010000000001100001000010000100000000001001001100000101000000100000010010001110100010001001000
33
10010000000011000010000000000101100000100000001001001001000000000010100000000000000010000
28
100000010000010000000010000010000000000101000000110010000001010000000000011100000010000000
99
10000000000011000010000000001000001000100001001000010000010100110010100000000100000000000001010
165
1000110100010000001001100001010110000000000000110000101000000000001000101001000001001000101
130
100000000110001001101001001000000000001001010010011000100000000000001001000000001010000000000
118
1101000000000100000000000000001001110100010001001010000100000000110000010000100001000000010000
79
10110000110010100000000000000010100101000011100000010000000110000101000100000000000001000000000
31
100011000100001000000000011000001100000010010001110000000000000100000010000101000000000101000101000
70
1011000010000000000000000010000101000001010000001010001001010000000010000100001000100000000100011000
101
100101001000100000010111000100000000001010000000100100100000001111010000000100000000000000000100000
89
1111000000000000000001000000101010000100000000010011000100000010000010100101100010100010010000100
165
1010010000000000000000000000000000001010000000011010000001101000100000100100010111000000000000010000
90
10001010001001001000001001010001100000001100100000100000000000001100001111110001000001000100000000
2
1000011000110010000000001001000100010100001011010010000000000000100110001000011011000010000001000001
196
10000001010000000010000010100010000000000000000101010001000000000010001000000001000000101
130
100000000001001000100000110010100000010000001100011000000010010000000110000001000101111000000100000
52
100000010010011000110100000000000000000000001001010000100001000000000100010000000100001000000000001
46
100001100100000000110001010100010011000101000000000001100000010000000010001001010001100000000011010
82
1101000000011000000010000010000000100000000000000110100000001000111011000000000000000001000010
66
100100000100110000010000111000100000010100000000100000000000001010100000000000000000110000
168
1111000000010000000000000001000001000010000000000000000000001011000101011000000000000000000000010000
74
100100000001000010011010100100000000010000001010101000000001101000000001000000110000000000000110
181
100000100000001001100010000100000000000000000001000011000000000100000000000000010001000000
138
100000010000001100000000001100010000000000101000010001110000000000010100100001100000
191
1100000000001000110101010100000000000000000010000000000010000000011010011000000000000100111000000
30
100001100000000101010101000010100100000010010001100000010000011000000000000000000100000000000011000
13
10000100000000100000000000000000000000001000000000100100010000000000000000100010000001100010
133
1000011001100001000000000100000100010000001001000000000000101010001101100000000010000001000000000
56
1010000000001000000000000000000000000010000100101000000010001001000000000010001000101110000000000
37
111000010000000000001000000001000100000100101000101000000000000010110000010011000000000110000
26
11000000000010100001000000100001100010101011000000010110000010000000001010000111000100000110000000
140
10110001000000000100000000010000000111011010010001001101100100000000000010101000100001000000
90
110010000000000000010001001000001000000001000110001100000000011000000000000000000000010000000000000
180
10010000011010000010000000000011000100000110000010000010010000000010000100000001111010000000010
24
1100001011000000000000000000100100000010000000001001000000011000100001000100100000000000100100010
187
11010000000110000000001000000001011010100000010000001000100100000001000000010001000100000001000000
53
100000000000100001001001000000000001000000000011000000000000011110101111000000000010100001
53
100000100100111100010011000000100001000000100000000110010000010000000011000000000100000000001100000
10
10000000000100010110010100000001000000100110010000000000000010000000110110000000000000100010010100
174
1100011000000000000000000001010110001000010001000000000000000100000010001110000000001100000000001001
47
101000100001100010000001000000000010000000000010000000100000000100000000100110000000100000000000
32
11010000001110100100000000101010000100001000001000001010000110000000000000100100001010101000010000
196
10100011000001010000000111001000001000010000010010001100010000000000101101000000000001000100010001
17
100001110100100111001000101000010010000001000000011000001000000000110000000000000000000010000100101
134
1000000010001000010000001011000001000100110000001001011001000001000000000000100001000000000001000001
150
1010000000001000100100101000000010000000000100100001000100001010000000001000100001001000000011000
124
111100000100000000000000001000000110000000000000010011000100100000000001100000000100000010100001
139
100000000000000000000000000000001001010001100110001000000110000010000011001001001000000010101000000
137
10000001000000100000001100000010000000100000000000000100000100111001100000001001110010010000
44
100100010110001100110000000100000010000000010010000001000000000000000011001000000011001000100010
58
100000101100010000000010000000000001000000000000101010000000010000010000000100000000011110000001000
6
1001101000000000001100010011010000000000100000000100000000000100001000010010000001101010010000000000
12
10100000000111111010000100000001100001001011100111100110110010001100000100010100100000100001110001
132
100000000000000100000000000000100000000000010000100000000101100001111000000001010000000010100000000
172
10110101100100010000011000001000000000010000100100000011000100100000000000001001000000010110100000
188
1000000010010000000000000010010110001010001000000100110000100010000000000000000010001001001000
97
1100000000000000001000100010001000001000010001010000000011000000001000000010110000000010000000000000
83
101000000000000110000000100000000100001000000010100000000000010000000000000100000000000000000
77
1000000101000000000000010000001000000000000101000000010000010010101000000000000100000000000100101111
195
11000000000000010000100101001111100010001000101000011000100001110001010000000000000000000000010000
89
100000000101001000100000000000100010000000011010000000100100100000000001010010000000000000000010
151
1010000001010001000000010010000100001001000000000001000100000001010001000001000001000110000000000
176
100100000000000001000000000010110100000001011000010100011000010010000000010100110001010101000001000
108
1000000000000100010000001000100000000000000101000001000110000000000000011000010000000000000000000
136
1010000000000000000010001000000000000000110000010000010000000000000000001000001000000000100010100010
97
100000100000000010100110000000000001100100000100010001001100001000000001000100000000100001000000000
186
101110000001001011000100110000001000000000010000000100000000001000010001000000000100010100000101
56
1000000000100100100100010001000001101010001000000000000001010110000000100101100101010000101010000
19
111000000000101000001010001000001000010000000100100000100000001000000000000001010100000001000000000
52
1000000100100000000010001110010000000000000000000010000001000100000000111000011000010000000000
149
1000000001101000000100001001111100000001100101001000000110000001010000000010000100010000
76
1100010000000000100000010000010000000000100100000000010100100000001001010100000000000000000100010
197
100010000100000000000000000000000000100000100000000000011101000001000010000010010001000000000000
190
1110001000000000100010001000000000000000000000000000101000000000000001000000001101000100000101100000
155
100000000001000000001000001100100000000000101100010000000000001000100100001000000000000
189
1001010010001010000100010000000000000100100010010100010000000000101001100000000001000000000000000000
163
100000000010000000000000010000001110000101000100010001000000000000001000000000101000010000001000000
142
100100000101010100000110010000000000000000000000000001001001000100100000100001000000110000000000000
166
1000001100010000000000110001000000000010010100000000000000001001000110000001000000010100010010011
160
100000001100010000011100000000001001001100000110100000100100000000100100001000000000110010110
157
10100101000001000100000010100010000001001000000100110101000100000110000001000100111100000100000010
2
10001001010100001001001101000000010000010110001000010000000000000010010000000000000001000
103
100000101000000000100000001010000000001010000001011101000010000000010000000000000000000110010
33
1000100100000000001100000000001000000000001110010100001100000100000010100010010110000000000010001000
169
10000010100000000100000001000111000001101000000000010000000000000100101000000010000100000100010100
195
10001010000000100011000000000000000000101000000000000010000000100100001000001000010110010100110
177
1001010001001001100000100000000000001000101100001000100001010000000000100001010000100001000000011
126
100000010100000010000100010000000000001100010000000100110010000000100100000000001000000101000000000
15
1000100100001101000000000100001000000000000000000101000000011100001000100001000001010
158
10000000000000000001010101001100000000000001000000000000001001001001100000000100000100000100010100
15
111100101000110000100000100010000000010000101000000001000010001001000101100110001000000000010000001
189
110100001001100000000000001100001010000001000000001010000100100001010001001101100010110101000000100
60
1000000000010100001011000000010000100000010110000001100001000000010000010010010011100010000000000010
54
10000000000000000100010000000000101010000000000100001000000111000000000100000010110000010000
170
10101001000000010000000101000001000000000000001000010100000000000001000100000000010000000010100000
57
1010000000000001000000100001000000000000000000000010000000010010000000000100010100101000100
64
100100011001000100010001001001000010000100000000010001011000100000100000010000110001000000000100
135
10101000000100000000100000001000000110010000000000001101010000010000100000001010000000000000100
108
1000000000000000001000000000000001100010000000000000000000101000000000000000010010000000101000000
17
101010001100100010010100000100000110000000000001000001010001000100100001000000000000000000010000000
76
10010000000000000000000000000010000000000000100000000000000110000000000000000000000000000010
129
1010000100000000000001010001010000110000000000000000000000000010001000000000000000000010010001010
81
10100000100000000011001110110000000001010000000001001100011000100010000000110000000000000001
185
1000000000001000000000010001000001100000100000100000000000100000010010000000000001001000000010000100
7
1000000111000000011000001000000100010000000000001000010001000000000101100000001001000000110000010001
3
100000000100001010000100000000011110000000000000001110000000001010001100000010100000000000000101
26
1000000100000011000000100000000000110101000000001110000010000000010000000000000100000000000001010010
177
1010000100001101000000100000000000001000001110010000010000000001001000010000000000000000011101001100
6
1000001000000000000100000011100100000000000000000100000100000010101001101000011110000110000000000010
174
100000000000000000001001100000000010000000000001000001000000001000000001001111000001000100001000000
163
1010000100001000000000100000000010000000010000011000100001101110111000001100100000001100011001100010
177
1010100110100010000000000101010001000000010110001100100110111100010010000000011001000010100
114
100001000000000001101010000000000000000100000101001000000000000100110100000100000010011001000000011
62
1000001100000000000001000010000000000001100000000011100000101001000000000001100101000010000
28
111000000100000010000000000001001010010010101100100000010001000000001000010100000001010
117
10001100001010000101000000000100000000000000000000001000000000010001011001010000000000000000001
15
10000000010000110001000000101100000000110000001000001110000011000001111110000010000000100100001
7
1100000010110000001000010000000000101000100001100000001010010010000000000001000000001001
52
1000100000110000000010010000000010001000000100000001000000000000000000000000101000000001000000000
72
1010100010000010001100100000000001000000000010010000000100000100010000000000110000001000100011010
116
10000000000000001000101000000001010000010010000101001100000000010111100010100
55
1000010010100100000010000001000000000010000000100000000000110000000001000000000000000000010001000000
182
11100000000000010001100010001000100100100000100000001001001100010000001100000000000000010000
7
1000000001010000110010000001000001000000010000100010010000000001011000010100111000011000000010
68
1010100000000000001000000001010010000010000000101001111000000010000011000000000000000100011010001
134
100000000000000100000000011110010000001100010000000011000000010011000010000110000000000001000
178
1000011000001101010100010100001000001000010001100100000100000000000010000000000100000101100000100
3
1100100100010010100000100100001000001010000100000100010000100001010011000000000000000100000101100100
81
100001001000101000100110000010010001000100000100000000000000000010100100000000000000000100100
40
1000000010010000100000000000000000000000000000010001000001000000010010000000000000010000000101110010
47
10100010010001010010001010000010000001000000000001001111000000101000000000010010000000000011000
101
1000000010010000000000100000001100000000000100000001101001000000100010010000001000000000100000
17
1000010000001001010000000010011100101000000000100010000011000000011000000000100100000010000000001101
147
1010000101000001001000101010001000000010000011110000100001000000010100010000011000000000000000000
110
10000000011000010001000010000001000110100000010001000000010001001000010100100000000101
94
111010101001010001100010000100000000010000000100000000001000110000000000001011000100100001100000100
156
1010001000010000111111100000111000010000010000000010001010100000001010001000001000000000
21
1000000000010111000000000010110001000010100010010010000001010000000000001110000001011000001011100110
112
10000000000010110011000000101111000000000000000000000011000000001001000100101010000001100000001
124
101000000001001110000000010000000000001000000100000000000010010000000000010000000001110100000011010
177
11010000001000000000100100010000000000100000001000000000000100010101000001000010100001011000
188
100010000000001000001000001000000000001000000100010101101000100001011000010000000000100000000000000
59
101010010000100010000000000000000000010010001101000000100000000000100000010000100000001000000000
60
111100000110000000010000000001010001100000010000010000010000001000001010000000100000000100000000
100
100110001100000001001000000000000001010010000000000000101100110000000001100000000000000010000000
30
1010001100000000000000100001000100000000000101000000000000000000000000000010000000010000101010000000
17
1000000000000001001000000000010001000000010100000010000000000010001001100000110000100010001000100
105
100000100000000100101000100000000010000011000001001000000000001001100000000000000000100000000
134
1000000100100101000101010000100000010000000010000000010000000001000000000000010000000000010
160
100100001000000000000000000001000000010100000000000110110000001100100100011000000000010001001000100
86
1010000000101000000100011010101010101110111100000011001000000000010000010100100000001100000100000
181
11100011000000011000011010000110110001000001000010100000000000100001100001001001000100001000000
195
1000000000011100000000010000000011000100010100010010100000000000000001000000000010
135
100111010000010000110000100001001001111000010001010000000001100100001001100000000010010000000001000
67
10000000011010010000000010000110101010111001001101100010000000001101000000000000000000000
125
10000000000011000000010011110000000010000010001000000000000100000100001000000000101010001100000000
75
1000000001001001000000000000000100010000000000001100000100000000000100001000000000100000000100000100
155
1010010100000010010000001101000000000001000000101000000001110100000000000000000000111000100010001
1
1100000000010010010000000000000000011100001001110000000011100000000000000000000000001000000000
158
100001010000100000001000000000000000000100001000000000010100000000100000011010001010000000011000000
63
100100000000010000000010101000100000000000000010001010001000000000001001001100010001000000000000001
25
101000001000100000100001010010100110000001010010000000000000100100000000010110010000000000011001000
153
10001000010010000000011000001000001000001001001100010000000010100000000000000000100100010000110000
40
10000001101100001101100000101100100000000000011000000000000100000000100100000100010000100010110010
3
100010001001001010001000001010100001000010001100000000010000010010000000000010000000100011100000
110
100000000000001000000010001000000000000010000000001010000000000010000000100000100001000101000001100
69
1101000000001011001010000101001000010010000000011000000101000000000000000000010001000000000000000000
182
1001001001100011000010000000001001000011000000000100000000010000000010100001001000000
90
1100110001100000100000000000000000100010000000000000000100100000000010000000100110010010001000001000
112
1001000000000001000000111000000000000000000000001100010010100000000010100001110110
117
10001000001000000100000011000101001000000000000000000100000110100000000100000001000000000000000010
74
100000000001000001001001001000000000011010100000110010001000000000100010110000101101001000
82
100010000001001010000000010000011010000101010100000000000000010001000000001000000010000011000000011
176
11001010010000000100010000000000100000001000100001000000010000011000100000000000000000100000000110
135
10000011001001000001001000010110000000010100000000100100000000010101000001100000011000100000100000
83
100000000000000000101000011100000000000000001100010000000000000000000010111000100010000000010011001
84
100011000000000001000000000001000000001001000000001000010000010001101000000110000000010010001111
39
10001100000010001010010000001000000000100010110000001110101000100000001000000000010000000000000000
53
11000010000000000010001000001000010000000010000001100000100000000000000100000000000000000000000000
25
110001100000011000010100000111000010000000000000000000100100001000010001000000010010000010000000000
186
1010001001000110000000000100010100001100010001000000011000110000101101000000000010001000010100000000
21
1100001000110000000111001000000100010000000101000001000000000000010000000001000000001000
28
101010000000001000000000000000000000000010000000001100010000010100001000100000010000010000000
52
110001000000100010011000000010001100000000100010100001000011000000000000000000001110001000000
69
1000010000011000011100100010010011110000110001000100000001100000100010100010000001001100001000000100
174
100001110000100000100000000000100001000110001000011000000001000100000000010000000100100000000010
12
10100000000110000100000000000000100010000000000010001000000000000000000000000110000000000000100000
33
1001000010000000001000000000010001011000000000001000000000000100000000000000000011010100000010010000
7
1101000101000011100000000100000101011100000110001001000000110010001000000001000000000100000
139
100000000000011100000000101010000001000000000000001001000000000000000000000010110000000100001001000
44
10001000000001000000110000010100000100100000000000001110011010010000100011001010011000000000000000
80
100100000000000000000000000000001000000001000100110100000001000000000000000010100000000000001000
42
10101010010000100100000000000000000010100010101000000000000100000100100010010000000000
59
10010001000000000000001010100000010000110001001110000100000111000010010000000110000000000000000000
7
10000000000101000000110010100000000110000010100000101100001000001000000011000000000101100010000010
93
100010000000000100010000000001010000000000110010001000110000000000010000100000010010110000000010
47
100000001011100010001001000001001001000000110011000010100101000001000000011001000000000000010
60
1100001010000110000010100100101001010000100010000000100100010000010000000100000001001010001000
103
100000000001000100001000000000100000011011000010101001001000001000000000000000000000000010000011000
128
10010110001100011000000100000100000000000001110000000000000000101001000000000000000000100000000
128
1010000100000010000000010000000001010000000000010000010101000000001111000000010000100001000000000000
55
10000001100101000000110000100010000001111100000000100100000010001001001001110010010010000100100100
47
1000000010000100010001000000100000010000000000000100000000000000000010001000100111100001110010100101
173
1000000100001000010000000000010000110010000100011100101010001001000000001100001000000011000000
120
100100000000000010010000010000010000000000000000000000001011000100001001010000100001000000000100001
195
101010100100010000000000100101100000100100010110100000100000100010000010000000000001111000000001000
169
11010010000100001001000010000001011001100001010000000000000001011011100001100000001100000
81
10000000000000100001001110010001100100000000001000001001000000100000001100110000011000010010011
36
1101100011000100001000010000010000100000101000010000000001100100000100000000000000000010000010000
152
1000001001100000011000010000001000010000100010000000000000001000010011000001000010000000000
8
11000000001000000110010000110000101000100000101000000000010100000110001000000010010100000000
129
101000000001000111000011000010000010010101000001010100010001100100001010000000000000000100000010101
180
110000000000011001001100000110100010010110000101110010100000100110000000000000000000000000000010101
133
100000010000000010000000000000000000000000000000000001000001000101001000000000000000010000001010000
27
1000101010000100000010001001000010010000010001010101000000010000000000001000100000000000100000
7
1000010100000000000000000010010010000000000000000000000000000000000101000001010
168
100000000000000001110000000000010000000000110010100110000000001000111000000100010100010001000000000
100
1010000000001000000000110000000111000100000011101100000000000000000000000000000101000001100100010000
54
10000000010001000000010000000100110000000000000000000000000110001000000100110000011001000001100
137
10000000000000000010010011100000000000010010000000000110000000000000000000000010000000000000000010
78
10000001001100000000010000000000100000000000100100000000000000110000010000000100010011100000101
164
110001000000000001000001001010110110000100100000001000000000010000000000000100010010000000000010
109
1011000000001001000000000000000011010100001110000001101001011000000011110000000000010000001000
56
10000000000100000000001010010000000001000000100011000000000000001010000000000100001111000100
36
101000000000000001001100110000000001101001100001001000000001000000000100000000000100000000001111
59
10010000001100100010100000000100000000010100100000100000010010110010000100001000011000000010000111
23
1001000000000000000000010001100100100010111000000101100000001000100000010001000000100010000000000000
67
101110001000001000000100000001100001110000001010100000100100000000000000101111000000000000000
36
110000000000000000101000100000000100000010111001000000010000000100111001000100011000000100100000000
37
