100 100
100110000010100001100100010000100000000000010110010000000000010001011101000010001010000010101
148
100000000011101010000010000001100000010011100101000101111001100101000000010000000000010000100100000
173
110101010010000100000000001111110000000100001000110000100001000000100010010000101100010011010101000
30
10000010100000101010000001000000010001100000001110010000000011010110000110110101100100000100001000
149
11001010000011010011001001001000000001001100010000101010001001111010011000011110010010010
87
100001000000010100001100001000001000010001001000001011010101010000010000110000110010000000100110000
147
110101001001001000100000101100101000100000001000000100000000010000100000000011000000000110010111000
182
100000011010000001010111100001100100000111000010001100000001000000001000000000110000011000000000011
61
100001110011110100100000001000001001000000000101010101101011001100010101111000000011110100000000000
11
1110100000010000110100000000000110100100000101000000110000000000010100100101010010010010101
104
1010100010000000000000000010100100100000010000100010000000000000001001011001001001100111000111000000
109
1000110010000010101010010011000001001110101011010111000000000000000100111010010000000001111000010
191
1000000010001100000000110101001110000001000110001010000000000000010001000001100000010001001100000000
32
100011000001011100010000001010100000010000011001100000000000010001010010010001110100000111010101100
38
1000100000000000001001000101000101011000000000001000011100100000000000101111011000000000101001101000
39
100101000100000010000000101000011001010101010001000001000010011001001100010000010101100001111001
99
1000000001100100010000000111101100000100010000100001001000010010010010001111100001000000001000111000
164
100001100110010000010000100001001000000001001001001101010100000000000100011100000010101110000000001
150
1101100000010001001010010001010011001100000100001001000001100111000000011000000000101010001100000101
65
101000010010010110010000000001010000000000100000000000000100000011010000000010010000000000011010110
31
1010001111101101101100001100000001010100000100000000111000100100000000100001000000000110000011
149
1010010101000000000000001010100001000000000100000011101110001010010101101101001101011000100010010000
43
1011001101100010000100000000000010110000110100010000000100010110000000011001101100010100010000011110
157
10001000000011101001000000010101000000000000110101000000001101010001000000010100001100001010000100
186
100001001001111000000010001011000000010000000000011011001000010100010001000101100010000001000100
126
100000100000000000000001010101011000000000100000101011100000101010000001100000010100000011011001000
159
101000001001001001000111000001011000010100011101100000000101011010101000001000000110000000000001001
133
1000011000000000001100001001010101101101010100010010000010001101110000001001100000000001000001001110
25
10000011001001001000011000000101011000001011100000000001000001001000000000010100000100010001101010
136
11000010000001001100010100000100100100000101001100000101100000011001000100000010010100001110110100
181
1000100000000000000100000100001111010010101001010000010010011010001010001010000000010000110101000000
62
100000100111101010001010010101010001010111000000000001010001010000101110000001000110001001100011
139
11000000000000000000110010001000111100110010100000010000001000000011100001000101010001000110000000
20
1000000110000101101011000011000001000010010111100010000011001001010010010000001010000010100001010001
155
1000100011100000000010000010000001011000111101101011000010011000000000000000001000001010011000000000
38
11010000110100100100010000100101010100010000000000111111001100100000000000100110100001100100000001
180
10000000011101001110010000010001000011010011011110100010111010001010000000101000010100001000000100
165
11000010001101000001100000001000110010100100100100000000000101000001000100010000010101001001
104
1100000000110010100100011010000100010000000100000010000100100001010000010110000000011001100000010000
86
101000110001100100001100101001000100110001010100000110101000010001001000000000010001000111000001101
116
100010100000111000000000000100100001011010010000000000000111000000001100100110000000010000000000000
177
10001110000000001001000000010001001001000011000101000000101100011110100011001100011000100001001100
96
1010000000000001000001000011010001101011001010000010000001101011000010000010010000001100010000000010
195
111011000101100001010111000000000101000011010000100011110000010001100000100100000011010100101001
2
1000010001001000000100000000001100010010101100010000000110011010000000101001110100101000000010000111
42
10011010110100000000101010000110000011101100010100000000100110000100001001000001100000011001100
120
1111000100011000000001100000000000000000011000000001101100001100000101000001000000010000001110000000
120
110000010000011000001000010100110001000100010101000011110000100000010010001100011110000011010000000
40
1001111111001010000010010010010010010000000000000110010110111100000000001000010110001000100100
176
1000000010000100110001001001010000011010001100001101011000000101100110110100001001100001111000010101
111
1010000000010001000110000000011000010010110001000010111000010000000011000101001000000000001101010000
103
11011100000011101000000010010001100011001011000010010001000101000010110011001000011000001010000
80
1010000000000010101000000110100001011001010000100001001000000100001001010100000100000001100000000
28
1000001011100110001011010100001000000010100001010010000000001000001001010010001101000000100100
160
1000110000000000110000001000010010000010000000010001101001001000001110100001000110011111010010000100
6
1010001000000100110110101100001110001100010010010010000100100010101001001000000001010001101010110
132
1000010000000110000000001010101000110000000110001010010000000010101010000001001111011001110001010
28
11001000100010000000001010100101001100010001000000000110000001010100100010000010100000001011000001
14
1000111000010000100000001000000000011100000000000110001000001011000000000101001000001001001000000000
50
110000000000011000100010100001100000010101010000011001000000010001101100010000101000100001011101101
141
1000100000000000000010000001010101101000010110101100000000000011101100010000000011010100000111000000
109
1100100000001010010000100110010000000000000001100100000010000010100001000001000000000000101000000101
98
1100100000001001000000000011001011010000001000000000110100011100101100000100001000001001011100000001
109
1001010000100010011000001100011001000000010000001010000001100001100000011100001110011000000100000010
151
10010010000101010110000111011000000110000100000100001100010000100000011000000000000010100000011100
104
1001010100100100000000000011000011110101001000010001111000111101000100010011000011000000001000010
165
1000000000000001010100100100001010000010111010001000100100011100111011010100010100010001000100011000
78
1100010100000001000101000000000010000101110110000000010001000001100100010101000000001000010010100
149
110100001000101010101000010100110100000100011001000001010001001100101100000010001000001000001100100
99
1000100000011000100010011100000001000010000101011010000000010000010100000010000000111110100010101000
194
111000010000001001100001100010000100001000001001001100110111101000100101010010101110100010001001000
33
1000010010000000011000010100000000101100010100000001001001001000001100010100000000000101010000
28
10000100100000011000010000010010000010000101100101001100110110000001010000000000011100000110000000
99
1010010000001011000010100000001000001100100001001000010001110100110010101000000100010000000101010
165
100001000110100110010001001100001010110000001000010110000101100110000001000101001000011001000101
130
10000100000000110001001101001001000000010001011010010011010100001000010111011100001001011000000000
118
1101000000010100000000100000001001110100011001001010100100000100110000010000100011100000010000
79
110110010110010101101000100000010110101000111100000110100000111000101000100000000000101011000000
31
100011000110101000110001011000001100000010010001110000000000100110000011000101000000010101010101100
70
1011100010001000000000000010000101001001010001001010001001010000000010000100001000100100001100011000
101
100101001000100000010111100100001000001011010001100110100000101111010010000100000000100000000101101
89
1111000000000100000001000000101011000100011000011011010100100010000010101101101010100010110100100
165
1011110100000001000000100110001000011011000000011110000001101000100001100100010111100000000000110000
90
10001010001101001000101001011001110000001100100010101000000100001100001111110001001001000110010010
2
1000011001110010000000001001000100010101001011010110010000010001100111001100011011000110000001000001
196
1010001101011000100010000110101010000001000000100101010011001000100110001000000001000100101
130
100000000101001000110000111110100000010000001100011100010010011000000110000001000101111101000110000
52
100000010110011000110100000000010000000000001001010000100001000100010100010000000100001000000000101
46
100001100101000100110001010110010011000101000000000001100000010100000010011001010001100110100011110
82
101101000000111000000010000110100000100000001001000110101100011000111111000010000000000011000110
66
100100100001100110000010000111000100000010100000011100010000010001010100000001100000000110000
168
1111100000010100010100100001100001010111010000000000001000011011001101011010000010100000100110010000
74
1100100000001100010111010100100000100010000001010101000100001101000000001000010110000100000000110
181
1000001000110010100000001001100110000100000000010000010001001011000000000100000000000000010001000000
138
100000000100100010000101101000000001100010000000000101000010001110100000001010100100001100001
191
1100000000101000110101010100000011000000000010000000000010000100011010111000000000000100111001010
30
110001110000100101010101000010100100100011010101100011010010111010100001000000000100100000000011000
13
1000010000100100010100000000000000000000000001011000001100100010000000000000001100011000101101010
133
1011000011001100001010000100100111101010000001001000000000000111011001101101000011010000001000001100
56
101010001001001100011000100000000000101011010101101000100010001001001000000011001000111110000010000
37
