100 400
1001110110000010100001100100010010100000001000010110010011010001010101011101010010001011000010101
148
101001000011101110010010100001100000010011100101010101111001100111000000010000001000010100100100000
173
110101010010010100000000101111111000000101001001110000100001010001101010010010101100010011011101000
30
10100010100100101010110101000001010001100000001110110000000011110110011110110101100100000101001000
149
100011000011011010000011010011001001001000000001011100011000101110001001111010011000011110010111110
87
1100001000001010110101100011001001000011001001000101011010101010000010100110000110010000010100111000
147
110101001001001000100000101100101010100000001001000100000100010100100000000011000000000110010111010
182
1100010111010000001110111100011101110000111000010001110100001100100001000100000110000011001101000011
61
100001110111110100100100001000001001110000010101110101101011001100010101111010000011111100000100000
11
100001110100000010000110100000000000110100100001101000000110000001001010100100101010010010010101
104
1010100010000000000000000010101100100000010000110010100001001100001001111001011001100111010111000000
109
1100110010000010111010010011000101001110101011111111000100000000000100111010010000000001111000010
191
1000000111001100000101110101101110000011000110001010100001000000010001000101101000110001001100010000
32
100011000011011100010000001010100000010001111001100100000000010001010010011001110100100111010101100
38
1000100001000010011101010101000101011001000000001000011100110100000000101111011000000000101001101000
39
100101000100010010000000101000011101010101010011000101101010011001101101010010010101100001111001
99
1010000011100100110001100111101100000100010100100001011001010110010010001111110001010010001110111000
164
100001100110010000010000100001001000000001001001001101010100110000100110011110001010101110000001001
150
1101110000011001001011110001010011001100000101001001110001100111000000111000000000101011001100000101
65
111000010010010110010010010001010000000000100000000000010100000011010000000110110000010011011011110
31
10101010001111101111101100001110000101010100000100000000111000100101001110101011000000000111000011
149
1010010101000000000000001110100101000000010110000111111111101010011101101101111101011000100110111000
43
1011001111111010100100000000000011110001111100110100001110010110000000111001101100010100010010011110
157
10001000000011111101001000010101000000001000110101000000101101010001000000010100001100011010010111
186
10100001001001111100000010001011010000010000000100011011001001010101010001000101110010010001000100
126
110101110000000000000001010101011000000000100000101011101110101010000001100000010100001011011001000
159
101111001001001011000111000111011000010100011101111000000101011010101010001110000110001010000001001
133
1000111000001000001100001001010101101101110100010010000110001101110000011111111000000001000001001111
25
10000011001001001001011000000101011000001011101000000001000001001000001000010100000100011001101110
136
11001110010001011100010110000100100101100101111100000111100000011001100100000011110110001110111100
181
1100100000011100100100000100001111010010111001010100010010011010001010001010000000110000110101000000
62
101000100111111010101010011111110001110111000000001011110001010000111110000101010111001001110011
139
11001000000100000000111010011000111100110111100010010000111000000011100001001101010101000110000000
20
1100010110000101101111010011011001000010010111100010000011011001010010010010001010000010100011010001
155
1000100011100000000110000010001001011000111101111011000010011010000100000000001000001010011000000000
38
11010000110100100100010000100101010110010000000010111111001100100000000001110110100001101100010101
180
110000000011101001110010000010001100011010011011111111010111010001010000000101000010100001000000100
165
11100011011101000011100000011100110011100100100100011110000101000001001101010010010101001001
104
1101000010110010100101011010000100010000000101000010000100100101010001010110000001011001100001010000
86
111100110001101100001110101001000100111001010100000110101010010011001001000000110001000111001001101
116
1110010100000111000100000000100100101011010010000010000000111001000101110101110110000010001000010000
177
10001110000010001001100000010001001001001111110101000100111100011110110011001111011000100001011100
96
1010110000000111101001100011010001101011011010100010000001101011100010100011010010011101011000001010
195
111011100101100101010111000001100101000011110000100011111001010001100010100100100011010100101001
2
1000110011001000001100000000001110010010101100010000110110011110001000111001110110101000000010000111
42
10110111110110100000000101010000110010011101100111100000110111110000100101001000001100100011001100
120
1111100101011100100001100000000010100000011000000101101100001101001101000001011000010010001110010000
120
110000010000011100001001010100110001000100010101000011110000100100010010001100011110000011010000100
40
1000011001111111001010000011010011010010110000000000000110111110111100000000001000110110011000100110
176
1100100110000100110011001001010001011010011100011111011100001101100110110100001001111001111000010101
111
1011000000010001000110000000011000010111110011000010111000111000101111010101011000000000011101111001
103
11011100000111101000000010010001100011011011000010010001000101000010110011001001011000001011010
80
101010000001000011101000001110100001011011010000100001001010000100001011010100000100000001100000000
28
1000001011100111001011010100001000000011100001010110000000001011001011011010001101000000100100
160
1100110000000000110000001001010010001010000000111101101001001000011110100001000110011111010010000100
6
1001110001000000100110111101101001111011100010010010011000100100010101111001100000001110001101110110
132
1010010010000110000000101010111010110001000110001111110000001010101110000001101111011001110001010
28
111001011100110100000011010100101001100010001000000110110000001010100101011001010100010001011000011
14
1010111000010110100000001011000100011100000000000110001010011111000001000101001000001001011001000000
50
1110000000000011000100110100001100000011101010001011001001000010001101100110000101000100001011101101
141
1011100001000100101110100001010101101000010111101100010011010011101100011000000011010101101111000011
109
1110100001011010010000101111010001000000000001110110000010010011111001000001000000001010111000000101
98
1100100000011011010000000011001011010000011101000100110100011100111100000100101011001001011100010001
109
1001010000101010011000001100011001100001010000001010000011110011101000011101001110011000001100100010
151
1010010010000101110111000111111001000110100100000110001100010000110001011000000000000011100000011100
104
101001111110100100000000000011100011110101001001011011111000111101000100011011000011000010001000010
165
1000000000000001010100100100001011010010111010001000100100011100111011010100010100010011000100011001
78
1100010110000001000101000001100110000101110110000001010001000011100101010101000110001000010010100
149
110100001000101010101000110100110100010110011011000001010001001100101100000010001010001000001110101
99
1000100000011000101010011101001001010010000101011011000000010100010101000010000000111111101010101000
194
111010010000111011110001110010100100001000101101101101110111101000100101010110101110100010001101010
33
1100011010000110011000010100100001101100011101000001011001101000001100010110010000100101011100
28
1010000100100000011000010110011010010011000101100111001101110110000011010000000100011100000111000000
99
1010110000101011000010100000001000001100110101001000010111110110110010101100010101010100000101010
165
100001000110100110010001001100001010110010001000010110110101100110000001001101001100111001000111
130
10001100010000110001001101001001000010010001011010010111011100101000110111011100011001011100110000
118
1000001101000000010111000000100010001011110110011001111111101100001100110000010010100011101100010010
79
1110110010110010101101000111010010110101000111101000110100001111000101000100000000001101011000000
31
100111000111101100110001011000001100010010011011110000000000100110000011000101000001110101010101100
70
1011100010001100000000000010011101011001010001001011001011010000001110001100001000101100001111111010
101
100101101000100000110111100100001000001011111101100110110000101111010110000100001000100000100101101
89
1111000000000100000001010000101011000101011100011111011111100010010010111101101010100010111100100
165
1011110111000001000000101110011100011111010000011110010101101000100001100100010111100000100000110000
90
10001110001101001000101001011001110000001100100010101100101101011101011111110001001001000110011010
2
1000011001110010000000001001000100010101101011011110010000010001100111001100011011000110010011000011
196
11001010101101011000110010000111101010001001000000100101010011001010100110001000001001000100101
130
100001010111101000110011111110100000010010001110111100110011011011000110000001000101111101010111000
52
100110010111011101110100011000010000000001011001010000100011000101010110010000000100001000100100101
46
100001100101001100110001110110110011000101000001011101100100010110000010011001110001100110110011110
82
1101101000100111110000011001110100100100100101001000110101100011000111111101010000000000011100110
66
1000110100100001100111100011100111010100001010110000011100010000010011010100000001100000001110010
168
1111100010011110011101100001100001010111010000000010101100011011001101111011100010110000100110010000
74
1111100000111100011111010100100100111010000101010101010100001101000000001010011110000110110000110
181
1000001100111010100000011001100110000100000011010000010001001011000110010100000010000100010101100000
138
101000100000000110100110000101111110000001100010000100000101101010001110101000101010110100011110011
191
1100010101101100110101011100000011000100000010000000001110010110011010111000000000000100111001010
30
111101110000100101010111000110100100100011010101100011010011111011100001000100000100100100000011000
13
1110010000100100010100100000000101000000000001011001001100110110000100000000001100011100111111010
133
1011000011011110001010000101100111101010000001001000000000100111011001101101000111010001001011011100
56
101010101101001100011000101000001101111111010101111000100011101001001000100011001001111110100010101
37
1011111010110100110010001100001011000101010101101000101000010100011110110101010011000010011110000
26
11001001000110100001011010101111110110101011100101010111000010010101001010001111100100000110100000
140
11100010110101111010000100001100010000000111111010110101101111100101001011101111101010100111000000
90
110110010100110000010001001000001000000011011110001101100000011001000010110000101010010100000100101
180
100110011010011110000010000000010111000100000110000011100010010010000010001100000101111011001000011
24
11110001011001110000001000010100101000110100001101101000000011110100001000100100000010010111100110
187
1011010001000110000000101000100011111110100010010010011010100100011001000001010101000100000001000000
53
1000000010100010000001101001001001010100101001000000101011000001100100011111101111000000001111100001
53
100010100100111101010011000101100101010000100000100110011100010010110111010011100100111001101101101
10
110010000000100010110010100000001010001100111111001001100000010001100111111000000001001100010010100
174
1100111000001000010000011001011110001001010001000111101100010100000011001111001100001110100100011101
47
11101000110101110010000001000010010010001011110010010001110000001100110101100111010110110000100000
32
11010000101111110100000000101010100110001011001100011010000110000100010110100100101110101011011011
196
10110011010111011100001111001000101010010000010010101100011101000000101111000100000011100110110001
17
100011110100100111011000101000110010000001000000011101101000000100110000000000001100110010011100101
134
1001100111111000010000001011010011101110111100101001011001100011000101000110101011101010000001101001
150
101010001010011110101110101101000010010100000100100101110100011110001000001010100101001000000011100
124
1100111100101111100000000001001010000110001001100001010111000101100010000001101011001110000110110101
139
100101000111100000100100100100101101110001110111101000001110010010100011011001011010000011101100001
137
1000010100001100001110110011100001110001010110101001000000110010111111001111000001001110110010010
44
111100010110011100110000010100001010100011011010000001001000000010000011011000010011101110111010
58
110000101110010000001010010001000101000110100110101010000000110000011010000111011100111111101101000
6
1001101010000000101100010011010110000001100100001101001000100100001101010010100001101110011110001000
12
10101000011111111010000100010001101001001011100111110110110110001101101111011100111111101011110011
132
111000100000000100100010001000100101000001011000110101011101110111111000000001010101010110110000000
172
10110111100111010000011000001001000000010100100101000011000100101001000000001011000000110110101000
188
10101000000111011010000000000010010110001110101100101111110100100010110000100001010011111011111000
97
1110001000000010001001110010001110001011010001010110000011000011101000100110110001010010110011001000
83
101000100100100110000000100011000100101000100011100000110011110100010000000101111010110100010
77
1100011101000000000001010000011001011101100101100000010110010011111001011110000100110000000110111111
195
111000011011010010000100111001111101011001001101000011010100001110001010000010100000000000000010000
89
100000000101001100101001101000101110100010011010000000100101110010010011010011010001010001001010
151
1111010110001010001000010010010000100011001001000010101101100011001010001000011011001101110010001000
176
101100100000000011011000000010111100000001011100111110011100111010010010011110110101010101000001100
108
101010001001000100010111101110110000001010011101101001000110110000010001011011011111000001000000000
136
1010000001000100001011001000010110100000111000111000110000000000000010011100001000000000100011100010
97
110000101000110010100110001110001101100101001111011101001100001100100001011100111000101001001100000
186
100101110010101001011101100110000001000010001110000001100000001101010110101001110000100011100010111
56
1001010000111100100101010111100011111010001000000000000011010110100000101101110111010010111010100
19
111101000010101000001010001010001011010000010111100110110010111001000001000001010101000001100000010
52
1001000110100000000010001111010000000110000000000011010011100101001000111000011000010000000101
149
1000100100001000010011101000000100001001111100101001100111011001101110101101010000000110000100110001
76
1101010000010001110100011000111100100100101100000000010100100110001001010100000001000101100101010
197
110011000110000010110110011101000001111000100000011110111101100001000110100010010001100001111100
190
1110101100101001101010001001000000000010000110100100101111000100100101000100001101000100100101100000
155
10100000000100100100001000000011101101110110010000010101100110100000101001100100100001001100000000
189
1011011110001010001110010000101001011100100110111101011000101000101001100000000001000100001001010111
163
100101100010101010010010010010001110000111111100010001000101000000001000010100111000111001101011000
142
111100010101010110010111010100000100000011001010000001001001001101110000100001110011111101000100100
166
1000111101010000001001110001010010000010010101000001000000001001010110100101010100010110010010111
160
1101100000101100010001011101001011101001011100001110110011100100000111101110111000000001110110110
157
1010110101000011001100000010100011000001001011000100111101000100000111100001010100111100001110000110
2
1000000101010111101011100001011001101000000111000011110111000111000000101110010010110001010000011000
103
111001101000001100110000001011000100011010000111111111000011000100010010100001001000111110010
33
1110101110101000001110001000001000000000011111010100001111000100100010100011110110010101001010001010
169
1110001010110000100100000101010111000001101011011001011011011001000100111010000010000100001100110110
195
10001010000001100011001101010001000111101100100001001011011000110100001100001001110110011101110
177
1011011001001001100000100000000111011100101111001000110101010000000000101001010101100001111010011
126
100000110101001010000100010011110000001101010000000111110010000000100101100100001010000101000010000
15
101000000000001000101100011101000001001100001100000010000000000111100100011110001001110001100001010
158
10101100001001000101011101001101000100100111100100000000001011111111111010000110011100010101110111
15
111101101000111010110000101110000100010111101100100011000010001101010101100110011000110000010000101
189
1110100001001110001000010011101001010100011100001001010101100110111010001101111100010110101100000101
60
1100100000010101001011000001010000100100010111100001100001001000111100010010110011100010100001000110
54
10000011100110000100000101110011000010101110000100000101111101000111000100000110101010111100010011
170
10101001000100010010000101100101000010000000001010010100010100110001100110000011010000010111100010
57
10101101011010110110101100010100011000000011000001010000010000100010010100000110101110101101000100
64
101110011011100100010001001001010010001110100000010011011001101110100000010000110011001000000111
135
10101000000101000110110001101101001110110010110010001101011110110100100100001011100000100100101
108
101100000000001000001001010000010111100010110000000001110011101010100101000010110111010000111000000
17
101110011101101110110110010111000111000100000001010001010101000100100001000011000000000100010000000
76
10010010001011000010000100001000010010000000101100100001010101110100100101100010000001010001010
129
101010100101100000000011010011110001110100000110001100000001001110011100001000111000000010010001011
81
10100000100000110011011110110000000001010010100001011100011000100011001000110000101101100101
185
1110110001011001000000010001000001101000101000110001000000110010010010000000000011001001000010000100
7
1100000111011000111000001010111100010000000000001001110001001000000101100001101101100110110000011001
3
100111000101001010100110000000111111000000001000001110000000001011001100000011100001100011010101
26
1001000110000011010001110011110000110101010000101111100110001000010001001000101100001001001101010110
177
1010010101001101000011100010001011001010001111010000110000000011101011011001000000000100011101011110
6
1011001001010100000100010011111110000000000010010101101100010011101101101000111111000111001001110010
174
110011010000010001001101100011010111000001000111000011000001101100010001001111010001000110001000010
163
1010010110001000010110100000010010000001110010111100101001101111111000001101100000111100011101111010
177
1010101110101010001011101111110101001100011110101100100111111111011110000100011011011011100
114
1100001000000000001101010101000010010000100100101001000010000110100110100010100000110011001110001011
62
1000001101001010010001100010111010000001101000000011101000101111000100000011100101100110000
28
1100000011000111000100101000110000000100001111010110010101111110010010011010000101100010110000001010
117
10101111001010000111011100000101001001010001010011101101001100010001011001010110000000100010001
15
110001101010100110001000100101110000011111011001110001110100111000001111111000010000110110100011
7
1011000010001110000111110001011100110000100101101000100011110000111111010111111010000111000001111111
52
1001000100000110001000010011000110010001000001101100001000000100100010010000010101000000001000100001
72
101110100011001110001100100000000001000000011010110000001100110100110000000000110000111010111111110
116
1110000000000000001011010000010101100001001101100010001110010010010100111001100100000010111101010110
55
1000110010110100000110000001000110000110001100100100000000111010110011100000000010100000011001000010
182
1000011101000000000110001100010001000110100100001100101101001101100010000001100001001100011010001
7
111000000011010001110010001011111001111000110001100010111010001111111000011100111010011001110011
68
1001011110001001000001001010101010010000010000001101001111000110110010111100010011000000100111010101
134
1100111000000000000100000010011110010100001100010000101111000001010111000010010110000011101101000
178
1101011111000101101010101010100011010101000011101101100001111000000100010000000001101100101100101101
3
1111100100010110100000110111101000101110001101000100010000110011011011000100000000000100000101100100
81
10100110001001010101000100111001010011001000101000100000000100100101010110110000010011000010111101
40
1000001011011010101000100000000101010110011000010011001001000000010010001010010100010000011111110011
47
10110011010001010010011010000010000101000000000001111111010111101000000001110010100000000011100
101
1001010011010000001010100000001110101001000101000101101001000010100010010000001000000101101000
17
1000010011101001010100100010111101101010001000100010010111000000111011001000100100000111010010001101
147
1110001101100101011000101010001000000011010011110110100011100101011100010100011000000100000000000
110
100010010001110000010011110011011000010001001000110110100010111010100010001001010010111111000110101
94
111010111111010011111010001101001000110001010110000000001110111000010100011011000110110011111000101
156
10000000011010001000111010111111100010111100110000010000100010001110100000001010001010001000001010
21
1010000001010111010100011010110011001110111010010010011011011000000001001110000001011000001111100110
112
10010000000100010110011100000101111100001010000011001000011001010001101000100101110000001101000011
124
101000010001001111000010010010000010001010100100100000000010111010000000010001000101111111100011010
177
1000011011000101100000001100100010110010000110010001000000010001100010101100011001111100001011010
188
100010000000011011001000011000000001001100010100010111101110100001011010010000000100100000010000000
59
110111110010010110010000000010000000010010010101101100000100011101000101011010001110000001100001010
60
1000111101010110100000010000010101110001100001010101010100010000101000101110000000100010100100011001
100
100110001101100111101000000100001101011011000100000000101101111000000001101011000000000011000100
30
1111101100010001010100100011100100100000000101100100000100001100000000100111000100010001101110000010
17
1100000100100111001001100110010001000000010100010010110010000010101001100101110000100010101100110
105
10000100000100000000100101000110001010110000011001001011000000000001001100001100001000000100000100
134
110001010100100100101001101111110101000011100000011000001011100010011000001100100010100000011011
160
1100100101010010000101010001001101000010101000000001110110000011101100100111011010000011101101010100
86
1001110010010101110100100111011111011101111111100100011011010100101010001010100100110101111000110100
181
11101011010001011001111011000111110101100001010011111010000001100001100001001011000110011010010
195
1000100000000001000000100111100010100010000000011000101011101010110100000010000000001010000000010
135
101111010100010011110000101001001101111001110101110100001001100110001001100010010010110001001001101
67
100100010101011011010010100000010101110101011111001001101100011000000001111000000100100000000100
125
11000000111011000001011011110100000011000110011000100000000111001110011000000000111010011100001011
75
1110000001001011010111000001100100011000100000001100001110000000001100111000000010100010010100010110
155
111110010100101010010000001111000000010111100100101000100001111100110001010100000000111000101010001
1
11110000100010011010100001001011000011101111011111000011111101000000100101000000001011000000000
158
100001010000101001111000101000010001100101011000000010110110000011101000111010001011010000011110000
63
101100001000010101000011111010100100010001000011001011001000011010001001011100010001000101000000001
25
1101011011110111100100001011010100110001011011010100000100010100100000010010110010100010100011101000
153
10111010011110001000011100001100001101011011101101111000001011101000000110001100101100010000110001
40
10010011111110001101100001101100111010000100011000011100000110010000111100010100011000100010110010
3
101010111101001010011001001011100001001011011101011010110001010011100100000010100000100011101000
110
110011000001011000000011001110000000000010000000011110001000100010000100100000110001001111100001100
69
1101000101001011101010010101011010011011010000011000101101011001001110001000010001000011000000000011
182
1010000010101011111001101011010111010111001001000011010000000111001101010001000010111101011001000
90
1100110001110000100100000010011001101111001000000001000110100001001010000000110110011110001000011001
112
1001010001001001000000000101000011111100100100000000010100001110011010101000000011100011110111
117
1010001001001000000100100011000101101010100100010000000100000111100000001101000001011001000001011010
74
1000100101010010001001001001101011100001000011010100010110110011100000001111110111000101101001000
82
1101010010001011010000100010000111010010101011111000000000011010101001011001001000010100011000100011
176
1111011110010000000100010001000111100100011000100001010000110110011000101010000100000100100101101111
135
10011011001001110001101000110110100101010100000011100100100010110101000011110110011110110001110000
83
110010101110101011101010011100000100100101001100010010000010101111100011111010101010000000011111001
84
100011001100000101000010110011100000001001000110111010010000110001101010001110101001010010101111
39
10001100001010001010010100001100010001101010110000001110111010110010101110000100010000010000001100
53
1011000010000010001010101000001100010010100010000001100000100000101000111100000100001101000000000000
25
1111101110101111000010100010111100111000000000001000000100100001100010001110000110010000010001001010
186
1011001001010110010010011100010100011101110001100001111110111000101111000000110010001010010100100001
21
111010001001110001000111000001111001100000100110001000101000101010000000110010000000011100010001001
28
101010010000001000000001100000000000000010000011011110011001010100111010101111011011111001110
52
1000000110001010100110010011001010011011101010100101010101001000011100000000010100000101110101000001
69
1001010100011001111110100011010011110100111001100111011101100001100111101010011001001110001011010100
174
100110111110000110011110100000001110101010110001110011000110001110100100101011100001101100001010010
12
1010110011000110011101000000000000110010100000100010001000001000000100000101000110010101000011100000
33
1101010111000000011100100000010101111001010010001001110001100100001000000000000011010101110010010000
7
10000001101010101000111100100010100000111011110010111001001000000110110011100110001100000110111100
139
1100100100000011100000000101010000001000111000010111001000001001010000010111010110000000110001001100
44
110001000100011000100110101011100100101101000000000001110111010010000100011001010111100000001000000
80
110100100000000000001010000001001011000111110100110111000001000100000100001010101100111101001000
42
1011000100000110101010110001101100010000010000100110110011111010000001100100011111101010011001000100
59
1011110101100100100011001010101010010000110101001111100100110111110010111000001111000101000000010110
7
10001000000101010000110010100000000110000110100000111100011000001000000111000010100101100011101011
93
1011100110110000100110010001000001010100110011110010001000110000000001110000110100010010111001100110
47
10000100000001011101011001001000101001001001100110011000011110101000001000010011001001010001010010
60
1001001100111011000110110011100100101001011010100011000000100100011000010000000100010001001110001000
103
100110000011000100001000001000101000011011001110111001011000001001110000000010100110000010000011000
128
1111010111001100011000010100100100001100000001111100000110101000101011010000001000000010100000000
128
1110100100000010011000110000000001010000000000010000010111110100011111000100111000100001001000000000
55
10100101101101001001110100101111101001111100000110100100010010001001001001110010010110011100110101
47
1010010011101110011001100000110001011100011000000100001000100000000010001010111111110101110010100101
173
100011000010100001010010000000010110100110110000100011101101011011011000001001111111000001011000100
120
100100000100000010110010010100010100100001011001000010101011100110011101010101100001110000001100101
195
101010110100010000011110110101110000110100010111101000101000100010010011000100100001111000001001000
169
110000111111011010100100001001001110010001111001101001011000100001000001011011100001110010011100000
81
110010010010110000101001001110110001100110001000101111001101010000100100001100110000111000010011011
36
1101110011001100101001010101010000110001111000010000100001110110000110100000110000000010000010100
152
11111001111100000111101010000001000010000100010000001000010101010010011100001000010100000000
8
1000001011111010111000000111010000111101101011100000111100001001110111000110001000000010010111010000
129
111001000101010111000011000111000111011101000001110100111001111100001011000010000000100100111010101
180
110000110100011101001100110110100010110111100101110010100000110110000000000000010001000001001010101
133
111001010001000011000101000000100001000000010000000001000001010101001000001001000000010000101010011
27
100001100101010100100100010111001000110110000011001011101001101110100101000001000100110100100100000
7
1000000101010001000110100011100100010110110010010010000000000010000000100000000111111110001110
168
1100000000011001001111101010000011000011000110011110111101010001000111000000100010100010011111110110
100
1010010100001000000100110000000111010101100011101101000010000001001100010000000101000001100101010100
54
110001000110001100000111100000100111010001010000000100001010110011000010100110000011101100011100
137
11101110010000001111110111101000000000011010000010010110000010000001000001010010000000010001100110
78
10100001001100000010011010010000101000000100100110000001000000110000011010100100011011100010111
164
110001000000000111010011001011110110100100101100001000101100010000000100001100010010101010000010
109
1000001011010010001101000000011011011011010100001110010011101001011100010011111000010000110000001000
56
110000010011000000100000101011011010101000101000110101111000011101011001111000000000100001111001110
36
10101010110000100011011100110000000001101111100101001101000001011000001100000010100100100001001111
59
1110010010001110101110100000000100010000010100100100100000011011110110000100001010111101000010100111
23
1101000111000100100101010011100100110010111000010111110010001000101100010001011100100010100011000011
67
10010101110001100001000001100001001100101110100111010101001100100000100010000111111010101111001000
36
110100000100000000101000101000110111101110111001000100010001000101111001011101011000010101101100001
37
1101000001100001010101011011000011100001011110001100011101001100101000100001100010011000010010000010
100
1011110010001110101101100010110000111110001000101101110000100001000110111010100101101010101110000010
25
100111100011100100000100000010101010110111110100000000101001000001011000000010100111001010011101001
148
111100101011110100010001000000001100110110110101100111111001010100001010010000000011110011001001110
35
1010100101110011001010111111100101101110010011010110010011000000010100010001010101101000000000011
10
1100010101010001101011010000011010000011010000011010101000110010110100100010010110000001010110001000
37
1010010111101011100000000010101101100100100000000001010110101100000010100001000101111010000000
145
1011000000100011000100000000100000000011101100000001110010010000100001001000000001010001010100100
110
100010001110101111010000001011011000100100000110011010101010011000110011100011000001001110100101100
154
1101001110011010100101000010000111101010110011001110000100000010000100001101001000101011000100100110
146
11000010110110101111101100100010110000111110010111000001110000010100100000111101101000111110100000
77
10010001000010110001010000101010100001001000010000001001001110011110100010111110001100000110010001
162
110011001100110000100101001110011001110110010000011111011111010010001000010001010011100110011000000
177
101100000011000010001101110000000100010011100100011001100011000100111110001001110111000101010100001
128
101010000100001000101111110100000000010100100000010100110011001000100100010110011010000000011000100
9
11010111010010001110011010011000011000000101000000001101111010101100110101101111101101001101110010
16
1001010000110110001110000100000111001001000100000011100000110101010010111101010001000000011001000011
186
100010010100100000110011011001001110010000100010000100000010111010101111001110001000011000000010000
73
10010000000000100111100000100101011011000100101011101110010011000100000000111100001000110010000
194
10010100000101100111010110010010010100100000001000010010100000000111100001101000010000010000001001
111
1011100100011110010010000010100000111001110010100100100100011011000000011100110100101100011101110000
68
1110100000010010111001001011010101100010111111001000000100000101100100100011110010010101010111110000
197
11001101100000010011001101010100110000000000100100011100000101101000011000100010111101000010001
161
100000000010100010010000100101111101101111010100001100100101100001010101100101011000001111100001001
119
1100000101000100111000110000100111000101000010101111101010000000000011010000000011011000001001100001
131
100001001101100001111001001011101000000001011100001100001110100101001011010010110111011101111100000
155
100000001001011110111010000010101001100100110100011000100110000000000101001100110011000000000
146
1000000011001111010100010111000111000101110111000000110000101001011011010000000001111110100010110
128
11001011001000000101011000110000101010001001011000100100110110101010011010011100001011011100101
32
100001001011000000111000100111000111101000011100100001010000000000101011000100001100000100111000000
117
1101000000110100000000100101100111000001000101001110101101100000000000000110110010010000111000100000
31
1100101000010000100100110100000000101101110001000101000100100010100111010010000101000001100011001000
73
1000000101001100100000000100001000001001100001110110111011100000001011111000000010010000100110011111
131
1000111001100001000110100000101100001100000010110100000000101001010110001001101001110101010111000111
162
111100111001110000010010010100100100111010100111110011000000011001001001000000100000010000010001010
72
111100111011111100011000100110101000001011100000100000111000110011100000100110101000011000010100001
136
110100110010010000011000110100010101111011000010011001111101100111011000000010110010010100000100
37
1101100110000010000110001110110001110011011101100000010100000011100000000101010010011000000100101
58
10100100100010101100110110101011100011010011100001011010000000111000011011100110010011100010010001
121
10000001000011010010000001101011000001101000100001110001000001000100011110001011100011000100001010
107
10010111000000101000000111111011001010010000000001000001101000010001001001100010001111010010001
38
11101000000000111000000000001010101011010111010111101110001000001111010010100100010000001111010000
171
100100000011101001000000011000001110011111101000110110100011001100110000011011001011001110001110100
110
100000110110110100000100100010100000110001111001011001000100010000010010111111100001111010110000
44
10000100011101001011110010011010010100000110011001001010000100010111001010100111001000000010111110
4
100100010110110100010000000100001001000000110000100001011000101101000010000010000101000010001011000
73
100111101101100000000100001101011011100001100010010100001100001001100111100110110100010000110010100
109
1100101101000010010000000101111001100110100001001100010100000001000001100111010110101010001001111000
66
1000001111010001001010110100000101000100100001010011110001011101000100000000001001001010100000100011
24
1000111001101110000010000010101010010000110101010110000110000010110101001110100110011110010100000000
169
110101010010011000101010100100100100111010110100000100111100000110010000010010000100101100101000000
153
1000110011000001010110100101110000001011100101001101110110010010010110010100110001000011100010000100
150
101001001000001111000111000111100111011101111011101101100111110001000001100101001001001001100011011
24
10100100100111000010110111000001101000010001110001111000101001000100111010100000000000000011010001
64
1110011110100010000101001101000001111001011101001011100100000100000001010000100100110001001100001000
55
1011010011101100000100100110000111101001000100001111011101010000110101010001011110100001000001010
148
1000110010100111001101101011101011000001000001001001000110001000001110100000000000110111001111010010
7
1100100100000001100101111000100001011101111000101010101110100000011000100101001110000101101101101100
127
101001000100010101001001101011111010000001110010011000100001000000000100000110000001100011100001
73
100000110011001001111111000000011000101110000000111001111001110100110001111100000000001000011000101
130
1001110001010111110111010110000111001010100110001100111011101001010100001010000101001011111110100010
113
1000011011010110000100000001111110000100000011101010001101100110110011001101010000010101001011001000
163
1000001000111100110001011111101000000111000000111010000010100010100100001100010001101111111001110101
176
1011101011001101011111001010000001000010011100100000100100000011100110001001101010100000010101000
154
100100010111101101110001001110010111100110010011011001000000000000001100111101010000110110100001100
174
1010011010010101111110000100001101001011100101110000001000110010111001000001010100000100101001100000
157
101010101001000011000001100100100011001000111001111111000101010000110100000100010010000001101010
10
1000100011101101100100110101101110010100001010110001011000010100010101000010011110001010101011110011
118
1110011000001111010110000101100101100001000110001000001011100000101010000001000110011001010101001001
24
101100001110010000100101011000011001001101010110000100101011101101111010000010000001010001011001001
161
101010011000100000001101010110001100101110001000000110000010111000100001010110100000110000100100101
124
101010000110000101101110000100000111010001001101010000111001110100101010000000100000100111101111
135
1011010001101010000101000000111100100001100110000000000111100010010111000110010001000100100010010000
162
100101000001000000000000000001001000000110101100111000000111101101110110100111101001100101001000100
97
100110100011011100001111000011111001110110111010011101010010001100001010010100000101011011100000000
199
1101000000001000101001000101110100110100011010100111000010011010101110011100101011110110010100011011
66
1011000001001011000000100110010011011001001101110010111101101010101000000110011110011101001100010000
42
1010001001100000100100100000001000111011000011100111100010011000000011000101000001011111100110111000
44
10000100001110011100010110000010101100111010101110101110100100110001110010000111000000111000000000
21
1100010100000100001101110000000010100001010000110100100000111001000001101100001000101000001000000000
78
1001111010001110100000010000101101001100100110101011001001110000111101100100101010100010010111101000
61
1101110110000100011000000000111001001001000001000111000001111110000000000100000001111000111101011000
66
1010001101000011100000011001010101000001101101100000000011010111100111010100010001010010001001000010
64
101010100000010101101001011110111000100001101101000010000000011000000001011110000101010011010001010
137
1110110000011101010001101010101000011100111000001000001001100000111100100100011001000000000000001000
43
110101000000001011000010010000100000100100001101101000010110010010011011001001000000001100100011010
117
1100010101000011010100111100001000110111001001000010100000100100110001100010011000100011111100101111
109
10000010011001110000001000011110101010000010111000011101100111000011001111111111010101000001101001
28
1100000110100010001100010010100000100110010001110000001010101111110100111001101010011101000011011001
47
1101000011000101110001011100000010010010001001101011100111010110010010100000001010000111001010110000
110
10100011001000001010100000001011111000011010000010111100000001000010000000000101010000001010000000
48
1100001011101000100000100000010110010111000110000100111010001011100101110100010110001001101001011
199
11010011000000010010101100100011100011110000101010000111101001000001001001010111011100001000100000
89
1000001111000110000100000100000011100010001101110000001101011000010001001010000111100110101011001100
144
1011000011001100000000001100100011001101010100110101000000101111000010011100011000001001000000000010
148
1000000001101001100100010101100110000111000000100010110011000001000111010000000001011101010000110111
109
11001011110110000001111101010001011101000000000010101000101001000101001000010001110000010101111001
64
1000001101110000101011011101010001000010001010011011010000001110011011110001000101111000101000000
61
10000111100100000000010000011001111111011001010111100010010101000110011011111111000000000010101001
194
11011011000000110111100011000100001100101000110100111001110001100100011101100101101010110010110
98
