100 100
1001110110000110100001100100010010100000111000011110011011010001010101011101011010001011000011101
148
101001000011101110010111100011100001110111110101111101111101100111000000010000001000010100100100100
173
110101010010011100010001101111111000000111001001111000100101010001101010010010101110011111111111000
30
10110010110100101110111101100001110001100000011110110010100011110110011110110111110100101101001000
149
100011000011011010001111010011001011001000010001111100111000101111001101111010011000111110110111110
87
1100001010111011111101100011001111000011001001000101011111101010000010101110000110010011110100111100
147
110101001011001010110010101110101110100000001001000110000100110100100000100011000001000111010111110
182
1100010111011000001110111100011111110100111001010001111100001101100101000100101110000011101101101011
61
100001110111111101100100001000001001111100011101110111101011101110010101111011000011111100010100001
11
110001110100001010000110100010010001110100100001111000000110000001001011101101101110111010010101
104
1110100011010000000100000110111100100000010000110110100001001110001001111001111101100111011111000001
109
101100110010001010111011110011000101001110101111111111000100010101010101111010010000010101111100010
191
1000101111011100100101110101111110000011000110001010100001011011010001000111101110111001101100010010
32
100011100011011101010000001010101010110101111001101110000000010101010011011001110101101111010111100
38
1100100001000010011101010101000101011001001000001100011100110100010000101111011000001000101001101011
39
111100101101101010010000000101010111101010101010011000101101010011001101101010010011101110001111001
99
1110000011110100110001100111101101000100110110110001111001110110010010001111110001010010001111111001
164
100001100110010000011000100101001001010001001001011101010100110000100110011110001010101110100101001
150
1101110000011011001011110001010011001101000101101011111011101111001001111001000000101011001100000101
65
111010010110110110010010010001011110000101100000000000010100000011010000010110110000011011011011110
31
1110101010001111101111111100001110010101011101010100000000111001101101001110101011000011000111000111
149
1010111101000000000010101110100101000000011110011111111111101010111101101111111101011000100110111100
43
1011001111111110100100000000000111111001111101110100011110110110000000111001101100010110110011011110
157
10001000000011111101001000010101101000011000111111001110101101110001000100010100001100011010010111
186
10100001001001111100000010001011110100011000000110011011101001010101010001000101110011010001000100
126
110101110000000000000001010101011100011000101000101011101110101010000001100001010100001011011101010
159
1111111001001011011000111000111011000010100011101111100000101011010101110001110000110001110000001001
133
1000111000001000001100001001010111101101110100010010000110101101110000011111111000000001100001001111
25
10000011001011101011011000000101011101101011111000000001001001011000011000110101000100111001101110
136
11001110010011011100010111110100100111100101111100000111100010011101101101000011110111001110111100
181
1110101001111100100100000110101111010110111001010100010010011111001011001010100010110001110101000000
62
1010101100100111111010101010011111111001110111110111001111110001010000111110001111010111001001110111
139
11001000010100000000111010011000111110110111100011010101111010000011100001001101010101000111000000
20
1100110110000101101111010011011001000011111111100010000011111001011111010010101010000110100011010001
155
1000100011110000000111000010001001111000111101111011010110111110000110000010011000001010011000100000
38
111010000110100100100010000101101010110010011000011111111001100100000100001110110100001111100010101
180
1110010010111101101110010000010001100011010111011111111010111111011110010000101000010100001100100100
165
1000000011100011111101000111101000111100110011110100100110011110010111000001001101010011011101001001
104
1101000010110010110101011010001101111101001111000010101111101101010001010110001001011001110001010010
86
111100110001101100001110111001100100111011011110010111111110010011001001000000110101000111101011101
116
1110010100000111100100000000101110101111010010011110000100111011110101110111110110100111011010011000
177
10001110000010001001100000011001001101001111110101000100111110011111111011011111011000100001011100
96
1011110000100111101001100011010011101011011010100010000001101011100010101111010110011111011010001010
195
110111011100101100101010111100001101101010011111001100011111001111001100011100100100011010100101001
2
1001110111001000001100000000011110010010101100010000110110011111001000111001110111111010000011000111
42
1110110111110110110010110101010001110011011101100111100000110111110000100101001010001100100011011110
120
1111100101111100101001101100100011100000011011000101101100001101001101000111011000010110011110010000
120
111000010010011100001001010100110001000100011111000011110001111101010111001100011110011011111001100
40
1010011101111111001010000111010011010110110100000000000110111111111100000000001001110110011000100110
176
1100100110001100110011011011110101111110011100011111111100011111100111110111001001111001111000010101
111
1011000000011001110110001000011000010111110011000010111110111011101111010101111000000000011101111001
103
11011011100000111101001000010010001100111011011001110110001001101000010110111001011111010001011011
80
111011000011100011101101001110100001011011010010100011001011100100001011010100001100001101100000000
28
1001000001011100111001011010101001000000111100001010110000001001011011011011010001101010100101110
160
1100110000000000111000001101010010101010000000111101101001011000011110100001000110011111111010000100
6
1001110001010000100110111101101101111111110010110010011000100110011111111011110000011110011101110110
132
101010110010000110000011101010111010111101000110011111110000001010101110000011111111011001111011110
28
111001011100110110000011010100101101100011001010000110110000001010100101011001011101110001011000011
14
1010111000010110100110001111000111011101010000000110001010111111000001000111001100001001011001000000
50
1110000000100011000101110100001101000011101010001111101001010010001101100110000101010110001011101101
141
1011100001000110111110100111010101101000011111101100010011010111101100011000001111010101101111000011
109
1110100001011010011000101111010001100100001001111110000011010111111001000101000000001010111000000101
98
1100100001111011010000000011101011010000011101001101111101011101111100000110101011001001011100010001
109
1001110000101010011000101110011001100011110001011011101011111111101000011101001110011100001100100110
151
1010010010000101110111000111111001000110100110000110001100110110111001011000000010001011100000011100
104
101001111111100100000010000011101011110101011001011011111011111101000100011011000011000011001000010
165
1000001010000001011110100100001011010010111010011000100100011100111011010110110100011011000100011001
78
1100010110000001000111110001100110000101110110010001010001000011101101111101000110101100010011110
149
110110001101111010101100110100111100010110011011000011010001001101101100001010001010001100101110101
99
1000111000011000111010011111001001111010000111011011000000010100010101000010000001111111101011101010
194
111010010000111011110101110010100100001100101101101111110111101010100101010110101110100011001101010
33
1011101011010000110111000010100101001101110111101000001011001101010001101010110110001100101011100
28
1010011100100001011100010110011010110011000101110111011101110111010011010000000110011100000111000000
99
1010110000101011010010100000001010001100110101001000010111110110111010101100110101010111011101010
165
100001000110101110110001101100001010110110001001010110110101100110101001001101001100111001000111
130
10001110110010111001001111011101100010010001011010010111111100101010110111011110111001111100110010
118
1000001101000001010111001110110010001011110110011001111111101100001101110100111011100011101100010010
79
101110111010110010101101000111010011110101000111101000111110001111001101000100100010011101011000010
31
110111000111101100110001011001001100010010011011110000000000100110100011001101000001110101110101110
70
1011100010101100100000000010011101011001110001011111101011010000001110011100001000101100001111111010
101
101101101001100000110111100100001000001011111101101110110000101111110111011100001100100000100101101
89
11111000000110110000001010000111011000101011101011111111111100010010010111101101010100010111110100
165
1011111111100001001000101110011110011111010010011110010101101000100001100110010111110010100000110000
90
1010001110001101001111101001011001110000001100100010101100101101111101011111110001001101001110011010
2
1000011001110010000010001001000100010101111111011110110110010001100111101100011011100110010011010011
196
11011001010101101011000110010000111111010001001101010101101110011001011100110001000001001010100101
130
100011010111101000111011111110100100010010001111111100111011111011001110011101000101111101010111000
52
100111010111011101110100011000010110001001011001011011100011010111011110011000000100001000100100101
46
101001100101001111110011110110110011010101000001011111100111010110001010111001110001100110110011111
82
101101101010100111110000011001111100101100100101001000110101100011000111111101010000100000011101110
66
101000110110100001111111100011100111010110101010110000011100010010010011010100000001100100001110010
168
1111110010011110011101100001100101010111011000001010101110011011001111111111100010110010100111011100
74
101111100000111100011111010110101100111011000101010111011100001111000000001010011110010111110001110
181
1000001100111010100000011001100110001100000011110000010011001111000110010101000010100100011101100100
138
101000100000010111100111100101111110000001100010010100000101101111011110111000101010110100011110111
191
111100011101101100110101011100000011000100000011000001011110110110011010111010000100000100111101010
30
111101111000100111010111000110100100111011010101100011010011111011101001000100100100100110000011100
13
1110010000100100010100110000110101000110100001011001011100110110000100000000101100011100111111011
133
1011000011011110001010001101100111111110010001001100000000110111011001101101000111010001001011011100
56
101010101101001100011000101000101101111111010101111010110011101001111000100111001001111110101010101
37
