100 500
100110000010100001100100010000100000000000010110010000000000010001011101000010001010000010101
148
100000000011101010000010000001100000010011100101000101111001100101000000010000000000010000100100000
173
110101010010000100000000001111110000000100001000110000100001000000100010010000101100010011010101000
30
10000010100000101010000001000000010001100000001110010000000011010110000110110101100100000100001000
149
11001010000011010011001001001000000001001100010000101010001001111010011000011110010010010
87
100001000000010100001100001000001000010001001000001011010101010000010000110000110010000000100110000
147
110101001001001000100000101100101000100000001000000100000000010000100000000011000000000110010111000
182
100000011010000001010111100001100100000111000010001100000001000000001000000000110000011000000000011
61
100001110011110100100000001000001001000000000101010101101011001100010101111000000011110100000000000
11
1110100000010000110100000000000110100100000101000000110000000000010100100101010010010010101
104
1010100010000000000000000010100100100000010000100010000000000000001001011001001001100111000111000000
109
1000110010000010101010010011000001001110101011010111000000000000000100111010010000000001111000010
191
1000000010001100000000110101001110000001000110001010000000000000010001000001100000010001001100000000
32
100011000001011100010000001010100000010000011001100000000000010001010010010001110100000111010101100
38
1000100000000000001001000101000101011000000000001000011100100000000000101111011000000000101001101000
39
100101000100000010000000101000011001010101010001000001000010011001001100010000010101100001111001
99
1000000001100100010000000111101100000100010000100001001000010010010010001111100001000000001000111000
164
100001100110010000010000100001001000000001001001001101010100000000000100011100000010101110000000001
150
1101100000010001001010010001010011001100000100001001000001100111000000011000000000101010001100000101
65
101000010010010110010000000001010000000000100000000000000100000011010000000010010000000000011010110
31
1010001111101101101100001100000001010100000100000000111000100100000000100001000000000110000011
149
1010010101000000000000001010100001000000000100000011101110001010010101101101001101011000100010010000
43
1011001101100010000100000000000010110000110100010000000100010110000000011001101100010100010000011110
157
10001000000011101001000000010101000000000000110101000000001101010001000000010100001100001010000100
186
100001001001111000000010001011000000010000000000011011001000010100010001000101100010000001000100
126
100000100000000000000001010101011000000000100000101011100000101010000001100000010100000011011001000
159
101000001001001001000111000001011000010100011101100000000101011010101000001000000110000000000001001
133
1000011000000000001100001001010101101101010100010010000010001101110000001001100000000001000001001110
25
10000011001001001000011000000101011000001011100000000001000001001000000000010100000100010001101010
136
11000010000001001100010100000100100100000101001100000101100000011001000100000010010100001110110100
181
1000100000000000000100000100001111010010101001010000010010011010001010001010000000010000110101000000
62
100000100111101010001010010101010001010111000000000001010001010000101110000001000110001001100011
139
11000000000000000000110010001000111100110010100000010000001000000011100001000101010001000110000000
20
1000000110000101101011000011000001000010010111100010000011001001010010010000001010000010100001010001
155
1000100011100000000010000010000001011000111101101011000010011000000000000000001000001010011000000000
38
11010000110100100100010000100101010100010000000000111111001100100000000000100110100001100100000001
180
10000000011101001110010000010001000011010011011110100010111010001010000000101000010100001000000100
165
11000010001101000001100000001000110010100100100100000000000101000001000100010000010101001001
104
1100000000110010100100011010000100010000000100000010000100100001010000010110000000011001100000010000
86
101000110001100100001100101001000100110001010100000110101000010001001000000000010001000111000001101
116
100010100000111000000000000100100001011010010000000000000111000000001100100110000000010000000000000
177
10001110000000001001000000010001001001000011000101000000101100011110100011001100011000100001001100
96
1010000000000001000001000011010001101011001010000010000001101011000010000010010000001100010000000010
195
111011000101100001010111000000000101000011010000100011110000010001100000100100000011010100101001
2
1000010001001000000100000000001100010010101100010000000110011010000000101001110100101000000010000111
42
10011010110100000000101010000110000011101100010100000000100110000100001001000001100000011001100
120
1111000100011000000001100000000000000000011000000001101100001100000101000001000000010000001110000000
120
110000010000011000001000010100110001000100010101000011110000100000010010001100011110000011010000000
40
1001111111001010000010010010010010010000000000000110010110111100000000001000010110001000100100
176
1000000010000100110001001001010000011010001100001101011000000101100110110100001001100001111000010101
111
1010000000010001000110000000011000010010110001000010111000010000000011000101001000000000001101010000
103
11011100000011101000000010010001100011001011000010010001000101000010110011001000011000001010000
80
1010000000000010101000000110100001011001010000100001001000000100001001010100000100000001100000000
28
1000001011100110001011010100001000000010100001010010000000001000001001010010001101000000100100
160
1000110000000000110000001000010010000010000000010001101001001000001110100001000110011111010010000100
6
1010001000000100110110101100001110001100010010010010000100100010101001001000000001010001101010110
132
1000010000000110000000001010101000110000000110001010010000000010101010000001001111011001110001010
28
11001000100010000000001010100101001100010001000000000110000001010100100010000010100000001011000001
14
1000111000010000100000001000000000011100000000000110001000001011000000000101001000001001001000000000
50
110000000000011000100010100001100000010101010000011001000000010001101100010000101000100001011101101
141
1000100000000000000010000001010101101000010110101100000000000011101100010000000011010100000111000000
109
1100100000001010010000100110010000000000000001100100000010000010100001000001000000000000101000000101
98
1100100000001001000000000011001011010000001000000000110100011100101100000100001000001001011100000001
109
1001010000100010011000001100011001000000010000001010000001100001100000011100001110011000000100000010
151
10010010000101010110000111011000000110000100000100001100010000100000011000000000000010100000011100
104
1001010100100100000000000011000011110101001000010001111000111101000100010011000011000000001000010
165
1000000000000001010100100100001010000010111010001000100100011100111011010100010100010001000100011000
78
1100010100000001000101000000000010000101110110000000010001000001100100010101000000001000010010100
149
110100001000101010101000010100110100000100011001000001010001001100101100000010001000001000001100100
99
1000100000011000100010011100000001000010000101011010000000010000010100000010000000111110100010101000
194
111000010000001001100001100010000100001000001001001100110111101000100101010010101110100010001001000
33
1000010010000000011000010100000000101100010100000001001001001000001100010100000000000101010000
28
10000100100000011000010000010010000010000101100101001100110110000001010000000000011100000110000000
99
1010010000001011000010100000001000001100100001001000010001110100110010101000000100010000000101010
165
100001000110100110010001001100001010110000001000010110000101100110000001000101001000011001000101
130
10000100000000110001001101001001000000010001011010010011010100001000010111011100001001011000000000
118
1101000000010100000000100000001001110100011001001010100100000100110000010000100011100000010000
79
110110010110010101101000100000010110101000111100000110100000111000101000100000000000101011000000
31
100011000110101000110001011000001100000010010001110000000000100110000011000101000000010101010101100
70
1011100010001000000000000010000101001001010001001010001001010000000010000100001000100100001100011000
101
100101001000100000010111100100001000001011010001100110100000101111010010000100000000100000000101101
89
1111000000000100000001000000101011000100011000011011010100100010000010101101101010100010110100100
165
1011110100000001000000100110001000011011000000011110000001101000100001100100010111100000000000110000
90
10001010001101001000101001011001110000001100100010101000000100001100001111110001001001000110010010
2
1000011001110010000000001001000100010101001011010110010000010001100111001100011011000110000001000001
196
1010001101011000100010000110101010000001000000100101010011001000100110001000000001000100101
130
100000000101001000110000111110100000010000001100011100010010011000000110000001000101111101000110000
52
100000010110011000110100000000010000000000001001010000100001000100010100010000000100001000000000101
46
100001100101000100110001010110010011000101000000000001100000010100000010011001010001100110100011110
82
101101000000111000000010000110100000100000001001000110101100011000111111000010000000000011000110
66
100100100001100110000010000111000100000010100000011100010000010001010100000001100000000110000
168
1111100000010100010100100001100001010111010000000000001000011011001101011010000010100000100110010000
74
1100100000001100010111010100100000100010000001010101000100001101000000001000010110000100000000110
181
1000001000110010100000001001100110000100000000010000010001001011000000000100000000000000010001000000
138
100000000100100010000101101000000001100010000000000101000010001110100000001010100100001100001
191
1100000000101000110101010100000011000000000010000000000010000100011010111000000000000100111001010
30
110001110000100101010101000010100100100011010101100011010010111010100001000000000100100000000011000
13
1000010000100100010100000000000000000000000001011000001100100010000000000000001100011000101101010
133
1011000011001100001010000100100111101010000001001000000000000111011001101101000011010000001000001100
56
101010001001001100011000100000000000101011010101101000100010001001001000000011001000111110000010000
37
11111010010000110000001100001011000101000100101000101000000100001010110001010011000000001110000
26
11001000000010100001010000100001110110101011000000010110000010000100001010001111100100000110000000
140
1000010110001111000000100000000010000000111111010110101001111100100001011101111101000100111000000
90
110110010000010000010001001000001000000001001110001101100000011001000000000000101010010000000100100
180
100010011010011110000010000000000011000100000110000011000010010010000010001100000001111010001000010
24
1100001011000000000000000010100100000110000001101001000000011100100001000100100000000010101100010
187
11010001000110000000101000100001111010100010010000001010100100010001000000010001000100000001000000
53
100000000001100001001001000100100001000000000011000000000000011111101111000000000011100001
53
100010100100111100010011000000100001000000100000100110010000010010010011010000100100110000001100001
10
110010000000100010110010100000001000000100111110000000100000010000100110111000000000001100010010100
174
1100011000000000010000010001011110001000010001000011001100000100000011001110001000001100000000001001
47
101000100001100010000001000010010010000000010010010001100000001100100100100110010110100000000000
32
11010000001110100100000000101010000100001001001000001010000110000100010100100100001110101000011000
196
10100011010001010100001111001000101010010000010010101100011001000000101111000100000001100110110001
17
100011110100100111001000101000110010000001000000011000001000000100110000000000001100110010011100101
134
1000000111111000010000001011010001101100111000101001011001000011000001000000100001101000000001001001
150
101010001010001010101110101101000010000000000100100001110100001110000000001000100001001000000011100
124
111100101100100000000000001010000110001000000000010011000100100010000001100000000110000110110101
139
100101000111100000000100100100001101010001110110001000001110010010000011001001001010000010101000000
137
1000010000001000000110100011100001010000010100000000000000100000111111001111000001001110110010010
44
100100010110011100110000000100001010100000011010000001000000000010000011001000000011001110111010
58
100000101100010000001010010001000001000110100110101010000000010000011010000100000100011110001101000
6
1001101000000000001100010011010010000000100100000100000000100100001001010010000001101110011100000000
12
10100000001111111010000100010001101001001011100111100110110010001100100111010100110001101001110011
132
100000100000000100100010001000100000000000010000110101010101100011111000000001010101010110100000000
172
10110111100101010000011000001000000000010000100101000011000100100000000000001001000000010110100000
188
101000000011011010000000000010010110001010001000100100110100100010100000000001000010001011101000
97
1100000000000010001000100010001010001011010001010010000011000000001000100010110000010010000010001000
83
101000100000100110000000100011000100101000000010100000100010110000000000000100111010000100000
77
1100011101000000000001010000001001011100000101000000010000010011111000010000000100100000000110111111
195
111000000011010010000100101001111101010001000101000011000100001110001010000000000000000000000010000
89
100000000101001000101001101000101010000010011010000000100101100000010011010010010001010001000010
151
101010010001010001000010010010000100011001001000000001000100010001010001000001011001000110010000000
176
100100000000000001001000000010110100000001011100111110011000011010010000010100110001010101000001100
108
1000001000000100010101101100110000001010010101101001000110100000010000011000011111000000000000000
136
1010000000000000000011001000000010100000111000011000110000000000000010001000001000000000100010100010
97
110000101000100010100110001000001001100101001110011101001100001100100001001100001000100001001100000
186
101110010001001011100100110000001000010000110000001100000000101000010101000010000100010100010101
56
1001010000110100100100010101000011111010001000000000000001010110000000100101110101010010101010100
19
111000000000101000001010001000001000010000000111100110110000111000000000000001010101000001000000010
52
1001000100100000000010001110010000000010000000000011000011000101001000111000011000010000000100
149
100000001000000001101000000100001001111100100001100101011001100110000001010000000010000100110000
76
1100010000000001100100010000110100100100101100000000010100100010001001010100000001000000100100010
197
110010000110000010110000011100000000111000100000010010111101100001000110000010010001100001010000
190
1110001100101000100010001001000000000010000110000100101010000100100101000000001101000100100101100000
155
100000100001000000011100101110110010000010101100010100000100001100100100001000100000000
189
1011011110001010001100010000001000001100100110111101011000101000101001100000000001000100001001010010
163
100100000010000000010010010010001110000111100100010001000001000000001000000100101000110001001011000
142
111100010101010100000111010100000100000011001010000001001001001100110000100001000010110001000100000
166
1000111101010000000000110001000000000010010100000001000000001001010110000101010100010110010010111
160
101100000101100010001011101001010101001001100001110110000100100000010101110001000000000110110110
157
1010100101000011000100000010100010000001001010000100111101000100000110100001000100111100000100000010
2
1000000000010011101010100001001001101000000010000010110011000110000000000000010010010001000000011000
103
101001101000000100100000001011000100011010000101111101000011000100010010000001001000110110010
33
1110101110000000001110000000001000000000011110010100001101000100000010100011110110010000000010001000
169
1010000010110000100100000001010111000001101001000000010001000000000100101010000010000100001100010100
195
10001010000001100011001100010000000110101000100000001010011000100100001100001000010110010101110
177
1001011001001001100000100000000111011100101110001000100001010000000000100001010100100001110010011
126
100000110101000010000100010010100000001101010000000100110010000000100101100100001000000101000010000
15
1000101100001101000000001100001000000010000000000111100000011110001001100001100001010
158
10101000000000000101010101001101000100000111100100000000001001001101100000000110001100010100110100
15
111100101000111000100000101010000000010001101100100001000010001001000101100110011000000000010000101
189
1110100001001100001000010001100001010100011000001001010100100110011010001101111100010110101100000100
60
1100100000010101001011000000010000100000010110000001100001001000111100010010110011100010100001000110
54
11000000000100000101110011000010101110000100000101011000000111000000000100001010111100010011
170
10101001000100010010000101100101000010000000001010010100010000100001000100000001010000010110100000
57
10000101011010100010101000010100011000000001000000000000010000000010010000000000100110100101000100
64
100100011001100100010001001001010010001100100000010001011000101010100000010000110011001000000111
135
10101000000101000000110000101000000110110000110000001101010100010000100000001010000000100000101
108
101000000000001000001001000000000011100010000000000001000010101010100001000000110110000000101000000
17
101110001101100010110110010110000111000000000001000001010101000100100001000010000000000100010000000
76
10010010001000000010000000001000010010000000000100100000010100110100100001100010000001010001010
129
101010000101100000000001010001010000110100000010000100000000001110011000001000011000000010010001010
81
10100000100000100011011110110000000001010010000001001100011000100010000000110000101101100101
185
1100010001001000000000010001000001100000100000110001000000100000010010000000000011001000000010000100
7
1000000111010000011000001010101100010000000000001000110001001000000101100001101101000010110000011001
3
100101000100001010000110000000111111000000000000001110000000001011001100000010100001100011000101
26
1001000100000011010001100010100000110101010000101111100010001000010000001000000100000001000001010110
177
1010000101001101000001100000000000001010001110010000010000000001101011010000000000000100011101001110
6
1011001000010000000100000011110110000000000010010100000100000011101101101000111110000111000001100010
174
100011000000010001001101100010010110000000000101000001000000101000010001001111010001000100001000010
163
1010010100001000010110100000010010000000110000011000101001101110111000001100100000011100011101111010
177
1010101110101010000000101101010001001000010110001100100111111110010110000100011001000011100
114
1100001000000000001101010000000000000000100100101001000000000100100110100010100000010011001110000011
62
1000001100001000000001000010001000000001100000000011101000101001000000000001100101000110000
28
100000000000111000000101000110000000100001001010110010101101100010010001000000001100010100000001010
117
10001111001010000111010000000101001000010000010011001101001100010001011001010100000000000000001
15
10001100010100110001000000101100000000111000001100001110100011000001111111000010000010100100001
7
11000010001110000110110000001000110000000101101000100011100000011011010011111000000111000000011001
52
1000100000110001000010011000110010001000000100000001000000000100000000000000101000000001000000001
72
101010100010000010001100100000000001000000000010010000000100010100010000000000110000101010101111010
116
1000000000000000000000010000000101100001001101100000001010000010010000101001100000000010111101010100
55
1000110010100100000110000001000110000010000100100000000000110000000011100000000000100000010001000000
182
11100000000000110001100010001000100100100001100001101001101100010000001100000000000010010001
7
101000000011010001110010000011110001001000110000100010010010001111011000011100111000011000010011
68
1011100000001000001000000101010010000010000000101001111000000010000011000000000000000100111010001
134
111000000000000100000010011110010100001100010000100111000001010111000010010110000000001001000
178
101011111000101101010101010100001000001000011001100100000101000000000010000000001100100101100100100
3
1101100100010110100000100110001000101010000101000100010000110011010011000100000000000100000101100100
81
10000100001001010101000100110001010010001000100000100000000000100100010100100000000000000000111101
40
1000000010010010100000100000000101010100010000010011001001000000010010001010000000010000011111110011
47
10100011010001010010011010000010000001000000000001001111000010101000000000010010100000000011000
101
1000000010010000001000100000001100101000000100000001101001000010100010010000001000000100101000
17
1000010000001001010000000010111101101000000000100010000011000000111001001000100100000110000010001101
147
1110001101100001011000101010001000000011010011110100100011100001010100010100011000000000000000000
110
10001110000010011000011001000010001001000110110000010101000000010001001000010111110000000101
94
111010111011010001101010000101001000010001000110000000001100111000000000011011000100110011100000101
156
11010001000110010111111100010111100010000010000000010001010100000001010001010001000001010
21
1000000001010111000000010010110001000010101010010010011011011000000001001110000001011000001111100110
112
10010000000000010110011000000101111100001010000000000000011000000001001000100101010000001100000001
124
101000000001001111000000010000000010001000000100000000000010111000000000010001000001111110000011010
177
1000011011000101000000000100100010100000000100010001000000000000100010101100011000010100001011010
188
100010000000011001001000011000000000001000000100010101101010100001011010010000000000100000000000000
59
111010010010110010000000010000000000010010001101000000100011000000100011010001110000001000000000
60
1000111101000110000000010000000101010001100001010100010100010000101000001110000000100010100100011000
100
100110001100000001001000000100000101010011000100000000101101110000000001101001000000000011000100
30
1110101100010001010000100011000100100000000101100000000000000000000000100110000100010000101010000000
17
1100000000100101001000100010010001000000010100010010110010000010001001100101110000100010001100100
105
10000100000100000000100101000100001000110000011000001011000000000001001100000100000000000100000100
134
10001000100100100101001101010110101000010000000010000000010000010011000000000000010100000011011
160
100100001000010000100000001001100000010101000000001110110000001101100100011001000000010101001000100
86
1001010000000101110000100111010101010101110111100000011011000000000010001010100100110001101000100000
181
11101011010001011000011010000111110101000001000010111010000000100001100001001001000100001010000
195
1000000000011100000000010000000011000100010101010010100000010000000001000000000010
135
101111010000010000110000100001001101111000010001110000000001100110001001100000000010110000000001100
67
100100010101000011010010000000010000110101010111001001101100010000000001101000000100100000000100
125
10000000111011000000010011110100000011000110001000000000000110001110011000000000101010011100001000
75
1000000001001001010111000000100100010000100000001100000100000000000100111000000000100010000100010100
155
111110010100001010010000001101000000010101000000101000000001111100110001000000000000111000100010001
1
1110000100010010010100000000000000011100101001111000010011100000000100000000000000011000000000
158
100001010000101000001000000000010001000100011000000010110100000000101000111010001010010000011010000
63
100100001000010001000011111000100100000001000010001010001000010010001001011100010001000001000000001
25
1101000011000100100100001010010100110001001011010100000000000100100000000010110010100010000011101000
153
10011010010110000000011000001100001000001001101101110000000011101000000010001100100100010000110001
40
10000011101110001101100001101100111010000100011000011100000100000000110100000100011000100010110010
3
101010111101001010011001001011100001000010001101011000110000010011000100000010100000100011100000
110
110000000000011000000010001010000000000010000000001110000000100010000000100000110001001111000001100
69
1101000100001011001010000101011010011010010000011000101101000000000110001000010001000010000000000000
182
1010000010101001101001100011000111000110001001000011010000000101001100010001000010111101011001000
90
1100110001110000100000000000011000100110000000000001000100100001001010000000110110010110001000011000
112
1000000001001000000000101000010111000100100000000000100001110011010100000000010100011110110
117
1010001001001000000100100011000101101010000100000000000100000110100000001101000001011000000000011010
74
1000000100000000001001001001101001000001000011010100010110110001000000001100110111000101101001000
82
1100010000001011010000100010000011010000101011101000000000010010101001011001001000010100011000100011
176
11001010010000000100010001000011100100011000100001000000010110011000100010000100000000100001001110
135
10001011001001010001001000010110100001010100000011100100000000010101000011100100011100110000110000
83
100000100110101001101000011100000000000101001100010010000000101110000011111010101010000000011011001
84
100011001100000001000010100001100000001001000110001000010000010001101000001110101001010010001111
39
10001100000010001010010100001100010000100010110000001110101000110000101110000000010000010000000100
53
1011000010000010001010101000001100010000000010000001100000100000000000011100000100000001000000000000
25
111001110101011000010100000111100111000000000001000000100100001100010001010000110010000010001001010
186
1010001001000110000000011100010100001101110001100001111110111000101111000000100010001000010100100001
21
10010001001100001000111000001111001000000100110001000101000001000000000110010000000001100010001000
28
101010000000001000000000100000000000000010000001011110011001010100001010100010010001010001010
52
1000000110001010100110010011000000010011100010100101010101001000011000000000010100000001110101000001
69
1000010100011000111110100011010011110100111001000111001101100000100110101010001001001100001011000100
174
100100001110000100010110100000000110001000110001010011000110001100100100000010000000100100001000010
12
10100011000110011101000000000000110010100000000010001000001000000100000100000110000100000000100000
33
1101000011000000011000100000010001111001010000001001100000000100001000000000000011010101010010010000
7
1101010101000111100000010100000101011100010111001001000000110010011100100001000000110110100
139
100000000000011100000000101010000001000001000010101001000001001000000000100010110000000100001001000
44
10001000100011000100110101011100100101100000000000001110011010010000100011001010111000000000000000
80
100100000000000000001010000001001001000011100100110110000001000100000000000010101000010101001000
42
1001000000000010101010010000100100000000010000100110110010101000000001100100000101100010010001000100
59
1010010101100100100011001010100000010000110101001111100100010111010010111000001111000100000000010110
7
10001000000101000000110010100000000110000010100000111100011000001000000111000010100101100010101010
93
11100110100000100100010000000001010100100010110010001000110000000001110000100000010010110001000110
47
100000001011101010001001000001001001001100110011000010110101000001000010011001000000000010010
60
1001001100111010000110100011100100101001011010100011000000100100011000010000000100000001001110001000
103
100010000001000100001000000000101000011011000110101001001000001000010000000000000000000010000011000
128
1110010111001100011000010100000100000100000001111000000100101000101001010000001000000000100000000
128
1010100100000010010000110000000001010000000000010000010101110000001111000100010000100001001000000000
55
10100001100101000000110000101111001001111100000110100100010010001001001001110010010110011100110101
47
1010000011000100010001000000110000011000001000000100001000000000000010001010101111100001110010100101
173
11000010100001000010000000010110100110010000100011101101010011001000000001100101000001011000100
120
100100000100000010110000010100010000000001011000000000101011000100001101010001100001000000001100101
195
101010100100010000000010110101100000100100010110100000100000100010010011000000100001111000001001000
169
110000001011011010100100001001000110010001011001101001010000100000000001011011100001100000001100000
81
10000000010000101001001110110001100110001000101101001101010000100100001100110000111000010011011
36
1101100011001100001001010001010000100000101000010000100001100110000100100000110000000010000010000
152
1110001111100000111101010000001000010000100010000001000010001000010011100001000010000000000
8
1000001011111000001000000110010000111000101010100000111100001001110101000110001000000010010110000000
129
111000000001000111000011000111000110010101000001010100111001101100001011000000000000000100001010101
180
110000110100011101001100100110100010010111100101110010100000110110000000000000010000000000000010101
133
111000010000000011000001000000000001000000010000000001000001010101001000001001000000010000001010011
27
1100101010000100100010111001000110010000010001010101000000010100000000001000100010100100100000
7
101010001000010100011000000000110110010010010000000000010000000000000000111101110001110
168
100000000010001001110100000000010000000000110011110111000000001000111000000100010100010011011010110
100
1010010000001000000100110000000111010100100011101101000010000001000000000000000101000001100100010000
54
10001000110001000000010000000100111010001010000000100001010110001000000100110000011001000001100
137
11000100000000001010110011100000000000010010000000000110000010000001000001000010000000000001100110
78
10100001001100000010011010010000101000000000100110000001000000110000011000000100010011100000111
164
110001000000000001000011001010110110100100100100001000100100010000000100000100010010100000000010
109
1011010000001101000000001001000011010100001110000001101001011000010011111000000000010000001000
56
100000010000000000100000101011011010000000001000110101111000010000010001111000000000100001111001110
36
101010000000100011001100110000000001101011100001001101000001010000001100000000000100100000001111
59
10010000001100100110100000000100010000010100100000100000010011110110000100001000011100000010100111
23
1001000100000100100100010011100100100010111000010101110000001000101100010001001000100010100001000000
67
101110001100001000000100000001100101110100111010101001100100000000000000101111000000000001000
36
110000000000000000101000100000010100001010111001000000010001000100111001010100011000010100101000000
37
1101000001100001000101011000000011000000011110001100011100001000101000100000100000011000010010000000
100
1011110000001100101100100010110000011110001000101101110000100001000000111000100000100010001010000010
25
100111000011100000000100000010101010010100100100000000001001000001011000000000100111000010011001001
148
101100101010110000000001000000001100100010100101100010011001010000000000010000000011110011001000110
35
1000100101110011000010111111000001101110010001000110010011000000010000010001010101100000000000010
10
1100010101010001101011010000011010000011010000011000101000010000010000100010010100000001010100001000
37
1000000110101001100000000000001101100100100000000001010100101100000000000000000101100000000000
145
1011000000100001000100000000100000000011101100000001100010000000100001000000000001010001010100100
110
100000001100100100010000001011001000100000000010011000101000001000110011000001000000001110100101100
154
1101000110011010100001000010000110001010010010001110000100000010000000000101001000101011000100100110
146
1000010100110001111101100100010110000101110010011000001110000010100000000111100101000100110100000
77
10000001000010100001000000100010100001000000010000000000001110011010100000101110001100000110000001
162
10000100110000100101001010000001110110010000011011010111010000001000010001010001100110000000000
177
1000000011000010001100110000000100000001100100011001100011000100111000000001110010000100010100001
128
101010000000000000101111110100000000010100100000010100110011001000100100010110011000000000010000000
9
10110010010000110011010011000011000000101000000001101101010001100110101001111100101001101110010
16
1000010000110110000100000100000111001001000100000011000000100100000010011100010000000000011001000011
186
100010010100100000100001011001001010010000100000000100000010111000101111001110001000011000000010000
73
10010000000000100111100000000100011000000100101011101110010001000000000000111000001000110010000
194
10010100000101100111010100000010010000100000001000010010100000000110100001101000000000000000001001
111
1010100000011110010010000010100000111001110010000000100100011001000000011000000100101000010101110000
68
1110100000010000011001000001010000100000111010001000000100000101100100100001110010010000010011010000
197
10001000100000010001000001010100100000000000000100011100000101101000011000100000010100000010000
161
10100010010000100101011101101010010100001000100100000001010101000001001000001111100001001
119
100000001000100111000000000100111000001000010001101101010000000000010010000000011011000001001000001
131
100001001001100000110001001001100000000000000000000100001100100101001001010010110111010000111100000
155
100000000000011100001000000010101001100100100100011000100110000000000101000000110001000000000
146
1000000000000011000000000111000111000000110111000000000000001001011011010000000001111110100010110
128
11001011001000000101010000110000101000000001011000000000000110001000011010001000001011011100101
32
100001001000000000011000100111000110101000001100100001010000000000101010000100001100000100011000000
117
1100000000010100000000100101100111000001000001001110101101100000000000000000110010010000111000100000
31
1100101000000000100100110100000000100100010000000101000100100010100010010010000101000000100011000000
73
101001100100000000000001000001000100001000110010011100000001010001000000000000000100100011001
131
1000100000100001000010100000001000000100000010110100000000101001010100001001001001110101010011000111
162
100100111001110000010010000100100100101010100111010011000000011001001001000000100000010000000000010
72
111100010011111100010000100010101000001011000000100000101000110010000000000110101000011000010100000
136
100100110010000000011000110100000100010011000000011000110101100111011000000000010010000100000100
37
100100110000010000100000110010001110011011100100000000100000011000000000101010000011000000100101
58
10100100100010100100010110100011000000010001100001011010000000111000011010100000010011100000000001
121
10000001000010010010000001101010000000101000100000110001000000000100001110001010100011000100000010
107
10010111000000100000000111011010001010010000000000000001001000010001001000100010001101010010000
38
1001000000000110000000000001010101011010111010101001110000000001101010000100100000000000011000000
171
100000011101001000000011000001010011111101000100010100001001000110000010001001011001110000110000
110
100000010100110100000100100000100000100001010000011001000100000000010010101101100001101000100000
44
1101000011110010001010010000000110001001000010000100010111001010000101000000000010100110
4
100000000110110100010000000000001001000000110000100001010000101100000000000010000101000000001010000
73
100001101000000000000000001101011010100001000010000100001100000000100111100010110100010000010010100
109
100101100000010010000000001110001100100000001001100010000000000000001100011010110100000001000000000
66
1000001111010001001010110100000100000100100001010001110001010101000000000000001001000010100000100011
24
1000111001101110000000000010101010010000100100010110000110000010110100001110100100011110010000000000
169
110101010010011000101010000000100100111010110100000100101100000110010000010010000000100000101000000
153
1000100010000000010110100101100000001001100001001101100110010000010010010100100001000011100000000100
150
101001001000001001000110000011100111010101111011101101100111100001000000100101000001001001100001011
24
10100100100111000000110100000001101000010001110000111000101001000100011010100000000000000011000000
64
110010110100010000001001101000001110001011101001011000100000100000001000000100100100001000100000000
55
1010000001101000000100000100000110101000000100001101011101010000110101000001010010100001000000000
148
110000100111001100100010100010000001000001001000000110001000001010000000000000010111000100010010
7
1100100100000001100100111000100001011101111000101000001110000000011000100101001010000101101001101000
127
101001000100010001001001101010111010000000110010001000100001000000000000000000000001100011100001
73
100000110001001001010111000000001000101000000000101001111001010000100000111100000000001000011000001
130
1001000001010111100011010110000011000010100110001100011011101000010100001010000001000001100110100000
113
1000011001010100000100000000111110000100000011101010001100100110010011000001000000010101001011001000
163
1000001000111000110001010011101000000111000000111010000010100010000100001000010000101011011001100101
176
1101001001101011111001010000001000000010100100000000100000001000010000001101010000000010001000
154
100000010001101100100001001010010111100100010011011001000000000000001100110101010000110110000000000
174
1010010010010100011110000000001100001011100101110000001000110000111001000001000000000100001000100000
157
1010101001000010000000100100100001001000111001111110000100000000010100000100010010000001001010
10
1000100010101101100100110101001010010000000010010000010000010100010101000010011010001000100001010010
118
1110011000000111000110000100100101100001000010001000001010000000101000000000000010001001000001001000
24
101100001110010000100100011000000001000000000010000100100011101100111010000010000001010001011001001
161
100000010000100000001101010110000000001110001000000110000000111000100001010110100000110000000100101
124
101010000110000101101100000000000111010001000101010000100000110000101000000000100000100101001001
135
1011010000001010000101000000111000100001100110000000000111100010010111000110010000000100000010010000
162
100001000001000000000000000001000000000110101100111000000110101100110110100101101000100101001000100
97
100110100011011000001111000011011001010110101010011100000000001100001010010100000101010011000000000
199
1101000000000000101001000101100100110100011010100111000010011010101100011100101011110110000100010011
66
1011000000001001000000000010010010010001000101010010001101101010101000000110010010011101001000010000
42
1000001001100000100000000000001000011000000001000001100010000000000010000000000001001111100110010000
44
1100011000000110000010101100101010000110101110100100110001110000000101000000101000000000
21
1000010100000100001100110000000010100001010000110100100000101000000001101100001000101000001000000000
78
1001010010001100100000010000101100001100000010100001001001110000111101100000101000100010010111101000
61
1101100010000100011000000000111000000000000000000110000000101110000000000100000001111000111101011000
66
1010000101000010100000010001010100000001001101100000000010000001100011000000010001000010001001000010
64
101010100000010101000000000100111000100000101100000010000000001000000000010110000101010010010001000
137
1010100000011000010001001010101000010100011000000000001000000000111100100100011001000000000000000000
43
110001000000000001000010000000000000100100000100101000010110010000011011001001000000000100100011010
117
1100010101000001010100001000000000110010001001000010100000100100110001100010011000000011111100101011
109
10010000010000000000001100101010000000100000011100100101000011001111101001010101000001001001
28
1100000110100010001100000010000000100000010001100000001010101111110000111001001010011101000010011001
47
1101000011000100110001010100000010010010001000101011100111010110010000100000001000000111001010110000
110
10100011001000000010100000001011011000011010000010111000000001000000000000000101010000000010000000
48
1100000000001000100000000000010010000111000010000100001000001010000101000000010010001000000001011
199
10010010000000000010101000100011000010110000101010000111101000000000001001010100011100001000100000
89
111000010000100000100000011100010001101110000000101001000010001001010000100000110001001001100
144
1000000001001100000000001000000010001101010000100101000000001110000010011100001000000001000000000010
148
1000000000101001100100000100000110000111000000100010010011000001000110010000000000011101010000100111
109
10001001100110000001110100010001001101000000000010101000101001000100001000010000010000010001110001
64
1000001100110000100011001001010000000000001010001011010000000110010011110001000101100000101000000
61
10000111100100000000010000011001011110001001010111100010010101000110001001111110000000000000101001
194
11010011000000110111100010000100000100101000110100110001110001000000010101100100101010000010110
98
101001000000000010011100010011101000100100001001000000000100101000000010010011010001000110101000101
182
110111000100100000000100010010000000100110001000101100000101111000010010001010001000001110000111
123
1100000001010000000000111000000100000100000100010010110111001010001111111000101110100000010110000010
88
10000010000011000100011001000111011010100101010100010100110001101000001000001000100100001000101000
108
1010001100110110000101010100110001000000010100001100100010001010000000011100000000001111010001001001
143
1001010000010101010111010001001000000100110000100100001100100010001110101010010000101110010000
142
10000110110000011100000000010110010000110010110100100001100100000101000000000100101000000001010000
34
110010010101000100000100101100101011001100101011000001000000000001001101000100001000000000000001100
110
1001000110001001001100100110000100100110001000000011110101000000001011000110000001011000000010011
35
100000001000001100001001011000000100100000100001000000010100011000000001110011010010011000100000101
99
11001101101000011000100001000001001101001000100000000000000000000010001000010001011001111000001000
175
1000110100100010101010000000001101001100011100000000000001100100001001010000001010100010000001010101
44
101000000111000000000100111000000000011100000100110010000001011111001000000001001100000011000000
101
1001101010000111000101010000000000000000011010101010011001000100010011011010011100111110000000010000
129
11100000000000110001011100100000001000000000100100000100001000000100000001010011000011000001110101
76
1011001000000101001001101010000000100010000000111111010000100010110000110000000110000010000010011001
7
100100000100000000110000100010000000011100000000000100001000100010000000011000001110000000000
127
11101000010001101111001000000011100100010011001100000011010110000100000110000010100111110100100010
90
111000100011000010011010001001000010101100101001000110000110000000000000000000000000000100001010100
196
100010101010010000001000000010000000000001001000001001110100011010001001000000000001100000101001001
19
10100110000100010101111001100110011001010100011000000100000000011001000000000100100000011100110
58
1101100000001001000100100000001000110000101000001110101101011000011001011010000000000000000000011
182
1100110011000111000000111100000100000001000010000001010110011000100000010110000000000010000000001
125
100101011001110010000001100000010101101000000001011000000000010011001000000110110000011010000000001
46
1000100000000101010010000010000000000100100010011010000100000000111010000010011010100001010101100
191
110110000010001010000100011010000101100100000001000011100101011000000001001000100011001111010010
173
1010001000110000000000101010010000101000001100011001011000110011011111010100110010011001001101000110
99
101000001000010000000001000011001010001110110001000001100010101100001100000100100100001110011010000
47
100000000101000100010010010010000000000000001000000001000000011101010001001010000001110110000001
51
1000000000001010101110000111000000100000101001000000000000000000000001111000010100000000000100011010
112
11110000001011001100001000010010000001001000001100011010000000011000010000011000001011010101000000
128
1001000000000001100111011011000000011001010010000101000000001100010001101010110101000001110
65
10000011100011101101100001010000000000000111000110000001100000000011110001110000100001000000
66
1100000001001000110101010000000001001001100000000000100001100000001000000000011110000000100000
62
110010100000010010000001000001011001000000000100000111100010000011000100010100010000000110101010101
119
1000010010100010011000100101000000000000100011011000100100100000001100000000100100001001000011000000
103
10011001000100100000110001101101000010011001000110000000000000100001010011010110100100110001100010
199
1101000000001100110000110101010001000100011000011001001000000000000100000000111000000100001000001000
81
1100010100100111010001001000100011010000000010001001000001000000110000001100010100000101010010001
121
10011000000001110000010010101110011000101000110000000010101110000110000000000110100100100010000000
58
101000100011100011000100000001001010001000000000110000010000110101010010001000101100000010100110
135
1000001010100010001001100100001000110000111001000101010000000000100000000011100111000101011100010101
80
1011111101000000100000000111000000001000000001100000010001001011100001110011010000100000000
175
110000011010100011001010110010000100110001001001100101001001001000101000110101101011000011101100000
88
100100001000000000010101011010010000100001110011100001111100000010100001000001000001000000110000
111
1000100001000000100110010000010010010000100001010011001000110011010000100001101011000011000000000000
33
100000000101100101010110000000000001000000000101101100001000001001100100110001000000001100000000000
45
1100000110010001100111001001000101101001000001010011000010010010010111100001000001001011000000001000
16
110100100101000000001101010110000000100110000010001000010010001011000110000010111001001111000010000
135
10010010011101001001000001001110110011101010000100000000000010000111000001011100101100001001
160
1001101110001011000001001000111000101100110101110000111000010010110111000000001000001000000010101100
20
1000010100001000000100011000111010101101000000000100001100000001000100001100010000000010100000010001
72
1000010001001000000000000010001000000011110000100000110100110010001010000000011000000000000000
5
111100000000000000000011000001001000111000000001000111100100010100000001110000110100000001000011
38
100100000101101000010000010010000100100000000000100000000001111010000001110110100000001001001000000
148
100000101010000100110001001000000001101000110101010001101000100011100000110000000010000000001010
120
1010000000010000000001000000001111110110000101000100010000010100111101100111000000010001100010010010
126
101010000000000000100000000110000000000000011011100000010110100001000001101000001000000000000011000
153
110110010010110101001111101011000101001010000110011111010111001000010010000011010000011100011110010
27
100010000000001110100001011001011011000101000010001100110001000010100010000010101000011100100001
25
110010010100000000010000010001001000101001100001100000000100100110100000000110001000001000001000001
103
111000010011010010101000011001101001000010100000000000001110110001100110000001100000010100000100
186
110100101000001111001010000000100100000000010100111000011000000001100001000010000100001110
176
1000000000010100100000010110000010100000000000100001000011011010100000001111100000000001001110011010
30
1000001100010000000011011000000010001000010001000100000001000100000110100001000100010101001000100010
28
1000001110100110111100100001000001000000000000100000000001100110010010000011000010100100000000
7
110001000001001011000010101100001000111001000010000010010001000110000000110000001001011011110010110
11
1001001001001000010010000000000000000000010000010000010000001001000111101101100100010000000011100
173
1010100010100000000110011101100000000001000010101001101101100000100110110100110001001110001000001101
130
100101000110101011000010101100110100000100011000001000010011001000010001001001001001100010100
160
1100000000000000001011000000000001000101100100011110110000100000000001001100000000000000100000011011
108
1000001110101010000001111001100010001000000010100000100101110000001000001111011000001011000000111010
162
111010000010010110011001100100011110000011000000001010000111110000101001100010000011000000010000011
17
111010010000100000000001000100000100010111000000100011000100001100100000010010000100010001000
37
11101000001010000000010011001100011000001100000101100010001010100000010001000000000001010110000010
128
101010001100111000000010011101011010000001010000000010110010000000011010000110010000110000101000
49
1110010011010000001001100101101000000000100001000100110000110000001000001010100100010000101010010100
120
1000001001001100101000000010010110100010001000000101100000100011101011100100010010000011111000000
198
10000000101011000001000100100000100010010011110000000000010000000100110101000001101100010010101100
3
110011000100000011000010001000110001100000010010000001000010000001001000001001010000000001001010010
149
1011000000100011101100100101001100001010000001011110110010000010100100000000001100000001000010000
161
1000110100010001101001001100000101101110111100010000000010000000000010000100000001110000100000001000
32
1110000101101001001000110000000000110010011100000000000011000100110000000000101101100101000000011000
82
1100110100011001011010001000001100000000110001000100001100000010100100001110110000011001001000000
136
110000001000110100000010000100000000000110010010011001001111001100001010110010011000010000101011011
81
11100010100111000100011000001010111001001101000100000000000000000100010010001001000100101000100001
170
1001010000100000110100100100100000000001001000000000000010100001100000001100101000000010101001011110
150
110100001000100000000100100001010101101010000110000001010000010111110011010100111000111000100011001
37
1100000001001110011110000110000000010001001100101000111101000100000010000001000000010001000011101001
73
101000101000010000101010110111001000010100010011101000010001000001000111001000110010000101111010100
86
1000001110000100000001010100000000100010110000000100000100000000100000000000000000010000011001100001
51
1001111110100000100010000100001011001000000010001111010000111101001111000100110001010000010000001010
47
10100001001101000011000001110000100100100000010000110000010000011110000010100000010000110100111000
199
1000001100001100000011001011110001101100001100001011001011000001001100010001000101100011000010010010
187
10001000001010000110010000000101001010100000100110010011000100010000001000010000110100001011001000
76
1010000000011100010000000100110000100001011000001100001000000000000001001100010110100000000000100000
68
10100010000001000000001000000101001000101011101000011001100001000001000101001000000000011000000000
143
1000001010001011111000101100000010000110001000001110000110010011100000101011100010000010100000001000
87
1001001001100111000000000100000101000010000000000000110001101010100100010000000010100100000000100100
149
1001000110110010011010000110001000100100000000011010000011101011010000010000100000101000100101
5
