100 100
1001001110110000110101001100110110010100000111000111110011011110001010101011111011010001011000011101
148
101001000011101110010111101011100101110111111101111101111101100111001000011010001001010100100100101
173
1110101110010011111110011101111111000100111011011111001100101010001111010010010101110011111111111010
30
11110111110110101111111101110001110011101001011111111010100011110110011110110111110100111101001000
149
100111001011011010001111010111001011101000010001111100111001101111001111111011011001111110110111110
87
1100101010111011111101100011001111000011001011000101011111101010010010101110000110011011110110111100
147
110111001011001010110011101110101110100100001011000110000100110100100100110011101001010111010111110
182
1100010111011100001110111101011111110110111001010001111101001101110101000101101110001011111101101011
61
1110001110111111101100100011000011001111110011101110111101011101110010101111011001011111100110100001
11
1110110001110101001010111110100111110101110110110011111000000110000111001011101111101111111010010101
104
1110100011010000000100010110111101100000010000110110101001001110101001111001111101100111011111001001
109
101100110010001010111011110011100101001110101111111111000101010101010111111011010010110101111100110
191
1000111111011110100101110101111111000111010110001011100101011011010001000111101110111001111101010010
32
100011111011011101010000101110101010110101111001101110000000010101111011111101111101111111110111111
38
1100100001010011111101010101100101111001011100001110111110110101010100101111011000011000101001101011
39
1111111101101111010010000010101010111101010101010011000101101010011001111101010010011101110001111001
99
1110000011110100110001100111111101010100110110110011111101110110010010001111110001010010001111111001
164
1101111100110010001011000110101001011010001001001011101011101111000100110011111001010101110100101001
150
1101111010111011001011110001010111101101110101101011111011101111001001111101110010101011111100100101
65
1111011110110111110011010011001011110000101100000000000010111000011011000010110110110011011011011110
31
1110101011101111101111111100001111010101011101010101001001111001111101001110101011000011100111100111
149
1010111111000111001110101110110101000011111110011111111111101011111101111111111101011011100110111100
43
1111101111111110110100000000000111111011111101111100111110110111101011111001111101010110111111011110
157
10001010000011111101001001011111101000111000111111001111111111110101010101010110011100111011010111
186
10100001001001111110000010001111110100011000000110011111111001010101010001101101111011010111100100
126
1110101110001000101001101010101011110011000101101101011101110111110000001101001010110101011011101110
159
1111111001001111111000111000111111010110100011101111100100111011011101110101110010110011110001111011
133
1100111010001000001100001001010111111101111101010010101110101101110000011111111010001101100001101111
25
10000111001011101011011101000101011101111011111000000011001001011000111000110101000100111001101111
136
1011001111010011011100010111110100100111110111111101100111100010011101101101001011110111001110111101
181
1110101101111101101111000111101111110110111001010100010010011111011011001110100010110001110101000000
62
1110101100101111111010101010011111111011110111111111001111110001010000111111001111010111011001110111
139
1011001001010100100001111010011000111110110111100011010101111010000011100001011111010101000111000000
20
1100110110000111101111010011111101100011111111100010001011111011011111010010101011000111101011010001
155
1010101111110000100111001110011001111000111101111011010110111110001110000110011000001010011010100000
38
111011000110100100101010100111101011110010011000011111111001100110100100001111110110001111100110101
180
1110010010111101101110110000110001100011110111011111111010111111011110010000101000011100001100100100
165
1010101011111011111111000111101111111100110011110100100111011111010111000101101101010111111101011001
104
1101001011111010110111011010001111111101001111101010101111101101010001010110001001011001111001010110
86
111100110001101100001110111101100100111011011110010111111110010011011001000001110101000111101011101
116
1110010100011111100100100000111110101111011010011110101100111011110101111111110110101111011010011100
177
10011110100011001001100000011011101101001111110101000100111110011111111111011111011000100111011100
96
1011110000110111101001110011010011101011111010100010010001101011101010101111010110011111011010001011
195
1110111011110101100101110111100001101101011011111001110011111111111001111011110100101111010100101101
2
1001110111101100101100001010111110010011101110010001110111111111001000111001110111111011010011000111
42
1111110111110110110010111101010101111111011101100111100000111111110010100101001010101100100011011110
120
1111100101111110101011101100100011110100011011000101101101001101001101100111011000010110011110010000
120
111000010010011110001011010100110001000100011111011011110101111101110111111100011110011011111001100
40
1111011101111111001011000111110011010110110100000000000110111111111100010000001001111111011100110111
176
1100100111001100110011011011110101111111011100011111111100011111110111110111011001111001111010011101
111
1011000001011001110111111100011100010111111011000011111110111111101111110101111100000001011111111011
103
1111111011100100111101001100011010001100111111011011110110001001101000010110111001011111010001011111
80
111111101011101011101101101110100001111011110010100011101011100110001111010101001100001101100110000
28
1001001001111100111001011010101001001000111110001111110010001001011111011111011001101110100111110
160
1110110000001001111100001101011010101010001000111101101001011100011110100001000111111111111110000100
6
1001110001011000110110111101101101111111111110110010011101100110011111111011110000011111011101110111
132
1101011111010001110000011101010111010111101100111011111110010001111111110100011111111111011111011111
28
111101011100110111100111010100101101100011001011000110110000101010100101011111111101110001011010111
14
1011111001010110100110001111000111011101010001100111101011111111001011010111001100001111011011011010
50
1110001000100111000101110110001101000011101010001111101001110010011101100111000101010110001011101101
141
1011110001001110111110101111010101101100011111101100010011011111101100011101101111010101111111001011
109
1110100001011111011000111111011001111100001011111110001011010111111001110101100000001010111000000101
98
1100101001111011010001110011111011010110011101001101111101011101111100000110111011001001111100010001
109
1001110000101011011011101111011011100011111001111011101011111111101000011101011111011101101100100110
151
1010110010011101110111010111111001100110100111000110001100110110111101011010101010001011100000011100
104
101001111111110100000010000011101011110101011101011111111111111101111110011111000011100011011000010
165
1000001010000101011110100100011011010010111110111000100101011100111011110110111100011011000110011001
78
11100010110000001000111110101100111001101110110010001010001001011101111111101000110101110010011110
149
110111001101111010101100110100111100010110011011000011010001101101101100001010001010011100101110101
99
1101111100011000111011011111001101111010001111011011000100010100010101000010000011111111111111101010
194
111010010010111011110101110011100100111100101101101111110111111010100101011110101110101011011111110
33
1001011101111010000111111000010100101101101110111101000001011011101010101101110110110011100101111100
28
1010011111100001011100110110111010110111010101110111011111110111010011010000100110011100000111000001
99
1010110000101011011010110000101110001101110101001000010111111110111011101100110101011111011101010
165
100101000110101110110101101101001010111110001001010110110101100110101001111101101110111001000111
130
10001110111110111001111111011101100010110001011010010111111110101110110111011110111001111100110010
118
1010101101100011110111101110110110001111110110011101111111101100101101111100111111111011101100010010
79
101110111010110011111101000111010011110101000111111010111111011111001101000100110010011101011100010
31
110111000111101100110011111101001100011010011111110100001001100110101011001101010011111101110101110
70
1011101010101110100100000010111101011001110101011111101111010001101111111100001110101110001111111010
101
1101101101001100000110111101110111111001011111101101110110000101111110111011100101100100100100101101
89
11111000100110110000111010000111011001101011111011111111111111010010010111101101010100010111110100
165
1011111111100011101000101110011110111111110011011111010101111010100001101111010111111010100000110110
90
1010001110001101001111101001011101110110101100100011101101101101111101111111110001001101111111011010
2
1100011001111010000010001001000100110111111111011110110111010011100111101100011011100110010011110011
196
11011011010111111111000110010000111111010001001111110101101110011011011100110001000101001010100101
130
110111111111101000111011111110101110010110011111111111111111111011001110011101000101111101010111000
52
100111011111011111110100011000010110001101011001011011100011010111011110011000000110101000111100101
46
101011100101001111111011110110110111010111000101011111100111011110001010111001110101100111110011111
82
101111101010100111110001011001111100101100110101101010110101100111000111111101010110100001011111110
66
101000110110110011111111110011100111010110101011110001011111010010011011111100101101100101011110010
168
1111110011011110011111100011100101010111011000001010101110011011001111111111110010110010100111011100
74
1101111111000111100011111010110111110111011000101010111011101001111000110001010011111111111111101110
181
1101001110111010100001011001100111001100010011110001110011001111001110010101001111101110011101110101
138
111000110010010111100111110101111110001111100010010100001101101111011110111001101110111100011110111
191
111100011111111110111101111100100011010100000011000001011111110111011111111011000100000110111101011
30
1111101111000100111010111010110100110111011010101100111010011111111101101101110100110100110010111100
13
111110011100100100110100110010111101000110101001011001011101111110001100010100101100011100111111011
133
1011011011011111001010011101100111111111010001111100000001110111011001101101000111111001001011011100
56
101110101101001100011000101000101101111111011101111010110011101011111010110111001111111110101010101
37
