100 700
100000000010100000000000000000100000000000000000010000000000010001011100000010001000000000000
148
100000000001001010000000000001000000000000000000000101001000000001000000010000000000010000000100000
173
1000000000000000000000000100000000000000000010000100000000000000010000000101000000000010001000
30
100000000000000000000000000000000000001110000000000000000000000100010101000000000000000000
149
1000000000000000011001000001000000000001000000000100000000000000000000000011000000010000
87
1100001000000000000000000000000000000001000000010000000000000000000000000010000
147
10000000001000000000000100000001000000000001000000000000000010000000000000001000000000000010010000
182
1010110000000000000000000000000000000000001000000000000000000010000000000000000000
61
110010000000000000001000000001000000000001000001001011000000010001100000000011100000000000000
11
1010000000000000000100000000000100000000000001000000000000000000000000000101000000010000100
104
1000000000000000000000000000100100100000000000100000000000000000001000000000000000100000000010000000
109
1000000001000001000100000001000000000000000000000000010000000000000001001000010
191
1000000000001100000000000100000000000000000100000000000000000000000001000000000000000001001000000000
32
10000000000000000010000000001000000000000000000000010000000010100000000010000000
38
100000000010000000000001000010000000000000000000111001000000000100000101000
39
11001000001000000000001000010000000000000010000010000000000010001
99
1000000000100000000000000000001100000000010000000000000000000000000000001100000000000000000000001000
164
100000100100010000000000000001001000000000000001000001010000000000000000010000000010100000000000000
150
101100000010000000000000001000011001000000000001000000000000000000000001000000000000000000100000000
65
1000010010010010000000000001010000000000000000000000000000000001010000000000000000000000010000110
31
1010001110101100100000000100000000000100000000000000100000100000000000100000000000000010000000
149
1000000000000000000000000000000000100000000101000000010010000001000000000010000100010000000
43
10000100000000000000000000000000000000000100010000000100010000000000011000000000000000000000000000
157
10000000000010001000000000000000000000000000010001000000000100000000000000000000001100001000000000
186
100000000000001000000000000010000000000000000000000000000000000100010000000100000000000001000000
126
100000000000000000000000000000000000000000100000001000000000000000000000000000010000000001010000000
159
101000001000000000000001000000010000000000000000000000000000000000100000000000000100000000000001001
133
10100001000000100000010000000001100100000001000000000000000000000000000
25
1001000000010000000100000000000000100000000000000000001000000000010100000100000001000000
136
100010000000100000000000001000000000100000000011000000000000000000000000100100100
181
100000000000000000000000001001010000100001010000000010000000000010000000000000000000100001000000
62
100000000010001000001010000100000000010111000000000001000000010000000000000000000100000000000000
139
100100100000000000010000001000000001000001000001010000000000000000
20
1000000100000100100000000011000001000000010111000000000000000000010000010000000000000010000000010001
155
10000000000000000000000001011000000100000001000000001000000000000000000000000000001000000000
38
1000000110000000100010000100101000000000000000000010100000100000000000000000100100000000000000000
180
11000001100000000000000000010000010010000100000001000000010000000000000000000001000000000
165
10000000000101000001000000000000000000000000000100000000000100000000000100000000000000001000
104
1000000000100000100100001000000000000000000100000000000000100000000000000010000000001000100000000000
86
100001100100000000000001000100100000010000000000101000000000000000000000010000000110000000101
116
10000000000000000000000100100000001000000000000000000011000000001000000010000000000000000000000
177
1100000000000000000000000000000000000000000000000000000000000000100011000000010000000000000000
96
1000000000000000000001000000000000000001001010000010000001001000000010000010010000000000000000000000
195
100000000000000000000011000000000001000001000000100001110000000000100000100000000001000000000001
2
1000000001000000000000000000000000000000000000000000000000000000000000001000110100100000000000000010
42
10000010000000000101010000000000001000100010000000000100100000000000000000000100000000000100
120
100000000000000000000000000000000010000000001000000000100000000000001000000000000000100000000
120
100000000000001000001000000100000001000100010100000000100000000000010010001000000010000000010000000
40
1000001100000000000000010000000010000000000000000000000000010000000000000000000000000000000000
176
100100000000000000000000000001000000001000000000000100100110000001000000000110000000000
111
1000000000010001000010000000010000000000010000000000100000010000000010000000001000000000001000010000
103
1000000000001000000000000000000000000001001000010010000000001000010000001000000000000000000000
80
1000000000000010001000000100000000000000000000100000001000000000000000000000000100000000000000000
28
100000000000000000000000000000000010000000000001000000000000010000100000000000100
160
110000000000000000000000000010000010000000010000000000000000000110000001000010011001000000000000
6
10000000000100000100000000001110000100000000000010000000000000000000001000000001000000000000000
132
1000000000000000000000000000000000000000000000000000000000000000000000000001001110010001100000000
28
100000000000000000100000000000010001000000000000000000010000000000000000000000000011000000
14
10000000000000000000000000000001000000000000010000000000001000000000100000000000000000000000000
50
100000000000000000100000000000100000000000010000001000000000000000101000010000000000100000001000001
141
100000000000000010000000000000000000000100100100000000000010100000010000000010000000000100000000
109
10000000000010000000000000000000100000010000000000000000000000000000000100000000000
98
1000100000000000000000000010000000010000001000000000000000010000100100000000001000000001010000000000
109
10000000100000001000000010000000000000000100000000000011100001000010000000100000000
151
10000000000001010100000011010000000000000000000100000000010000000000001000000000000010000000010000
104
100000000000000000001000001000100000000000000001000101000000100000000000011000000001000000
165
10000000001000000100001100100000010000000000000001000100000000
78
101110000000000010000000000000000010000000000000000000010000
149
100001000100000100000000000110100000000000001000001000000000100000000000000000000001000000000000
99
1000100000010000000000000000000000000000000000010000000000000010000000001000000010101000
194
1000010000000000000001000010000000000000001001001000000000000000000000000000001100100010000000000
33
10000000011000010000000000100100000000000000001001001000000000010000000000000000010000
28
10000000000000010000000000000000100000000100000000001000000000000000100000000000000
99
10000000000011000010000000001000001000000001001000010000000100110010000000000000000000000000000
165
10000001000100001000000000000000000100000101000000000001000001000000001000000101
130
110000000101001000000000000001001010010001000100000000000000000000000001010000000000
118
101000000000000000000000000000001010100010001000000000100000000100000010000000001000000000000
79
10110000100010100000000000000010000100000001100000000000000000000001000100000000000000000000000
31
100001000000001000000000000000001100000010010000000000000000000100000010000001000000000000000001000
70
1001000000000000000000000000000101000000000000000010000001000000000010000100000000000000000100000000
101
101001000000000000110000100000000001010000000100100100000000100010000000100000000000000000000000
89
10000000000000000000000000101010000000000000000000000000000000000010100101000010000010010000100
165
1010010000000000000000000000000000001000000000011010000000000000000000000000000001000000000000000000
90
10000010001001001000001001000000000000001000100000000000000000001100001111100001000001000000000000
2
1000001000010000000000000000000000000000000000000010000000000000000010000000010001000010000001000001
196
10000001010000000000000010000000000000000000000001010000000000000000001000000000000000101
130
100000000000001000000000110000100000000000001000000000000000000000000000000001000101101000000000000
52
10010010000110000000000000000000000001001000000100001000000000000010000000100001000000000000
46
100001100100000000000001000100010011000000000000000001000000000000000010000000010001100000000011010
82
10000000010000010000000000000000000000100000000000000011000000000000000000000000010
66
100000000100000010000110000000000010000000000100000000000001000100000000000000000110000
168
1010000000010000000000000001000001000010000000000000000000001001000100000000000000000000000000000000
74
10001010100100000000010000001010100000000001001000000001000000010000000000000010
181
1100010000100000000000000000000000011000000000000000000000000010000000000
138
1000000000000000000000000000001000000000100000000000000000100000000000
191
1100000000000000000001000100000000000000000010000000000010000000011000010000000000000100111000000
30
1100000000100010100000010000000000000000001000000010000001000000000000000000000000000000010000
13
1000000000100000010000000000000000100010000001100000
133
10000100000000000000000000100000000000000000000000000100000001000000000000010000001000000000
56
1000000000000000000000000000000000000010000100000000000010001001000000000010000000100110000000000
37
101000000000000000000000000001000100000000001000001000000000000010110000000011000000000100000
26
10000000000010100001000000100001100010100001000000010010000000000000000010000101000000000110000000
140
10010000000000000100000000000000000110001010010001001001000000000000000010100000100000000000
90
10000000000000000000000000001000000001000000000000000000011000000000000000000000000000000000000
180
10000000000000000000000000000001000100000000000000000010010000000000000000000001110010000000010
24
1000000011000000000000000000100100000000000000000000000000000000100001000000100000000000100000010
187
10010000000100000000001000000000001000000000000000001000100100000000000000010001000100000001000000
53
1000000000000000000000011000000000000010110000011000000000010100001
53
100000100100100000000011000000000000000000000000000100000000010000000011000000000000000000000000000
10
100010110010000000000000000000010000000000000000010000000100100000000000000000000000100
174
1000010000000000000000000000010000001000010001000000000000000000000000001010000000000000000000001000
47
100000000001100010000001000000000000000000000000000000100000000000000000100100000000100000000000
32
10000001000100100000000101010000100001000001000000010000000000000000000100100000010101000000000
196
1000001010000000100001000001000010000000010001000010000000000001100000000000001000000010001
17
100001000000100100000000001000010010000001000000001000001000000000110000000000000000000000000100101
134
1000000000001000010000000000000000000000000000000001010000000000000000000000100000000000000001000001
150
10000000000000100100000000000000000000000000100001000000001000000000001000100001000000000000000
124
111000000100000000000000000000000100000000000000000010000000000000000000000000000000000010000001
139
100000000000000000000000000000000001000001100100001000000110000010000011000001000000000000000000000
137
10000000000000000000001000000010000000000000000000000000000100010001100000001001010010000000
44
100100010100000100110000000100000010000000000010000000000000000000000001000000000010000000100000
58
1000000000000010000000000000000000000000001000000000000000000000000100000000011010000001000
6
1000000000001000010000010000000000000000000000000000000100000000000010000000101000010000000000
12
101100000000000000000100000001011000110000010010010000100000000010100100000100000010000
132
100000000000000100000000000010000000000000000000000111000000001010000000000100000000
172
110100100100000000001000001000000000000000100000000011000000100000000000000000000000010000000000
188
1000000000000000000000000000010010001000001000000100000000000010000000000000000010000001001000
97
1000000000000000000000000000000000001000010001010000000011000000001000000000110000000010000000000000
83
1000000000000000000000100000000100000000000010000000000000000000000000000100000000000000000
77
10000000000000000000100000000010000010010001000000000000100000000000100101110
195
100000000111100000000000100000000000000000000001000000000000000000000000000000
89
1001000000000000000100010000000011010000000100000000000000001010010000000000000000010
151
1010000000000010010000000000001000000000000000100000000010000000001000001000010000000000
176
1000000000000110000000000011000010000010000000010000000010100010001000100000001000
108
1000000000000100010000001000000000000000000000000000000000000000000000000000000000000000000000000
136
1000000000000000000000000000000000000000000000010000000000000000000000001000001000000000100010000010
97
100010000000000001000100000100010000001100001000000001000000000000100001000000000
186
1000000001001001000000110000000000000000000000000100000000000000000001000000000100010100000101
56
1000000000100000100000010000000000101000000000000000000000010100000000000101000000010000000010000
19
10000000000101000001000001000000000000000000100100000000000000000000000000000000100000000000000000
52
10001010000000000000000000000000000000000100000000101000001000010000000000
149
1000000001000000000000000001100000000000000101001000000100000001000000000000000100000000
76
1000000000000000000000010000010000000000000000000000010000000000001000000100000000000000000000010
197
100000000000000000000000000000000000000000000011000000001000010000010000000000000000000
190
100000001000000000000000000000000000100000000000000001000000000000000000000101100000
155
100000000001000000000000000100000000000000101000000000000000000000000100000000000000000
189
1000000000000000000010000000000000100100010000100000000000000000001000000000001000000000000000000
163
100000000010000000000000010000001010000101000000010001000000000000001000000000001000000000000000000
142
1010100000010000000000000000000000000000001001000000000000000100001000000010000000000000
166
100010000000000110001000000000000010000000000000000000001000100000000000000010100000010000
160
1000000000011000000000001001000100000100000000100000000000000000001000000000000000000
157
10000100000001000100000010000010000001001000000100110101000000000010000000000000110100000100000000
2
1000000000000001000100000000010000010010001000000000000000000000000000000000000000000
103
100000001000000000000000000010000000001010000000001100000010000000010000000000000000000100010
33
1000000000000000000100000000001000000000001100010000000000000000000010100010000110000000000010001000
169
100000000100000000000011000001001000000000010000000000000000001000000000000100000100000100
195
1000000000100010000000000000000000101000000000000000000000000100001000001000010000000000100
177
1001010000001000000000100000000000000000100100000000000001000000000000000000000000100001000000010
126
100000010100000010000000010000000000000100000000000000110000000000100000000000001000000101000000000
15
100100001100000000000000001000000000000000000101000000001000000000100000000000000
158
1010100000100000000000000000000000000000000001001000000000000000000000100000100
15
100100000100000100000000010000000010000001000000000000000000000000100100000000000000000010000000
189
10100000001000000000000001000000010000000000000000010000100100001010000000101100010010000000000000
60
1000000000000100000011000000000000000000010100000000100001000000010000000010000011100010000000000010
54
10000000000001010000000000100001000000001000000000100000010110000000000
170
1000000010000000001000001000000000000000000010000000000000001000000000000000000000010000000
57
1010000000000001000000100001000000000000000000000010000000010010000000000000010000100000000
64
100001001000100010001000001000000000100000000000001010000100000100000010000010000000000000000
135
1000000100000000100000001000000010000000000000000101010000000000000000001010000000000000100
108
1100000000000000000000000001000000000000000010000000000101000000
17
10000000000010000000000000000100000000000001000001010001000000100001000000000000000000000000000
76
10000000000000000000000000000000000000000000000000000000000100000000000000000000000000000000
129
10000100000000000000000001010000010000000000000000000000000010000000000000000000000000000000010
81
10000000100000000010001100110000000001000000000000001100010000100000000000100000000000000001
185
1000001000000000000100000000000100000010000000000000000000000000000000000
7
10000000000000001000000100000000000000001000010000000000000100000000001000000000100000010000
3
100000000000001000000000000000010000000000000000000110000000001000000100000000100000000000000001
26
1000000000000010000000000000000000000101000000000000000000000000000000000000000000000000000000010010
177
10000000001101000000000000000000000000001010010000000000000001000000010000000000000000010000001000
6
11100000000000000000000100000000000000100000001000011010000100000000000000
174
100000000000000000001000000000000010000000000001000001000000001000000001000110000000000100001000000
163
1000000100001000000000100000000000000000010000000000000001000110011000000000000000000100001001000000
177
1000000000000000000000000000000000000000010100000000000100111000000000000000011001000000000
114
1000000000000001000000000000000000000000000001000000000000100000100000100000000001000000000001
62
1000000000000001000000000000000001100000000001000000000000000000000000100000000000000
28
1000000000010100000000000010001000000000000000000000001000
117
1000000000000101000000000000000000000000000000000000000000010001001001010000000000000000001
15
10000000010000010000000000001000000000110000000000001010000000000001001100000010000000000100000
7
100000010010000000000000000000000100000000000000000001000010010000000000000000000000000
52
110000000000000000000000001000000000000001000000000000000000000000101000000001000000000
72
10100000000000001000000000000000000000000010000000000000000100000000000000100000000000100001000
116
1000001000000000000000010000000100000000000000010001000010000
55
1000010010100100000010000001000000000010000000100000000000010000000001000000000000000000000001000000
182
1100000000000000001000000000000000100000000100000000001001000010000001000000000000000000000
7
1000000000010000110000000000000000000000000000100000000000000001010000000000110000011000000000
68
10000000000000000000000001000010000000000000000000100000000010000011000000000000000000010000001
134
100000000000000000000000001010000000000000000000000001000000010001000010000110000000000000000
178
1000001000001000010000000100001000001000010001000000000100000000000000000000000000000001000000000
3
1000000000010010100000100100000000000000000000000100010000100000010001000000000000000000000001000100
81
1000001000100110000000000000000100000100000000000000000010100100000000000000000100000
40
1000000000000000100000000000000000000000000000000001000001000000010000000000000000010000000001000000
47
100010000000000010000000000010000001000000000000001101000000100000000000010000000000000010000
101
10010000000000100000001000000000000000000001000001000000000000000000000000000000100000
17
1000000000010000100101000000000000000000011000000000000000000000000000000000000001000
147
1010000101000000001000100010001000000000000011010000000000000000010000010000000000000000000000000
110
10000010001000010000001000010000000010000000000010001001000000100000000000001
94
10100001010000000010000000000000000000000000000000000000010000000000001011000100000000100000000
156
1000001000000000111000000000101000010000010000000000001000100000001000001000000000000000
21
111000000000010010001000000100010000000000000000000000000000110000000010000001001000010
112
10000000000010010000000000000100000000000000000000000010000000001000000100100000000000000000000
124
1110000000010000000000000000000000000000000010000000000000000000000001000100000000010
177
11010000000000000000100100010000000000000000001000000000000000000101000000000000100000010000
188
1000001000000000000000000100000101101000100001011000010000000000100000000000000
59
1000010000100000000000000000000000000000000001000000000000000000000000000000100000000000000000
60
110100000000000000000000000001000000100000000000010000000000000000000000000000000000000100000000
100
100000000100000000000000000000000001000010000000000000000100000000000001000000000000000000000000
30
1010001000000000000000000000000100000000000100000000000000000000000000000010000000010000001000000000
17
1000000000000001000000000000000000000000010100000010000000000000001000000000010000000010001000000
105
100000000000000100101000000000000000000000000000000000000000000001000000000000000000000000000
134
1000000100100001000000010000100000000000000010000000000000000000000000000000010000000000010
160
1000000000000000000000000000000100000000000100110000000100000000000000000000000001000000000
86
1010000000000000000100010000001010001000110100000000001000000000000000010000000000000100000100000
181
11100001000000010000011010000100110000000000000010100000000000000001100000000001000000001000000
195
100000000000000000011000100000000000010000000000000000000000000000010
135
101010000010000110000100001000001100000000001010000000000000100000001000000000000010000000001000
67
10000000001000000000000010000100001000010001000000000010000000000000000000000000000000000
125
10000000000010000000010010010000000000000000001000000000000100000000000000000000001000001100000000
75
1000000000001000000000000000000000010000000000001000000100000000000000000000000000000000000000000100
155
10010100000000010000001000000000000001000000100000000001010000000000000000000000101000100000001
1
100000000010000000000000000000000000000001000100000000001000000000000000000000000001000000000
158
100001000000000000001000000000000000000100000000000000010100000000100000000000000010000000000000000
63
101000100000000000000010000000001000000000000001001000000001000000000000001
25
1000010000110000001010010000000000000100100000000000000000000000000010000000
153
10001000010010000000001000001000000000000000001100010000000010100000000000000000000000000000000000
40
1001000000100100000100000100000000000011000000000000000000000100100000000010000000000000010
3
100010001000000000000000001010100001000000000000000000000000000000000000000000000000000010000000
110
1000000000001000000000000010000000001010000000000010000000100000100000000101000001000
69
101000000001000000010000001001000010010000000000000000000000000000000000000000000000000000000000000
182
1001100001000000000000001000000000000000000100000000010000000000000000001000000
90
100000100000000000000000000000000000000000000000000000000000000010000000100110000000000000001000
112
1000000000000000000000000000000000000000000000000000010010000000000010100001010100
117
1000001000000000000001000100001000000000000000000000000010000000000100000001000000000000000000
74
100000000001000001001000000000000000000010000000000010000000000000000000110000100001000000
82
10000001001010000000010000010010000000000000000000000000010000000000001000000000000010000000000
176
1000000000000000100000000000000000000001000000001000000000000001000000000000000000000100000000010
135
1000000001000000000100000000010000000000000000000000010000000001000000011000000000000000
83
100000000000000000001000000000000000000000001000010000000000000000000000001000100010000000010010001
84
100010000000000000000000000001000000001001000000000000010000000001101000000100000000010010001011
39
1100000000000000000000000000000000100010110000000010000000100000000000000000010000000000000000
53
1000000000000000010001000001000010000000010000000100000000000000000000000000000000000000000000000
25
100001100000011000000000000101000010000000000000000000100100001000010000000000000000000010000000000
186
110000000000000000000000000000001000000000000110000101001000000000010000000010100000000
21
1000000000000010000000000100010000000001000001000000000000000000000000000000000000
28
101010000000001000000000000000000000000000000000001000000000000000001000000000000000000000000
52
110000000000000010010000000010000100000000000000000001000000000000000000000000000110001000000
69
1000000000001000011100100000010000100000010001000000000001000000000000000010000001000100001000000100
174
100001010000100000100000000000100001000100000000010000000001000000000000000000000100000000000000
12
100000100000000000000000010000000000000001000000000000000000000000110000000000000100000
33
1001000010000000001000000000010001000000000000001000000000000100000000000000000011010000000010010000
7
100000100000001100000000000000101000000000000000001000000110000001000000001000000000000000
139
100000000000010100000000100010000000000000000000000000000000000000000000000000110000000000000001000
44
100000000000000001000000000000000100011000010011000000000000000
80
100010000000001000000000000000000100000000000001000
42
10000010010000000000000000000000000010000000000000000000000000000100100010010000000000
59
10010000000000000000000000100000010000010000001000000100000011000010000000000010000000000000000000
7
10000000000100000000010010000000000010000010100000000000000000001000000010000000000101100010000000
93
10000000000000010000000000010000000000100000001000000000000000010000000000010010100000000000
47
1011100010001000000000001000000000000011000000100000000000000000000001000000000000000
60
1100000010000110000010000100001000010000000010000000000100000000000000000100000000001000000000
103
100001000000000000000011000000000100000001000001000000000000000000000000000000011000
128
10010110001100000000000000000000000000000000100000000000000000001001000000000000000000000000000
128
1000000100000000000000000000000001010000000000000000010000000000000000000000000000100001000000000000
55
10000001000100000000000000000000000000101100000000100000000010000001000000110010010000000100000000
47
1000000010000100000000000000000000010000000000000100000000000000000010000000000101100000000010000001
173
1000000100001000010000000000010000110010000100001000101000001001000000000000000000000000000000
120
100100000000000000000000000000000000000000000000000000001011000100000001010000000001000000000100001
195
100000000000000000000000000000100100010110000000000000100010000000000000000000110000000000000
169
10000000000001001000010000000011000000000010000000000000001011011000001000000000100000
81
1000100000001100000000000001000000001000000100000000000100000000000010010011
36
101000010000000001000000000000000000000100000010000000000100000000100000000000000000010000010000
152
1100000010000010000001000010000000010000000000000000000010001000000000010000000000
8
10000000001000000100010000110000001000000000101000000000000100000110001000000010010000000000
129
1000000001000100000010000010000000010000000000000100000001100000001010000000000000000100000000100
180
100000000000010000000000000010100000000110000100000010100000100000000000000000000000000000000000000
133
10000000010000000000000000000000000000000000001000000000000000000000000000000010000000000000
27
1000001000000000000010000000000010000000000001000100000000010000000000001000100000000000000000
7
10100000000000000000000010010000000000000000000000000000000000001000001010
168
10000000000010000000000110010100100000000001000001000000000010100000001000000000
100
10000000001000000000100000000001000000000011000000000000000000000000000000000001000001000100000000
54
10000000010001000000010000000100010000000000000000000000000100000000000100000000000001000000100
137
10000000000000000000010011100000000000010010000000000000000000000000000000000010000000000000000010
78
10000001001000000000000000000000100000000000000000000000000000000000000000000000000011000000000
164
10000000000000001000001000010100100000000100000000000000000010000000000000000000000000000000000
109
11000000000001000000000000000010010000001100000000001001000000000011000000000000000000000000
56
10000000000000000000001010000000000001000000100011000000000000001010000000000100001111000000
36
100000000000000000001100000000000000100000100001000000000001000000000000000000000000000000000110
59
10000001100100010000000000000000000010000100000100000010000100010000000001000000000000010000001
23
1001000000000000000000010001100100100010111000000001100000001000100000000001000000100000000000000000
67
110001000000000000000000000100001100000001000000000000100000000000000000001000000000000000
36
110000000000000000001000000000000000000000111001000000000000000100000000000000001000000100100000000
37
1000000000001000000001000000010000000000000000000010100000000001000100000000000001000000010000000
100
1010000000000100100100000000000000000100001000000000000000000000000000000000100000000010000000000010
25
110000000000000000100000010100000010100100000000000000000000001010000000000000001000000010001000
148
10000000000001000000001000000000100000100010010001010000000000000000000001010010000000110
35
100000010000000000111001000001000010000000000010000001000000000000000001010101100000000000000
10
100000001010001000000000000010010000010000000000000000000010000000000100000010000000001000000000000
37
100000000000000000001101000000000000000000000000001000000000000000000100000000000000
145
1000000000000000000000000000000000001000000000000000000000000100001000000000001010001000000000
110
1100100100010000000011000000100000000010010000100000001000010010000001000000001100000000100
154
100000000000000000000000000000100001010010000000010000000000010000000000000001000001000000100000000
146
100100000100000000000000000000001000010000000001000000010000000000010100001000000000100000
77
10000000000000000001000000100000000000000000000000000000000100001000000000100010001100000000000001
162
100010000000100000010000000000000000000000000000000000000000000000001000000000000000000000
177
1100000000000000000000100000011000000000000100010000000000000000000000000100000
128
10100000000000000000000000000010011000000000000000000011000000000010000000
9
10001000000000010000000000000000000100000010001000000001001111000101001000010000
16
10000010000000000000000000011000000000000000000000000000100000000011000000000000000001000000001
186
100000000000010000001000010000000000000100000000100000100001001000001000011000000000000
73
10000000000100010000000000100011000000000000010101000000000000000000000101000000000000000000
194
10010000000100000001010000000000010000000000000000010010100000000000000000001000000000000000000000
111
10000000000010000000000000000000000001100010000000100000001001000000010000000100000000000000110000
68
11000000001000000000000100000000000000000000001000000000000110010010000000001000000
197
10001000000000000000000001010000000000000000000000000000000000100000000000000000010100000000000
161
10100010000000100100000000000010000000000000000100000000000000000000000000000000100001000
119
100000001000000001000000000100001000001000000000100101000000000000000000000000010000000001001000000
131
1000001000000100000001000000000000000000000000000000000000001001001010000100110010000010000000
155
100000000000000000001000000000100000000100000000011000000010000000000000000000000001000000000
146
10000000000000000100000000010111000000000000000000010001000000000000000010000010000
128
1000000000000010000000000000000000000000000000000000000000000001000000000001000010000100
32
10000100000000000000000000000100000000000000000000000000000000000000000000000000
117
10100000000000101000100000000000000000000100000000000000000000000100000000000000000100000
31
1000101000000000000100010000000000100000000000000001000100000010000000000010000000000000100000000000
73
100000000000000000000000000001000000000000000000000010001000000000000000000000000000
131
1000000000000000000000100000000100000000000100001000000000000001001000000000000000000
162
100001010000000000000100100000101000000110010001000000000001000001000000000000000000000000000
72
111000000000000000000000100000101000000011000000000000000000000000000000000000000000000000000000000
136
100110000000000001000110000000000000000000000000000000001000011010000000000000000000000000000
37
100000000000000000000010000000100000001000000000000000000010000000000100000000000000000000000
58
100010000000010100000010000000010000000000000000000000101000010000100000000010000000000000
121
10000000001100010000000100000100000000000000000000100000000000010000010000000000000
107
10010000000000100000000001000000001010010000000000000000001000010000000000100000000000000000000
38
1000000000000010000000000000000000011000100000001001000000000001101000000000100000000000001000000
171
101000000000010000000010011000001000100000000000001000010000010000000010001000000000000
110
100000000100100000100000000001000000000000000000000000010010001100000000001000000000
44
100000000100010000010010000000010000000000010000000000000001000000100000000000000100000
4
100100010000000000001000000000010000000000000000101000000000000000000101000000000000000
73
100000100000000000000000000100010010000001000000000000001000000000000010000010100100000000000000000
109
100000000000000000000000000000000100100000001000000000000000000000001000011000010100000000000000000
66
100000100000000000001000000000001000100000000000000000000000000000000100001
24
10000000000000000010000000000000000010000010000000000000000000000100000110000000000000
169
100101000010010000001000000000000000001000100100000000101000000010000000000000000000000000001000000
153
10000000000010100000000000001000000001000100000010010000000010000000100000000000000000000000
150
1000000000000000000010000011000101000101001010100001100100000000000000100001000000001001100000000
24
100000000010000000000000000000000000000001010000110000001001000000010000000000000000000011000000
64
10000100000000000000000000000000110000011000000010000000000000000000000000000100000000000000000000
55
10000001000000000000000000000000000000000100001001000000010000010000000000010000100001000000000
148
100001000000000000100010000000000001000000000000000000001010000000000000000101000000010000
7
100000001000000100000000000010100000000100000000000000000001000000001000000000100100000000000
127
101000000100010001000000100010000000000000000010000000100000000000000000000000000000000001000001
73
100000110000000001010011000000000000100000000000000000000001010000000000000000000000001000001000000
130
1000101000000000110000010000000000000000100001000101000000100000010000000000000000010000000
113
1000000001000000000000000000101000000100000000100000000000000100010000000001000000010000001000001000
163
100000010010000000000100000000000010000000100000000100001000000000100000010000000100
176
1101000000001000101000000000000000000000100000000000000000001000000000000101000000000010000000
154
100100000000000000000001100100000011000001000000000000001100010000010000010000000000000
174
10000000000000000000001000000000000100000000000000000000010001000001000000000000000000000000
157
1010001000000000000000100100000000000000000001010010000100000000000100000100010000000001000000
10
100100100000000000000000000000000000000000000000000000000000000000000001000100001000000
118
1000100000000000101100000000010000000000000000000000000000000000000000001000000001000
24
10000100000011000000000000000000000000000000000001100100010000000000000000000000000000
161
10000100000000000010000000000000100001000000100000000100000100000000100000000010000000100000
124
100010000000000001100000000000000000000000000001010000100000100000001000000000000000000101000001
135
1001010000000000000001000000100000000001000010000000000010100010010011000000000000000000000000010000
162
1000001000000000000000001000000000000001100110000000000001100000000000000100000100000001000000
97
100100001010000001010000000001000000110001000000100000000000000001010000000000000000000000000000
199
1000000000000101001000000000100010000001010000000000010010000000100011100000010000010000000000000
66
10001000000000000001001001000100000000100010000011001001000010000
42
1000000000100000100000000000000000001000000000000000000000000000000000000000000000000011000010000000
44
100000000000010000000100000000000000000000100100000110001010000000000000000100000000000
21
100000000000100100000000010000001010000010000000000100000000001101000000000001000001000000000
78
1000000001000000000010000000100001000000000000000000000110000100000000000000000000000000001001000
61
1000010000000010000000000010000000000000000000000000000100100000000000000000000101000001100010000
66
1000000001000010000000000000000000000001000001100000000000000000000000000000010000000000001000000010
64
100000000000000000000000000000110000000000001100000000000000001000000000000100000000000010000000000
137
11000000001000000001000000000000000000000000000000000011000000000000000000000000000000000
43
1000000000001000000000000000000000000000000100000000010000000000000000000000000000000000001000
117
1000000000000001000000000000010000001000000000000000100100000000000010000000010011000100011
109
1000000010000000000000001000000101000011000001000000000001000001000001
28
1000000000100000001000000000000000000000010000100000000000001100100000100001001000000000000010011001
47
1000001000000100001000100000000010000001000100000100100000110000000000000000000000000001010010000
110
10100000000000000010000000001010000000001010000000100000000000000000000000000001000000000000000000
48
100000000000000100000000000000000000100000010000000000000000000000000000000010000000000000000011
199
1000000000000000110000001010000110001000000000000000000100011000000000100000
89
10000000000000000010100000001000100000000000000000000000000000000000000000000000000000
144
100000000000000000000001100000000100001000000001000000010010100000000000001000000000000
148
1000000000001001000000000000000100000110000000000000000001000000000010010000000000001000010000000001
109
100000000000000100000000000000000000000001000000001000010000000000000000000000
64
100000000100000000000010000000000000010001000010000000010010001000001000100000000000000000
61
1000100000000000000000000000000000000000000110000000000000000001000
194
10000000000000110001000000000000000000001000110100100000000000000000000000000000000000000000000
98
1000000000000010010000010000001000000100001001000000000100000000000000010000010000000100100000001
182
100110000100100000000100010000000000000100000000100000000001101000000000000000000000000010000001
123
10000000000111000000000000100000100010000100000000010001000000000100010000000000000000000
88
10000000000000000000001000000110010010000100010100010100100001000000000000000000100100001000100000
108
10000000100000000001000100110001000000000000000100100010000000000000000100000000000001010001000000
143
1001000000000100010001000000000000000000010000000000000100000010000110000000000000000000000000
142
100000001000000000000100000000100000100100000001100000000100000000000100001000000000000000
34
10101000000000000001100100010000000100011000000000000000001001100000100000000000000000000000
110
1000000110000000001000000010000000000100000000000000100000000000000000000110000000000000000000000
35
100001001000000000000100000100000000000000000011000000000000010000010001000000000000
99
10000000000000001000100000000000001000000000000000000000000000000000001000000000000000000000000000
175
1000110100000000100000000000000000001000001000000000000001000100001001000000000010000000000000000000
44
100011000000000011000000100100000000000001000001000000000000100000000000000
101
1100000000011000000010000000000000000000010000000001000000000010010000000000000010000000000000000
129
1000000000000100000011100000000000000000000000000000000000000000000000001010000000010000000110000
76
11000000000000001001000010000000000000000000000001010000100000010000000000000010000010000000000000
7
100000000000000000000100000000000000100000000000100001000100000000000000000001000000000000
127
10101000000000101010001000000011100000000010000000000000010010000000000000000000000111000100000000
90
101000100001000000011010000001000000000000100000000000000110000000000000000000000000000000001010000
196
100000001010000000001000000000000000000000001000000000000100010010000000000000000000000000000001001
19
10000010000000100000000000000010000000000000000000000000000000000000000011100010
58
1000100000001001000000000000000000000000100000000100001100010000010000010010000000000000000000001
182
1000110011000000000000001100000000000000000010000000000100010000100000000010000000000000000000000
125
101011000100000000001100000000100000000000001010000000000000001000000000000010000000010000000000
46
1000000000000000000010000010000000000000100000001000000000000000101000000000000000000001010001000
191
10110000000001010000000000000000001000000000000000000100000000000000001000000100000000000000010
173
1010000000100000000000001000010000000000000100001000000000100000000010000000100010000001000001000000
99
10000000000000000001000000000110001000001100000001100000100000000100000000100000000000
47
100000000000010010000000000000000000000000001000000011000010000000000000000000000000000
51
10100010000000000000100000000001000000000000000000000000010000010000000000000000000010
112
100000000000000000001000000000000001001000000000000000000000001000000000010000000000000100000000
128
1000000011010000000000001000010000001000000000100000000000000010000000001000
65
1000001000000000000010000000000000001000010000001100000000000000001000000000001000000
66
1001000100100000000000000000000000000000000100001000000001000000000001000000000000000
62
10000000000000000000000000000000000000111000000000001000100010100000000000110100010000
119
1000000000100000010000100000000000000000100000000000000000100000000000000000000100000001000000000000
103
100000010000000100000010000001000010000000000000000000010011010000000100000001000000
199
1000000000000110000010101010000000000000000011001000000000000000100000000011000000100000000001000
81
100000000000000010000001000000011010000000000000001000001000000000000000000000000000000000000000
121
10001000000000000000000000000000001000101000110000000000000110000010000000000000000100000010000000
58
100000000000100001000000000000000000000000000000000000000000110000010000000000000100000010100010
135
1000000010000010001001000000001000110000010000000100010000000000000000000010000100000001000000010101
80
110101000000100000000011000000000000000000100000010000000000000000010010000000000000000
175
100000000000000011000000110010000000000000000000000100000001000000100000000000100000000001000100000
88
100100001000000000010100000000000000100001000011100001101000000000100000000000000000000000100000
111
1000000000000000000010000010000100001000001000000010000000000100000000001000010000000000000
33
1000000000100000100000000000000000000100000000000000100000000000
45
100000100000000100001001001000100000000000000010000000010000010010010000001000000000000000000000000
16
10100000100000000000001000110000000000100000010000000000010000000000000000010100000000010000010000
135
10100000000000000000110000000000000000000000000000000000011000000001100001100000000
160
1001001000001000000001001000101000001000010000000000000000010000010110000000000000000000000010000000
20
1000010000000000000000011000100000000000000000000100000100000001000000000000000000000010100000000001
72
1000000000000000000001000000001100000000000100000000000001000000000010000000000000000
5
10000000000000000000000000000000000101000000000000111100100010000000000100000010000000000000010
38
100000000001000000000000010000000000000000000000000000001110010000001000100100000001001000000000
148
100000001001000000001100000000001000001000000000000000000100000000000000000001000
120
1000000000100110000000000000000000000000100101000000011000000000000100000010010
126
1000000000000000000000000000000000000000000011100000000100000000000000000000000000000000000001000
153
100100010000000101000010100010000000001000000000010100000010000000000000000010000000011100000010000
27
10000000000100000000000000011011000000000000000000000000000000000000000000001000011000000001
25
10000000000000000000000000000000000000000000001000000000100100010100000000010000000001000000000000
103
1000000010000000000000011000000000000000000000000000001100010000000100000000100000010000000000
186
10000100000000010000000000000000100000000000000001000000000000000100000000000000100000000
176
1000000000000100100000010010000010100000000000000000000000011010000000001100100000000000000000000010
30
10000000000001000000010000000000000000000000001000000000100100001000000000101000000000010
28
1000001010000010100000000000000000000000000000000000000000000100010000000010000010100000000000
7
110000000001000000000010100000000000000001000000000010010000000000000000000000000000000011000010000
11
1001000000000000000000000000000000010000010000000000001001000100100100100000010000000001100
173
10100000100000000000000000000000000000000000000000000001000000100110000100110000001100000000000000
130
1000010001000000000100000000000000100000000001000000000000000000000000000000001000000000
160
100000000000000000000000000000001000100000000001010000000100000000001001100000000000000000000000010
108
110101010000001100000000000001000000010000000000000000000000000000100000000000011000000110000
162
100000000010000000000001100000010010000000000000001010000000110000001001000010000000000000000000010
17
10000010000100000000000000000000000000010000000000001000000001000100000000010000000000001000
37
1000000001000000000010001000100001000000000000001000010000000000000000001000000000000010010000000
128
101000000100101000000010011001010010000001000000000000100000000000000000000000000000000000100000
49
100000000000000000000000000100000000000100001000100000000000000000000001010000000010000000000000000
120
1000001000001000000000000000010000000000000000000100100000000010101001100000010000000011000000000
198
10000000000100000000100010010000010000000000010000000100100000000000100000000000001000
3
10000000100000010000000000000000000000000000000000001000000000000001000000001010000000001000000000
149
1000000000001100100000000001100000000000000000000100010000000000000000000000100000000000010000
161
100001000000000000000000000000000000000000000000000000000000000000000
32
110000000000000000000010000000000000010001100000000000001000000010000000000100001000100000000000000
82
100000001000000000000000000000000000010000000100000000000000000100000000000000000000000000000
136
10000000000000100000010000100000000000110010000001001000100001000000000100010000000010000101001000
81
10000100000000000000001000001000001001000100000000000000000000010010000001000100000000000000
170
10000000000100000100100000000000000000000000000000000000001100000001000100000000000000001001100
150
100000000000100000000000100000010100101000000000000001000000000101100011000100011000000000000001000
37
1000000000000000000100000000000000000000000000100000001100000000000000000000000000000000000000100000
73
101000010000000000100000000000000000010010101000000000000000000110000000100000000000010000000
86
1010000100000000000000000000100000110000000100000100000000000000000000000000000000000001000000
51
1000000010100000000000000100001011001000000010000100010000010101000000000100010001010000000000000000
47
10000001010000000100100000000000000000010000001000000010100000000000010000000000
199
1000000000000000000001001000000000100100000000001000001001000001000100000001000001000000000000000010
187
1000001000000100010000000000000000100000100000000001000000000000001000000000000000001010001000
76
1000000000001000010000000000000000000000000000000000000000000000000000000000000000000000000000100000
68
10100010000001000000001000000001000000001000100000000000100000000001000101000000000000011000000000
143
1000000010100000100100000000000000000000000010000010000000100000001000000010000010000000000000
87
10000000000000000100000000000000000000100000001000000000010000000000000000000000000000
149
1000000100010010000010000000000000000000000000000000000000000001000000010000000000001000000000
5
10000000010000010000000000000001000010000100000000000000001000000010001000000011000000010100010100
72
10010000000000000000110000000011000010000000000000000001000001000010100000000001001000000000000
136
100000100000000000110000000000000000100000000000100000010001010010000000000000000000000
45
1000001010000000000000000000010000000100000000000000000000001000000000100000000
83
10000000000000100000000100000100000000001000010000000000000000000000000000000001000000000000000000
177
1000000000100000000001000000000111001000001000010100000000100010000100000000000000
136
100100111000010000100000000000000000000000000000000000000000000000000100000100000000100000000000
12
1000001000000000000010100000000000000000000000000000000000000010000010000000000000000011001000000000
193
1000000000000000010000000000000001000100010000000000000000000000000010001000000000000000000010010
58
10000100000000000100000010000000000000010000000000000000000000100000001000010000000001000010001000
51
100000010000000000000000000000000110001000000000100000000010010100100000000100000010
62
1010000100000010101110000010000000000000000000000000000000000000001000000000000100000000001
11
1000000000000000000000000000000000000000001100000100100000000100000000000000010
63
1000000000010000000000000000000100000000001000000000010000000000000000000101000000010000000000000
179
1010000100000000100000000000000010100000000000000000000000000000010001000000001000000000
177
100000000000101000000000000000000111000100000000010000000010000100000000000100011000000000000
109
110000100000000000000100000000000000001000000000010011000100000000000100000000001000000000000
137
101000000000001000000000001100000001000000000000000000000000000000000010000000000
125
100001000000010010101000001001000000000010001001000010000000000010000001000010000000100000000000
176
1000010000010001010000000000000100000100000000000001001000000010000000000000000000101110000000001000
65
10000000000000000000101100000000000000001110000010000001001010000000100100000000000000010
113
10000000010000000000000010000000000000100001000000000000000000000000000000000010000
92
100000000000000000000000000000100000000000000000000000000000001000000000000001000000001000010000000
123
100000000000000000000001000000000100000000000000000000010000010000000000100000000000000000000001
100
10000100000000000000010000000000000101000000000010000000000100000001010000000000000010001
156
1000000000000000000000000000000000000000001000000000000000100000100100000000001000000000000
63
1000000000000000000000000000000000100100000000000000000000000000000000100000000000000000000000000
109
1000000000000100000100000010000000000000000000010000110000000000000000010000000000000000
26
100110000001000000000000001000000000000000000000000000000000000000000
39
100100001000000000010000100000100001000000000001000010000000000000000010100000010000001000000000
159
10000000100000000000000000000010010000000000110001001000000000000000000100000000000000000
92
100000110000010000000000000000000000000000011000000000000000000000000000000
193
11100001000100000000010010010000000000000000000000000010000000000000000000000100010000000000001000
181
10000001000000000000010000000000000000010000000000010000000001000000000000000000000000000000100000
126
1000000010000000000000000000000000000000000000001001000000000000000010000000000000000000000000
14
1100000000000000001000010000000010000000000000000000100000010000110000000000000000010100000
194
1000000010000000000000110000000000000000000000000000000000001000000101001000000000100010000000000000
73
1000000000100000001000000000000001000000000000000000000000000000000000000000100000000000000000
132
1000000000000000100010000000101000011000010000001100101000001100000000000000000001
151
100000100000000110000000000100000000001000100010000000000000010000000010010000000100000001000
109
10100000000000001000001000001000001000000000000001010010000110000000000000000000000000000000000000
68
10100000000000000000000000000000000000000000010000000000000000010000000000000010001000000000
90
10000000001000000000000000000000100100010101000000000000010000000001010000000000000000000000
162
100000000000000000100100001100001000000000000000000000000000000000000000100100000001
168
1000000000100100000000001000001000000000000001000000011000100000000000001000000000000000000000000000
150
11000000000101000000000000000001000011000000000010000000000010010001100000011100000000001000000000
131
101000000000000000000000000001000000000000000000100010000000000000000000000100000000100100010010010
174
100100000000000000000011000011000000001001000000000000000010000000000
101
1110000000010000001000010100001000000000000000000000000000000000100000000000010000110000000000000
197
10100001000100000001100000000000000000000000000000000000000001100000000000000000000000000000001000
36
1000000000001010000000000000101000000000000000000000000000000001000100000000000000000000001000010000
69
1000000000000000000010000000100100001000001000000000100100000000000000000000000000000000000000010
36
10010000000000000000000000000000000000000000000000101000000000000000000000000010001010010
111
1000000010000000000000000000000000000100000000010000000000000001000000000000000100000001100000000
200
1000111001000000000000000000000000000001010000000000000
27
100000000000000000000000000100000000000000010000000000001000000000000000000000010000000010010
11
100000000000000000000000000000000000000000000000001000000010001010000000010000
92
1100100010000000000000000000000000000000000110010000001000000000000000000000000000010011010000100
129
110000001000010000001000000000000000000000000000000000010010000000000000000000000000000000000000000
116
10000000000000000000000000000000000000000010000000000000000000000000010000000000100000000
104
1100000000000011000001000000000000000000100000001000100000100000000000000010000
165
1010000000000000000000001000010100001000000000010000000000001100000001000001000000000000000000000
165
1000000100000001000000000100001000000000100000001000000000000000000110000000001010000000000010000000
179
100000000000000001000000000000010000001000000100100000000100000000000000001010000000
74
100010100000000000000100000010000101100000000010001000000000001000001000000001000000000000
49
1000000000000000000001000010000000000000000000000000000000000000000000110000000
25
1000000000000000001000000000010000000000001000000000000001110001000000000000001001000010000000
86
100100000001000000100100000000000000000000000000000000010001000000100000000100000000000000000000
85
10101000000000100000100000000000001110011000001000000010100100000010000000000000000000000010000000
145
10000000000001100000000001100000010110000000000001000110000000001000100000000000010000000100000000
53
110100000000000000000001100100000000000000000010000000000110000010001000010000000
118
1000000100011001000000010001100000000001100000000000001000000000000000000000001010000011000000000000
143
11010000000000000011001000010010000011001000001000100000000000001010001000100000000000000000000101
57
1000100000000000001000000000000000000000000000100010000000000000100000000000000000000000000000000
113
100100000100000000000000000100000000000000000000000000000000000000000000000000000000000101010000001
192
100000000000001000100000001000000000000010000100000000000000000000100000000000000000000000
81
100000010100000000000000000000000000000100010010000000000000000000100100000100000000000000000000000
42
10000000000000001000000000100000100011000001100000000111000000000000010000000011000000000000
14
1000000000000000000000000000000000000000000000100010000100000000101000000000000010000000000000100
53
10100000100000000000011000010000000000100000000001100110000010000001000000000
13
10000000000100000000001101000000000000100000000100000000001000000100000000000010000000000
50
11001000000000001011000100000000000000000000000000010000000100100010000000000000000001000000000100
54
10000000000000000000100000000000000000001000000010000000000010000000000000000000000001000001000000
41
1000000000000100000000000000000100000000000000100001000001001000000001000000000000000000110000000000
80
1000000001100000000000000000000000100010000010000100000011000000010000000000001000000000
195
11000000100000100000000010000010000000100000000000000000000000000010000000000100010000000100
61
1010000100000100000000000000000000000000000010000010000000000000000000000000000000010000000000000
142
10000010000000010000010000010100110000000000001001000010000000001000000010000000
111
10000000100000000000100000010000001100000000100000000000001000000000000000000010000
174
1000000000000000010000000000000000000010000000010000001000000000100001010110001000000000000011000000
64
1000000010000000000010000010110000010010100000000010001000000000000000000001000001000001000000010010
119
1000100000000000000000101000000000000000000000100000000000000000000001000000010001000010000000000000
130
100000000000000000000000000001000000100001000101000100000110000
155
110100000000001000000000011000010000100000000000000010001000001000000000000000100000000000
63
1000000000011000000000000100100001100000000010001000000000000000000000000000001001000000000000000
124
100000000000000000000000000000100100000000100000010000000000000000000000000000000000
21
10000000000100000000100000000100000000000000000010000000100010000000000000011000000000010000000000
162
10001000000000000000000000100000000000101000000000000000000010001000000000000000000000000000000010
78
1000000000000000010000000000000100001000000000000000100100100000000000000000011000101000100000000000
186
1010000000000000000000000000000000000000000000000000000100000000000000000000000000000000000010100000
12
1000000000000000000000100010000000000000000000000000000000000000000010000010001000000000001001000000
200
100000000000000000000000001010010000000000100010000010000100000000000100000100001000000000
41
10000000000000000000000011000000010000000000000000100000000100000000000000000001000000000000
61
1000000000010000100001000000000000000000000100000000000100001010000000
39
1000000000000000010001000010000000000010100000000000000010000000000000000000010000000000100100
84
100000000010010100000000000000100000000010000000000001000000000000000000000001000000000100
63
1000000000110000000000000000000000000000000000000000000
14
1000100000000000010000000000101100000000000001000000000000100001100000
139
10100001000001010000000000000000000000010000000000000000001001000001000001000100100000000000000001
115
1001010000010000000000000001000010000000000000000001000000010000000000000000000000000000000000000
40
100000000000000001000000000000010000100000000000000000001000000010100000000100000110000000000000000
67
1000000000000000000000000010000000000000000000000000000000
153
10000000000100000000000000000000000000010000000000100100000000000000000000000000000
104
100000010000000000000000000000000000101000000000100000100000000000000100000001000000000000000000001
31
1000000000000000000000000000000000000010000000000010000001100000000000000010010001000000101001100010
193
100000000000000100000100000000000000000000010000100001000000010000100000000000000000000000
158
1000000000000100000100001010000000000000000000000000000000000000000000000000000000001001000000000000
4
10000000000100000000000000000000000001000000000000000000000000000000000000000000000000000000
147
1010100100000000000100000000010000000000000000000000010001110000010000000000000000001000000010000
26
1100001000000000000010000001000000000000000010010000000001000001000000000000000000000110000
184
1000000000001100000000000000001000100000000000101000010000001000001000000000001000100000000000000
77
10010010000001000000001000000100000000000000000000000000001000000000100001000101000
32
100100000000000000000000000000001000000000000000000001000000000000101000000000010000110100000000
77
101000100000000001000101100000000000000000001100000000100000100000000000000100000010000
73
1001000000100001000100000010000000000000000000000000000010000000000000000000000000100000010000000010
51
10000000010000110000001000000000101100000000000000000000000000000010010000000000000000000010
107
100000000000000000000010001000000110001000000000001000001000010100000010000000000000000
174
100000010101000010000000000000000000001000000000000000000010000000001000000000000000000000011
90
10000010001100110000000000010000110000000000001000000100000000000000001000000011001000000001
90
10000000000010000000000000000000100000000000000000001100000100000000000000100000001000010000000
108
11000000000010010000000000010101000000000000000010000000000000000000000100010000000000001000000000
8
10000000000000000000000000100000000000001000000100000000000000000000000100100
35
10000000010000000000010000000000100000000000010000000000000000010000001000000001000000010000
160
1000000000000000001000000000000000000000000100000000000001010000100000000000000000000000000000000
31
1000000000000000100010000000101100000010010000000000000000000000100001010000000000000010
40
100000000001100010010000000000000000000000000000010000001000000100000000000100000000000000
49
10100001000100000000000000000000100001000000000000000100000000010000001000000000000010000000
172
100000000000000000000000000000000000000000100100000000000000100000000000000100000000000
74
10000010000000000000000000000010000100000000100000000000000000001000001000000001000000
103
1000001000000000000000100000000000000000000000000000100001001010000000000000100010000000100000
28
10000000000000000010100000000000000000000000001010000000000000010000100000100000000000
11
10100000000000000011100000000000000000000000000000100000000000000000000000000100000000000000
192
1000000001000000010000000000001001000000000000000000000000000000000010000000000000000000000
17
10001101000000000000000001000000010000000000000100000001000000000000100010001000000000
146
10000000010000000010000000000000000000000000000100000110001010000001010000010100000000101000000000
42
101000010000000100000000000000001000000000000100000000000010000000000000000011000000000000000101010
85
100010000000000000000000010000000000000000000000000000000001001000000000000001000000000001100000
157
10000000100000010000000000000000000000000010000000000000010000000000000000000000000000000000010000
112
10001000000000000000000100000000000001000000000100010000000000000000000000000000100000000000000001
101
100000000100001000000000000000000100000000000000000000000000000000000100000000000000100000
96
1000000001000000000000000000000000001100000000001000000000000000000001000000000000000001010010
69
100101000010000000100000000000000010000000001000000000001000000000000000000000000000000100001
33
10000000000010000000000000100000000000000000000000010000000000000000000000000000100000100001000000
193
1000000000000000101000010000000000000000000000010000010000000000000101001100000000000001000
161
1010000000000100000000001000000000010001000000000000001001000000000000000100000000000000000
70
1000000000010000000000000000000100000000000000010000001000100000100000000000000000
166
100000000000000000000100100000000001000000000000000000100000000010001010000000100000000001110
118
1000000001000000100000000000000010010010000100000000000000000100001001000000001000001000
160
10000100010000000010000000000100100000110000000000000001000000000000100001000101001000000000000000
68
1000000000010000010000000000000000000000000000000000000100010000000000100010000010100010000000000
70
100000100000000010000000000000000000010000100010000000100000000010000000000000000000000000000
144
110100000000100010000000000000000000000000000001000000010101110000000000100000000100010000000001000
110
10000000010000000000010001000000000000010010000010000000000000000000010111000000000000000000000
9
10100000010000000000010000010000000000000000000100000000000000000001000000000000010001000010
107
10000000001000000000000000000001000000000000000000000000000000100100000000000000000010000000
53
1001110010100000001000000101000010000000000001000010011011000010000000011000000000000000000000011100
67
1000000000000000000000001000000001000001000000000000000000000000000000001001100100000100000000
26
100100000000000000000000001000000000010000000000010000000001000000010100000000000000000000000000
59
10000000100010000000000001010100000000001011100000000000000000010000000000000
142
101001010000110110000100000000000000100000000000000000000000000000001001000100000001000000000100000
169
10000100000000000101000100000000001000000100000000000000000000000100000000000000000000001000
16
100000000000000000001000100000000000000000000000000000000000001000000000000000010000000000100
165
1000000000000010001000001000000000010100001001000000000001001101000000
116
1000000001010000000000000001001000100000011000001000000000010001000000000000000000000000000010000100
171
1000001000000010000000000000000100000000000000000000000000000000000000000000100001010010010
98
1000000000110001001000000000000000100000100100001000000000000000000100000100
102
100010000100000000100000000000000110100001010000000000000000001000100001000010000100001000
114
10000000000000000000000010000000000001100001000000000010100000000000000001010000010001000000100
75
10000010010000100001000000000000000000000000011000000010010000001100000000000000000
78
100000100010000000001000001000000000000000000000000000100000000011010000000000000010000000000100000
133
1000000111100100000000110000000000000000000000000000000010000000000100000100
169
100000000000000000000000010000000010000010000100000000000000000000000100000000001000010000100
109
1000000000000010000000010010101010000000000000000000000000100000000000100000000000000010000
42
110000000000100010000110000001000000000000000000000000000001000000010000100000000000000000001
78
1000001000010000000000100000100000000000000000010000000000010100000010000000000001100010100000
149
110000000000000000000000000010000100001000000000000000000110000000000000001010000000
38
10000001001000010000010000000001000000010000000010000010110000000000000000000000000001000000100001
124
100000000000000000000000000000000000000000000000000000000000000000000000000110000001000000100000000
192
100000100001000000000000101000100000010000000000000000000000000000000000000001000011000000000000010
69
1000010000100000000000000010000000000000000100000001000000000000000010000100000000000000110000000001
113
1010010000000001000000000000000000100000000000001000000000000000010000000000000
132
101000000000000001000000000001000000000000000100000000000000000010100000000010000000
146
11000000000000010010000100000000000000000010000000000011000000000001000110000000000000000011
145
1000100010000010000100000000000000100001000000
53
100000100000000000010000000000010000000000010000000000011000000000010000000000000000001000
138
1000000000000011000000000010000000000001000000000000000100100000001000000001000100100000000000000010
47
1000000000000010000000000000000000000000000000000100000010000100000100000000000000000000000000000000
180
1000000010000000000000000000000000000000100010000000000000001000000000000000000010010000000101000000
61
100100100000000101000000000001000001000000000100000100000000000
63
100000000000000001000001000000000000000000000000000000000000000000000010000000000000000000000
151
