100 400
1011001110111000111111101101110111111101010111010111110111111110111011111011111011110111111111111101
148
1101101010111111111010111111111111111110111111101111111111101100111011000011111101001111100101100111
173
1111111110011011111110011101111111010101111111011111101110111110101111110011010101110111111111111110
30
11110111111110111111111101111001111011111111011111111110101111111111011111110111111100111101001100
149
1111111101011111011011111010111011111111101010111111101111001101111001111111011011111111110111111110
87
1111101110111011111101101011011111100111101111111111011111101010111110111111000110111011110110111100
147
111111101011011111110111101111111111100111011011001111001100110111110110111111101011010111010111111
182
1111111111011110011110111111111111111111111011010101111111101101110111101101101110011011111101101111
61
1110101111111111101110101011000111001111111111111111111101011111111010111111111011111111101111110011
11
1110110101110111111110111110100111111101110111110111111000001111010111001111111111111111111011111101
104
1110101011110010010100010110111111110000111010111111101111101111101101111001111101101111011111001011
109
1101101111011101111111111111011110101011111111111111111111111111101110111111111111111111111111111110
191
1100111111011111100101110101111111110111010110101011110111111111110001001111111110111101111111010110
32
111111111111011111010000101111111010110111111001101111010100011101111011111111111101111111110111111
38
1110101111111111111111111101110101111001111111101111111110110111010100101111111101111101111011101011
39
1111111101101111111110101010101111111101110111011111000101111010111001111111011011111101110111111111
99
1110011011110101111001101111111101110100111110110111111111111110010011111111111101011010001111111101
164
1101111100110010111011000110111101111110011101001111101111101111010100111111111011111101111111111001
150
1111111011111111001011111001011111111101110101101111111011111111001011111101111011101011111100110111
65
1111011111110111111111111011111011110010101110100100001011111010011111101010110111110111111011011110
31
1111101011101111111111111100001111110101111111010101101011111111111101111110101111101111100111101111
149
1010111111011111111110111110111111110111111111011111111111111011111111111111111101011111110111111100
43
1111111111111111110110011000000111111011111101111110111110111111101011111011111111011111111111011111
157
111101011010011111111111001111111101010111011111111111111111111111111010101011110111101111011011111
186
1010100111111101111111011010111111110100011001110110011111111111011101011101101111111111011111100110
126
1110101110111100101011101011111111111011111111101111111111110111110101011101111111111111011011101111
159
1111111101111111111010111101111111010111100111101111100111111011111111111101110011111111111001111111
133
1100111111101100101100011101111111111111111101011010111111111101110101111111111011111111110011111111
25
1011000111101011111011011101011111011101111111111110011011001111011011111110110111010101111101101111
136
1111011111011011111101111111111101110111111111111101111111111110111101101101101011110111001110111101
181
1111101101111101101111010111101111110111111011110111010111111111111011001110110110111011111111101100
62
1110111100101111111011101110011111111111111111111111001111110111011010111111101111111111111001111111
139
1011011011111101101101111111011110111111111111100011010111111010101011101011111111010101101111100011
20
1110111110001111111111110111111111101011111111101011111111111011011111011111111011000111101111111011
155
1010111111110111101111111111011101111101111111111111110111111110001111011111111000001111111011110111
38
111111100110111110111010110111111011111111011001111111111101100111101100111111110111111111100111101
180
1111110010111111101110110010111001100111111111011111111111111111111111111000101001111110011100110110
165
1011101111111111111111001111101111111101111111110111101111111111010111101111111101010111111111111001
104
1101101011111011110111011111111111111111001111101111101111101111111111011110111101011001111101110110
86
111111110101111100101110111111100101111011111111110111111111111011111001010011111111011111111011111
116
1110111111011111111110111110111111111111111010111110111111111111111101111111110110101111011110011100
177
111011110110111111001100011011011101101001111111101101110111111011111111111011111011011110111011111
96
1011110001110111111101111111011011111111111010111011011101111011111111101111111110111111011010101111
195
1110111011110111100101111111101001111111111111111001111011111111111111111011111111111111011101101101
2
1001111111111110111100011011111111110111101110111001110111111111001101111101111111111111111111111111
42
1111111111111110111111111111010111111111011101100111110100111111110010111101101110111111101011011110
120
1111111111111110101111111110110111111101111111100101101101111111111101111111111111011111011111110001
120
1111001110111111110111011111100111001101100011111111111110101111101111111111111011110111111111101110
40
1111111101111111101011100111111111110111111111001011001111111111111110011101011001111111011100111111
176
1100101111111111111111011011110111111111011110011111111111011111110111111111011011111011111011111111
111
1011000111111101111111111101011101111111111011111011111110111111111111111101111110011111111111111111
103
1111111111101100111101011101111110101101111111011011110111101111111010111110111111011111010111011111
80
111111111111111011111111111111101011111111110111111111111011111110001111111111101101011111110111111
28
1111111111001111100111011111110101011011111111111011111111111111101011111111111111111111110111111110
160
1111110111011111111100101111011010111110111101111101101001011111011111110011011111111111111111101100
6
1111110001011001111111111101101111111111111111110110011101111110111111111111110100111111111111111111
132
1111011111011111111100011101111111111111101100111011111110011111111111110110111111111111011111111111
28
1111101011101111111101111011111111101110111001011111110110100111111100111111111111101110111111011111
14
1111111001011111110110111111001111011111011001101111111011111111011111110111111111011111111111111010
50
1110011010111111101101110110111101010111101111001111111111111010111111100111000101010111111111111111
141
1011110011111111111110111111111101101101011111101110110111111111111110011111101111010101111111011011
109
1111100011111111111110111111011111111111001011111111111111111111111011110111110000011011111101011101
98
1111111101111111010001111111111111111111011101011101111101111111111110010111111011111101111101110011
109
1101111010111011111111101111111111100111111001111111111111111111111111111101111111011111111110110111
151
1111110110011111111111111111111101101110100111000110001111110110111111111010101011011011100010011111
104
101111111111110100110111000011101111110111011111111111111111111111111111111111010111111111011100110
165
1010101110010101011110100101011111011010111111111011100111011100111011110110111110011011110111111011
78
1011100111110001001000111111111101111101111111110010011111001111111111111111111001111101110111011110
149
111111001101111111101110110111111111111111111011111111111111101111111100011111001111011100111111101
99
1101111111011111111011111111001101111010111111011111011100010110110101100111000111111111111111111111
194
1111110010010111011111101111111100110111110111101101111111111111110101111011111101111101011011111111
33
1001011111111011101111111110111101101101111110111111001111111111101010111101110110110011101101111101
28
1111011111111011011100111110111010111111010101111111011111111111011111010010101111111110100111111011
99
111010111001111111011011111111111111001111110101111000010111111110111111101100111101011111111101111
165
110100111011110101111111101111101101110111111001101011111111101100110111011111101111111111101100111
130
1011111111111110111101111111011101101011111101011010110111111111101111111111011110111111111100111111
118
1010111101100011111111101110111110011111110110111111111111101110101111111111111111111111101111010111
79
101110111111111111111101100111011011110111011111111011111111111111001101101111110011111101011100110
31
1111111000111101111111111111101011111011010011111111111101001101110101011001101011011111101111101110
70
1111111110101110111101011010111101011111110111011111111111011101111111111100101111111111111111111111
101
1111101111101101001111111111110111111011111111101111111111011111111111111011100101101110110101101101
89
1011111100101110110000111011100111011001111011111111111111111111111010010111101111010110011111110110
165
1111111111100011101000111110111111111111110011111111111101111011101001111111111111111110110100110111
90
1010011111011101111111101101111111111110111110111011101101101101111111111111110111101101111111011111
2
1100111111111111111111011001101100111111111111111110111111110111110111111110111111100110111011111011
196
11111011110111111111011110010100111111010001001111111111101111011011111101110001111111001111101101
130
1111111111111101001111111111110101111110111011111111111111111111011111111111111110101111111110111100
52
101111011111111111111110111011110110011111111001111011110011110111111111011110011111111111111111111
46
1111111111111001111111011111110111111111111101111011111100111011110001110111111110101101111110011111
82
1111111101111101111111011111011111110111100111101101111111111100111001111111111011110100011011111111
66
101000111110111111111111111011100111110111111111110111011111110110011011111110101111111111111111110
168
1111111111011111011111100111100101010111011001101010111111111011111111111111110011111111100111011110
74
1101111111001111110111111111111111110111011100111111111011111111111001111111011111111111111111101111
181
1101011111111011111111111111111111011100010111110111110011101111111110111111001111101110011111111111
138
111010110011010111100111111101111111111111111010111101111111111111011111111001111111111111011110111
191
1111101011111111110111111111100101011110101011111101111111111111111111111111111110101010111111111011
30
1111101111000101111010111110110110110111011011111111111110011111111101111111111110110111110011111111
13
111110011111100100111100111010111101100110111001011111011111111111111111010101111111011101111111011
133
1011111011111111101110011111110111111111111011111101101111111111011101101101101111111111101011011100
56
1111111111101001101111001101100101101111111011101111011110011101111111110110111111111111111111110111
37
101111111111111111110110111110111011011101011111111110111011110110111111110111111111110110011111100
26
11111111101111111001111111101111111110101111100111011111110111111111111111111111101111111111111011
140
11101011111111111111101111011100010111011111111111110111101111111101011011111111111111111111000101
90
110111011101111111111111011101101111011111111110001101111110011111111111110100111010111111111111111
180
101110111111011111111011111111111111100111111111110011100011111011111010111110110111111111101111111
24
11111111011111111111111110111111111111111110001111111101111111111111111111111111001011111111111111
187
1111111111100111111011111111101011111111110011110111111111101111011001111111111101100110011111101111
53
1011001111110011101011111101011111110110111011100111111111110111100101111111101111101110101111110111
53
1111111100111111101111111111101111111110111111111101111111111011010110111111111100111111101111111101
10
1110011111100111111111011101011111111001101111111111101110011110101111111111110100111111111110111100
174
1101111011011101111110111111111110111111111101111111111111110110101011011111111111111110111110111111
47
1111101011111101111111011011111111010111001111111011010111110011111110110111101111011110111111111010
32
11111011111111111110111101111111111111111111101111111111000110111101110110111110111111111011111011
196
1111111011010111111111011111011111101010110000010110101110111111001100111111010111111011111111111011
17
100111111111100111111101111110111011111011110110111111101011111111111110110010111111111110011110101
134
1101111111111110111111101111111111111111111111111101011101111111100111001110101011111011111011101101
150
111111111111111111101111111101110011010111111111100101111111111111011111111111110111111111100111101
124
1101111111111111111000001011101110111111111111101111011111111111110111001111101111111110011111111111
139
1101101111111111101101110101111111101111101111111111010111110111110101111011111111110001111111110011
137
1111011110110111111011111111011110111111011111111111011011111110011111111011111011011001111111011011
44
111111111011111011111110011110110101110110011111111111101111101111111011111111111011011101111111110
58
110101111111110011101111111111000101110110111111111111111101110111111111011111111111111111101101111
6
1001101010111101111100111111011111011111111101011101111110110100101111111110111011101111111110111110
12
1010111001111111111110010110011101111111101011111111111110111111111111111111011101111111111011111111
132
1111100111101111100111111011010111111010001111110110111111111111111111100101111010111010111111110111
172
1110110111101111110110111110111101111101110111111101110111111101111111101111101111111010111111111100
188
1010111101011111111010111111011111011111001110111101111111111111111111111011110111011111111011111111
97
1110101011111010101101111111111110111111111011111111110011111011101000101110111111011111110111101011
83
1111101101111111111101111101111111111101111101100111111111111110011110111111101111101111110111111111
77
1100111111001111011011111110111111011111111111101000011110111111111101111111011100110111011111111111
195
1111010111011110110000101111011111111111111111111111111111111111111111011100011111111111110110010111
89
111110110111111101100111001111111111110110011111110011100111101111010011111010111011101110001001111
151
1111110111101011011101111111111101111111111011100010101111110011001011111010111111111111111011111100
176
1111111101110000011011100111011111110110111111101111111011101111110111011111111111101111101111111111
108
1111011011101110110010111111111111011001011111111101101111111111011011111111111111111000101111010101
136
1110110101100111111111111111011111110000111010111111110001100110110111011110111100101101101111101011
97
1111100111111111111111111111111011111110111111111011111111110111101101111111110111001111111111101111
186
110101111111101101011111111110010111111110101110101111110001011111010110111111110010110011100011111
56
1101011010111111101111111110111111111111011111010001011011111111110110010111101111111111111111111111
19
1111111110111111010001111011110101111011011111111110110111110111111101011100101011111011111111111011
52
1111111111110111101101111111111111011011110111101100101111110011110111101100111111011001011110111101
149
1000101101101110111111101101101101011101111111111101110111111101111111101101010101110111111111111111
76
1111101111111111111111110111110111100101101111110011001010101100110011111011101110001011111111101110
197
1101111011111111101011111111111101110111111110110111011111111111111111010111110111110111101011111110
190
1111111111111011111111001101111001111011110111111101111111111111111111100111101111111110111111111111
155
1111111010111111111111101010111111101111111110110010111101111110100110111011111111101101111111101011
189
1111111111111010011111110101111111011100100111111101111010111011111001110011111111101100101011110111
163
1111111111111111111111111111011001111101111111110010111111101101110001110010110111001111111111111110
142
111100111111110111110111011101111111011011111110100111101101111101110001100111111111111111101110111
166
1111001111111110111111111111111111111011011111111110011111111001001111110111111110101110110110110111
160
111111101110111111111101011111111111111101111101111111110111101101111111101111111000100001111110111
157
1111110111110111111101100010110111001101011011100100111111111111000111100101111111111111101111011110
2
1101001111010111101111111001111111101101110111101111110111100111101011111111111111110111111010111100
103
1111101111111101001111100111111011011110101111111010111111111100011101111011111111111101011111111111
33
1111101111111111111111101111101101101011111111010110101111011101100010111011111111011101111011111111
169
1111111111111001111101011111011111010001111011011101011111011101111101111110011011111101101100111111
195
1111111101110101011111011001111010111001111111110111111101011111110110111101111111011111111111101111
177
1101111111011101111101111111011101111011111111111111011111111110001111111111111011111101001111110111
126
1111110111111001010111111111111110110011101111100011111110010100111100111100100111111011101111111011
15
101111011011101001111110111111111011001110101111110110100111111111110110111111101111111111111001011
158
1110101101111011110101011111111111100111101111111101001100111111111111111110110111011110111101111111
15
111101111011111010111011111111111100111111111110110011101011111111010111111111111101111011111111111
189
1111110011111111111111111011101111111110111111011111011111111111111111111111111111111110111100111101
60
1111111101110111011111110111011001100101110111111111111111011111111110110111111111111111110111001110
54
1011101011101111111110111111111111011111101111111111111111111111111111001101000110111110111111011111
170
1111101111101110011110100111111111110111111111111110011111111111111111111110001011110110011111110010
57
1111111111011110111110111111110101111111010111110111111101111101101110111110101111111110111101011111
64
11111111111111101111111111111011011111111111111110111011111111111110101011010110110111011101011111
135
1100110111101100101010111111111101111101111111110111111111101011110111111111110011111110001110110101
108
1111111011100101111011001111110111111110011111011001011111011111111110111100110111111011111111111010
17
1111110011101111111111110011111111111011101100111111111011101001111101111000111101110101111111111110
76
1001110111011111111100011001100101001011111111011101100110101010101110110101111111011110101111011111
129
111110111111101111101111111011110111110110110111111100101011011111111101001100111001110111111011111
81
1011000011101011101001111011011111111111011011111010111011111111111111111011101111111110111111100111
185
1110111101011111001111111111111011111011111001111011111111111111010111110001110111111111101010111100
7
1100111111011111111111011111111111011110011011111001110111101101000111111111111111101111110111011111
3
111100111011111011111101110101101111111100001101111111110111110101111111111111011110011111111111111
26
1101011111111011111111111111111001111111111111101111111111101000111111101110111110101011111101111111
177
1011111111101111111011100011001111111111011111110111110010001111111111111111101111101111011111011111
6
1011101111111111110111111111111110110111110110011111101110110111111111101111111111101111111011110110
174
1111111010101011111001101111011111111000011111111110011001011111111110111111111010111010111111111111
163
1111111111111011111110100110110110111111111111111101111011111111111111111111101011111110111101111110
177
1001111111010101111101010101111111111111101111101111111101101100111111111111111110111111111111111111
114
1111111010011111011111110111111011111101111111101111101110110111110111111010111110111011111111111011
62
111101101101111111111011011011111011111111110111111100011111111110101111111110111011111111111110111
28
1101011111111111111111111111111110111110101111010110110111111111110110111011111101101111111110111111
117
1011011111111011111110111111100111111111111111111011111111111011111111011011101110111011011100011101
15
1110111111111110111111111011101111111101111111111101110001111111111111111111111100111111110111101111
7
1111101111111111110111111111011101111001111101111000101111110101111111110111111111001111110001111111
52
1101111110101110011111011111111111110011111111111111111111011110100110111100111101101100111010101111
72
1111111101011111111101111111000111011111010011011111111011110111110111011110010110001111110111111111
116
1111110111111101111111011001011111111101111111111111011111011111011101111111111111110110111101111111
55
1011110010111111011111111011111111111111111111111111111010111111111111111011111110101100111111001111
182
1111011011111100101011111011101110001000111100111001101111101111111111010101101110111001110011110011
7
11111010011011111011111011111111111101111110110111100010111010111111111011011111111011111111111011
68
1011111111011111101101111110101111111101011101101111011111001111110111111110010011001110101111111111
134
1110111011011111000110011111011111111111011111011111101111001111010111011111110110110111111111011
178
1111011111111101111110101110110111110111110111111101101011111111010110111010011101101111111101111101
3
1111111111111111111101111111111111111110111111101100111110111111011111110110101101101101000111101111
81
1110111110111111011111100110111111110111111110111101110111110101111111011111111011110111111110111111
40
1101111111111010111111101101101111010111111111011111101111110110011110011011110100011110111111111111
47
1100111110111010001011110011011010111001111100100110001111111111111101111111111111011110011111111100
101
1000011101110111111111101111100011001111111111111111101111111111110111100010111111001111011111111000
17
1011111011111011111110101010111111101110111101110111010111111010111111101001111100011111111111011101
147
1101111011101111111011010111111001101000011010111110111110111111111111111010101111010010100101111010
110
1110111111111111011111111111111111111111111001011111111100111111111100011111101010111111111101110111
94
111011111111110111111110101111111011111101011110100110111111111100111101111111101111111111111111111
156
1011000011111011111100111111111111100111111111110110111101101110111111111010111010111010001011111111
21
1011111001111111111100111110110011111111111110011010111111111101110001111111111111011100011111111111
112
111111110111101010111111101111101111111111111010011011111111101111101111110111111111110011101111011
124
1111111011011011111001111011110000111101110111101101101111111111110001101110111001111111111111111011
177
1111011111011101111110011001111111110111111011111111011111110110101110111101101011011111101111111110
188
1111111100111011011111000111100101111111111010110111111101111111111111111011010101101111001111101101
59
111111111111011111111011100110010111011011011111111110111101111111011111111111111110111111101011111
60
1100111111110110110111011011111101111111110111111111111110011100101111111110010001110110100111111101
100
1010111111101111100111111111110110111111111011011111101011111101111111001111111111011111111111111100
30
1111111101011111110100110111111101101011111101110101100111011110100110101111111111111111111111110010
17
101111111111101111011111101110110101001111011111011111111011110110111001111101111111111110111111111
105
1010110111011111101100110101111111101111111011111111101111011011110101011110011111111011111101101100
134
101111101111101110100101001111111111111111111110111011110001111110111111001001111111011101001111011
160
1111111101110011110111010111111101101011101010011111111111101111101111111111111111100111101111111111
86
1011110111011101110101110111111111111111111111101111111111011100101011101111110100111111111111111110
181
1111111101011111001011111111111101111111101111101110111111110011101111111110111111111001111111111011
195
111101101111111111011111100111111111111111110101011011101111101111111111011110110010111111101110111
135
111111011111011111110111111001111111111011110111111100111111100111101001111110111111111111101111101
67
110101111011111111111111011101110111111111111111111101011111111011100011011111011110111100111101111
125
111001101111011110111011011111110010011011110111111111010001111101111111111111101111111111100111111
75
1110111101111111011111110001100100111110111010111111111111010001011100111001111110111111111111111111
155
1111111011111101110010101111111100111110111111100101110100111111101111101111101101110111011111110001
1
1111111111101110111111011101101111111011111111111011111111111111111010000111101011111101111110111001
158
111011111001111111111111111111111111100111111111101111111111001011101111111111011011011101011110100
63
1111111101111011111111111111011101111111101000111101111011101111111011001111111111101011111110101011
25
1111111111110111111100111111110101110111011011010110011110111111111001111011111111110010101011111010
153
11111010011111011011011111111111101111011011111101111110101111111111111110001111111110110111111011
40
11111011111111111111110111111111111011110111111101011100110111110111111111010111111110111011110111
3
1000101011111111011011111111111111111011011011111111111011110111111111101111101111110001101111101000
110
1111011011101111011010111111111000010111111001001111110011000101010101110111000111111111111111111111
69
1111100111111111111011111101011011011011110000111100111111111011111111101101111001011111111110101011
182
1001110111111111011111011111111111111111111111111010111111100111111111101110011101011111111111111011
90
1111110001111100111110111011111001111111101000011101100110111111011011100111111111111111001101111111
112
100111011110101101011110100111111111011111110101101110110011111111111011110101110111011101111110111
117
1110101011011100011110100111101111111110110110011000011100010111110100111111001011111101001111011011
74
1011101110111110111101011011101101111111111001111111110111110110111101111111111111111101111111011110
82
1111010111111111011011111010101111111111101111111100100011011010111111011111111111011110011110110111
176
1111011111011111101110111001011111101100111110101101110110110111011110111111111101000101110111101111
135
1011011111001101111111111101111111111111111101011111110110110011110111101111111111111111110111111111
83
1110011101111101111111110011111001110110111101100111111101110111111100111111011111011001111111111111
84
110101111011111011111111111110111111011111001000110111111111111111111101011101110111101010011111111
39
1111111100101011011110110111101110110111111010110110111111111110110110111111111101110100111001011110
53
1111111011101111111111101110101111110111111011111001110111111111111111111100011110111101011111011111
25
1111111110101111111010111111111111111101100011001100010111101101110110111110011111111001110101001110
186
1011011101111110110111111101111100111101111111111101111110111100111111001010110011101010010100111011
21
1111111101111111001010111111101111011100111101111101011111011111110111011111110111111111110010101001
28
1111111111111111000101100011111110011111100100110010011111111111101011101111111111111111111111011111
52
1110101111011110101110011111111111011111111111110111111111101011111110111110110101111101110101101011
69
1001110110111111111111110111110111111101111111111111111111111101111111101110011101111111001111110100
174
1110111111111111110111111111111111111101111110111110111101110011110111111111111111001101111111111110
12
1011111011111110111101111111111111110111111011111011111110111111111101011101011110011101111011101111
33
1101011111111110011101101101111111111111111011011111111111101111111110111101111111110111110111110111
7
11000011111110101001111101101011111001111111110011111111011110111111110011111110111111111111111111
139
1101100110011111101110110111111111101101111111111111111111111111111111011111110111101101111011111111
44
111111101111111100100110111111111101111111010101001011111111011010101111011111011111111011101100010
80
1011111111110001011101111011100011111111111111110111110111111111010111101111011111111101111101101011
42
1111111101111111111011111101101110111100110110101110111111111111110011111101111111111111111001001111
59
1011110111100110101111101011111010111010110101011111110101110111111110111010001111001111101111110111
7
1011011101110111110110111011111011000110010110100001111111111011101011110111101110111111110011101011
93
1111100111111100111111011011101101110111111011110110111001111001101111110110111111111110111011110111
47
111111111010111111101011011101011111101101111111111111010011111111100001101111011111111110101111111
60
1111101101111111111111111111101111111001111111111111100111100111111111011111010101111101011110011110
103
1111111100011011110001111111111101111111011111111111111111101001111111111111010110110101111011111110
128
1011111111111101111011011111110101101111110101001111110111111111110101111110000111111000111110110111
128
1111111111110110111011110111110111111110111101011111111111110110111111001111111111111011011000110101
55
1010111111111111111111110110111111101111111101011111110110011111111011011101111111011111011111111111
47
1111110111111111011101101111111111111110011111101110111010101010101111101111111111110101111110101111
173
1111111111111111111111011001101011111111110111001101011111111111111111110111111111111100111111110110
120
1111101101111111110111111011111111111100011111011101111111111111111111111111101111011111011101111111
195
1101110110101111011111111111101110110111101011111101011111111110011111111111110101111111011101111001
169
1111101111111011111100111111001111111011011111001111111111111111011101011011011101111110111011110011
81
111111111010111110111111111111111011101111101110101111101111110011101110101101111101111011010111111
36
1101111111011111111111111111111111011111111111001110100110101111110001111110101110100111110000111111
152
1110011111111101111111011111111011001111101110101111111011111101011111111110011111101010011101010111
8
1001111011111111111010111111011011111101111111101010111111111001111111111110101111001011011111111111
129
111111011101111111011011111111101111111101011101111111111111111100111111011111110011111111111011111
180
111010110101111111011101110110111111111111110101111111111110111111111100011100111001110111101011111
133
1111111111101111111111111011110101011100111011111000111011011110111011111101011011110110111101111111
27
1101011111111010110101111110111101110110111101011011111101011101110111101100111011101111110111101001
7
110011111001101110011110111110011101101011110110111110011101001011011100110110110011111111110111111
168
1110010110011111111111111111110111011111001110111111111111111101101111111011110110100111111111111111
100
1111111111111101110101111010011111111101111111101101111011101001111110111000011101011011111111110110
54
111111001111111111101001111111100111111111111111111111100111110111111111011111111110011111111111111
137
1011111111110111011111110111111111111110111011111110111111100111111111111011111111101110111001110111
78
1000111111011111111101011111111110111111101011110111110011011111111111000011110111110011011101011111
164
1101111101111000011111010011101111111111110111111110111100111111111001110110111101110011101111101110
109
1111111111011111011101001111111111011111111101101111111111101111111111111111111110111101111110111111
56
111110110111010001101101111111111111111011111111111111111000111111111111111110010011100011111011111
36
111111011110110110111011111111111011111101111100101011111101101011111111110111010111101111101111111
59
1111011110011110101111110111010111110010110110111111110011011111110110100111111011111111111111111111
23
1111111111010110110101111011100101110111111101011111111111101101101110111111111111110011101111110011
67
1111111101111101101011111111101101011101101111110111010111101100111110100111001111111111111111111001
36
1111111110110010111111111101111111111111110111011100110110111010111111111111111111101111111111101111
37
1111010101100111111101111111011111111111111110101110111111111110101010111001101011011111110010111110
100
1011110111101111111101101111111111111111011000101111110111111011111110111110110111111011111111111111
25
110111110111111101111111011011111111111111111111110101111101010011011011100110110111101110111111001
148
111110111011111111110111000111001111111110111111101111111111011110111110110011110011110111111101110
35
1111110111111111011011111111111101111111111011011011111011011010111010111110111110111101110011001011
10
1111111111110011101111111111011011111111111110111011111011110110111111101111110111000011110111111001
37
100111010011111101111101101111011101101100110101101110111111111111111111011111111111111111011101111
145
1011111001010110111111111011001111110111111111101110011111111110111111101011101011011011101011101111
110
111010001111111111011001101011011000100101111110011010101011111110110111111111011111011111110111111
154
1101001111111010111111111011100111111110111011111111011111101111111101011101101001101111111101111111
146
1111001110111111111111111110111111111101111111111111111101110111110100110100111111101111111111111100
77
1010110101110111110111010111101011110001111101110110111101011110111111111111111111011101001111111101
162
1110011001101111101110111111111111001111111011000111111111111111011111111111111011011101111011011111
177
1101111011011111110111101111010001101111111111111111111101011101110111111111111110111101101111111011
128
1111111111110101110111111111110111110111101110110111111110111001111110101110111111111100101011111111
9
1011011111111011111110111110111010111000111101111111101111111111111100110111101111101111101101110111
16
1111111111111110101111100111111111001001100101100111100001111111111011111101111111110110011111110111
186
100010110101111001111111011001111110111011110110100111001011111110111111111111001001011100011111111
73
1011111110110101100111111111010111101111111111111111111111110010111011110001110111111101101111011011
194
10111110000101110111011111011111011110111111111101111111111011011111111001101111011101011001111011
111
1111111110111111111011101011101000111101110111101111101110111111110011111101110100101111011111111001
68
1111101111110111111111101111110111111110111111111001100111111111111100101011110111110111111111111111
197
1101111001111101011111111011101011110110111111101110111111100011111111101011011111111111111011111001
161
110111111010100011011111111111111101111111111100111100111111110011111111101101111111101111111101101
119
1111101111110111111111111101110111101101111010101111111111111110111011111010001011111101111111100001
131
1101101111111100011111111111111101111110101111110101111111110110111111011011111111111111101111111110
155
1111010101100101111011111111110101010111101110111110111011111111111001110010111011101110111101111101
146
111101111011001111110110110111110111110111110111111011111111111011011111111101111011111110111110111
128
10111111011111111110111011110111011111011001111111011110100111111111111111111111111111011111100101
32
1111111111111011011111111110111101111101101111111110111011011101101111111111110111101010111111110110
117
1111111111111101101101101111111111111111100111111111111111110101111100100111111011010001111110110110
31
1111111011110010100111111111101100111111111111010111111111110110111111111110011111101011111111111011
73
1110100111011111110101110111111111111111110011111111111011100110101111111011101111011001111110111111
131
1111111111111111100110101101111110111111110011111101111100111111111111101101101111111111011111111111
162
111111111101110110011111110101101111111110111111111011110110111111011111110111100011010101110011110
72
111101111111111110111111100111101011011111101101110100111101111111110111100111101110011111011111111
136
1010111111111111111011111001110111111111111111100010111111111111111111011110101110111010111101101101
37
101111110110111111111111101111110011110011111111110011111100111111111110110111110011011111110110101
58
1110110101111111111101110111111011100111110111111111111010010010111111011111111111011111111011110011
121
1111110111111111111111111111101111100111111000110101111111111111000101111110111111111111010101001011
107
1001111010111111111101111000111111011111110111111111011100001111011011101011101111011011111111011111
38
1111111000111011111111111001101110111011111111010111111111011101101111010011111111111011101111011111
171
111110100111111111011110111110101111111111111001111110111011111111111101111111111111101111111110111
110
1011110101110111110111111111111111100110110011111111111111101110111011111111111111110011111010111101
44
1110101101111101101111111111111111011111100111111011001011011111111111101010111111111001111111111111
4
1101111110111111100110011011111011111111110110101111011111000101101111111011011111111101111111111101
73
100111111111111000111111011111011111111001111010011100111111101101101111110111111101111101110111100
109
1110111111001111111100111101111101111111111111011111011101011111100101101111110111101010001011111011
66
1001111111011011101111111111111111111100101111111011111111011111101101010011111101111111110111111111
24
1011111111111111010111101011101011011111111101010110111111101111111111111110100111011111111111111110
169
1111111010011111101111011111111111111111111111110111111111101001111011111111111010111111111111101110
153
1101111111000011011111101111111110101111110101001111111110111110110111110100111111110111101011111111
150
111101101111101111000111101111111111111111111111111101111111110011001011101111111101111111111011111
24
110111111110111011110111111111101111101110101111111111011101011000101111011101111111111110111110011
64
1111111111111111111101111111001001111111011101111011110111010111110001110101111110111001111111101010
55
1111111111111111110101110101111000111111111101101111111111101111111111111011001111111111101100111111
148
1100111111111111001101111011101111110101011111111101100110011001111111100110011001111111111111010111
7
1100111110101001111101111111110111111111111001111011111111101100111011110111111111111111111111101101
127
1111111111111101011111101111111011111111110001110111111101100011110011111111101111111011111011111011
73
111100111011011011111111111111111001111111111111111011111111111101111001111111011000111111111000111
130
1011111011111111111111110110001111111111111110111110111111101101111101111011101111011011111111110110
113
1010111111110111010110101101111111101110011111111011001101111111111111101111110101111101111111111100
163
1000111001111100111001111111111111110111111110111110111110111111111111101111011101111111111101110111
176
1111011101111111101011111001010101101111111011111111110101111110111101110111011101110100001011111101
154
1111110111111101111111011001111110111111110111011111001111111111010011111111111111101110110111111110
174
1111011110111101111111111111111111111111111111110110101011111111111101111111111100111110101111101100
157
1011101111101111111111000111101101111011011010111111111111111111011111110111111100111011101111111010
10
1100111011101111111111110101111111111100011010111011111111110100111111010011111110101010111011111111
118
1111111110111111111111100101101111111111110111011011111111111110101111001101101111111111110101111011
24
111111111111111000101111111100111111001111110110111101101011111101111011111111011101111011111101111
161
111110111011111110111111011110111111111111001010011111111011111111111101011110111111111001111100111
124
1111111110001111111101111110110111111111110101111111110111111111111111101111010111101011101111111111
135
1011110111111010011111010111111111101111110110110110101111101111111111000111110111111111100011111000
162
1111111111111111011110011011111101111000110101111111101111111111101111110101111101111111111111011101
97
1111110100111111111101111101011111101111111111010111101111110101100101111111110101111111111110000110
199
1101111111111100111111111111110111111111011111110111111011111010101111011111111111111110111100111011
66
1011111111111111011011101110110111111011001111111110111111101111101111110111111111111111011101111001
42
1111111101111110100110101111011001111111110111111111110011011110010011011111100111011111110111111010
44
1011110100011111111111110110100111111110111010111111111111101110110111111111110111110111111101111101
21
1110111111110111111111111111101110111101011100111101110110111111110011111101101111101110011011010001
78
1111111011111111111001011000111111111111111110111011111111111011111111111111101111111110111111111001
61
1111111110101111111111001110111001111101111111111111111101111111100001100101110111111110111111111101
66
1111011101001111111010111111110101011101111111101011111111111111111111111111010011011010101011101111
64
1111110110000111101111111111111111001101111111111011110110101111101110101011110011111111111011111110
137
1111111111111111111011101011101111011110111111001010001111110111111111111111111101111011011111101111
43
1111111111111111111111011110111111111111111011111101101111111011111111111101111111111111100111111111
117
1101111111111111011111111101111011111111111011011010101001110110111011110011111011101111111110111111
109
111011111111101111011111011111111111010100111111111011101110111011111111111111111111111111001111011
28
1100011111111111101101111111111101111110010111111001111011101111110110111111111010111111101111111111
47
1111010111110101111111111111100110111111011011111111110111110111110111100101111111101111111111111011
110
1110111011011100011011111011111111111111011111111111111100110111011110100110011111110111011110100111
48
1111110001011101111111001111111111111011111001111111110111111101111111111111110011111101101111111111
199
1111111111111101111111101111111111110111111011111110110111111011001111101101110111111111001000111101
89
1100101111000111010111111110111111111010111111111000111111011011011111111111011111110110101111101111
144
1111010011101101111110011111100111111101110111111111111111111111111111011111011111101111110001101110
148
1110100111111101110111011111111111100111101110111111111111101011111111111111011111111111010111111111
109
111111011111111110011111111011011111101111111011111111001111011100101011111111111111011111111111011
64
1101110001111111101111111111111011011001111101111011011011100011111111011111001010101111101111111101
61
1110011111111111111100111011111101111111011011010111100011111111101110011011111111110111111010111111
194
1100011011111111000111111110111111111011101111101111110111101111111111101111101111101101010110110111
98
