10 100
10100
25
100010
27
1000101110
136
1001001
130
100000000
63
1001000000
200
10100000
152
1000000
60
1000000000
99
111100100
4
100001000
41
10000001
54
10010100
181
1010001000
20
1010000000
152
10000100
84
1110000
138
1000010
20
10000
30
110101100
30
1000001
41
1000000001
54
1110
103
100011
177
10101
11
10000000
149
10010010
19
100000111
200
1000000010
182
1100100000
178
1001000
129
11000
80
110000000
132
101000000
161
100101
102
100000100
136
1100
38
1100000100
31
1100000
79
100000
1
100010000
185
1010000
176
1010100100
43
100
61
1000001100
44
110010000
102
1010110100
127
100100000
103
1111
103
10001100
66
10110010
11
101010
170
10010000
25
1110010
95
101001001
15
11
84
1010000001
35
1
104
110001000
175
110010010
165
1000
154
101
135
111100001
69
1000011000
27
11001000
14
1001100000
68
10101000
175
10011000
77
101000010
45
10001
185
111010
136
100001101
71
1000001001
174
10000010
174
101000001
98
1010
104
111101100
36
1100010
65
101000
88
1000000101
64
100000001
143
1000010000
133
1001010101
6
1101
34
10001000
194
1100011000
112
1110000001
109
101010000
46
1001001000
103
1001000001
10
100001100
150
100000101
84
11000000
194
100001
133
110010
11
1000101100
3
10010
63
1100000000
92
1101010
156
1101101100
15
