10 100
1000011101
25
110100010
27
1010101111
136
1011110001
6
1111100
172
100000111
63
1001101100
200
110101001
152
11101100
60
1001010100
99
101010010
142
11010001
160
1001110010
24
1110111110
69
111111101
44
111001011
88
1001011110
58
1010010100
189
1111111111
107
10101110
44
11110100
152
110010101
103
1011011111
69
1110001001
22
1001110111
95
10011111
198
1111010111
158
1110100100
76
111110100
172
1001111011
30
100011110
65
111111110
82
1001110100
65
1101110001
51
1101011111
100
1111011111
140
1011111000
69
1001111110
26
1111110110
28
110111100
173
1111001110
200
1000010001
102
1110010111
149
1000111101
157
1001011011
62
1100101001
13
111101101
96
1000011001
40
10010101
43
111111010
169
1011000101
160
1110000110
64
110001100
63
111011111
194
1010111110
173
100101011
83
100110011
127
1001101001
119
1100011000
135
100100001
191
111010111
3
1010110011
120
1110010110
169
1010110110
54
101111110
131
101101110
144
1011101010
170
1111101001
149
1110010100
184
1011110101
193
111000011
178
1100010111
61
110100001
152
10111111
74
1010111101
145
1011101110
135
1011101111
191
1111110011
151
110000110
106
1110110010
25
1110111
95
10101111
7
1011111110
188
1000011100
34
1111000000
95
1101101100
77
11111010
3
111010100
126
101110110
154
1011111001
29
1111011001
18
100111100
95
1001001110
140
1101101
125
110000001
2
10110111
142
100000001
78
111010001
189
1111100110
99
100101101
91
