10 100
1000100
152
1011100
186
1
195
100
185
10
23
100000000
12
1000000000
198
1000
110
1000000001
173
10100
48
100000
49
1010000000
102
10000100
55
1010
131
1000000
73
10000
88
10001010
151
11
17
1100
129
10000000
173
1100100000
178
1000000010
135
11000010
67
1001000
20
1010110000
127
11100
51
100011000
98
101100000
34
1000001
176
11001000
121
10010000
102
1001001
132
10010
163
100010000
56
10000010
174
111
70
1000010
97
1000100000
168
110000
29
10010001
87
10000110
109
1000000100
4
1100010
45
1010000
111
100001001
184
1101011001
9
101000
69
100001000
48
100100000
23
10100000
191
1100000000
186
100010
104
1100001
90
100000001
60
1010000010
69
1001000000
12
1100000
122
10100001
12
1011100000
53
10000001
49
100100
56
10001
132
10111000
46
101100
153
1000100001
150
11000000
105
1000010000
149
11000
195
101000000
7
110000000
100
100000010
142
100011
184
100000100
84
1001010
116
11100000
119
110100100
153
10001000
164
1001
143
101010000
80
100010001
131
100000110
111
1001001100
38
1001000010
56
100001
39
100110
5
1000001000
115
1000110000
84
1001110
166
1100001000
4
110100
49
101010
142
1010000001
188
1110000000
113
10010010
158
1000001010
112
1001010010
138
101001000
95
10101
153
101100001
57
101001
181
