10 100
10101
25
100010
27
1000101110
136
1011001
130
100000000
63
1001000100
200
10100001
152
1001100
60
1000000000
99
1000010
142
10000000
160
1001010000
24
10111100
69
11100101
44
11000000
88
1000001000
58
11101
162
1000010000
189
1001101010
107
101100
44
1000100
152
10000100
103
1000110
69
1100000001
22
111
95
1011010101
158
1011001000
158
1000011011
30
11010
65
11100100
82
1000110000
65
1000000
51
1010100
100
1000001010
140
1001001000
69
1000011110
26
11110100
28
10101000
173
11000100
200
1000000001
102
110010010
149
1000001101
157
11001
62
10011
142
110010
46
100001
132
1101010101
199
10000010
33
100001000
72
1100001000
161
1010000
80
101110000
76
11
83
1000
150
1001010001
197
100000101
67
10010010
18
11011010
155
110000000
169
110000
157
10000
67
100
19
1000010001
36
1001000001
28
1011110000
193
100000010
178
100000011
61
1111010
149
101111000
15
110011000
16
101010110
164
1
16
100000100
141
100100000
46
11100111
129
101011010
196
1010010010
99
101001001
63
1010000001
52
1010010000
12
1000011010
116
1110100000
135
11100000
145
1001100111
53
10110010
6
1000100000
192
100101010
108
111100
96
1011010111
123
10011101
137
1001001100
123
100011001
66
10001001
71
11000
15
1000110001
166
111000000
58
110101
146
100011000
72
1001100000
30
11101010
64
