10 100
1100011101
25
110101110
27
1111101111
136
1011110001
6
101111101
172
101000111
63
1001101111
200
110101101
152
11101110
60
1001010101
99
101110010
142
11110101
160
1001110010
24
1110111110
69
111111101
44
1111001011
88
1101011111
58
1010011111
162
1110110100
189
1111111111
107
10101110
44
1011111100
152
110011101
103
1111011111
69
1110001011
22
1001110111
95
10011111
198
1101001100
94
1111101001
158
1101111111
30
101111110
65
111111110
82
1001111110
65
1101110001
51
1110111111
26
1111110000
19
11111101
40
1111101101
79
1101111001
160
1111011110
200
1000010101
102
1110110111
149
1101111101
157
1001011011
62
1100111001
13
111101101
96
1100011001
40
111010111
43
111111010
169
1011111101
160
1111001110
64
110001101
63
111011111
194
111010101
99
1010110101
1
11011001
29
100110111
154
110001110
1
1010011101
164
1011111111
90
101011011
131
111101011
6
110111101
54
1011111
189
110110111
103
1101110101
160
11111111
149
1011100101
80
111011110
181
1110111000
103
11111001
149
1110011011
12
1111011011
195
1010111011
11
11111110
45
101100011
52
1111101110
16
1100011111
81
101101011
70
110010111
135
1110111001
135
1111101100
119
111110010
35
1011110011
6
1100111010
116
111110101
198
1000011001
11
1001010001
155
100011010
198
110111111
197
1111101011
45
1101110111
177
1111010111
34
1010101111
89
1011111011
55
1101101110
191
1101010010
194
1011100111
70
1001111111
137
110111100
55
