10 100
1000010101
25
100100010
27
1010101110
136
11010001
6
101100
172
100000001
63
1001000100
200
10100001
152
11101100
60
1000000000
99
1010010
142
10000001
160
1001110000
24
1010111100
69
11100101
44
11000000
88
1001001010
58
1000011101
162
1000010100
189
1001101110
107
10101100
44
11010100
152
10000101
103
1001001110
69
1110000001
22
10111
95
10010100
198
1011010101
158
10100100
76
101100100
172
1001111011
30
11110
65
1100000
29
1010000010
79
10101011
59
100010100
26
111110000
19
111100
40
111101001
79
101110001
160
111000110
200
1000000001
102
110010010
149
1000001101
157
1000011011
62
1000001000
13
101001
96
1000011001
40
10100
43
110101010
169
1001000101
160
10000110
64
110001100
63
1010110
194
110000100
99
1001011101
20
1
29
100010000
135
110010101
3
1000100000
120
1010010010
169
110110
54
1100110
131
100000110
144
1001000010
170
1110100001
149
1110000100
184
1101110000
59
1101111000
175
1010000001
25
111000101
119
11111
51
101011110
98
101100110
34
101110101
176
111000001
152
1000001
138
1101001001
39
111011
26
1001010110
189
1010100100
188
1000000100
34
1101000000
95
1101001000
77
100001101
72
111010000
126
100
154
1010111000
29
110011001
18
100111100
95
1001100
140
1100101
125
101011
166
1010001000
65
1100001001
24
11101001
33
1111100010
59
1110101011
110
110001010
174
111010010
32
