10 100
1111111101
25
111101111
27
1111111111
136
1011101111
123
1111111000
139
1111011111
156
1101100111
163
1111111011
5
1110111111
18
1111110111
10
1101111111
3
1101101011
97
1110101111
171
110111111
142
1101101100
94
1011111110
42
1111011110
47
1000111110
63
111111111
76
110111110
23
101101111
97
1011110111
105
1111110110
139
1111101111
143
1110111011
180
111111011
110
1111110011
185
111011111
181
1111010101
36
1111111110
60
1110011111
155
1011111111
12
1110110111
104
1110111101
175
1111110010
77
1111111010
177
1101111101
124
111111110
36
111101011
36
1111100111
98
1101110100
81
1111011101
172
111101101
166
111001101
199
110011111
136
1111010111
108
1011111101
151
1110101011
125
1111010011
50
1001110011
155
1101011111
66
101111111
62
1111011011
142
1010111011
156
11111111
96
1101101111
173
111111010
70
1111101110
93
1111111001
172
111001111
82
1010111110
6
1011011111
113
1000111101
24
111101110
30
1011110110
122
1111101101
126
1101111110
150
1110111100
44
1111011
101
1101101110
136
111011011
121
1010011111
149
1101110111
33
111111101
178
1001101111
47
1111111100
115
1101111011
181
1011111001
100
1111011100
198
1110101110
1
1100111111
1
111110111
90
1111101011
147
1010111111
71
1011010111
100
1100101111
37
1111110101
124
1011111011
170
111011101
94
1001111111
4
110101111
148
1111110100
30
1001110101
113
10011111
194
1111100101
116
1110111000
189
1110011011
109
1100110111
174
1110111110
192
1111001110
2
