10 200
1000100
152
1011100
186
1
195
100
185
10
23
100000000
12
1000000000
198
1000
110
1000000001
173
10100
48
100000
49
1010000000
102
10000100
55
1010
131
1000000
73
10000
88
10001010
151
11
17
1100
129
10000000
173
1100100000
178
1000000010
135
11000010
67
1001000
20
1010110000
127
11100
51
100011000
98
101100000
34
1000001
176
11001000
121
10010000
102
1001001
132
10010
163
100010000
56
10000010
174
111
70
1000010
97
1000100000
168
110000
29
10010001
87
10000110
109
1000000100
4
1100010
45
1010000
111
100001001
184
1101011001
9
101000
69
100001000
48
100100000
23
10100000
191
1100000000
186
100010
104
1100001
90
100000001
60
1010000010
69
1001000000
12
1100000
122
10100001
12
1011100000
53
10000001
49
100100
56
10001
132
10111000
46
101100
153
1000100001
150
11000000
105
1000010000
149
11000
195
101000000
7
110000000
100
100000010
142
100011
184
100000100
84
1001010
116
11100000
119
110100100
153
10001000
164
1001
143
101010000
80
100010001
131
100000110
111
1001001100
38
1001000010
56
100001
39
100110
5
1000001000
115
1000110000
84
1001110
166
1100001000
4
110100
49
101010
142
1010000001
188
1110000000
113
10010010
158
1000001010
112
1001010010
138
101001000
95
10101
153
101100001
57
101001
181
1101000000
110
1000011111
181
100010010
30
1011000001
116
100010110
68
100100100
66
1000110
119
10001001
60
110010000
161
110
182
1001010000
31
1000101
40
110001000
168
100111000
119
10011
121
1000100100
144
10110000
184
11000101
156
1110010
82
1010000100
196
110000011
3
100101
26
11000100
166
10101000
121
1100000100
34
11001
1
1010010000
148
10011000
150
100010100
50
100100001
134
11000001
30
1011
194
101
73
111000000
187
1100000010
69
1010010010
2
100100010
103
11110
26
110100000
118
1000100010
59
101000001
129
1010000101
158
1010001000
160
1001000011
192
10110
189
1000010100
191
10000011
27
1010100
111
110011000
132
1000011010
145
1100110000
26
100111
161
100101000
151
110000001
32
11010000
185
1101000100
51
1010001
17
10100010
198
1001100
56
1000001101
198
1100010000
144
1000001100
177
101000100
128
10010100
43
1000011
126
1000010010
35
1000000011
173
10001011
75
111001
2
10000101
41
1001001000
59
101110
142
10010110
109
11001001
67
1000101000
176
100001100
67
1011000
58
110110000
4
1100101
64
1000011110
98
101110000
187
1100100100
37
1000011000
26
110001
63
1101000
183
110010
144
101000010
140
1000100011
101
1001100000
40
11110001
16
1000000110
51
1001000001
158
1110000
140
1001010100
115
1010011000
123
1001000100
10
100001010
194
100011100
169
1010000011
162
10100100
163
