10 200
1111111101
25
111101111
27
1111101111
136
1111110111
6
101111101
172
1101010111
63
1011101111
200
111111101
152
11101110
60
1001110101
99
111110010
142
11111101
160
1001110110
24
1111111110
69
1111111111
99
1010111111
6
101111111
57
1110110110
189
101011101
118
111111001
173
1101111101
84
1101111110
110
1010101111
17
111011111
130
1101111111
149
1010011001
69
1111110011
4
1011111110
42
1011111111
141
111111110
117
111100111
54
111111111
165
1110000111
6
1011011111
46
1110011111
37
111100110
41
1110101110
71
1111101101
136
1101111001
131
1111110001
146
101011111
24
1111011111
111
1011111100
49
1111011010
73
111011101
92
101110101
80
1111110101
79
111110110
1
1110011001
116
1101101100
87
1111111100
70
1101111011
119
101101111
109
1110111111
163
111001101
70
111101101
85
1111011011
69
1001111011
88
1111111011
97
1111010111
119
1100111111
110
101011000
109
1110101111
11
1011111101
24
1001111111
85
11110101
185
111111000
84
100111111
32
101110111
65
1101111100
48
110111100
95
1100001110
91
100101000
162
101011110
198
1111011110
46
1010110110
125
1111000100
123
1011010101
136
111010111
52
11101111
186
111101010
35
1111101011
191
100001011
79
1101110101
8
10111111
196
1101011110
194
111111011
179
1101011100
61
1111000101
31
1011101110
200
1111010101
127
1101101111
87
1000111111
140
110111111
77
1101001111
66
1011110011
184
11011110
60
1111100111
70
1110101001
93
1110111110
121
11101001
166
110001101
199
110010111
136
1110011011
93
1011101011
93
1111111001
73
10111110
32
1111101010
27
111110100
127
1010010000
43
1110010101
4
111110011
119
1111000011
18
1101011111
168
1100000011
149
1111110110
59
1110101011
37
1111001111
124
111101011
186
1111100110
61
1011101101
157
110011111
181
1100111
80
1111010100
90
1011011101
115
1010111010
144
111011110
52
1111101110
93
111001111
82
1010111100
6
1111111010
99
1101011010
31
110010110
98
1110110111
76
1001101100
123
110111010
17
1010110001
151
1011110111
177
110110110
68
110011101
170
1011111011
183
1101110110
4
11111111
176
1101110111
36
1100101111
102
11011101
137
1100011010
23
110110111
64
1110111101
29
11110111
197
111110001
113
1110111011
87
11111110
200
1111111000
102
1100011110
6
1101100111
182
1010110111
187
1100010100
101
1001100111
44
1101100101
4
111111100
129
1111011101
28
1110101100
103
1110010100
168
1111100101
66
1001011101
57
1101101011
56
111110111
40
1011010011
21
1101101
57
101110110
161
1110001110
32
111100101
178
1001101111
47
1110111001
159
11011111
154
110111101
116
1111110010
61
1111101001
131
1011011011
195
1111001110
40
111010110
198
110001111
11
1011111010
117
1110101101
161
1011001111
197
1111100011
70
1110110001
86
1101001011
151
1010111110
28
1001011110
65
1100111011
160
101100111
158
1110110011
43
1011100101
38
1101100110
22
101010111
144
110111011
116
110111001
173
111011011
1
