10 300
1000010101
25
100100010
27
1010101110
136
11010001
6
101100
172
100000001
63
1001000100
200
10100001
152
11101100
60
1000000000
99
1010010
142
10000001
160
1001110000
24
1010111100
69
11100101
44
11000000
88
1001001010
58
1000011101
162
1000010100
189
1001101110
107
10101100
44
11010100
152
10000101
103
1001001110
69
1110000001
22
10111
95
10010100
198
1011010101
158
10100100
76
101100100
172
1001111011
30
11110
65
1100000
29
1010000010
79
10101011
59
100010100
26
111110000
19
111100
40
111101001
79
101110001
160
111000110
200
1000000001
102
110010010
149
1000001101
157
1000011011
62
1000001000
13
101001
96
1000011001
40
10100
43
110101010
169
1001000101
160
10000110
64
110001100
63
1010110
194
110000100
99
1001011101
20
1
29
100010000
135
110010101
3
1000100000
120
1010010010
169
110110
54
1100110
131
100000110
144
1001000010
170
1110100001
149
1110000100
184
1101110000
59
1101111000
175
1010000001
25
111000101
119
11111
51
101011110
98
101100110
34
101110101
176
111000001
152
1000001
138
1101001001
39
111011
26
1001010110
189
1010100100
188
1000000100
34
1101000000
95
1101001000
77
100001101
72
111010000
126
100
154
1010111000
29
110011001
18
100111100
95
1001100
140
1100101
125
101011
166
1010001000
65
1100001001
24
11101001
33
1111100010
59
1110101011
110
110001010
174
111010010
32
1100100000
99
110
55
10011000
77
110100011
50
10001000
72
1000010000
87
11000101
136
1110000011
179
111010110
52
1001100000
22
110000001
89
1110100100
103
100100110
165
10001
108
11001000
29
1000111
136
1010100
143
111000100
37
1100001
31
110100010
192
1010
104
111101100
36
100000000
62
111001
169
1010101010
26
100001001
113
1000011110
40
11011010
42
110101001
186
100110001
165
1101010101
6
1010000
163
10010000
93
1001010001
67
1110000000
65
1001000111
148
1111110001
192
1001001000
62
1011001010
90
101001000
160
110000010
41
1100111
32
111001001
97
1001101000
106
1011100000
117
1111000101
109
100110
51
1010101001
38
100100100
132
1001000000
110
100001000
199
110010000
136
1001000011
125
11000001
55
10101
88
111000
147
11001110
186
10100110
109
100101111
118
111100110
45
1001101
84
1101000
182
101000
170
10110010
190
11
119
1110
82
1100001010
27
1110110000
1
1111101
5
101010
134
1101011000
56
1011011011
60
1110101001
31
111111
64
101
23
10101000
33
11110110
61
101000100
91
1100110110
186
1100000001
97
1111001101
58
1111000
131
1111101010
6
1101011001
23
11010010
142
101000011
82
1011010
79
10
173
1111110100
133
1000000
4
1100100100
35
1000100010
148
1001010101
81
1000110110
142
10110100
183
1100000010
22
10010011
134
1011011001
115
1100
39
1011101010
27
1010101011
138
101110000
63
1001001
154
1100010100
100
1000111000
182
1000000101
50
1000111011
111
1101100001
61
100100101
119
1100101111
28
1000001001
111
1000110111
61
110111010
34
110000
105
1011101100
1
10001100
144
100100000
117
1000
102
10111010
80
10110000
17
100000
151
11101111
79
1111011
112
1001100100
6
1111000000
164
1111100000
94
1001011001
123
1011000010
197
10111000
112
1100111001
128
1010000000
109
11000011
123
1101000101
105
100010010
8
101110010
157
111101
24
11111001
52
1110010011
115
100001111
43
101111000
156
111000000
11
1111100011
50
1001111110
133
110000000
145
100100001
134
11011110
4
11000111
170
11101
170
1000110100
86
101000001
176
1011001000
6
1011110100
45
11000
110
100110000
42
10011010
65
1011110110
45
101100011
121
1010111
161
1110110
151
111111001
50
101010110
89
1000100001
150
110100
166
1000000010
161
1110100010
120
1111111101
149
11010011
160
100011
145
100111001
23
1001001011
111
11100100
37
1000011100
88
10100000
89
101100000
54
1010110100
134
1011010000
168
1100100110
10
110001000
108
1010010011
73
111001010
142
1010010001
154
110000111
175
1001100011
41
100000011
153
1000100
186
1000101110
163
11100
200
100000100
92
10101101
11
11100010
146
1110010100
177
1011100
113
1110110001
31
1011001100
33
111100011
107
1101010001
19
100100111
96
1000100110
114
1110000
42
1110101100
109
