10 300
1000011101
25
110100010
27
1010101110
136
1011010001
6
111100
172
100000111
63
1001000100
200
110100001
152
11101100
60
1001000000
99
1010010
142
10000001
160
1001110000
24
1110111110
69
111110101
44
111000011
88
1001011110
58
1000010100
189
1111111111
107
10101110
44
11010100
152
10010101
103
1001001111
69
1110000001
22
1000110111
95
10011100
198
1011010101
158
110100100
76
111110100
172
1001111011
30
100011110
65
111101100
82
1000110000
65
1101100001
51
1001011101
100
1011001011
140
1011111000
69
1000111110
26
1011110100
28
10111100
173
1111001110
200
1000010001
102
110010110
149
1000111101
157
1000011011
62
1100001000
13
111101001
96
1000011001
40
10101
43
111111010
169
1001000101
160
1110000110
64
110001100
63
111011111
194
110000101
99
1101011111
20
1000001000
32
100110100
154
10001100
1
1010000000
164
1011101011
90
101011001
131
101001011
6
110101101
54
11101
189
10010111
103
1101100101
160
11111000
149
11100101
80
11111110
127
11101111
186
111011000
60
1111000
100
1111000101
4
1100101011
21
1110101110
200
111011101
100
100111110
110
100001000
109
1111111011
110
1010000111
33
1101001010
65
1101101110
98
110000
180
11101001
107
1010001001
39
1010000
190
1000111010
63
100000
130
111110110
135
1001111
182
100111
49
110110
20
110111
142
100000001
78
111010001
189
1111100010
99
100000101
91
1010111101
106
100010101
103
1111111110
40
100111010
56
1110011000
46
1100110010
134
1001001
27
111001101
71
1111011
15
1101101000
126
1010100001
190
1100011000
81
1111110000
163
10111010
169
1110111001
72
1001100010
30
111101011
64
1001110101
25
1010100110
104
1000000001
57
1111001101
112
1010101101
104
1000000101
159
11011101
94
1101000111
76
1010011010
200
10111101
196
1101000100
144
110001110
112
1001001000
15
1010001010
123
1000010000
147
1110011110
47
1110111000
119
1101010010
88
100110011
56
1100010110
102
1010101010
133
1010101111
144
1011011010
188
100111100
120
1111111
51
1100010100
161
10001111
34
110001111
77
1001101
66
11110110
63
100110001
66
1100000111
10
100101001
26
10101011
87
11001111
49
100110000
14
10100100
39
11000
7
11001100
95
1011001100
151
1101110111
54
101101011
81
110011010
107
110110010
117
1011011110
54
1100000110
153
1000001011
125
100000011
50
101100
67
100010111
114
1011001001
66
1010010110
54
1100011
119
1110101011
183
110110100
128
111
155
111010101
30
111001010
132
1111111100
109
100011111
3
100110111
84
1111010110
46
1110110111
192
1111010101
15
1001111111
185
1110100101
198
1010
81
111101000
33
1011110110
61
101101100
91
1100110110
186
1100000001
97
1111011101
58
11111100
131
100000000
92
1111111101
42
1110101100
113
1101001
10
10100001
171
1000100010
68
1110101101
125
1111110
56
10000101
39
100010000
142
1000100
61
1011100110
94
101000100
16
11001101
120
100011000
53
1111100000
138
1000010010
151
1011011
86
1000010101
43
101000000
36
1011101110
117
1010001
78
101110001
40
1000000000
43
100110101
108
1000011000
60
10101101
84
1101111100
31
101000
36
1100011101
35
1011011000
99
1111110010
69
10011110
134
110
141
11111111
158
1011011100
107
1001000011
177
1011101000
5
101011110
111
1100001
140
1110000010
152
1011101100
1
1101010
57
101100001
117
1001
102
1010111110
80
110110000
17
1100101110
176
111011110
136
11110111
177
1000100111
48
1110000011
59
111100101
98
1111101001
177
1011100010
76
11100100
30
101000101
40
1100101100
73
10010011
126
1110010101
117
1000001101
161
1111100100
138
1111101010
22
10011101
181
1111010111
131
1111100
118
1101110011
13
1100111011
64
1010011111
144
1111110101
83
1010110010
91
101010001
14
100110
17
1010000011
56
110101011
134
111010
132
110011001
151
100011010
174
101000011
176
1111001011
44
1000100000
172
1101100100
113
1101111010
82
1100
70
1010011000
140
1011011111
126
1101111011
18
11110001
190
1000000011
48
1000100011
38
1100010101
77
1101000011
95
10000111
87
1001100100
24
111111
70
1011010
150
10010001
189
100001101
189
1001000111
150
1010000110
117
1101111001
66
1011101111
89
1001000001
162
1111011011
141
1111001001
131
111010010
65
110101001
92
111000001
76
1100111100
126
1111010010
110
111100110
181
