10 300
10101
25
100010
27
1000101110
136
1011001
130
100000000
63
1001000100
200
10100001
152
1001100
60
1000000000
99
1000010
142
10000000
160
1001010000
24
10111100
69
11100101
44
11000000
88
1000001000
58
11101
162
1000010000
189
1001101010
107
101100
44
1000100
152
10000100
103
1000110
69
1100000001
22
111
95
1011010101
158
1011001000
158
1000011011
30
11010
65
11100100
82
1000110000
65
1000000
51
1010100
100
1000001010
140
1001001000
69
1000011110
26
11110100
28
10101000
173
11000100
200
1000000001
102
110010010
149
1000001101
157
11001
62
10011
142
110010
46
100001
132
1101010101
199
10000010
33
100001000
72
1100001000
161
1010000
80
101110000
76
11
83
1000
150
1001010001
197
100000101
67
10010010
18
11011010
155
110000000
169
110000
157
10000
67
100
19
1000010001
36
1001000001
28
1011110000
193
100000010
178
100000011
61
1111010
149
101111000
15
110011000
16
101010110
164
1
16
100000100
141
100100000
46
11100111
129
101011010
196
1010010010
99
101001001
63
1010000001
52
1010010000
12
1000011010
116
1110100000
135
11100000
145
1001100111
53
10110010
6
1000100000
192
100101010
108
111100
96
1011010111
123
10011101
137
1001001100
123
100011001
66
10001001
71
11000
15
1000110001
166
111000000
58
110101
146
100011000
72
1001100000
30
11101010
64
1110100
25
10100100
104
101010
186
111000100
37
1100000
31
110100010
192
1010
104
111101100
36
1110010
65
10101100
88
1001000101
64
100110001
143
1000010011
133
100010000
165
1001010101
6
10100010
37
1100000000
34
1110000100
171
100100011
140
100001001
77
10001
15
111101
130
1010111
187
1000111000
153
11010101
12
100100
101
1001000
192
1001100100
26
1100111000
73
10010000
53
110000010
94
1010011
48
10010100
51
110000001
9
1101011001
136
1001
122
10
123
100000
196
101000000
118
1001001011
84
1110101000
200
1110001001
95
110110110
188
100011111
3
100010010
84
11010110
46
1010110110
192
1100010100
15
1110
185
1010100001
198
101010000
146
111101101
65
1010001000
141
1001101100
12
101100001
147
1000100001
35
101100110
61
101000010
81
100001100
18
1101010
68
1101010000
111
1101001000
10
10000001
50
10001011
123
1010001
120
11011001
79
1011000000
109
1001001111
122
1101100100
141
10100000
105
10101110
83
1010101100
138
1100
17
1010100000
105
101011
164
1110110000
114
1000010100
6
1110000010
137
100100100
122
101000001
133
1001110
182
10011000
117
110111000
72
101010001
39
1010101101
193
110000100
173
1011000011
51
10001101
157
1000001011
28
1001000011
166
1100100
164
111011
42
10010
158
110010001
157
10110000
91
101001100
83
100110
133
11000010
181
1000011
123
1101000101
105
1010100101
76
1101000100
67
100011
167
1011100
118
101000101
79
1000101011
64
1010010101
144
1111010100
83
1000100011
133
1000101
129
1111001
45
11001000
122
1001010010
57
100000110
126
1001011110
138
1100001011
109
1111011
7
1000000101
87
1110000
18
111000
92
10011010
114
1111100110
47
1101000011
74
10100
101
1010001010
31
1010011011
13
1110010000
148
111010
160
1001001001
57
1101000
19
1001000010
65
100000001
68
1101000010
150
1101011
110
10001110
112
110101000
65
1000100110
187
110010100
165
101000110
116
100001011
87
10001010
99
1100011000
71
1101000110
18
10110001
56
1000101000
175
100100001
96
1000001
63
1010110010
37
101001101
139
1000111100
69
1010111000
154
1011000
34
1000011101
38
101001110
189
1101000000
85
110
199
1010110001
176
1100110
64
1000001100
145
1010000110
173
110101101
121
1010000010
55
11011
168
11010000
190
1111000
29
10010001
144
101000011
5
10001000
100
110001000
198
1111000000
79
11001011
141
1111001010
171
100111
170
110011011
28
110000110
146
100100101
113
1010010
27
1100001001
141
101000
156
1000010010
36
1000110010
21
111010000
156
1101110000
92
100101
44
1001000000
68
1010000000
74
110100000
114
10110101
56
101110011
144
11111010
11
1000001110
74
11010010
186
1101010110
161
100010101
102
1100010010
49
1000011100
192
110110101
83
11100010
48
100111101
124
101010100
63
