10 300
1100011101
25
110101110
27
1111101111
136
1011110001
6
101111101
172
101000111
63
1001101111
200
110101101
152
11101110
60
1001010101
99
101110010
142
11110101
160
1001110010
24
1110111110
69
111111101
44
1111001011
88
1101011111
58
1010011111
162
1110110100
189
1111111111
107
10101110
44
1011111100
152
110011101
103
1111011111
69
1110001011
22
1001110111
95
10011111
198
1101001100
94
1111101001
158
1101111111
30
101111110
65
111111110
82
1001111110
65
1101110001
51
1110111111
26
1111110000
19
11111101
40
1111101101
79
1101111001
160
1111011110
200
1000010101
102
1110110111
149
1101111101
157
1001011011
62
1100111001
13
111101101
96
1100011001
40
111010111
43
111111010
169
1011111101
160
1111001110
64
110001101
63
111011111
194
111010101
99
1010110101
1
11011001
29
100110111
154
110001110
1
1010011101
164
1011111111
90
101011011
131
111101011
6
110111101
54
1011111
189
110110111
103
1101110101
160
11111111
149
1011100101
80
111011110
181
1110111000
103
11111001
149
1110011011
12
1111011011
195
1010111011
11
11111110
45
101100011
52
1111101110
16
1100011111
81
101101011
70
110010111
135
1110111001
135
1111101100
119
111110010
35
1011110011
6
1100111010
116
111110101
198
1000011001
11
1001010001
155
100011010
198
110111111
197
1111101011
45
1101110111
177
1111010111
34
1010101111
89
1011111011
55
1101101110
191
1101010010
194
1011100111
70
1001111111
137
110111100
55
1110101100
160
111111100
180
1001011101
109
1111111001
65
1111111101
69
1111111110
174
1011110111
104
1101000001
57
1111001101
112
1010101101
104
1000010111
159
1011011101
94
1101101111
76
1010111010
200
1001111101
26
1001011110
142
1011010101
41
1100101111
88
101100101
54
111111111
191
101011010
125
1110111010
119
1011110
20
1011101011
165
1101111010
43
1010001010
179
1111110011
19
101101000
118
1111001001
74
11011011
27
1111101010
162
1100110111
182
11110001
60
1110110101
20
1010011011
134
1011101111
157
1010010111
24
101111001
123
1000110111
17
1100101110
147
110111110
19
1110010010
93
1111110111
141
101111100
130
1011011011
63
1101111100
176
1011001010
27
111110100
127
1100101011
80
1001100101
180
1011111110
54
111110011
119
1110101111
183
111110111
128
1001011111
155
1111110101
153
1111111000
173
11110111
5
101111011
28
1111001111
189
1000010000
132
1101101011
81
110011100
18
1010101010
107
1111111011
111
100011101
66
10100000
102
1100100011
186
101100
80
1111010001
88
10111
94
1011011111
47
1010000
100
111101010
72
101110101
190
1100111110
165
1010111110
118
100110101
82
1110101000
138
1111011101
89
1110011111
157
111111011
164
101111000
36
1111110001
17
1111100101
11
111000011
2
1110101001
63
110101
25
1110011101
91
111000110
114
10010110
47
1101001101
5
1101111011
28
1101011011
166
1101000100
44
1101011110
158
1111111010
107
110111001
112
1100111101
128
1111011001
109
11101100
67
1010100111
131
1111000111
135
11111100
183
1101010100
4
1111100111
74
1110101010
17
1110010111
3
1101110
120
101100111
7
101011100
70
111100011
43
101111111
45
111111001
122
1101101101
7
101101001
24
1011000111
111
1001101
22
1111110110
113
1111000011
66
1011101100
70
1111011010
140
1101110000
182
1111010
58
1111100110
75
11010111
161
11010110
15
1101100101
182
1110111101
75
1101010011
178
1100100110
200
1110001010
126
1000110011
91
1110110010
148
11111010
191
110101011
92
111001111
76
111100111
136
111001011
2
1101010111
166
1111010011
68
111101110
161
1010111111
98
111111
53
1001111100
164
1011111010
66
1001110000
100
1101001111
100
11110011
195
1101100110
196
100111011
17
1101110110
169
11000100
31
1011001111
14
1110010011
118
1011010001
73
111101111
127
111011010
3
111011011
94
1110000110
32
10110110
21
1101111110
161
1111111100
128
1110111011
2
1101111
167
101110100
75
1111110010
61
1111010000
78
1100111011
152
101101101
140
1010110110
112
1010001111
73
101011101
82
1110011110
92
10011000
100
1101110011
150
1100011011
14
11011111
85
1100000100
134
111000111
94
1111
96
1101100001
66
1111000110
118
111011001
65
1001100011
127
1110101110
125
1110001001
18
1100111111
52
100100011
153
10001011
123
11110110
118
111111000
94
111100000
39
111011101
159
11100010
59
11101111
186
1100111100
151
110101111
35
11011010
97
1011110101
92
