10 500
1000010101
25
100100010
27
1010101110
136
11010001
6
101100
172
100000001
63
1001000100
200
10100001
152
11101100
60
1000000000
99
1010010
142
10000001
160
1001110000
24
1010111100
69
11100101
44
11000000
88
1001001010
58
1000011101
162
1000010100
189
1001101110
107
10101100
44
11010100
152
10000101
103
1001001110
69
1110000001
22
10111
95
10010100
198
1011010101
158
10100100
76
101100100
172
1001111011
30
11110
65
1100000
29
1010000010
79
10101011
59
100010100
26
111110000
19
111100
40
111101001
79
101110001
160
111000110
200
1000000001
102
110010010
149
1000001101
157
1000011011
62
1000001000
13
101001
96
1000011001
40
10100
43
110101010
169
1001000101
160
10000110
64
110001100
63
1010110
194
110000100
99
1001011101
20
1
29
100010000
135
110010101
3
1000100000
120
1010010010
169
110110
54
1100110
131
100000110
144
1001000010
170
1110100001
149
1110000100
184
1101110000
59
1101111000
175
1010000001
25
111000101
119
11111
51
101011110
98
101100110
34
101110101
176
111000001
152
1000001
138
1101001001
39
111011
26
1001010110
189
1010100100
188
1000000100
34
1101000000
95
1101001000
77
100001101
72
111010000
126
100
154
1010111000
29
110011001
18
100111100
95
1001100
140
1100101
125
101011
166
1010001000
65
1100001001
24
11101001
33
1111100010
59
1110101011
110
110001010
174
111010010
32
1100100000
99
110
55
10011000
77
110100011
50
10001000
72
1000010000
87
11000101
136
1110000011
179
111010110
52
1001100000
22
110000001
89
1110100100
103
100100110
165
10001
108
11001000
29
1000111
136
1010100
143
111000100
37
1100001
31
110100010
192
1010
104
111101100
36
100000000
62
111001
169
1010101010
26
100001001
113
1000011110
40
11011010
42
110101001
186
100110001
165
1101010101
6
1010000
163
10010000
93
1001010001
67
1110000000
65
1001000111
148
1111110001
192
1001001000
62
1011001010
90
101001000
160
110000010
41
1100111
32
111001001
97
1001101000
106
1011100000
117
1111000101
109
100110
51
1010101001
38
100100100
132
1001000000
110
100001000
199
110010000
136
1001000011
125
11000001
55
10101
88
111000
147
11001110
186
10100110
109
100101111
118
111100110
45
1001101
84
1101000
182
101000
170
10110010
190
11
119
1110
82
1100001010
27
1110110000
1
1111101
5
101010
134
1101011000
56
1011011011
60
1110101001
31
111111
64
101
23
10101000
33
11110110
61
101000100
91
1100110110
186
1100000001
97
1111001101
58
1111000
131
1111101010
6
1101011001
23
11010010
142
101000011
82
1011010
79
10
173
1111110100
133
1000000
4
1100100100
35
1000100010
148
1001010101
81
1000110110
142
10110100
183
1100000010
22
10010011
134
1011011001
115
1100
39
1011101010
27
1010101011
138
101110000
63
1001001
154
1100010100
100
1000111000
182
1000000101
50
1000111011
111
1101100001
61
100100101
119
1100101111
28
1000001001
111
1000110111
61
110111010
34
110000
105
1011101100
1
10001100
144
100100000
117
1000
102
10111010
80
10110000
17
100000
151
11101111
79
1111011
112
1001100100
6
1111000000
164
1111100000
94
1001011001
123
1011000010
197
10111000
112
1100111001
128
1010000000
109
11000011
123
1101000101
105
100010010
8
101110010
157
111101
24
11111001
52
1110010011
115
100001111
43
101111000
156
111000000
11
1111100011
50
1001111110
133
110000000
145
100100001
134
11011110
4
11000111
170
11101
170
1000110100
86
101000001
176
1011001000
6
1011110100
45
11000
110
100110000
42
10011010
65
1011110110
45
101100011
121
1010111
161
1110110
151
111111001
50
101010110
89
1000100001
150
110100
166
1000000010
161
1110100010
120
1111111101
149
11010011
160
100011
145
100111001
23
1001001011
111
11100100
37
1000011100
88
10100000
89
101100000
54
1010110100
134
1011010000
168
1100100110
10
110001000
108
1010010011
73
111001010
142
1010010001
154
110000111
175
1001100011
41
100000011
153
1000100
186
1000101110
163
11100
200
100000100
92
10101101
11
11100010
146
1110010100
177
1011100
113
1110110001
31
1011001100
33
111100011
107
1101010001
19
100100111
96
1000100110
114
1110000
42
1110101100
109
1110001010
130
1101
8
110101000
10
1000110101
132
110101100
81
1010100101
183
10010001
3
1100010
180
1111100101
154
1100101010
103
1110111001
153
111011010
119
1011001111
53
1100010000
159
1100100101
18
10000011
3
1100011001
149
11001
23
1101111100
182
111100000
137
100111011
86
111110110
19
1000111001
185
1101000001
177
1011011
168
1000011000
131
10101110
58
10001111
101
11010
16
1111000010
99
10101001
9
1100000100
109
110110011
143
1110111100
199
11011
157
1001101001
89
1010000011
170
111111100
65
1011000011
91
111100001
197
10011110
76
11111011
118
110100111
60
100101000
134
100110011
178
1111001011
93
111
191
101011000
52
1011110
60
1011100011
178
1100110000
62
1100001011
141
101101
156
1011001
133
1000101
7
1100011011
135
100100
175
111101000
153
110111000
164
100001
39
10110110
115
111010
75
101000000
53
10010010
76
101101101
89
1011
94
1010000100
107
111001011
174
101110
175
1100111110
108
10000111
36
1110110100
55
1101110011
178
1101110
48
1000000011
3
1001000
60
1001001001
87
1111011100
118
1111011010
112
10011
149
1001110001
132
1100000011
45
11111100
95
1000100011
43
1010111010
147
1011000
194
101010001
81
100101011
8
1000000110
136
11000100
26
1101010010
87
110100000
160
1110010111
108
1001011
97
1111000001
58
10001110
150
1110101110
113
10111011
123
10100010
159
1101100110
86
10000100
17
1000101100
101
1010000110
53
1010110111
131
100110100
147
100001010
181
10010111
106
1011100001
109
10000
46
1001111100
127
101111
4
101110100
198
1011001001
88
11100111
131
1100101101
178
100110010
144
110010
80
1001110011
157
1010000111
27
1111001
194
1010000101
157
110001011
67
100011010
200
1111110
49
11011000
81
1111010001
188
1011111000
194
1000111101
15
101001111
165
100011001
124
1010100010
38
111001110
93
100101
32
100011000
173
1000011
10
110011
71
100000111
155
10001010
105
1001011000
24
110110000
104
1010001011
199
1101001
21
10101010
75
110100001
99
1010101000
88
1111111
152
101000101
147
1101100000
146
1010100111
109
110101110
18
1001010
47
111011110
28
1011100101
141
1100010110
106
11010000
13
100000101
28
1101100011
130
110011000
143
100011100
147
11100110
41
110000101
78
1010010100
143
1100010101
171
101111101
157
101100001
51
1010110000
106
100010011
118
1000010
184
110010111
140
1011101110
55
1100101000
44
100101110
9
110001001
35
10100011
5
1100111111
120
1010001
47
101011010
116
1011001011
48
110010001
28
1110101010
87
110000011
142
11100011
16
1111101000
8
1001011010
15
1001
88
100101101
101
10111101
158
101111110
157
101111001
146
1111
148
1100100
188
111100101
176
1111010000
46
1100111000
62
100000010
139
1110111000
7
100100011
124
1100100010
117
11100000
43
10100101
78
