10 600
10101
25
100010
27
1000101110
136
1011001
130
100000000
63
1001000100
200
10100001
152
1001100
60
1000000000
99
1000010
142
10000000
160
1001010000
24
10111100
69
11100101
44
11000000
88
1000001000
58
11101
162
1000010000
189
1001101010
107
101100
44
1000100
152
10000100
103
1000110
69
1100000001
22
111
95
1011010101
158
1011001000
158
1000011011
30
11010
65
11100100
82
1000110000
65
1000000
51
1010100
100
1000001010
140
1001001000
69
1000011110
26
11110100
28
10101000
173
11000100
200
1000000001
102
110010010
149
1000001101
157
11001
62
10011
142
110010
46
100001
132
1101010101
199
10000010
33
100001000
72
1100001000
161
1010000
80
101110000
76
11
83
1000
150
1001010001
197
100000101
67
10010010
18
11011010
155
110000000
169
110000
157
10000
67
100
19
1000010001
36
1001000001
28
1011110000
193
100000010
178
100000011
61
1111010
149
101111000
15
110011000
16
101010110
164
1
16
100000100
141
100100000
46
11100111
129
101011010
196
1010010010
99
101001001
63
1010000001
52
1010010000
12
1000011010
116
1110100000
135
11100000
145
1001100111
53
10110010
6
1000100000
192
100101010
108
111100
96
1011010111
123
10011101
137
1001001100
123
100011001
66
10001001
71
11000
15
1000110001
166
111000000
58
110101
146
100011000
72
1001100000
30
11101010
64
1110100
25
10100100
104
101010
186
111000100
37
1100000
31
110100010
192
1010
104
111101100
36
1110010
65
10101100
88
1001000101
64
100110001
143
1000010011
133
100010000
165
1001010101
6
10100010
37
1100000000
34
1110000100
171
100100011
140
100001001
77
10001
15
111101
130
1010111
187
1000111000
153
11010101
12
100100
101
1001000
192
1001100100
26
1100111000
73
10010000
53
110000010
94
1010011
48
10010100
51
110000001
9
1101011001
136
1001
122
10
123
100000
196
101000000
118
1001001011
84
1110101000
200
1110001001
95
110110110
188
100011111
3
100010010
84
11010110
46
1010110110
192
1100010100
15
1110
185
1010100001
198
101010000
146
111101101
65
1010001000
141
1001101100
12
101100001
147
1000100001
35
101100110
61
101000010
81
100001100
18
1101010
68
1101010000
111
1101001000
10
10000001
50
10001011
123
1010001
120
11011001
79
1011000000
109
1001001111
122
1101100100
141
10100000
105
10101110
83
1010101100
138
1100
17
1010100000
105
101011
164
1110110000
114
1000010100
6
1110000010
137
100100100
122
101000001
133
1001110
182
10011000
117
110111000
72
101010001
39
1010101101
193
110000100
173
1011000011
51
10001101
157
1000001011
28
1001000011
166
1100100
164
111011
42
10010
158
110010001
157
10110000
91
101001100
83
100110
133
11000010
181
1000011
123
1101000101
105
1010100101
76
1101000100
67
100011
167
1011100
118
101000101
79
1000101011
64
1010010101
144
1111010100
83
1000100011
133
1000101
129
1111001
45
11001000
122
1001010010
57
100000110
126
1001011110
138
1100001011
109
1111011
7
1000000101
87
1110000
18
111000
92
10011010
114
1111100110
47
1101000011
74
10100
101
1010001010
31
1010011011
13
1110010000
148
111010
160
1001001001
57
1101000
19
1001000010
65
100000001
68
1101000010
150
1101011
110
10001110
112
110101000
65
1000100110
187
110010100
165
101000110
116
100001011
87
10001010
99
1100011000
71
1101000110
18
10110001
56
1000101000
175
100100001
96
1000001
63
1010110010
37
101001101
139
1000111100
69
1010111000
154
1011000
34
1000011101
38
101001110
189
1101000000
85
110
199
1010110001
176
1100110
64
1000001100
145
1010000110
173
110101101
121
1010000010
55
11011
168
11010000
190
1111000
29
10010001
144
101000011
5
10001000
100
110001000
198
1111000000
79
11001011
141
1111001010
171
100111
170
110011011
28
110000110
146
100100101
113
1010010
27
1100001001
141
101000
156
1000010010
36
1000110010
21
111010000
156
1101110000
92
100101
44
1001000000
68
1010000000
74
110100000
114
10110101
56
101110011
144
11111010
11
1000001110
74
11010010
186
1101010110
161
100010101
102
1100010010
49
1000011100
192
110110101
83
11100010
48
100111101
124
101010100
63
1100010
162
100100010
8
1100000010
196
101001010
21
10110
48
1000010111
156
11011000
143
100000111
22
1101100010
5
110101100
38
1011010000
128
101
184
100110010
115
1100100000
98
1100101100
166
11010001
60
101101000
80
1100110000
14
1000011000
28
1100000110
120
1000100101
190
10000110
134
1101100000
20
1010110000
101
11000011
37
1111000111
62
11110101
132
100010001
156
1001110110
16
1110100010
194
100101000
150
1000101010
67
101110110
132
1010000101
106
1111101
152
1000010101
151
110001
79
1000100010
91
10010101
181
1101111010
58
100100110
178
1100010000
129
10000011
8
1100001010
75
1110000011
103
11001101
30
1010011001
44
1011001100
112
1101001
22
101110111
195
1001001101
133
1100000100
69
1110100011
49
1000000010
153
1010100011
19
1010110100
189
1010101011
174
1110000000
59
11000101
49
1000110101
23
1010101110
47
10111
175
1011010
93
1010010001
177
110110
37
1100010001
199
1000000011
181
11110000
79
110110000
112
1001000110
185
1111000100
5
1100001
144
1100100010
117
101001011
72
110001101
65
1100111
41
1001011010
196
1100001100
130
100010011
186
1010100110
69
101100010
194
10100011
55
100010111
68
1111010000
7
101001000
97
1000110100
179
1011001001
60
1000111111
48
1101011000
124
1011101000
150
11001111
95
1010100100
28
100110011
176
100011101
52
1000010110
54
1100101000
183
1010101000
84
110100101
121
1100011100
163
110101010
44
1101100110
179
1001001
136
110000101
177
1111100
28
1010100010
115
11100001
145
100010100
31
101000100
97
1111001000
47
1111010001
36
101110
32
1001111100
77
1110101101
21
1100011011
47
1001101
108
11000001
187
1111000001
174
100110100
198
101001
53
1101111000
14
1100000011
100
1000000100
1
10010110
158
1000101111
66
1100010011
111
110011
79
1011000110
136
1000001001
92
111001011
141
110011001
83
100100111
21
1001000111
144
1001011001
76
1001110001
173
1010001101
18
111111000
161
100001110
170
10000111
25
110100001
166
101011101
24
1110010010
78
1010001110
139
100011110
198
111011001
139
11111100
147
100011100
199
1101010001
1
11001110
58
110010000
72
110011100
14
100110101
45
1011100111
22
111001111
155
1100110110
5
10111001
26
1111111
161
1100011111
71
1100101010
33
101101
108
1011101
3
110001010
10
1011010001
110
110111
82
1001111
50
1010011111
67
1000111
135
1101001001
103
1010011000
188
1110011111
103
1011
66
110000111
50
10101101
37
101101100
4
1001100001
111
1101001100
10
1010011100
143
1001100010
125
1011100100
165
1010101010
99
1110101010
134
1010110
74
1110011011
173
1100110011
187
11001010
180
1111100100
135
1001010100
102
1111011000
75
1110001
133
1001010
95
11100
141
1100100100
72
1001011101
24
1011110001
46
111000011
148
1110001010
20
100101110
157
1010001011
128
101011100
123
11101100
69
1001111000
93
1010000100
25
10011110
175
11010100
171
10110011
186
1011111
66
11110010
68
11101011
3
110010101
7
11000110
197
111001
187
10101001
55
1110001000
192
1101110010
198
101100100
182
100101100
117
10100110
65
1100011
181
1010101
62
101100101
69
100010110
51
111110001
41
1010010011
143
1000110011
109
11110001
120
10101111
143
111000010
169
101010010
96
100001010
97
1100110010
109
1101
45
1101100001
53
110010110
167
110001011
20
101110001
76
11100110
167
100001101
196
1000110111
71
1101101
111
110001001
160
1000000111
3
111111
142
110100
68
1110100111
197
1001101000
89
1100001110
11
110100011
47
101011001
175
100110110
114
1110111
14
11011101
41
111001010
59
111111110
156
1100011001
63
1011010100
52
10011001
180
1110000001
91
1100110100
97
1111110000
8
111000001
52
11111000
10
10110100
59
111101000
5
101111
108
100110000
11
1100101
9
111100010
55
111001000
138
111010001
132
1010011110
59
101100000
122
1011100001
141
101010101
24
1111000101
190
110011010
180
1000101101
104
1000101001
106
11111110
175
1110000101
12
1010001001
127
1111011010
132
1110100100
14
1000100100
69
1001110000
200
1101101000
6
1000111010
120
111111100
41
10001100
65
111110
78
10010011
163
10111000
89
1010010100
8
1101100
181
101101001
187
10000101
99
101101110
114
101010011
175
110001100
76
1001111010
121
1000000110
107
1110110
125
