10 600
1000011101
25
110100010
27
1010101110
136
1011010001
6
111100
172
100000111
63
1001000100
200
110100001
152
11101100
60
1001000000
99
1010010
142
10000001
160
1001110000
24
1110111110
69
111110101
44
111000011
88
1001011110
58
1000010100
189
1111111111
107
10101110
44
11010100
152
10010101
103
1001001111
69
1110000001
22
1000110111
95
10011100
198
1011010101
158
110100100
76
111110100
172
1001111011
30
100011110
65
111101100
82
1000110000
65
1101100001
51
1001011101
100
1011001011
140
1011111000
69
1000111110
26
1011110100
28
10111100
173
1111001110
200
1000010001
102
110010110
149
1000111101
157
1000011011
62
1100001000
13
111101001
96
1000011001
40
10101
43
111111010
169
1001000101
160
1110000110
64
110001100
63
111011111
194
110000101
99
1101011111
20
1000001000
32
100110100
154
10001100
1
1010000000
164
1011101011
90
101011001
131
101001011
6
110101101
54
11101
189
10010111
103
1101100101
160
11111000
149
11100101
80
11111110
127
11101111
186
111011000
60
1111000
100
1111000101
4
1100101011
21
1110101110
200
111011101
100
100111110
110
100001000
109
1111111011
110
1010000111
33
1101001010
65
1101101110
98
110000
180
11101001
107
1010001001
39
1010000
190
1000111010
63
100000
130
111110110
135
1001111
182
100111
49
110110
20
110111
142
100000001
78
111010001
189
1111100010
99
100000101
91
1010111101
106
100010101
103
1111111110
40
100111010
56
1110011000
46
1100110010
134
1001001
27
111001101
71
1111011
15
1101101000
126
1010100001
190
1100011000
81
1111110000
163
10111010
169
1110111001
72
1001100010
30
111101011
64
1001110101
25
1010100110
104
1000000001
57
1111001101
112
1010101101
104
1000000101
159
11011101
94
1101000111
76
1010011010
200
10111101
196
1101000100
144
110001110
112
1001001000
15
1010001010
123
1000010000
147
1110011110
47
1110111000
119
1101010010
88
100110011
56
1100010110
102
1010101010
133
1010101111
144
1011011010
188
100111100
120
1111111
51
1100010100
161
10001111
34
110001111
77
1001101
66
11110110
63
100110001
66
1100000111
10
100101001
26
10101011
87
11001111
49
100110000
14
10100100
39
11000
7
11001100
95
1011001100
151
1101110111
54
101101011
81
110011010
107
110110010
117
1011011110
54
1100000110
153
1000001011
125
100000011
50
101100
67
100010111
114
1011001001
66
1010010110
54
1100011
119
1110101011
183
110110100
128
111
155
111010101
30
111001010
132
1111111100
109
100011111
3
100110111
84
1111010110
46
1110110111
192
1111010101
15
1001111111
185
1110100101
198
1010
81
111101000
33
1011110110
61
101101100
91
1100110110
186
1100000001
97
1111011101
58
11111100
131
100000000
92
1111111101
42
1110101100
113
1101001
10
10100001
171
1000100010
68
1110101101
125
1111110
56
10000101
39
100010000
142
1000100
61
1011100110
94
101000100
16
11001101
120
100011000
53
1111100000
138
1000010010
151
1011011
86
1000010101
43
101000000
36
1011101110
117
1010001
78
101110001
40
1000000000
43
100110101
108
1000011000
60
10101101
84
1101111100
31
101000
36
1100011101
35
1011011000
99
1111110010
69
10011110
134
110
141
11111111
158
1011011100
107
1001000011
177
1011101000
5
101011110
111
1100001
140
1110000010
152
1011101100
1
1101010
57
101100001
117
1001
102
1010111110
80
110110000
17
1100101110
176
111011110
136
11110111
177
1000100111
48
1110000011
59
111100101
98
1111101001
177
1011100010
76
11100100
30
101000101
40
1100101100
73
10010011
126
1110010101
117
1000001101
161
1111100100
138
1111101010
22
10011101
181
1111010111
131
1111100
118
1101110011
13
1100111011
64
1010011111
144
1111110101
83
1010110010
91
101010001
14
100110
17
1010000011
56
110101011
134
111010
132
110011001
151
100011010
174
101000011
176
1111001011
44
1000100000
172
1101100100
113
1101111010
82
1100
70
1010011000
140
1011011111
126
1101111011
18
11110001
190
1000000011
48
1000100011
38
1100010101
77
1101000011
95
10000111
87
1001100100
24
111111
70
1011010
150
10010001
189
100001101
189
1001000111
150
1010000110
117
1101111001
66
1011101111
89
1001000001
162
1111011011
141
1111001001
131
111010010
65
110101001
92
111000001
76
1100111100
126
1111010010
110
111100110
181
11110100
138
11111101
177
1110
151
101001001
121
1011001110
198
1011000100
188
1010100010
168
101111101
35
11110000
76
110111110
173
1010110100
134
1011010000
168
1101010001
86
100100000
163
1100100110
200
10111111
79
111011
185
1100011011
190
110100110
66
1011010011
27
101110111
68
1001110111
94
1001111000
149
101111010
79
1011
156
11110010
146
1110010100
177
1011100
113
1110110001
31
1111101101
33
111110011
107
1101001111
198
1100100
143
1001100
58
11100000
119
1111011010
168
1101011001
80
110101
141
1000110100
10
111100001
3
10001101
22
1100011100
115
1001100011
17
1010100111
79
1001010101
34
1101110010
199
111101101
184
1000001100
122
1110111111
153
10001110
71
1011001111
53
1100010000
159
1100100101
18
1
167
10000011
3
11011110
146
100011001
23
10010100
137
110111011
86
101000111
10
1011111011
55
1000001110
179
1011000010
75
11010001
56
110000110
183
110001011
35
1011001000
29
1100110001
73
1110011011
198
1100010001
148
100101010
121
1011100001
90
1100010011
155
1001110110
126
111111111
36
1101001101
74
1001010000
19
101011010
116
1110010011
116
1110011111
28
1111100011
165
1110001111
146
101111110
35
110110111
103
1000110011
54
101100100
126
1100000000
175
1011111
117
1101100010
15
1011010110
190
1101000101
67
111001011
36
1010000101
177
110001001
16
110110011
190
1100111
17
10000100
20
11110
38
11011011
80
110101000
200
1100100001
57
1000110010
110
1101101001
83
1110100001
181
1110110100
148
1000011100
31
101010010
15
101101101
117
110000001
15
1111000010
128
10110101
56
101110011
144
1001000
160
1010000100
161
1000011110
74
1011010010
186
11010
65
11
97
1111101111
19
1001001100
73
1001101111
115
1000101000
63
110011110
41
101011100
50
1111000000
61
1101011110
21
11101010
186
1010101100
83
110000111
35
1010100
195
11011000
97
11001010
101
1001011011
125
10111001
138
110000100
120
1000111
113
110001
170
1110101000
143
1111000111
107
1101001100
124
1011000101
140
1000110110
155
1100010
70
1110000000
141
1111000011
166
1101010110
77
11000001
128
101111011
169
1110100111
69
100010100
170
1000101111
4
10110100
131
1101011010
11
111001110
121
110111010
80
1100110011
36
1100001010
195
1110001001
143
1011100000
106
100
9
1011100101
75
1100110
51
1001100001
152
1100100011
196
101110
35
100011011
96
111010111
135
1000
21
1001010100
176
1101000110
179
1110011
13
11000100
21
100101110
172
100001011
139
101100010
57
1111010001
197
11101101
119
10100010
147
111011001
1
1100110000
100
101110101
132
10100011
115
10011011
123
1100001101
138
10110011
112
1010001101
108
1111
6
101010000
142
1110110110
91
111110010
92
1110000
24
1001101010
12
101010110
156
1101111110
153
11001011
159
1001010010
43
1011110101
64
100100001
9
1100101
52
101001101
144
1110000101
91
1100000010
46
1110100110
101
1011101
49
1000101100
46
10100111
24
1110111010
92
11010101
171
1110001010
146
11010011
179
1010110110
143
101110110
32
11111001
171
1011110111
169
101011011
60
111111100
174
101101001
113
1100010010
129
1000111011
158
100111011
184
1010111
152
1100001011
138
100010010
32
1111001
170
1010001111
147
1010111011
195
1111011001
153
1111111010
106
1011000
23
1111101011
80
11100010
42
10101100
102
1101010111
132
1000001001
105
1111101110
164
10111
39
1110010000
186
1101000010
53
1010001011
136
11000000
191
1100101000
11
1000011
32
1001010110
43
1010010011
176
1111001111
104
1000101110
145
1001011111
110
1001110011
133
10110111
56
1000000110
181
1001111101
146
11100011
135
100111101
186
110010011
160
1100111101
87
1111011110
65
1000101011
115
1000100100
98
1100001100
130
10101001
53
110101010
152
1010110001
38
1100101010
124
1100000011
182
1100111001
135
111111110
155
1010001110
18
1101011
13
10010110
61
1001100000
24
1101110001
194
10110010
77
1010011101
66
1100011001
21
1011111100
128
1001010011
4
101000010
56
1000111111
48
1101011000
124
1001011001
66
1001111100
128
110110101
80
11001000
181
1010100000
55
100100100
95
1101010101
143
1110011101
155
1101100000
34
1110110000
145
1101111111
162
111110001
72
1110000111
197
1110110
49
110011101
178
111010000
64
1000101010
73
1110111101
52
10110
164
1000100101
27
1110101001
183
