10 900
1111111101
25
111101111
27
1111101111
136
1111110111
6
101111101
172
1101010111
63
1011101111
200
111111101
152
11101110
60
1001110101
99
111110010
142
11111101
160
1001110110
24
1111111110
69
1111111111
99
1010111111
6
101111111
57
1110110110
189
101011101
118
111111001
173
1101111101
84
1101111110
110
1010101111
17
111011111
130
1101111111
149
1010011001
69
1111110011
4
1011111110
42
1011111111
141
111111110
117
111100111
54
111111111
165
1110000111
6
1011011111
46
1110011111
37
111100110
41
1110101110
71
1111101101
136
1101111001
131
1111110001
146
101011111
24
1111011111
111
1011111100
49
1111011010
73
111011101
92
101110101
80
1111110101
79
111110110
1
1110011001
116
1101101100
87
1111111100
70
1101111011
119
101101111
109
1110111111
163
111001101
70
111101101
85
1111011011
69
1001111011
88
1111111011
97
1111010111
119
1100111111
110
101011000
109
1110101111
11
1011111101
24
1001111111
85
11110101
185
111111000
84
100111111
32
101110111
65
1101111100
48
110111100
95
1100001110
91
100101000
162
101011110
198
1111011110
46
1010110110
125
1111000100
123
1011010101
136
111010111
52
11101111
186
111101010
35
1111101011
191
100001011
79
1101110101
8
10111111
196
1101011110
194
111111011
179
1101011100
61
1111000101
31
1011101110
200
1111010101
127
1101101111
87
1000111111
140
110111111
77
1101001111
66
1011110011
184
11011110
60
1111100111
70
1110101001
93
1110111110
121
11101001
166
110001101
199
110010111
136
1110011011
93
1011101011
93
1111111001
73
10111110
32
1111101010
27
111110100
127
1010010000
43
1110010101
4
111110011
119
1111000011
18
1101011111
168
1100000011
149
1111110110
59
1110101011
37
1111001111
124
111101011
186
1111100110
61
1011101101
157
110011111
181
1100111
80
1111010100
90
1011011101
115
1010111010
144
111011110
52
1111101110
93
111001111
82
1010111100
6
1111111010
99
1101011010
31
110010110
98
1110110111
76
1001101100
123
110111010
17
1010110001
151
1011110111
177
110110110
68
110011101
170
1011111011
183
1101110110
4
11111111
176
1101110111
36
1100101111
102
11011101
137
1100011010
23
110110111
64
1110111101
29
11110111
197
111110001
113
1110111011
87
11111110
200
1111111000
102
1100011110
6
1101100111
182
1010110111
187
1100010100
101
1001100111
44
1101100101
4
111111100
129
1111011101
28
1110101100
103
1110010100
168
1111100101
66
1001011101
57
1101101011
56
111110111
40
1011010011
21
1101101
57
101110110
161
1110001110
32
111100101
178
1001101111
47
1110111001
159
11011111
154
110111101
116
1111110010
61
1111101001
131
1011011011
195
1111001110
40
111010110
198
110001111
11
1011111010
117
1110101101
161
1011001111
197
1111100011
70
1110110001
86
1101001011
151
1010111110
28
1001011110
65
1100111011
160
101100111
158
1110110011
43
1011100101
38
1101100110
22
101010111
144
110111011
116
110111001
173
111011011
1
1000001101
193
1110010111
96
1110111010
169
1011011110
126
1000100111
62
101101101
86
1100011
87
111010011
81
111011
182
100110111
88
1110110101
114
1011010111
40
1001010111
129
101011100
39
11111001
175
1000100100
25
1011100111
149
111101110
145
1100011111
99
1100111000
189
1011011010
153
1111011100
29
101111110
69
1100110111
199
101111011
70
1001001011
116
1011110010
116
1001111010
34
101111000
62
101110011
43
1110011010
82
1010011101
128
11111100
50
1011110110
139
111111010
161
1011001110
41
1001101011
4
1011101010
93
1111110100
174
1111010010
86
1110110000
131
1110100
73
1101101101
42
1010011111
2
100010011
41
1110111100
177
1111101
184
1111010011
81
111100011
75
1110100011
37
1100111001
189
1001111101
62
101000111
168
110011010
34
10101011
45
1001111110
95
1011111
192
11010111
92
1110101010
65
1100101011
192
1100010111
12
11011100
97
1010111101
67
1001111001
139
1100001111
163
1100101101
185
101111100
171
1111111
103
1111100010
12
111000101
106
1110011101
41
11101011
68
1100011011
47
1000111110
36
1111101100
87
1101011101
168
110000010
38
1110110010
6
1001001111
144
1100111010
60
1011100110
25
1100111110
128
1100000101
34
1011011001
46
100101111
105
1100110101
21
1100101100
26
1010101110
199
1111110
122
110111110
28
1101111010
97
1011101
10
1000011110
174
1100111101
196
1101110001
99
1000010111
75
1110001001
142
1000011111
60
1111001100
63
1100010101
106
1101110
131
1000101111
44
1011001011
177
1100110
17
110101100
31
1111010110
68
1110100010
190
10101111
116
1011100010
107
101011001
198
10110111
41
1110010011
189
1000111001
102
1111001011
37
1011100011
162
1110001111
121
11110010
138
11010110
177
1011101100
55
101101011
56
1000111101
136
111110101
131
1110100111
41
1111001010
29
1001011111
81
1101101110
198
1111011001
20
111011001
167
1000110111
152
1010111011
127
1000111011
55
1010111001
81
1101110010
59
1001110111
46
111011010
45
110101010
131
1100110010
133
11001110
111
1001010110
174
1000011101
106
1110111
80
100011111
196
1011111001
110
1101111
153
1100100011
65
1100011001
50
11001011
126
1010011011
33
1010101011
79
11111011
89
1111000111
7
101111010
79
111000111
115
1110011110
92
1110100110
91
1110011100
130
1100010001
113
1111101000
144
1101011011
105
1011010001
90
1011010110
87
1011110100
111
1100111100
159
1101000101
94
1001111100
143
111101001
91
1010010100
18
110101111
156
1100110100
78
111010001
187
110000111
104
1111001101
16
1111000110
39
1111011
160
110101110
79
1100110011
174
10111011
42
1111100100
117
1101001101
58
1101010011
153
101101110
94
11110110
176
1100100111
68
1101111000
109
1001010011
129
1101000111
61
1001001101
43
1110001011
115
1111010000
197
100111110
11
10011111
156
111011100
117
1000101010
69
1111100001
102
1011110000
162
1101001110
17
1000011100
55
110111000
12
11111010
47
111101100
167
1011110101
4
1111001000
104
1011101001
182
101011011
156
101001110
14
111010100
143
1001010100
168
1001001100
109
1011000111
134
1010110101
180
101001011
172
1100100110
38
1100110110
64
11110011
138
1011011100
11
1000011011
32
110110101
51
111010101
79
1101110011
79
1010010110
191
110100111
119
1011100001
54
111101
95
11100011
104
1010100110
22
1110111000
90
100111010
145
110001001
7
1110110100
135
1001100110
50
110011110
40
101110001
149
1011010
28
1011111000
144
1101110100
13
100011011
3
1110000110
113
1010101100
71
1001011011
41
1101101001
25
1111001001
189
1110001101
128
100111101
40
100111001
128
1010100111
71
1100001101
83
101100010
179
110011001
142
1101100011
66
1101101010
188
1101011
52
111110000
153
10011011
101
100011101
95
110010
95
101010011
116
1011110001
136
100111011
193
10010111
62
1010001101
135
1110101
116
1000101110
90
111011000
62
101010101
132
10101100
147
101111001
92
1100000111
6
1111100000
105
1100001011
164
1001000111
86
1010010
188
1110010001
82
1101001100
192
10100111
111
111100100
1
1111110000
175
11000100
132
1000001111
139
1000111100
163
1000110101
150
1010101101
92
110101101
157
1001110011
6
1111011000
196
1101011001
126
101001101
134
1010001001
86
1101100
198
110101011
157
11101101
74
10101101
47
1110100001
94
1001111
148
101101010
165
1010100101
179
1001101110
59
110011011
164
100011110
155
1100101110
181
1010011110
19
100001100
100
110110011
60
1101001010
71
1110110
74
1001001110
72
1101010110
84
1110010010
41
10000111
100
1011110
51
1001101101
82
1010000101
72
100110011
14
1111010001
8
101001111
130
11011010
85
11001111
119
1001110010
1
1101001
66
1110011000
198
1101010001
55
1101001000
178
101001010
170
1011010010
126
11011011
54
1001011
76
111001011
88
1100101001
188
1001010010
57
1101000010
23
11101000
29
101000011
29
101101001
26
101010110
144
1000010110
141
1110000001
116
1101100001
13
1101101000
15
1110000100
46
1110100101
20
110110
114
11100111
20
1110100100
20
1010101010
28
11110100
182
1101011000
158
10110011
124
1010110010
54
1010110100
93
110100001
151
101100011
105
101001001
47
1100011100
73
10000100
81
1010111000
166
11101010
176
1101010
91
111111
114
1010010011
113
10011010
156
1100011101
176
11011
113
1110001010
31
1001011010
56
10111101
30
111001110
148
1010001011
171
1001101001
87
10011001
51
110100110
90
1100011000
200
1011001101
36
111001100
78
1101000110
177
1001110001
165
1001101010
99
1010010101
73
1010010111
81
11001100
105
110000110
124
1011011
73
1010110011
104
111110
150
10100110
103
10100011
175
10101110
58
100111100
78
1100010110
149
100110001
185
101100110
168
111000011
185
10111
65
1010000111
163
1000111000
131
1001011001
103
1010111
148
1000110110
159
1000110
41
110100011
53
110100101
65
1000010011
123
110001110
21
10111000
141
101100001
70
100101100
97
1010001110
176
110101001
12
101100100
99
111101000
152
101110010
19
100011010
182
1000111010
90
1101010101
188
10000110
18
1101100010
136
1110010110
46
10110001
58
100011100
181
11000111
29
1010010001
197
10111001
150
1110011
87
100100111
178
10011110
90
1010001111
59
1011101000
23
100101101
112
1110000000
93
11001010
169
111001001
63
101111
197
1011100100
79
10111100
114
1011000110
58
101100101
19
111000100
107
1100100
183
1010011010
61
1101001001
32
1100101000
26
101010100
66
101000100
49
100001111
144
100010101
122
100001110
192
1010110
64
110001100
60
11001101
196
1011001
195
11110001
65
111000001
34
10110010
122
1010011
37
1011001010
119
11100110
119
11101
65
1010101001
139
110111
20
1100110001
196
100101011
191
1001010101
37
1100101010
62
101101100
75
1001110100
76
1011011000
156
1111100
141
101110100
171
1000000010
4
1001101
29
11111
56
101000110
84
1001011100
16
111100001
62
1101100100
11
111010010
81
100110100
162
1000101101
187
10111010
63
100101001
132
110101000
138
1101010100
31
11101100
191
11010101
182
110011
42
1011010100
179
1101110000
34
1100100101
93
1011000101
200
1100101
155
100010111
92
100100010
74
11010011
128
1000110011
176
11010
115
10110110
90
100000010
116
110011100
3
1101000100
20
100110010
4
100001010
103
1100100010
82
11111000
1
1001111000
137
11001
140
111001000
19
1001110000
13
1011001001
67
110010010
112
1100010010
72
111000110
147
10110100
170
1000101100
41
111100010
7
100110110
51
110010101
60
110110001
21
100000111
28
110010100
137
1010100001
167
1001100011
44
1110010
11
110000001
6
1000100
183
1111001
181
10001101
47
10110101
35
1010000110
134
110001011
63
10010101
133
1000101011
38
1000000110
69
110110100
15
11001001
85
11100001
149
1010011100
163
1110000101
9
1001000110
27
1100000001
11
1111000001
30
1001100101
47
11011001
150
100111000
125
1110000011
36
10010011
119
1010101
2
1110101000
55
1010100011
107
1010000011
56
11100101
26
111001010
69
101010000
82
1100010011
198
1000100010
153
1111010
22
10101000
37
10000011
185
11010000
128
101011
115
111010
68
1001101000
168
1110001
65
101011010
180
1111000010
78
10101010
10
1000111
27
1100010000
70
110101
88
1011100000
63
1000001100
53
1001000011
24
1000001110
121
10011100
101
10100101
196
1011000001
85
1000101001
147
100101110
157
100011001
150
1000001011
122
1100100100
38
1100001010
95
110110010
110
1000011010
105
101010001
79
1010110000
21
1011000011
77
10011101
41
111100
34
11110
170
110110000
139
110010011
53
100100110
119
1010000001
133
11010001
151
101010010
194
100010110
138
10010110
40
1100001001
172
1000110010
181
101110000
107
100001101
117
1011100
198
10001111
13
1100000110
95
1110
39
1100100000
34
1011001100
106
1001001010
128
111001
8
110100
189
10010001
7
110011000
119
10100010
186
100110101
46
11000011
114
1001000101
145
11001000
120
1100010
93
11100000
195
11010100
76
1011
55
11100010
196
1001001001
71
1110001100
19
1001010000
38
1100000010
117
100111
170
10010
11
1110100000
48
10000101
31
110100100
72
1000010001
113
11000110
41
1000010101
28
1010001100
63
1100110000
140
1001100010
96
1011001000
101
1000001010
183
10001110
94
1100001100
89
101101000
73
1011000100
132
1000011001
137
1101000000
190
1101010010
95
1010100100
157
100010
115
1101000011
75
1011000010
75
11000101
21
101100
44
111100000
112
1001100100
46
1101100000
62
1010011000
69
1110000010
142
1111000000
136
10011000
97
101000101
89
110000101
170
11011000
8
1110001000
39
101000010
113
1000100101
116
100100101
189
1001011000
155
10001011
14
1000100011
189
11110000
7
111010000
96
1111
5
1000000011
65
1011010000
106
1001100001
173
10101001
123
1111000
79
1100001
51
1001010
20
1100100001
155
10110
109
110000100
119
1010010010
31
10010100
155
1101010000
102
1100001000
25
1010000100
13
100011000
51
1101
88
110010001
194
1000101
23
110001010
171
101001
63
1001010001
66
1000001001
37
1000100110
34
100100100
198
111000010
146
10011
18
100101010
112
110100010
184
1010001010
166
