20 100
11110111111111111101
152
11111111111111111111
195
11101111111111111111
151
10111111111111100011
118
11111011111111111011
92
11111011110110011111
173
11111111110111111111
166
11011111111111111111
58
1011111011111111111
118
11111111010111111101
84
11111111111101111110
61
1111111101111111111
200
10110011111111111011
58
11111011111111011110
49
11111111111111111101
167
1111011111111011111
200
11111100011111011111
19
11111110111111101111
13
1111111111111111111
5
11111101101111101011
82
11111111011111111111
197
11111101011011111111
146
11111110111101111111
192
1111111111011011111
194
11101111110111111111
173
11111111111111101111
188
1111101110111111110
172
11111111001110111111
70
11111111111111111011
191
11111101111111111110
69
11111101111111111111
67
10101111111101101110
156
11110111101111101111
60
10111111111110111111
66
11111011100111111111
106
11111111111110111111
129
11011111011111111011
180
11101111111101111110
197
1111111101111111101
95
11111111111100101111
192
10111111001111111011
141
11111011111111111111
190
10111101111111111111
43
11111111111011111111
59
11111011011111111111
123
11111101011110111111
136
1110111111111110111
52
11110111111011111101
85
11111111111111011111
36
11001110111111111111
145
11010111111111111111
175
11101111111111110111
171
11011111011111111110
26
11101110111111011111
92
11011111111011111111
15
11111110111111111111
186
11111111110111111011
6
11011111111110110111
39
11111110111101011111
40
11111111111100111111
58
11101001111111111111
159
1111111111011111111
66
11111111111101110111
127
11101111101111111110
121
11111111110111101101
78
10110011111011100110
4
11111111111101111111
55
11111110111111110101
73
11111111111111111100
53
10111111111111111111
109
11101111111110101111
4
1111110101011011111
171
10100111001111111010
43
11111111011111010111
180
11111011111011111111
135
11111011111101011111
114
11111101011111111111
193
11111110111111011111
18
1111111111111111101
48
11111101111111101111
78
11101111110111110111
35
11011101110111111111
47
11111111111011011111
35
11111111111010101111
58
10111011111111111111
148
11111111011111111101
21
1111111101111011111
151
11111111111110101110
34
11011011111111111101
173
1111110101011111111
70
11111101111111011111
179
1101111111111111111
119
11111101110111111111
93
10111001111111111100
99
11010111110111111111
92
11111111011111101111
122
1111111111111101011
192
11110111110111101111
98
11110111111100111111
61
11111011011111010111
199
