20 1900
10010001011000010101
152
11010001010101011101
195
10000101100100
151
1000011001000100101
12
10011101100000
69
1000010100100100
107
11001100111000000010
22
10011100101010101
180
11100100101000011000
102
10100001010010000111
55
1001010110001001101
131
10000101000110101
73
11100000010100100111
22
1001010000000010111
142
1010010001011010101
94
111101101011001000
42
11101100000000111101
76
10000010100011000000
139
101001001010101101
78
11110010111110000101
75
10001001111010011000
53
1011100011000101
139
11010011001001001000
67
11000011011010000
58
1000001010011100000
153
1000001010011000011
187
1001000101011010101
125
1100011001001000011
63
1100001000001010110
99
11001011101
1
10001010010000000001
119
10000000100100010000
127
10000010110010101
44
11011010100100100
78
110000011001101
190
1000011001000010001
49
11100001110000100011
184
111011110001110
170
10000011100010111010
116
11101000001111110000
4
10110101100110001010
111
100111000001010111
155
11111010010010000100
110
100101011010000111
24
10010101001001010100
85
11010000001100000
84
1000000000001101001
32
11101000000100001
65
11010111000000000001
48
1001111001011001100
95
110010100001001100
132
10101100100000010
199
1000100000000000000
198
11110000100101
197
10011101001000
190
1011111111000100000
199
100110001010011101
46
11001100100000101110
134
11000100110001000000
131
1000100010110100
179
110001010100001000
136
1110101101110000011
52
11000000111001100000
85
11010010011101010110
36
1000101001001100
145
1000111100110010000
138
10001000000101010000
40
10001010001100001101
138
10110000000001010011
166
10011010000000010111
30
1100100000000100001
173
10011101010101000101
174
11001110001000010000
168
10100100101011000011
109
1011010100110011011
177
1110101010101001100
120
10001001000000010100
67
1110000000010010100
58
11111100010100100011
192
1100101011001001000
182
100010100100001
15
100110001100111101
186
100110100000111
127
11001111000101010111
153
110101010011000010
12
100100000000100100
151
10011001000001000010
26
10011000001010010000
38
1110000000001010
147
10010011100011001110
140
10100110011000001
48
11100000110010010111
126
10011011011110011
84
11010000000110110
182
1000000000000101000
173
1001000101000000000
86
11100001001001011001
85
10000000001110000111
51
10001001010011101010
173
1010000010000000011
30
11110110000111000010
173
10101010001111101
141
10101100010011011100
195
1010011101101101111
52
10110000111111111
117
1110100101000
117
11011010010101000000
42
10110001010001001001
176
10010110000000111001
16
10001111100110100001
42
10100100000000000011
71
1011101011001111111
88
1010000110001101
155
10110101000100
4
10100000000100011010
91
1111110100100001
124
10001000100001000100
177
10100010001011100100
157
1000110110010010101
181
101101000001000000
183
1001001111100000010
115
1101100100000010100
59
110000001010000
130
10101110111010101
72
1010101100000000010
32
10111000000000000000
153
10100000010010011
172
1010101000111000011
40
1110111100000010101
150
11100011101100001010
137
10111100100100101100
69
10000010011110
95
11011100000111111110
111
11101000100100001100
112
11000010010101011011
138
10110001110000010000
51
10100000100011001101
71
1000001001000001000
131
11000001011101000000
129
1001001011000000101
186
11100000100000110010
15
11110110001110
35
111100000011001100
91
100101100101111100
1
10001011100010110000
133
1010000000011001110
33
10100000001100001
173
10001001001101000101
131
111101001011100101
91
1110010010000010
183
100111001111100100
181
111110000101010111
183
10111100010100
69
111111100011101110
176
10011111101010101
50
10001100000000000010
159
111000010011010101
140
11000100100001110000
23
10100110001111001101
17
10010000001000000001
47
10100011010001100
197
10100100100100010100
84
1111000100000110110
10
10100110110010000100
46
11000101100001011011
155
1010011000000000
160
11010000100000000001
68
111101111011000010
187
1100000100010010110
144
1110001000111000000
53
10110100001101100010
40
11001100100000000001
3
10110010000000010111
176
1001000100001001010
104
10000110100001101
150
10100001010000100
101
11101011101000101000
58
110001101001101111
126
1110100111001000001
141
10101001001011000000
96
1000001001101010010
14
100100100011110000
26
11100000011100110011
66
11100011011101000
85
110000101000000000
14
1000101011000000101
166
1000010000100100101
11
11010000100010000000
150
1000010110010100101
22
100011100100110101
112
1001100100100000011
174
1010100000110101010
141
1110101001000100111
165
1111001100011011000
116
10000010001000010000
198
10010001011101011101
197
1001000001000000011
16
10000000010010010101
190
1110010100000111000
99
11110110001000010111
71
1111000111101100110
107
10010011111101010001
198
100110000001000100
95
10100001000111000001
140
10100100111010110000
163
110101110001010001
125
10101101101010001000
37
11110100110001101000
136
101001101011000000
21
10100100100011010
161
1000111110010100011
152
11001010000111100
146
11001011001010101110
36
10000111100001110
115
111001110110101000
100
10000110110011110001
111
1110010010101100
149
10011001000001100000
50
10010001100110011000
37
11000010010100100000
181
1100111100000110111
24
101010000110010011
77
10110111110110100000
76
1001000111001000000
171
1001101000001011000
16
11000000101101100001
182
11000000000101000000
84
11111001010111001000
120
11110000011010000100
133
100100010010001100
87
100010101000011110
119
1001010100110001
49
11010110000010000011
117
100011011001100010
119
11011111011110000000
125
1001011000000000000
56
11100101000001101001
8
10101100001100111
129
10100001001111001111
12
11011100001101100110
41
10001011010011100011
78
10000100110011001001
54
1110111100101100100
85
11101010101100000000
51
1011100011100010
200
11000010111110011
91
10001000110000
132
1100000101101001011
62
10100001011001100100
177
11011000010010001000
81
10010001100011
143
11011100000111101
186
1100000000000
13
100001011010100000
78
11010000100001001010
189
10000011101000010110
112
1010100000010000111
28
10001101000000100100
120
1011001011011
110
11100001010110
140
111001011010100001
29
10000000001000001011
118
11001111101001000
5
100100001111010000
36
101000000011110110
159
11000000100101001
94
11101101110011000000
118
10011000000011100011
51
110001001000101011
43
10011110111000100100
135
10000001001101111011
140
1110001010010011100
129
1110000001101111011
184
11111100000010101
21
10101110101100010001
147
100100001100000001
164
10110000111000101
194
10010101100101010001
100
11011000000101
3
1010010100110001000
21
101110011010000001
48
10010110010000001011
119
10000010001010010000
38
1100010100111
78
10110001000111000
74
10101110000101101000
50
1000100001011101101
24
10001101100110000
84
11101010001011001001
108
100110100001100000
116
1101110000000000011
173
11010101101111000
182
10100111011000110000
63
10000101111011000100
151
1011101000010101011
189
1010101110000100010
110
10000000010101110000
97
100100111110010000
103
10000000000011101100
117
10100100001011110100
53
10001011101000010
21
100101011001001011
130
110100011100111100
60
1011010000011101000
80
11011010000000011
119
110010001001100100
93
1110100111001100
63
101000001111001110
80
10001100110000101000
36
1000010101001100000
195
1110000001110001001
78
11000101100000000000
158
10000011000110001000
143
11111100100011010
49
1001001000010111011
61
110000100010000100
110
1111010001000110110
68
1010010010110111110
46
111000111
159
101010011111101001
165
10100010011000100011
67
11100111011010100
13
10010111010001000100
146
1010100100100001011
83
1010001000000000000
102
1010100011000100001
197
1010001000011100101
145
110000101110110000
55
10000001000101000001
25
111010100001100010
148
10000001000101000100
181
1010001001100101
116
110100010110011011
34
1000101010101000110
135
10101010100000110100
63
10100001000000011111
141
1101100000001010001
29
10100100101001000010
164
11000101010011
41
1000100011010101000
169
10010101011010111
47
10110110110111011110
158
111001010010000100
120
11101001000011101111
106
100001001010111001
61
10011010000011000101
53
11011000111010000010
130
1100110000101001000
143
100000011000110100
130
100011100000111000
172
11101100000110100000
89
110001011001110011
52
110000101100110100
98
1010010100001001000
48
1100010101010100000
170
101111101101100101
157
10000011001101010010
118
1010110000101000000
140
100011100010101100
2
100110100110011
167
10110110101100110
189
11000010101100100010
119
10001101001100100010
109
11100110000000001000
71
110111011100011001
87
11010010111011100101
176
10010010000100100010
74
11000100001100010011
105
11101100010010000100
117
1100110000010010100
96
10011001111111101100
16
100010001011110
93
1101000000010111
139
110101100000001
161
1111000101000100000
115
1000111101000110100
16
1101000111010010110
173
11101100101100101
31
1110101010101100
145
100110000011000101
130
10010011011110000000
198
1100010110000011000
181
10011100011110110
191
10110000111111101
23
1000000111000110000
196
1010001001011001011
123
10011101011
73
10101011100010001100
47
10000100010000010010
193
10000101111010110000
175
10111111011001101
93
1101111001000010
156
100001001011010001
34
11101101010100010111
1
11011111100010010010
178
10110001010111000111
72
1000000010100001
131
11000000011110000
130
10010001011110000010
43
11001010110100010000
16
1110001111101000001
194
11000001000000101110
43
11001101001011110
13
10101111111000100100
181
10101100101101011
6
1011001110000001100
114
1110001101001000101
173
10010011000011100100
34
111001100011011000
19
11011110010000010001
76
1001000100010101101
154
11001110010000000
85
10000010010001001011
146
10100110010101001100
170
1000100100000010010
41
1100011001000011110
177
11001010101101
184
101111101010111000
193
10110110001100000010
26
100011101111001100
176
11001111111010000001
97
11010000101011110100
119
1000010001001001
173
1100010101011001000
154
101100101000010
132
10111010001100001000
28
11101010011001011101
184
111000110011011001
19
10010001011000001001
4
1100010100000101110
123
110011000111011011
40
11001100010000110010
38
11111010100000000000
163
11010110001100011
188
10100100100100101001
42
100111110000011001
101
111001000001101101
83
1101010000000110000
92
11000001110001000001
83
1110011101010000101
128
11010010000110011110
145
100110010000000100
102
1101111011100010110
102
10101100011011
145
1100001010111010
48
11100010011110011101
23
11000011011000011001
55
110100000000101001
96
1000010101010101010
178
11111010100100100111
104
1111100000111100
109
100001000101011000
142
10010110001100101000
76
1000000110100000100
119
1000000110011001100
47
10011010000011001110
167
10001010101101000111
73
1011010100011101
144
11100000011000100001
53
1101001100001011
83
11100101001010001000
105
1011100000000000010
14
111001011001
199
11000100000010
6
10101101100110101011
131
10000001100010001100
110
1100011010011111011
38
110100100100011010
178
11100001001010101110
145
11100111111010101111
131
10000100000000001100
49
1011001001100110
190
1000000001010000000
158
11100100001001000101
91
10001001011011100000
81
11011001101101000111
179
10010000000001001
72
1011001111010100
33
10110000110111100010
56
1001111110100010101
121
11101001001000100011
144
11111010101111000100
39
11000101000001101
40
10101010101101001
101
10101001100001001111
159
10100001010001111011
140
1100010101010110100
40
11010011001000110000
180
10000010001011111010
108
1000111110010000011
32
1011100001001010100
55
11111011010101110010
51
11010000101101010
56
1110000000001100100
163
101110111110101010
61
1011010110111110010
4
110001000000011111
106
1011010111101000010
82
1000001001010001110
30
10000101100001010100
95
11100011011000000110
58
10010000010000000110
90
1100101001100000100
28
10111101100100001101
160
1001000001000110000
109
10000011000001110001
159
1000000001011100
125
1010011001101001111
13
1000000100101111001
84
111101000010001
176
11010000110110100
56
11000000100001010010
53
1111000101100
77
1010101000100000001
117
11010100100011001000
196
11111101000100100100
53
1100000001010001000
141
11100001110110100010
196
11111011110000000011
3
1010110000011001000
82
10010101001010010000
177
10001000000110100100
73
11011011011100000001
149
1110100111001001110
182
10011001110001001011
84
10110010101000010000
71
10010011110101001100
91
11000100101001010001
77
11001111110000000010
151
11110010011000000100
14
1000000010100011001
3
100000001000101100
24
111010010001110101
161
11001111001100
17
10001000111101100010
95
11001011110001001
102
11100111000001000010
155
11101011011000010000
104
11000000110011010110
47
1000101111001001000
185
10010000001000010010
189
11100111010001101011
157
100101110101011011
6
10000110000100010110
90
110001011001100011
50
11110100000000101010
26
1100010011010000101
46
11110001000000111001
115
1011000111010000001
6
10001010100100000100
106
10101110111000011110
22
10011100101100101100
73
10000000000001100110
2
11101101000000100
112
1000110010000001000
21
11110100100111011000
69
1000000110100100100
43
10100011010101110
21
10010100101100110001
43
101101001110111011
173
1100111111000010000
89
10100100000001110001
192
11110001000001010100
125
100100101110100
164
11101011010000100101
167
10101000101001111010
147
10011100001101101010
193
10110001000000110101
161
1001100001010111000
71
1001010000110
138
1100111100101111100
61
1101000001110110000
196
10010010100011011001
3
10001110111101000001
57
100100100100101101
173
10001001010001111000
140
11000001001110110010
15
110010111111001
131
1110001010110101001
78
1100001110110011100
128
11101010001000010100
99
1101100001001110111
72
100100000001000
90
10000101010001101101
186
10110011100110000010
156
10110100010000111100
168
10000111011100111111
88
1010000000110000011
185
10001010001101001101
191
11001000000101001000
2
11100010001011000010
13
10100101000011011100
199
10100100010010000110
56
1011000000110010000
19
1000000010110001001
16
11010111100111100110
51
11011011110111001111
174
10011111011011011000
12
10001000110100100101
140
10100001111111101000
135
10101101100000000001
117
1111110000000010101
52
10110001101010111011
141
100010001001010000
97
1110001000000001001
172
11000000110110101000
102
100101001000000001
77
10100100101000011
95
10000011000001001000
67
10000010110111100111
51
1000010100111110111
67
11111101001000101100
71
101100011101011001
29
1110110100000000000
196
10010000001010100000
39
1101100010100101100
148
110000111010001
42
11100010110100010101
81
100010011100100
123
10110100010011100010
126
10100010000000101111
174
1000111000001100111
155
1000110001001010
138
1010001001001001100
139
110111111000000
102
11001011110000100110
21
1100000010110010011
3
10000011001011101100
104
11101000000000001
183
1000011
68
111000101000001010
73
100110100001101010
63
10011100111110101
129
11100001101101001
9
110100010100010010
173
10010111001001001101
141
11010001001101000000
191
1100101001101000101
67
100000000101
60
1101100110111001000
148
10110001100101000100
22
10001100100100001010
168
10001000010010010000
138
11001111010110001
72
111101101010101010
52
11100111001110100100
179
11110000000101110011
68
1101100000001
97
10000000000010110010
136
10110110111110000
45
11010010001101100000
178
11011000000101001110
16
100100010001011110
107
1000111000100010101
139
100111000010000000
71
1110001100000000000
77
10000101101000001110
90
10001000010110
31
101001001100000010
182
11001000010111001110
99
10011110111010011000
68
1100011100011011001
74
1100001010001100101
186
10000100011100010111
58
1101010110101001
156
10001110000001100
108
1011101100110000001
193
101001011100101010
39
1110111010010111010
14
11010110100000101
147
11111010001000000000
101
11100100101010111100
10
1010001001010000
83
101010100000110
52
11011001011100100000
144
101101000001011110
187
10101000001010001010
97
10110111101000
109
100011100001100001
46
1101001110010
78
111101000000011000
75
100011010000000001
18
1001100010000000
24
11101011010100000001
169
10100110011101100110
189
100001001111100
177
1000010000100111010
152
101100101010010001
146
10001001010100000001
59
1100000000010100100
18
11000111100100100
35
1101010000010001110
70
100011000011111000
7
11011000010001101000
10
11110001000000111101
81
101101100111010000
155
1100110001100
108
110100010010010110
116
11100010010010100010
31
1000011010010010
107
110101000100100000
33
111010110010
96
10011001001000010011
104
101011001101000001
196
1110110111011001000
65
10010010000100000
133
1001010111001010000
93
1100000000001000100
176
11010110001010001010
32
1010010111001001101
145
11100010100011100100
19
11100110101100010110
88
100001010011100
98
11110001000100010100
7
1001001000111000011
69
10010110001010101001
116
111111010001001000
193
110111000010000111
26
1100101000000100100
184
10111010100000100000
69
10111100010101010110
179
1010001011001001011
170
1001010110100101
74
10010101000001000
164
10011100010100100
105
10000010001111010100
24
10111000000001110110
17
10011100100000111101
24
11101001011100001110
108
1100010001011101001
35
11000001101100000
97
101010011110000111
158
11110100010000011110
145
1100000100101100010
141
1100110000001010
25
110001101011010
61
1011100100101100010
189
1111011100011100000
197
11001101000000111000
98
1010111101011100001
182
111110010010000001
135
100010010100001001
164
1111111110000110
14
10110001000110
56
1110011010000011001
147
1001010001010100000
182
101000111101100101
157
10101000011110001001
28
10000010000000000111
130
1011101010000011100
46
10000110011011011
93
100010011101000001
52
10101101100101101101
5
10000010101011100000
105
10111000101011000010
6
1001110110011101
38
1011011000110100001
85
1000111101100100001
115
1100011001101010
108
10100110000010001010
183
10100101010110000111
108
11010101000000000
27
11101110010111100
179
1001001100000100000
149
1000000001011011
11
10110010000101000010
165
111110010000000100
143
11110000001101010000
120
10101001010000100010
33
110000101010100000
68
10010001111000100111
6
10000001000000000011
11
1110100000100110000
149
100010110
64
11000101011101110010
58
11111111110100001100
63
1111001000000000010
132
10111010011010001001
160
101011000010010001
15
11000110000010000101
121
10001101010101100110
150
10111101100100011000
113
10110000101110000100
151
1010111101101000111
94
11111000101101011000
173
10110011011101000110
92
1010001110000100101
192
10001000010011101001
25
11011110100001001
39
1011001110001010000
155
10000100100011110001
27
10010001011110000
87
1010100101100000101
83
11000100111110010000
7
10001000001101010101
27
1000001011111010001
196
11001100001010111000
164
11100110000100000101
154
101111000100010000
127
11001100000110100
49
10100101000101001
111
1011001010000100000
150
1010010001000100100
182
11101011010001001001
106
1000100101000001101
195
1100000101000001000
148
10110001010001100000
160
1010110101101011011
97
1100110010000001111
111
10011011101000000100
14
11101000000100110
162
10001000100100101001
67
10000010111001101110
158
10111000001001001
107
11010111101101001001
96
10011101100101100100
80
1010001101100011011
145
101010000
183
101101110100001110
156
11100111010101001010
118
1111000101100000000
54
10000010010100000
185
1010110000000
187
1100000000010001
7
101010100010010000
97
11100010000000101
63
10110111011011001011
29
10100010100010111001
132
1001001011000100000
30
1011001000010101011
83
1000010000100100000
181
1001000101100001000
159
100100010110000001
90
111000010001110000
15
1100011000000010011
184
1001111000111010000
26
1010010110000000001
30
1011011001010010
25
110001000110010001
104
10100101000010111
105
1100110111101100000
163
1010000010000
99
11001001000010000100
94
10010010010000000000
3
101000110001000000
148
10001000001101
159
111110110001011001
46
10110110011011000001
33
100100000010110000
134
1000000000000100111
111
11100000101011110
49
10101011110000011101
37
11000000111000011000
166
111000000000101100
75
11111100000000100
127
10100101010011000
176
10101011010000100111
56
100010110000100100
61
11110011000100001000
32
11000011010101000010
56
11000001101000111001
104
11101011110100100
38
1011011001000000000
33
11010000110000000011
29
10001011001010001
28
10010101001101000011
131
11100100111001011
61
1110110110100011111
185
10010101101100010
105
10011111110000000
26
1011001001010100000
37
10100010001100010000
187
110110001000100111
111
100011100001100
178
1001101100011010111
114
10100110011010000010
40
11000001111000111011
102
10011011111110000011
110
11100101111001
31
10000101101000000100
104
1101110010100101100
7
11101111000010001101
1
1111010110010011111
75
1110111111010100110
61
101010111010101000
168
111000101100000000
4
11010001010000011001
138
10100100001000011010
197
1000010010000100100
49
1000000000001101010
106
10010110011000011100
27
10111100010000001
43
110100000001110
92
1001000110001011101
177
1000001101001
117
10001011000000101010
24
11001001001101000010
192
1111010110010101111
97
101000110000000100
165
11000000110001110001
117
10110000000100010001
117
1001100010001011001
169
10010100010100111011
98
1110111000001010
27
11100000101011110010
126
11000010000110110100
7
1110100111000001111
153
10000011111011001110
23
10100110001000100101
84
11111110000110001101
61
11111101000011100000
190
11110000111111010
24
110000100101101000
50
1110000111110001011
92
10000111011000010
7
1000001010100000000
153
10000100000010010001
60
11001000100000110
42
10000011000100001001
71
10101111111100100100
62
1100000000001100001
124
10101100000011001101
56
1000000000010000000
108
11101000110011100011
114
10111101010110001
113
10010100111001100100
69
1101100010001110010
91
11010000010101100001
83
11110000000000000001
89
1010000001100100001
121
11101011001110000000
167
10001100100100000000
52
110000001000110000
134
11000110010110100
180
110000100110001101
103
10110100110110001000
65
100011010010000110
132
11000110001
50
11100111000100001110
119
10000111001110100110
10
11000101110100011111
91
10111110011110001100
67
110100011100100
67
111010101000001110
18
10111100010011000000
128
1101001111000110110
168
1010100100000100000
190
11000100100000100101
47
111011010000100101
100
10101110000100101100
97
11000100001011110000
185
1001111001010000
131
10011100000000000010
61
1100101100101101000
19
100010000000001
105
11101101100001111
80
10101010100011010101
101
11101011111000101101
85
10000010110010
80
11001101101100010000
188
10001101000100010000
49
110111101000101
163
1011111001000101101
30
10000010011000010111
9
100100101010110
68
10011001000101000100
80
1010101000100111001
168
10011100101001100010
17
10010100010000011111
142
1001000000010010001
103
1010110011000010011
48
11010101000100000000
106
1110011000001011
80
111001010000
21
111111101011110
132
1000001000010100000
25
11001101000101001001
98
1011010000000001
177
1010001001000000100
172
101000101101001000
118
10100000001110101001
73
1001010011010000001
165
10110010001001000001
19
1000100101110000001
141
101111011010100010
137
100111010010101001
117
100000000000010
173
1010111000101000110
77
10100111101101000111
32
10001010100010000000
167
111000110110010101
127
101111110001101010
50
1110101000100010010
187
100100011011010001
68
1001111001101100001
127
10010001001000111000
76
10001101100111110001
10
11101110000101000110
125
1100010101100000000
65
111110100011010010
11
1010001110101111110
70
1010001010001000
137
10000100010001110100
87
11100010111100110000
163
10100010001110101111
197
11001101001000000001
32
11100000010110000011
116
110110110000000010
19
110011101110100100
11
10101110101000110101
162
11010000110101000000
80
11010001001011100000
182
1100100001100101000
155
10111110000101000
100
10001011001110
97
11111000110100001001
183
1000100010111
154
10010000000001011101
115
1001000001000101010
162
10001001111000010
78
11111000010110100101
183
110001010110001100
160
11001000100000001
88
110010001011001
142
100001101100010110
99
100100000010000000
193
1000010110100100000
36
11000101000101111011
109
10010000110000000010
49
10101000100000000110
85
10001110000001100001
102
100011101000101011
172
100100101011011000
179
11001000000001000000
68
10011011011111001001
44
1000101001000
29
1000100001010001011
3
11100011000010101010
143
1101000000100000101
63
11000100010001111010
169
11010110000000000
162
10110111100000
90
10000110101101100010
148
110110011110100000
104
11100000101000010011
100
1001110001000100011
84
1000001000011000000
113
11001001000000001011
40
11000100010101001000
161
101011001101111110
72
1010011001011100001
20
1000100101100100000
4
11001100100010000000
195
10000010010011100100
4
10000001000001000000
70
10011000011000
174
1100100101100000
179
101000110001010110
171
1000001000000001
35
10100000011011000
50
11100010011000001100
128
11100000011000001
94
101001101111110101
6
110001010100100
168
10000011101101010100
73
11101100100111011
95
10101000000001110110
150
101010001001101000
65
10001100100101010010
188
100110101111000110
31
11010100101010001010
116
11101111111100100011
118
1110100100111011111
29
10100101001110010010
50
11000010010110001100
97
111110100000011000
54
10001111101011000010
13
10110100010110011110
186
10000000010000001110
87
10100000010000000001
54
11000101011101010
113
111100010100010000
55
100000000001000000
84
11000100100110100001
111
11000100110001001001
134
11010111010000100110
61
10100100110111100
200
1111010100010011110
178
100100000000100001
94
11000000001111000
23
10101011111001001101
15
11010010100000010101
82
100100010101011
59
11101001110000101
88
11100111001100000
149
1100011001100010000
187
1011011110100000
78
11000011000000111011
67
1010001001010001
109
11000000000110011100
166
11000100000001100001
93
11010111000001100100
102
1000101110000001001
167
10100000000111000101
111
100001111100110001
65
10111100100101
71
101010010000001111
11
10111110010
3
10010100000000101
150
1111100001111110100
192
1001011000011101111
66
10000100010011010100
13
1111000000000011
102
10100011101000101101
50
1011011000001
18
10100001000110010101
123
101000010100111100
99
10001010000000011010
156
10100010010111000100
36
10000110010110010000
137
111110101001000100
185
10110000100001010100
104
1000101000111010001
177
10010000001001011001
180
11011010100000100010
146
1011010100110001
176
11010110111101111001
153
101100010000110001
35
1011101000000110001
96
1011011101101111000
62
1000011100001100001
156
1010010111010011110
159
1010001100010001011
110
10000011001000011110
35
11101000010001100001
90
11000110110000110110
4
11010001001001001111
194
10000001010000010001
113
1101011000101001110
40
1110000100101101110
16
11110100101001100100
196
10000110000000101010
3
10010000011000100111
101
1111000100010001000
191
10000000000010000000
57
1011000000011001
157
1100110011
55
11000100001000100001
195
11000101101011001001
117
1011010011011010000
26
101001011101010010
115
1111010110010001101
189
11100110101000100001
116
100100001101000000
195
1101011010111010111
138
1010000010101011111
170
11110001000011001000
72
1001010000000110110
106
1000000001000110100
82
10011001101111
58
1100110001110000100
165
11100011110111
101
10100001110011010101
149
11111100100100000000
187
10010000000001010000
187
100101000100
17
10110010000010110
138
1111000000011010
192
1010010001000000010
16
10010001100010110
157
10000101000100100100
81
11111101110001011010
72
101101100111000000
186
1110000100001101010
26
1001000100100100110
64
1000110000100010010
89
10010010000101000110
174
1101010100101
144
11101001010101111100
84
101101000010001000
77
101101111110101001
9
101010000100000100
115
1010000110110011
21
1000111100100011000
141
11110010000000100010
138
11011000111000001111
3
11010100001111011001
111
10000001110010010001
82
10100011011010010101
3
1001101100100111000
106
10100000000111110010
182
10111110001111101010
140
10100110001001000001
132
10101001110000010010
39
10011001010111010101
173
11010100101001010111
36
1000011000110101000
75
100100011011101
75
10100001011001110
127
11001000010001100110
77
1000100000100000
40
11101110101100101011
128
100011010101100000
97
10100010100101000011
154
100100011000
193
11000001000011010000
180
10000010000010100011
169
10010100010000001
41
10001010101000001
65
100101011011000010
152
111000011001000001
192
100100001100010
200
11001110000000000010
18
1011110000101000101
40
1010010000111111011
158
11100000011001000101
5
10000111111011100010
8
10001010001110111000
48
100101011001001001
54
111000100010011101
125
10100000001100100000
68
1001100010001010001
198
11100000111100110000
188
11010001001110001000
61
11101101111100111010
61
1100101010011101010
72
1000001101111
109
100000000110000000
134
11000000010101001000
75
1000001011101010000
36
10010000111000000000
74
10111010101001010101
8
1001100100110010100
33
10100010000001100010
89
10011001001110001011
69
11101100001100111101
97
11110100111001100111
66
11001111110100011010
112
10100101001010100
108
1001010111000011011
106
11100110001100011101
127
11101010101100
106
1111100001100111101
57
1000011100000101001
178
1000001010001100101
73
1000100010000010000
79
1100101000
100
1100110001100111010
172
1011100100100001101
6
10000000000000110
161
1000100111000110010
122
10000001010111100101
98
10101011100000001110
16
11000001101111001
60
10000001101100111001
78
1110111100101110010
163
11110010001010000
175
10000001101010101
172
10000000110001001100
1
1001010000010111010
107
111000010111001000
109
101010000001
9
11100100100000011
139
101011110000000100
172
10111010010000100011
17
101101000000000001
163
10001001101010111001
38
1000001100010001000
102
1010101100111101
54
10111000001000100000
21
1001011000111110100
134
1010000
49
100010010000110100
169
100011111101010011
48
10110011111010000001
163
11000100000100001001
160
1101010101100011
131
10110110110001
168
1110000011110001010
14
11111001001101111100
90
1010100100001101010
27
1011001001000110010
14
1100011101011110111
14
1000000111000010100
97
10100000111100011000
54
10010100000000110000
21
10010111001100110000
193
11100001101000
130
111100100010001100
58
100010000010101001
63
10111001101100001001
47
11001001010001010010
129
11110101000001000010
160
1001001100110011000
69
11101011001001000101
65
10010000100000001
185
100010001001110001
156
100100011000010000
81
1001011010100011000
28
11000110110011100100
102
1100001001001100111
127
1010011000001000
122
101100000100111000
30
10100001101100111011
193
11000100001000001000
143
10000000000100110000
100
1101000000100000001
4
11110000011010100010
24
10010010000110000000
115
1011100110001100001
52
10010000000000000111
186
11100010011100010000
18
1010000000000
192
1000000100110001100
113
10011100110101111101
45
1001001001110010010
103
110100100010010
4
10100101111101001111
25
10100101101101001001
147
11010111001010010110
196
10001010111111
173
10000001000010001000
60
11000001100010111000
138
10100100111011100110
173
11111000001011000100
22
1011011011000001001
15
110110000100011101
199
10100100000000101101
125
1001000110000101000
33
1100001110000001100
50
1011100110011101010
45
100001011001000010
61
10110010010100010
75
10010000100100000100
140
10001001000011110000
19
10001010001000100100
166
11000011010001011110
29
10001000001111011010
142
10011100000010101011
75
1011011100001110
96
1101001011000100001
146
1001001110010001111
112
111111011010100100
76
11100001001101100110
88
10010000110011000
154
100010111100110101
94
100111011000110011
40
11001001001011000010
188
1000001010010
161
10110000110100000110
2
1111000010000100001
67
1001010101010000110
63
1101110011001100
127
10000100001010000000
197
1000010101010010011
187
10000100001000100000
121
11000001111010100000
43
100000000111110011
112
1000000010010111010
170
10011101110001100
178
10110101110000011110
47
11100000011101000011
106
1010100000101111101
28
100000001001001110
65
1110011111000010110
177
11101110100000111010
192
10111000011000111000
74
10101010111001000101
139
100010000010
154
101000001101100000
172
10001011011110010111
162
11101001100110110
46
10101001100110000110
90
1000001010101001
133
100001000000010000
76
10001000011000101000
90
10010010000010111001
91
10010100000100010011
165
11001011101001101110
135
10111001000110110000
108
1100101010100100100
150
11111111000111010100
85
1000000010000000
96
11011001001001000000
102
11010001110010001
30
100000010101000
131
10100010011111110110
117
10001000111000000100
94
11000110011110111101
67
1111101010000011000
110
10001100000000011001
132
10100000110010101
158
1000000100110001000
71
1010110001110110100
10
10011000000011
1
111001101001010000
69
101001100000111011
88
1000010101100110
107
1001110100010100
70
10001100011000001111
146
10001100110000001100
198
10000010100100000000
97
100101100000100000
98
11010000000000110100
7
11100100000011111101
75
11011100010111000111
139
110000011010100100
127
100100110000001000
199
110100100001010000
34
101000010011000000
179
10010101010000010000
66
10000000100001100
48
100101100001000101
42
11010011001011110110
193
1100010000000001
109
10000110000001000
111
1001011100010011111
199
10101000011100100111
2
11010000000110110110
98
10110000010110100100
18
100001111001
117
11000011101011001111
36
10101000101000110101
70
100000101011011
139
111110110000010011
64
10000001010010010000
45
110100000101100000
14
110111110010
94
11000010001101110011
69
101001111001010101
111
1000010101111010
3
1001000000110111101
66
1000100000101001
105
100011101011101000
15
10100011000011111100
145
1100010001011100100
6
10111110010001000
105
10011100100110010111
103
1000111000100100101
61
11101010111100100001
168
100000100010000111
167
11101001110101010011
152
10000011000010011001
68
100101011100011000
36
11000010101101100001
75
1000101111001011101
175
11101110010001000100
113
1010001010001101111
106
10101101000001000000
101
10011000010010000
43
1001100101000100001
10
1011110001100011
55
1010101011011000011
187
10011010000011000
80
10100101101010101110
193
1000010001101110
43
1111100010001011011
118
11101011011000101100
138
11101001110111100100
128
10100111001010
160
101001000001011
110
10101010110111110100
147
11100100000100000
64
1100100111000100111
135
101001000000001111
153
10110011111100101010
83
110011011011
11
10010101111010001000
20
11010000000000111011
116
101000100010101
109
100110101100100110
190
1011111110010110111
54
101010010111001100
126
10101100010001
55
101101001000100101
9
10100000110101010001
197
1101000001101000001
184
11100010101010001101
84
100010111101000000
180
10110101100000010100
112
1100100100000000001
192
10111000000000101011
138
10100101111
32
1010001010100
91
10010010000100001001
161
111011000000011
82
110001000000001000
172
11000000101100000010
115
110000010011101001
108
1010100110001100111
60
10001001000001100110
63
1011110100000010110
52
100110001000100011
2
1101001000101011000
135
10000100000010000100
161
1111010101100110011
160
110101001010000100
19
11110100000011010011
45
100000111101101000
182
1110000011100000101
6
1000101100001111100
114
101101101011111011
160
110010001000110
2
11110100010111110001
179
100000010010011100
160
1010101000010010
168
1000100001011000101
137
11100110011000000001
136
10010001000010001010
92
10010000011111011111
191
1010011100110011101
100
1100110011001100001
177
10111000101010100001
175
10001001111100010011
43
111001000110011000
60
11011100000001000
40
1011000000110000
52
10011010000000011000
45
10011001000100100010
40
10100100000010100
86
1000101111110100000
90
11001010101010000100
28
10110111110110100110
176
1101111010101100110
123
11000000101000000
140
10010001110011010011
105
100001110011010111
11
11110101000100000001
124
1110000011010101001
152
11100100100010000
105
11011000111000010
111
11000000010000100101
178
1011110011100010000
57
100001000000101110
75
10110010011100100001
186
1001010010000011001
148
10001100100000010
77
110001000000001111
169
10010101110111001
198
11100000100101011011
37
10010000000000100
155
100000100000010010
66
1111000011010
86
1000000010000100101
104
1110101100100100101
186
1001010000010110
138
1001011000111011100
56
110110000000111001
187
111001010010010010
20
1001000001010000011
118
101110010001111
32
11100100101010101111
61
1000001011001001000
132
11000101111110010000
116
101110010010110101
168
10001111010000001
156
11000100010111101
95
100011100000101101
55
1010100110000000000
53
1101100000010011001
146
11111000010010000011
130
10101011001010110000
127
1000011001001011000
168
10010111110110111101
66
1010001001000
136
10000010011000010010
36
110100000000110
119
101011111010100000
107
1100001001110001010
161
10000010100010011100
178
11101110111110000001
83
10010100101101001011
159
101110000110000111
167
11001001011101000000
10
100001001101100001
68
110011001100000000
17
10011000000000010
4
10100110010011010001
133
101111011101000001
57
1100000000010000000
12
11111101000
36
1100001010010110110
102
1110001011101110000
84
10011110101000101110
59
11100101000010000000
125
10011010011100001011
191
10001001001101101010
22
1100001010100010010
97
10110010000001010110
72
111000000100000110
21
1011000100001100000
20
100001010000000000
45
111000111101000011
14
1001011000000111000
178
111000100000001000
194
1101100100100
101
10011101011011000000
193
10110011100000100010
122
11010000000010
50
11000110010001110
141
1001110100100001010
4
10001010001001000
25
1101000000001011011
110
11001010000100001001
73
10010000100110011111
110
1011111000000
20
1100001110110111011
181
1000010000010
162
10100000010100110010
43
10011101010101110001
198
10100101011000100110
195
10110100000000
14
110100000101100001
90
10101000111001100001
71
1000000100000100
69
10000000110010010010
25
1001110101001111100
136
11100000100100101001
146
10100001001111001110
180
1001101010000110000
76
1110001100111000
116
1010000010111000001
47
10111111000110001001
42
10100000100001111001
113
11011000000010110010
20
10011001111101100
122
110100010101111011
177
1001100100100000110
163
10000001001011000011
39
11000000001010100100
16
11011000000101000000
31
11101100011100110
184
10110011000001000011
52
111000100100011000
36
1110000110111001100
109
111000010110100000
8
1101101010111000110
154
101001001000101011
121
11100011000100001010
90
1000100011110001
75
1101000100001110001
89
10010000001101011000
84
100010000001000011
78
110001000111101001
187
1101000010001001
92
11001010010000000001
155
101000000111111
186
10000100000100101110
160
10100100010000001111
130
1110001000001111010
51
10101011010111010111
161
1110000000000010
170
1110100001110100000
98
11011001011001110
123
10110100011001100110
183
11100111111010001
96
111010010000000110
139
11010110000001001000
186
100101111111000011
99
10010110010001000100
29
1000101000001100011
189
11011011010000010
157
101111101000010
151
1110010101001110010
184
1100100101000010001
197
10011010010100000110
83
100011101001011110
94
1000101100010010
16
10100001000001000010
8
11000010000101100010
152
10000100100000
178
100010110110100010
43
10001000011001010000
120
100110011110011011
86
110001001010000110
108
10000110101101110
158
10011110110110000
85
1101010100010011110
29
10000011001110
144
1101000010011000101
73
100000001011110011
177
110110010110100001
92
10010010101000001
76
10111010001000000
33
10001001000010100111
72
10010101101000001
20
110000011110
51
1110100110011110010
66
10000110000010110101
38
1010010000110101010
35
1101110000010000010
72
11001010000001000111
162
1000001001000010010
74
10000010011110000011
177
100100100111010110
52
1010010011000101010
172
11100010000100001101
109
10110010100110001000
121
1001101110110010010
50
101110000001011100
15
110011000001010110
67
100100110001101101
55
11000100000110010100
26
10111101110110110011
54
11100011110011101
28
11010100100100000111
65
110100
152
1010010001001110101
188
1000111000111100
20
1011011100000110
24
10001001010010010011
191
10010011000100110000
194
100000001010000
39
11001011101001011100
2
10000101001101000001
179
1010111100111101000
83
10001011110100001000
149
11011101010000110101
18
111101001000100001
141
11101100000100100110
98
11101001000001011010
51
10000000000011011100
113
100011000100000111
35
10101100000100000100
54
1010011100110110101
121
11011011011001100011
125
10001001010011100001
21
1010101011101000000
130
10001000010111011110
17
1001000000011001011
159
1100011100001011
169
10000000001000001100
120
11100100110001000
193
100110101111101000
14
10100100010001010
90
10000110001010
120
11101001100011111000
73
11100000001110011110
126
11111110000000110001
123
10001000001100110010
169
1010010111111101000
145
11010010101000010100
34
10101001100011001110
66
11101110101100001110
38
1000010011100010101
110
1010000010101001011
59
1101100110110011001
154
10000100000011101010
27
10110000100000001111
87
10011101011000011011
16
11000100011011111
68
10100000101000101001
41
11010000001110000001
10
10001111001100010111
82
10000001010100010000
159
1110011000100110101
166
11100100000100100000
148
11001010000001000010
3
1011101011001101011
179
110110100001100000
127
1100111101010
120
10010011011001000000
11
10001001110010111100
31
100100010111101101
134
1000001001010011000
53
1100101110010000010
125
10111001011100000010
71
11111100001000011010
151
1010010100110100101
59
100010010000001
4
11111000101010000110
165
1000110010001110011
132
10010000110000011001
140
11110011100001010101
144
10011110001010101
158
1011000010100010101
165
11100101000010101100
68
11011011001001101011
37
10101001001010001000
100
10000001000110011001
73
1000001011100000101
162
11001011000010001100
156
10000011110101100001
187
10110010011111001
162
11101000001000000101
49
11000010010101110110
149
1100001100100110101
60
10000111001000010010
190
1100001001001010101
106
10001000010101101000
35
10000001100000101
200
10101011000110010111
161
1010011000100000001
165
100111101111001
168
11101001010100000001
185
100110101000011100
140
10111000010000011101
11
10101000011000010
174
10010001001000000
55
1001011100011001000
93
10011000000000011110
2
10100000011110010000
78
101101000110101000
166
11010011001010010001
56
1111011011101101001
110
1101011001110000
86
10010
176
10010100000100
160
1000001010110111000
20
10100100011000010100
136
10011101101110100111
19
10111000011110000111
22
10001101101001101000
115
1110010101111011001
163
11000010011010101110
19
10100110100011010100
30
1000101001000101
94
110001000001101000
4
11001111001110
40
11001011110110101010
43
11001001101100100110
89
100101100000010
190
11110011011100011011
166
11000101000001011
198
11001111000100110000
186
100011101100001
122
100110000010010010
91
1110000000001101
78
1100011100100001110
116
10101011101011101001
54
101100000101011001
104
100001000011100111
21
101000001000000000
115
11001000001101100001
16
1010000110100100000
116
1101110000000010100
78
1100010100000100
3
10101010001001011110
67
111000011110110010
18
110010011010101100
57
11010000001000010110
16
10110001100111101000
190
10000000111100011110
142
111111000000000
50
100100100000100011
26
10001100000000011
178
100001001101110110
1
1010001000101001000
20
1101011110011
119
1010100000110110110
43
10100001110000001100
54
110100010101101000
27
10111100001010
159
11010000100000000110
125
10111101110001000011
76
10101000000101011010
113
1000001
97
111100100100011001
91
11000001000001001100
55
1101010101000011100
151
11110110000011101010
118
110010001101
191
10010010011011001001
30
100001101101000010
39
11000010010000100000
96
11100110101000000001
47
1100010001111110010
65
10010011000110001
92
11011100100100001010
169
11010100111100001000
84
10100101100010101000
12
11111111101010100000
179
11101100111000011001
159
10101010000010111000
47
11001110000001000011
77
1101100110010000010
68
11100110101001110100
149
101010111111010
111
10000010011001000111
177
10100010001100010010
26
101011000011100000
32
1010000000101000011
150
10101110011101011001
64
10000001001001000100
53
1100010111000101
4
10100000000110
35
10000100000000001010
101
10100000101111000000
39
1000000010111110000
190
1010001100100000101
114
1100010011010010111
14
10111001011101000
55
1110001100001001110
63
1000001000000101100
90
11000010111010
119
1011101110000100010
35
11110100100000100100
151
10001111000010101000
42
1001010110010001
98
10011000001101001100
52
