20 100
10001010000010100
152
10001011101
195
100100100
151
1000001001000000001
12
1000000000
69
10000000100
107
11001000001000000010
22
100001000101
180
10100000100000011000
102
100001000000000010
55
10100000001101
131
10000100000010001
73
11000000010000000001
22
10000000000000
142
1000010001000010101
94
1101101011001000
42
11100100000000100001
76
100011000000
139
1000001010100000
78
11110010010010000100
75
1000000010010000
53
1001000000000100
139
11001000001000
67
1001000000
58
11000000
153
1000000000011
187
1001010101
125
1100001000001000010
63
100000000000000000
99
10001011100
1
1000010000000001
119
10000000100000000000
127
10100000100
44
10001010100100100
78
10000011000000
190
10000000000000000010
184
1010110100001100
88
10010
116
10000000001111010000
4
10100101100100001000
111
100000000000101
155
1010010010000000100
110
100001001010000111
24
101000001010100
85
10000000100000
84
1000000000001100001
32
10101000000100000
65
10000010000000000000
48
1000011001001001100
95
100010000000000000
132
10100100100000010
199
11110000100100
197
1000001000
190
11000011000000000
199
100110000010011001
46
100100000101010
134
1000100110000000000
131
100000000000
179
1001010000100000000
145
10000000100011000000
32
10100000111010001000
21
10000010010010000
122
10000001001000000000
65
10000001010000000
175
1000000000000100
171
10000000001010001010
26
1000000000000011110
92
10000110
15
10000001010000010
169
10010000010000000000
7
100000101000000001
109
10000100000010000
177
1100101010101000100
120
100000000000100000
65
10110000000000000100
8
100010000100000
15
10000000110001
186
10000000011
127
1110000001010001
153
101010000000000
12
100100000000100100
151
10011001000001000000
26
1000001010010000
38
110000000001000
147
10010000001000110
140
10000110010000001
48
11000000100010000100
126
10010110001
84
11010000000000010
182
1000
173
101000000000
86
10100001001001011000
85
10000000000100000011
51
1000000000001000
173
1010000010000000010
30
10110000000110000000
173
1010001111101
141
10001100010001000000
195
1010010001001100000
52
100000011101100
117
