20 100
11110111111111111101
152
11110111011111011111
195
10101110101111101111
151
11111011011101111111
12
11010110011101110001
69
11101001111100101100
107
11101100111011000011
22
11110111111101111111
180
11110101111111111111
102
11111011011010101111
55
1101010111011111111
131
10111011111010111111
73
11101010111111101111
22
1101111111001110111
142
11010011001111111111
94
10111111101111111001
42
11111111101011111111
76
11110011110111111110
139
1111111101111111111
78
11110111111110000111
75
11001111111011011111
53
10111111101111001101
139
11010111011111111101
67
11111101011111011011
58
11101111011011110011
153
1011111011111100011
187
1111111111011111101
125
1101011011111100111
63
1111101110111011111
99
10101101011101011111
1
10011011111011011111
119
10011101101100111100
127
11111011110111111111
44
1111011111110101101
78
1101110011011111101
190
11111011011101111011
49
11111111110110101011
184
11001111011111111111
170
11001111111111111011
116
11111101111111110111
4
11110101111111101011
111
11100111111111111111
155
11111110111010101100
110
10111111011111010111
24
10011111111111111111
85
1111110000011110101
84
1001111111011101111
32
1011101111111101111
65
11011111001011111101
48
1101111001111101101
95
10111111101111101111
132
10110111111110000111
199
1010111100100101000
198
11111111111111101111
197
10111011111111111111
190
11111111111111111111
199
11110111101010111111
46
11011110111011111111
134
11110111111101011011
131
11111000100111111111
179
10110101011110111111
136
1110101111111110111
52
11100111111011111100
85
11110111111111011111
36
10001110111101111111
145
11011111100110111101
138
11101000010111111101
40
10111011111111111101
138
11111011111011110111
166
11011011101010010111
30
11100111111110111111
173
11111111111101110101
174
10110111111011101111
109
1011110101110011111
177
11110111011101111100
120
11111111010101010111
67
11111011111111110110
58
11111111010110100011
192
11111111111001001111
182
1110100111110110111
15
10101111001101111111
186
11111100111100110111
127
11111111101111110111
153
11110111110111101010
12
11110111111001110100
151
10011001011101100011
26
11111001101110110111
38
10111111011110111010
147
11011111110111111110
140
10010111111111011101
48
11110111111110010111
126
10111111011011110111
84
10011111101010110111
182
11101001000010111110
173
11101111101111001010
86
11101111111011111111
85
11011111001111011111
51
11111111011111101011
173
11111101010110101111
30
11111110000111111010
173
