20 100
11010001011000011101
152
11110001010101011111
195
1110001111100110
151
1010011001101100101
12
1010010011101100001
69
10001001010100100100
107
11101100111001000011
22
1110111111101111101
180
11100101111010111001
102
11101001010010000111
55
1001010111001111111
131
110010101000111101
73
11100010011101101111
22
1001111111001110111
142
11010010001111010111
94
111101101111101001
42
11111110101000111101
76
11100011100111010010
139
1111101101011111111
78
11110110111110000111
75
11001111111011011001
53
10001111100111001101
139
11010111001011101000
67
111001011011010001
58
1101111011011110010
153
1001001010111000011
187
1011000101011111101
125
1100011001111000011
63
1100101010111011111
99
10100101011101011111
1
10011010010010011001
119
10010000101100011000
127
1011001110111010111
44
1011011011100101100
78
1101110001011111101
190
11010011011101010001
49
11101101110010100011
184
10000111011110101111
170
10000111100010111011
116
11101100101111110011
4
11110101110111001010
111
1100111111001110111
155
11111110110010001100
110
10100101011111000111
24
10010111011111011111
85
111110000001100001
84
1001111101011101101
32
11101010010101111
65
11011111001001011101
48
1001111001111101100
95
110110101001001110
132
10110111101100000010
199
1000110100000001000
198
1101011111001100111
197
10101011111101101001
190
1111111111000101010
199
11100111001010011101
46
11001100100010101110
134
11100111110101001001
131
1101000100011110111
179
10110001011100101011
136
1110101111111000111
52
11000111111011110100
85
11110111111111011111
36
1010111101111110
145
11010111100110111000
138
10101000010111010101
40
10111010001111101101
138
10110000110001010011
166
11011010101010010111
30
11100101110000111011
173
11111101010101100101
174
11001111001000010100
168
10100100111011100011
109
1011010100110011111
177
11110101010101001100
120
11101001000001010101
67
11110010111111110110
58
11111100010100100011
192
11110111011001001000
182
1010100110110110011
15
10100110001100111111
186
10010100111100000111
127
11001111100101010111
153
1110101110111100010
12
10100101101000100100
151
10011001000101100011
26
11111001001010110111
38
10011111011100101010
147
11010111110111011110
140
10101111011011101
48
11110101110110010111
126
10011011011011110111
84
11011000010110110
182
11000000000000101110
173
1001100101111000010
86
11101111011011111001
85
10000111001111001111
51
10011111010011101010
173
1110101010100100111
30
