20 1000
11110111111111111101
152
11111111111111111111
195
11101111111111111111
151
10111111111111100011
118
11111011111111111011
92
11111011110110011111
173
11111111110111111111
166
11011111111111111111
58
1011111011111111111
118
11111111010111111101
84
11111111111101111110
61
1111111101111111111
200
10110011111111111011
58
11111011111111011110
49
11111111111111111101
167
1111011111111011111
200
11111100011111011111
19
11111110111111101111
13
1111111111111111111
5
11111101101111101011
82
11111111011111111111
197
11111101011011111111
146
11111110111101111111
192
1111111111011011111
194
11101111110111111111
173
11111111111111101111
188
1111101110111111110
172
11111111001110111111
70
11111111111111111011
191
11111101111111111110
69
11111101111111111111
67
10101111111101101110
156
11110111101111101111
60
10111111111110111111
66
11111011100111111111
106
11111111111110111111
129
11011111011111111011
180
11101111111101111110
197
1111111101111111101
95
11111111111100101111
192
10111111001111111011
141
11111011111111111111
190
10111101111111111111
43
11111111111011111111
59
11111011011111111111
123
11111101011110111111
136
1110111111111110111
52
11110111111011111101
85
11111111111111011111
36
11001110111111111111
145
11010111111111111111
175
11101111111111110111
171
11011111011111111110
26
11101110111111011111
92
11011111111011111111
15
11111110111111111111
186
11111111110111111011
6
11011111111110110111
39
11111110111101011111
40
11111111111100111111
58
11101001111111111111
159
1111111111011111111
66
11111111111101110111
127
11101111101111111110
121
11111111110111101101
78
10110011111011100110
4
11111111111101111111
55
11111110111111110101
73
11111111111111111100
53
10111111111111111111
109
11101111111110101111
4
1111110101011011111
171
10100111001111111010
43
11111111011111010111
180
11111011111011111111
135
11111011111101011111
114
11111101011111111111
193
11111110111111011111
18
1111111111111111101
48
11111101111111101111
78
11101111110111110111
35
11011101110111111111
47
11111111111011011111
35
11111111111010101111
58
10111011111111111111
148
11111111011111111101
21
1111111101111011111
151
11111111111110101110
34
11011011111111111101
173
1111110101011111111
70
11111101111111011111
179
1101111111111111111
119
11111101110111111111
93
10111001111111111100
99
11010111110111111111
92
11111111011111101111
122
1111111111111101011
192
11110111110111101111
98
11110111111100111111
61
11111011011111010111
199
10111111001111111111
123
11011111110111111110
26
11110111101110110001
136
1101101101111111111
68
11111111111111110111
59
11111111111100111101
158
11111111111110110111
117
11111011111101111110
121
11011111111011111110
65
11111111101111111111
161
11110011111111111111
59
11101101111111111111
133
11111111110111111110
43
1101101111110111111
162
1011111111111101111
86
11101111111111111101
170
11111111101111111101
200
10111111110111111111
148
111101101111111111
15
11101101111110111111
187
11111110111011111011
133
1111110111100110110
143
11111111111111000111
172
11111011011101110011
4
11111111001111111110
129
11101110111111111111
92
11111110111110111111
165
11011011101111111111
158
11111101110111110111
160
11111111111101111101
191
11111111111111101010
9
11011011101111111101
104
11111111011110111101
71
11111111101011111011
117
11111111011111011111
181
10111111110111111011
178
11110111111011111111
126
11101111001111111101
136
11111111011110111011
86
1111111110111011110
54
10111111111111111101
110
11111111101101111100
140
11011110111111111111
17
1111011111110111111
177
1111101111111111111
100
11111111111111111001
111
11111111110111101110
149
11111111111111100111
50
11110111101111011011
37
11111011111110111111
181
11101111111101111111
107
11101101111111011111
114
11111111111011101111
16
11111100111101111100
150
111111111110111111
199
11111111111111010111
175
11101111111110111111
65
11100111111111110111
51
11111111111111111110
198
10111110111111101111
16
1111101011101111111
48
11111111111110011111
95
11010111111101111111
136
11111100111111111111
57
10111111111111111011
155
1111111111101111101
140
11111111111111110110
108
1111111111111011101
36
11111111111110111100
62
11111111111011011110
55
11111111111011011101
39
10011111111111110110
64
11111111100111111111
119
11111101011101111111
124
1111111111011111011
12
11110110111111111111
194
11111111111101011101
59
11111011111111101111
124
11101110111011111111
139
11111111101111001111
197
11110111111001101011
22
11011111111111111001
147
11110110111111110111
128
11111110101111111111
81
11111111110011111111
10
11111101111111111101
194
11111111101111110111
191
11111111110111110111
91
11110111111111111111
118
1110111111111111111
110
10011111111011011111
34
11111011111011011111
162
1111011111111101111
149
11111011011101011111
5
11111111001111111111
104
11111111111110101111
193
11011111111110111011
139
11111111110100111111
193
1111011111101111011
73
11111011111111111110
89
10101111111011010111
175
11111100111010111111
119
11101110111011110110
63
11111100100111110111
113
11111111111100101110
183
11101111011111111101
40
11111111111011111101
20
1111111011011111111
99
11111111111101110001
3
11111110111111111100
42
10111111111011111110
78
11101111111011111111
56
1111101111011011111
97
10111111111111111001
64
1111111110111111111
53
11111110110111111111
123
10101111111110101111
139
11111111111011111011
145
10111111110101111111
184
10111111111101111111
87
10011011111111011111
3
11110011101110111110
2
11111111111101101111
189
11111111111111110011
119
11111101111111111011
109
11110111111101101011
71
1111111111110111111
35
11111111111111101011
185
11111001111111011011
153
11110101111111110111
24
10110111111111011111
47
1111011011110111111
104
11111111101110111011
60
11101111101101011011
161
11110101111101101001
46
11100011111111111111
116
11011111111111111101
93
11010111111011111111
131
1110111111111101111
71
11111111111111110101
35
11111010111111111111
42
11110111011111111111
129
10111111011111101100
165
111111111111111111
196
11111111111001111010
90
11111111111110111110
147
11011111111011101111
6
11110111111101111111
25
11110110111011111111
122
11101100101111111111
52
11111101111111110111
38
11101101111101111011
193
10011111111111111111
125
10111111111011111111
66
11111110110111111101
19
11011101111010111111
4
11110111111011110111
193
10111111111101101111
39
1111111111011101111
92
11111111111111011101
193
11111001110001111111
167
1111111100111101011
3
10111111111110011111
78
11111111101111111001
117
11011111111111111011
83
11111111001011111011
122
1111111111101011111
112
1111011111011111110
143
10111011110101111111
6
11110110111111011111
50
11001111111110111111
12
10111111101111111101
37
10101111111111111110
67
11111111011011111001
56
11101111011111111111
106
11111011111111111101
183
11011111111101111011
99
10110110111111111111
97
11111111110111111100
16
11101100111111111111
10
1111111111111101111
43
11011111011111101110
155
10111111111111101111
14
1111101111011111110
1
11111111111110001111
175
11111110101101111111
14
1111111111111111110
116
11110111111110111111
38
11101011111111111111
136
11111111110001101111
200
11111110111011111111
174
11011111111110111111
161
1101111111111011111
83
11011111111111011110
2
11111001011111111111
20
11111110111001111111
175
1111101110101111111
18
1101111111001111111
57
11010111111110111111
184
11111111101111111011
80
11111011111111011111
37
11111110110101111111
24
11100111101011111111
156
1111111110011111100
78
11111111011010101111
45
11111010111011111110
93
11111011111111110111
152
11111110001101111011
111
11111111110011111011
199
11101111111111101111
92
11111111111110000011
130
11111111101111111110
73
11111110011111111111
2
11101110111111101111
107
11110111111101111101
144
11110101110111111111
85
11111110111101011011
161
11011101111111111111
79
11111111110110111110
44
11111101111101111110
66
11101111011101101111
88
11110111110111111101
50
11111101101111111111
49
11111100010111011011
124
10111111111001110111
155
11111111111111101110
142
11111111111111111010
195
11011111111011111011
178
11111100111111010111
180
1111011111101111111
174
1111101111100111111
97
11101111111111011111
101
1111110111111111111
51
11111110111111011110
189
11111011011111111110
62
10101011111111101101
173
10110011111111111111
119
11111011111111111001
170
11110101011111011111
127
11111111001111011111
183
11010111011110111110
172
11111101111110101110
141
111111111111011111
98
1110111111111111101
142
11111101101111111011
151
110110111110101111
101
11111111010111111111
35
11111111111111010011
158
11111110001111110111
53
11011011011101111111
73
1111111111111111011
156
11111111110101110111
164
11111010111011110111
109
10011111111011111111
1
11111110111110101111
112
11111011111111111010
58
10111111111101111101
179
11111101111111010101
115
11101111111011110111
83
10110101111101111111
52
1111011011111111111
80
11111110011111111110
97
11111110111111111110
109
11111011111101101101
46
11110111110111111111
83
1101011111111111111
69
11111111110111101011
52
11111111101110101011
150
11011101010111110111
193
11011111111101111111
179
1111111110101111111
86
11111110111111110111
179
11111111110110111111
138
11011111110111111010
168
10111111111111111010
126
10110111111011111111
76
11110111101111111111
87
10101111111111111100
125
11110101111110111111
119
11111111011101111111
113
11111110101111111101
138
11111011101111111011
69
11010111111011011111
170
1111001111111111111
84
11100010001111111011
90
11101111101111111111
41
11001111111111111111
64
11111111011111001111
114
11111110111011101111
154
11111111101011111111
53
11101110111111111110
14
11111111010011111101
193
11110111111111011111
131
11001111100111111011
30
11111111011000111111
156
11010111111111111101
179
11011101111110110110
12
1111101110111111111
176
11110011111011111101
194
11011111011111111111
180
1011111111111111111
20
11111111011111101011
109
11011111111110101111
105
10111011111111111110
8
11110111111111111110
120
11111011011111111101
74
11101101101111111111
94
11101110100111111011
124
11101011110111111111
195
10111111111110101111
183
11111111110111111101
187
10110111111111111011
11
11111111110111110101
148
11111111101111110110
82
11011111111101011111
111
10111011110110110111
58
10111111110111011111
142
11110110111101011111
149
11111110111111111101
102
11111101011111110111
77
11111110101111011101
104
1111111110111110011
129
111111111111111011
33
11011101110110101010
88
11001110111111011111
133
11111111110011101111
101
1111111111101010111
107
11110111111111101111
149
11111111011111111011
46
11111111011111110111
7
11111111110111011111
41
1111111110011111111
102
11110111111111110111
19
11111001111111111111
197
11100101111111111110
180
11111111101111011111
77
11101111001111111111
193
10100111111110111111
76
11111110111111101110
125
10111111111111111110
66
11101011101011111111
30
10101111111111011111
166
11110011111110111111
35
11111011111111101011
13
11111111010011011111
3
11110110110011111111
63
10111111101110101111
158
11010111111111011111
16
11000111111111111111
92
11011111110111101101
118
11111111101111110101
24
1101110111011101101
163
11110111111011011111
144
10101111111111111111
150
11100111111101100111
92
11111111011110101110
190
10111001111101111111
195
11110111110001111111
140
10111111111110111011
62
11110101111111111111
123
1111101111011111011
168
11111111111111011011
9
11101011111110111111
123
11111111011100111111
74
11101111100111111111
59
11111111110101111111
187
11111111101101111111
25
11111011111110110110
141
11111101111101011111
178
11111101101111110111
145
10111111110111110111
124
10110011111111111101
43
10111111110111111110
16
1111111111111011111
180
111111111111110111
197
1110001111111111111
67
11111011111001111100
132
11110111110111111110
65
10111101111111111101
66
11111110110011111111
161
11111111101111111100
103
11111111010111111010
167
1111011111101101111
142
1111110011111000110
83
11111111011101111110
174
11110001111110111111
19
11011111111111110111
42
1111010111011111111
44
11111001111111111001
163
1111111111101110111
18
11111011110101111111
69
11001111111011111111
41
11110110110111111111
136
11111111000011110111
97
11111101101101111101
117
11101011101111111111
79
11111100111111111011
174
10111111101111110110
193
11110101101111111011
109
11001011111111100101
191
11011101111101111111
71
10111111011111101111
80
11111111101101010011
119
11011111111111111110
105
11111111111101111100
37
11010111111011111101
191
11111011101011111011
56
11111110111111101011
134
11110011110111111111
43
10111110111111111111
101
1111101011111111111
122
11011111111111110011
188
1110111101110111011
69
11111011101111111110
8
10111110111111111101
69
11101111111110011110
32
1111111111110101101
15
11000111110111111111
192
11101111110111111110
3
11101110111110011100
166
10111111110111011001
60
10101011111111011111
126
11101101110111011111
111
11111101111111001011
182
10111101010111111110
187
11100111111111111111
133
11111111111111110010
4
11111110111011111101
157
11011111111111011111
93
1111111111001111101
12
1111111011011011110
22
11100111111111111101
123
11110111101101111111
12
1111101111101111111
197
11111011110011111010
85
11111100011011111111
193
11111101111110001101
53
11101110011111111011
50
11010101111111011011
114
10111110111110011111
35
11011101111011111111
96
10110111111111101101
103
11110111111110101111
66
1111110111111011101
141
11101111011111011111
190
1101110111011111111
36
10111101011110111111
105
1011111011011111001
103
10111111111011011111
31
11011100011100110111
45
11111110111100111101
32
11111111101111111010
196
11111101110111111101
143
1011111111111111110
179
11111010111111101111
181
1011011111111111111
10
11111011011111101101
177
1101111111111111101
41
11101101011011111111
182
11111111110111101111
113
1110101111110111111
168
11101111100111111110
122
11011011111111011011
83
10101111101111111111
133
1111110110111111111
141
11011101111110111111
159
11111111011010110111
87
11111011101111111111
195
1111101100111111111
144
11100111111110111111
138
1111111101110011111
174
11111011110111111111
93
10111111111100111111
129
1111111100111111101
92
11111100111111110111
52
11111111011111110011
150
110010111111111011
139
11011011100111111111
44
10110111011111111111
22
11111111011110111111
88
1011111111111111011
142
11111111011111111010
76
11110111111111111010
34
10111011111111011111
97
11101111110110111111
99
1111111111110111011
10
1011111010111110111
103
1011110111101111111
186
1111111101111111110
151
1111110111111111011
132
11111011111111010111
66
10101111111011111111
68
11111111011011001111
53
11111111111111001111
17
11111101111101111111
22
11101111111101101110
133
1110101110111110111
173
11110111111101110111
79
11111111011101111011
16
11011111111111101111
182
11011101111111111011
143
11110110111110111111
85
11110111110111101101
192
1111011111101011111
157
10111111111110111101
180
11011101101111111011
104
11011111110101011110
95
1111111011111111111
34
1110111111111011111
130
11111111011111011010
185
11011011110111111111
195
10111101110111111011
149
10011111110111111111
63
11110101110111011110
15
11110110101111111111
25
11011110110101111111
81
11111111011110010111
119
11111011110111101111
166
11110111011111101001
199
1110111101111111011
157
11101101111111111110
197
10111111101011110111
120
11111111010101111111
197
10111111111011111011
99
11111110110111100111
174
11011101011111111110
45
11011111111111100111
66
11110111110110111111
21
11110011111110111110
125
11111111011011111111
62
1111011010111111111
49
11111111101110111111
41
11111111101101111110
27
1111101111011111111
25
11101111101110111111
72
11011011111111111111
88
11111110111111111011
61
1111110111111011111
26
1101110011011011110
5
11111010111110101111
109
1111101110111100111
77
10111111111111110111
26
10111101110101110111
191
11111111110110110111
172
11111011111101111010
22
10111111011111111111
155
10111101111110110011
182
11111011111111011011
129
11101111010111111111
90
11111111111011010111
71
11101111101111101111
101
10111001111111101110
94
10011111110101111111
151
10011101111111111111
64
11101001111111101111
152
11011101101111111111
70
10111111010111100011
82
11111101111011111111
187
11111110011111111011
177
11111101010111111111
162
1111111010111011111
1
11111111011011101111
5
11101101111111101111
68
1111011111011111111
182
1001101111111111111
73
11111101101111011111
8
10011111111111111110
27
11101111111011010110
144
11111111101011001111
18
11111110111111000111
77
11101110111110110111
118
10011111111111110111
46
10110111111101111111
36
11111111111111101
53
11111011111111101101
123
11111010111111110111
62
11110101111101111111
70
11011101110111011110
139
1011111101110111111
123
11111111011111111110
74
11111011101111111101
144
11111010110111101111
165
11111111101000111111
134
11011011111111110110
147
11111111101100111111
11
11111110011110111111
109
11111111111111011110
193
11011011111111110111
141
11111111110011010111
187
10111101111111110111
8
10111011011111111010
24
10111111101111111110
29
11111111111111101101
181
11011011111010111111
127
11011111100111111111
45
11111011110011111111
177
11111110011010111111
72
1011111111111111010
94
10101111111101101111
187
11101111111001111110
50
11101110111111110101
131
1111111110111101111
139
10111111111111100111
19
11011111000111101111
41
11011111111110110101
55
11111111111001111110
15
11111111010111111011
10
101111101111110111
140
10110111111011110111
158
11011111111011111101
100
11010110111111111111
36
11111101111101101111
1
10101110111111110111
38
11111111111111011010
28
11111111110101111011
135
111111111111101110
103
11111101111011001111
68
11111111110011111110
23
11110111111111110011
96
11011111110111011111
49
11110111111110111011
144
11011110111011111110
44
1111111111111011011
178
11111101111101101011
39
1111111111101111111
69
11110111111111100111
148
10100011111111111110
78
11100101010111111111
192
11011111111111101011
179
10100111111111111111
118
1100111111111111111
188
11111101101110111111
90
11101110111111101001
158
10011111011111111111
34
10011111101011111111
131
11011111100110110111
74
11110110111101101111
51
1111111110111111011
6
11111010111111111110
74
11111111110001111111
140
11111111111011111100
148
1101111011111111101
166
11111100111111111110
89
11111111010011111111
141
11101111111011111101
81
111101111111111110
81
11111100100111111111
40
10111011111101101111
145
11101110110111111111
11
111111111110011111
179
10111111111111101101
104
11101011101111101111
23
11011111101111111101
19
11111111011010111111
18
11111111111010111011
103
11111111100111011111
185
11011111011011101111
64
10111011111111110111
158
11111101111101110101
20
11011111111111011010
196
10101101111111110111
178
11011111101101111111
34
11100111111111011111
66
11111111111111001100
155
1111100111111111011
117
11011111111111011101
79
11111111111111110001
142
11011111101111111011
42
11111111111111100011
191
11111111011011111101
82
11111011111100111111
45
10111101111011101111
42
10110101011111011111
42
10111010111111111111
196
1101111110111111111
65
11111111111011110110
160
11111111111110111011
71
11110101111111101111
48
11111111111001110111
5
1111111111011110100
195
11101110011111111101
17
11111111111101011111
168
11111111110111011011
152
1111101111100111101
10
1001111110111111110
63
1110111011111111111
7
11011001111110110101
180
11111101111011101111
125
11110111111101100111
92
11111111011111111100
8
11111111100110111101
26
11011111111110001011
196
10111111111111001101
18
11110111101111110111
149
1010111010100111111
104
10111101111100111111
17
11011011111011011101
36
10111110000111111111
57
10111111101111111111
10
11101111111011010111
37
11100011111111111110
192
10111010111011101111
11
11111101111110111111
153
11111000111111101111
43
11110111111011111011
88
11101101111010011111
123
11101101011111111110
197
11111111111011000111
192
11111111001011110111
135
1110111111110111111
48
11111111011010101101
166
1101111111111101111
165
10111111111110110111
139
11111100111001111111
85
10111111011111111101
167
1111110111111110111
120
10111111111001111111
142
1111111101101100101
43
11011111101111111111
117
11111111000111111111
43
1011011011111101111
135
11111111101111101101
77
10101111110110111111
78
111001111111111111
111
11101111110011110111
101
11011111101111111110
43
10011110111110111110
66
11011111111011110011
75
1101111101111111110
12
11011111011111011110
136
1111101110111111101
181
11101011111111110111
7
11111011111110101111
196
10011111101101010101
13
11111100111101111111
113
11111011111011111110
17
11101010011010111111
185
11100111111111111110
16
11101110111000011110
109
11111111110101111100
94
10101101011111111110
150
11111110101110111101
97
11111111111010111110
143
11111111011110101111
76
10111010111111111011
149
11110111111111011100
125
1111111101111101111
133
11010101110111111111
104
11110101111111111110
116
11111111110011110111
130
11111111111111111000
47
11111000101111111110
109
11111111000110110101
123
11101110111101111101
111
11111101011111001111
61
11011011011011111111
181
11111111101110101111
73
11111101111011111100
106
11011111101111000111
66
11110111010111111111
45
11011111111100111111
146
11111111110011111010
140
11111110011101111001
17
11011111011111110111
141
10111111111111011111
30
11111100111101011111
173
1111111111110111110
48
11011111001111111101
179
10111111111010111111
86
10111011111100111011
27
11110111011101111111
25
11011001011111100111
61
1110100111111111111
17
11111101111111011101
65
1011111111111011111
119
10011111111111001111
72
1011101110111111111
111
11111111111011101011
163
10111111011110111101
25
11111111101011101110
112
11111111111101101110
98
111111111011111111
6
10011111110111111110
132
1101110111111001101
180
11101111111111110110
150
11111101110111111100
9
10111111100111111111
48
110111111111101111
156
11101111101101111110
180
1011111111111100110
113
10111101011101011111
112
10111011111101111111
119
11111100011111111011
22
11110111011111110111
64
11111110110111101111
188
11110010101111011011
152
1111111111111010111
90
11111110111110111101
37
1101111111110111111
13
10111011110111111111
66
11011111111111110101
177
10111111111101111110
13
11011111101111110011
149
11000111111110111110
198
10011111111111111101
59
11111011111011101111
37
10111101111101110
43
11111011110111010111
160
10111110011111111111
166
11101111101101011111
4
1111011111111111111
199
11101111101111101110
131
10111111111101110111
49
11111111111011111110
64
10101111111110111111
78
11101111111001111111
155
10111111011111100011
195
11110111111010111111
109
11111111011111011011
46
11111011001110111111
89
11111101001111111110
52
1111110101111111111
35
11111111101111101111
123
11111011110111001011
67
11111111001111111100
195
10111111011111111001
41
11111110110110011011
34
11101111100011111111
111
10111110111101111111
194
11111111111111101001
49
11101010111111011111
6
11111101111110111110
70
11001111111111110111
139
11011111111111100001
75
11110111111001111111
139
11111111111111011001
172
11111111111111111
27
10101111001111111111
146
11110111111111111011
113
10101110111111101111
119
11111111100101111110
121
11111101010111011111
140
11001111111111101110
136
11110100101111111011
105
11011011111110101111
199
1111111110111011111
180
11011111111110111101
134
11111111111101100111
117
11111111111010111111
187
11110110111111101111
155
11110101011011011111
109
11101101111111111010
16
11111110011101111111
130
10111111101111111001
114
10111111111111011011
200
11111111001011011111
132
11011111110111111101
181
11111011110111100100
182
11010011111111111111
118
11011111011110111111
67
10111111101011111111
180
10110101111111110111
52
11101011111111101011
90
1101111111111110111
158
1111111111111110110
149
11111011111101111101
88
10111111011111111110
190
1111111111111111010
18
11011110011111111110
177
11110111110111111011
71
11111100111110111111
171
11011110111110111111
123
1111111011111111110
19
11111111111011111010
6
11111011010111011111
59
10111111111101101011
149
11011011111101011101
73
11011101011110111111
145
11011101111111101001
165
11111101011110011110
186
11111101110111110110
129
11011111110011110011
86
111111111111111101
119
1010111111111111111
91
10111011111111111101
83
11011101111111110111
179
11001111111011110111
43
11111111111111101100
131
1011110111111111111
128
11101101101011111111
75
11101111111111010111
10
11101111111111111011
194
10111101111110111111
142
11100110111111011111
90
1111111111111111001
56
11111100111001011110
60
10011111111110101111
144
11111110111111111001
27
11111101111111011011
160
11111110001111111110
168
