20 100
10010001011000010101
152
11010001010101011101
195
10000101100100
151
1000011001000100101
12
10011101100000
69
1000010100100100
107
11001100111000000010
22
10011100101010101
180
11100100101000011000
102
10100001010010000111
55
1001010110001001101
131
10000101000110101
73
11100000010100100111
22
1001010000000010111
142
1010010001011010101
94
111101101011001000
42
11101100000000111101
76
10000010100011000000
139
101001001010101101
78
11110010111110000101
75
10001001111010011000
53
1011100011000101
139
11010011001001001000
67
11000011011010000
58
1000001010011100000
153
1000001010011000011
187
1001000101011010101
125
1100011001001000011
63
1100001000001010110
99
11001011101
1
10001010010000000001
119
10000000100100010000
127
10000010110010101
44
11011010100100100
78
110000011001101
190
1000011001000010001
49
11100001110000100011
184
111011110001110
170
10000011100010111010
116
11101000001111110000
4
10110101100110001010
111
100111000001010111
155
11111010010010000100
110
100101011010000111
24
10010101001001010100
85
11010000001100000
84
1000000000001101001
32
11101000000100001
65
11010111000000000001
48
1001111001011001100
95
110010100001001100
132
10101100100000010
199
1000100000000000000
198
11110000100101
197
10011101001000
190
1011111111000100000
199
100110001010011101
46
11001100100000101110
134
11000100110001000000
131
1000100010110100
179
110001010100001000
136
1110101101110000011
52
11000000111001100000
85
11010010011101010110
36
1000101001001100
145
1000111100110010000
138
10001000000101010000
40
10001010001100001101
138
10110000000001010011
166
10011010000000010111
30
1100100000000100001
173
10011101010101000101
174
11001110001000010000
168
10100100101011000011
109
1011010100110011011
177
1110101010101001100
120
10001001000000010100
67
1110000000010010100
58
11111100010100100011
192
1100101011001001000
182
100010100100001
15
100110001100111101
186
100110100000111
127
11001111000101010111
153
110101010011000010
12
100100000000100100
151
10011001000001000010
26
10011000001010010000
38
1110000000001010
147
10010011100011001110
140
10100110011000001
48
11100000110010010111
126
10011011011110011
84
11010000000110110
182
1000000000000101000
173
1001000101000000000
86
11100001001001011001
85
10000000001110000111
51
10001001010011101010
173
1010000010000000011
30
