20 100
11010111011100011101
152
11110001011111011111
195
10001110101111101110
151
1011011001101111101
12
1010110011101110001
69
10101001011100101100
107
11101100111001000011
22
1110111111101111101
180
11110101111111111001
102
11111011010010100111
55
1001010111011111111
131
10110011101010111111
73
11100010111111101111
22
1001111111001110111
142
11010011001111111111
94
10111111101111101001
42
11111110101011111101
76
11100011100111111010
139
1111111101011111111
78
11110111111110000111
75
11001111111011011001
53
10101111101111001101
139
11010111011011111000
67
111001011011011011
58
1101111011011110011
153
1011101011111100011
187
1011111101011111101
125
1100011011111100111
63
1110101010111011111
99
10101101011101011111
1
10011011110011011001
119
10011101101100011100
127
1011011110111111111
44
1111011011110101100
78
1101110001011111101
190
11111011011101011011
49
11111101110010100011
184
10000111011110111111
170
11000111110011111011
116
11111101101111110011
4
11110101110111101011
111
11100111111101110111
155
11111110111010101100
110
10101101011111000111
24
10011111111111111111
85
1111110000001100101
84
1001111111011101111
32
11101110010101111
65
11011111001001111101
48
1101111001111101101
95
10111110101011001110
132
10110111101110000110
199
1000110100100101000
198
1101111111111101111
197
10111011111111101011
190
1111111111110101111
199
11110111101010111111
46
11011100110010111110
134
11100111110101001011
131
1111000100111111111
179
10110001011100101011
136
1110101111111000111
52
11100111111011111100
85
11110111111111011111
36
1110111101111111
145
11011111100110111101
138
10101000010111110101
40
10111011011111101101
138
10110011111011010111
166
11011010101010010111
30
11100101111110111111
173
11111111110101100101
174
11111111001010110100
168
10110110111011101011
109
1011110101110011111
177
11110101011101011100
120
11101111010001010111
67
11110011111111110110
58
11111110010110100011
192
11111111111001001111
182
1010100110110110011
15
10101111001101111111
186
11111100111100010111
127
11011111101101010111
153
1110101110111101010
12
11100101111001110100
151
10011001011101100011
26
11111001001010110111
38
10111111011110111010
147
11010111110111111110
140
10010111111011011101
48
11110101110110010111
126
10011011011011110111
84
10011011001010110111
182
11000000000000111110
173
1001100101111001010
86
11101111111011111111
85
10011111001111011111
51
10011111011111101011
173
1111101010100101111
30
