20 1100
10001010000010101
152
10001011101
195
101100100
151
1000011001000100001
12
1001100000
69
10000100100
107
11001100101000000010
22
10011100101000101
180
10100000100000011000
102
10100001000000000111
55
1000010110001001101
131
10000100000010001
73
11000000010000100011
22
1000010000000000111
142
1000010001011010101
94
1101101011001000
42
11100100000000110101
76
10000000100011000000
139
101000001010100000
78
11110010010010000100
75
10001001111010011000
53
1001100010000101
139
11010011001001001000
67
11001010000
58
1000000010011000000
153
1000001000011000011
187
1001000001011010101
125
1100001000001000010
63
100001000000010100
99
11001011100
1
1000010000000001
119
10000000100000010000
127
10000010110010100
44
11011010100100100
78
110000011000000
190
10000000010000
49
1000001110000100011
184
101011110000110
170
100000011010
116
11100000001111010000
4
10110101100110001010
111
100100000000010101
155
1111010010000000100
110
100101011010000111
24
101001001010100
85
1010000001100000
84
1000000000001101001
32
11101000000100001
65
11000111000000000000
48
1001011001001001100
95
100010000000000000
132
10100100100000010
199
1000100000000000000
198
11110000100101
197
10011101001000
190
1011010111000000000
199
100110000010011101
46
10001100100000101010
134
1000100110000000000
131
1000100000110000
179
110001010000000000
136
110101001110000001
52
11000000010001100000
85
11010000011101010110
36
1000101001001000
145
1000001100110000000
138
10001000000101010000
40
10001010001100000101
138
10110000000001010011
166
10010000000000010111
30
1100000000000100001
173
1001000101000101
174
11001110001000000000
168
100000101011000011
109
10000100110010011
177
1100101010101000100
120
10000001000000010100
67
1110000000010010100
58
11111000010000000010
192
100001001001001000
182
100010000100001
15
100010000000111101
186
110000000011
127
10001110000001010111
153
110101010000000000
12
100100000000100100
151
10011001000001000010
26
11000001010010000
38
110000000001010
147
10010000011001110
140
10100110011000001
48
11000000100010010100
126
11010110011
84
11010000000010010
182
1000000000000001000
173
101000000000
86
10100001001001011001
85
10000000001100000111
51
10001001000000001000
173
1010000010000000011
30
10110110000110000000
173
1010001111101
141
10101100010001001000
195
1010010101101101001
52
100000011101110
117
1010100001000
117
11011010010101000000
42
10110001010001000001
176
10110000000011001
16
10000110100010000000
42
10000100000000000010
71
10001011001101100
88
1010000110000101
155
110101000100
4
10100000000000011010
91
1110100100000001
124
1000100001000100
177
100010001011000100
157
110110010000101
181
101100000001000000
183
1001001111000000010
115
1101100100000000100
59
110000001010000
130
10101110000010101
72
1010101100000000010
32
10000000000000000
153
10010010
172
1010100000100000011
40
1110110000000010101
150
11100000101100001010
137
10100000100100100100
69
10000010011100
95
11011100000010011000
111
10101000100100000100
112
11000010010101011011
138
10110000110000000000
51
10100000100010001101
71
1000001001000000000
131
11000001011100000000
129
1001000011000000101
186
10100000100000110010
15
10010100001110
35
101100000011001000
91
100100000101001100
1
1001100010100000
133
1010000000011000010
33
10100000000100001
173
1001001101000101
131
111101001010100101
91
10000010
183
100110001101000100
181
101110000001000110
183
10100010100
69
101010100010101110
176
10011110101000101
50
10001100000000000010
159
111000010001010100
140
1000000100000010000
23
100010001111001100
17
10000000000000000001
47
10100001010001100
197
10100100100000010100
84
1111000100000110010
10
10000110000010000100
46
10000001100001011010
155
1010011000000000
160
11000000000000000001
68
111101101011000010
187
100000100000010110
144
1110001000111000000
53
110100001100100000
40
11001100100000000000
3
10100010000000000111
176
1001000100001001010
104
10000110100001101
150
10100001010000100
101
10001011101000101000
58
100001101001101111
126
1110100111001000001
141
10101001001001000000
96
1000001000100010000
14
100100100000000000
26
1100000001000110010
66
11000010001101000
85
110000001000000000
14
1000001011000000001
166
10000100100001
11
11010000100010000000
150
110010100100
22
100011100000110101
112
1000100100000000001
174
1010100000110101000
141
1100101001000100110
165
1010001100011001000
116
10000000000000
198
10000000011001001100
197
1001000000000000011
16
10010000101
190
100010100000111000
99
11000110001000010011
71
1011000111101000110
107
10010000110001010000
198
100100000001000100
95
100001000111000000
140
100000011000100000
163
110101100001000001
125
10101100101000001000
37
100000100001101000
136
101001101000000000
21
100100000011010
161
1000111100000100011
152
1010000110100
146
10001011000010101110
36
10000111100001110
115
101001110100101000
100
10000000110011010000
111
1100010010101100
149
10001001000000100000
50
10000001100110011000
37
11000010000100100000
181
1100010100000000100
24
101010000110000011
77
10011010110100000
76
1000000111000000000
171
101000001000000
16
11000000001101100001
182
11000000000000000000
84
11110001000110000000
120
11110000011010000000
133
100000010010001100
87
100010101000011110
119
1000010100110001
49
10010110000010000011
117
100001011000100010
119
11001011011110000000
125
1001001000000000000
56
11100101000001001001
8
10101000000100111
129
10100001001100001111
12
1011000000101100110
41
10000011010001100001
78
10000100110001001001
54
110101000001000000
85
1100010100100000000
51
1011100001000000
200
11000010010110001
91
10001000110000
132
1100000101000001010
62
10100001011001100100
177
1011000010010001000
81
10010001100011
143
11011100000011101
186
1100000000000
13
100001001010100000
78
1010000100001001000
189
10000001101000010110
112
10100000000000101
28
10001101000000100100
120
1000001001010
110
10100001010010
140
110001011010100001
29
10000000001000001011
118
11001111101001000
5
100100000111010000
36
1000000001000110
159
11000000100001001
94
10101101100011000000
118
10010000000010100011
51
100001001000101010
43
11100011000100100
135
10000001001101101011
140
1110001010000010100
129
1010000001001111011
184
10100100000000101
21
10101010001100000001
147
100000001100000000
164
10110000011000100
194
10010001000001010000
100
11000000101
3
1010010100110001000
21
100010001000000000
48
10010010000000001001
119
10000000001010010000
38
1100010000010
78
10000000000111000
74
10001110000100001000
50
1000100001011101101
24
10001101100010000
84
10101010000011001000
108
100010100001100000
116
110000000000011
173
11010100000111000
182
111011000100000
63
10000101101011000000
151
100000010101011
189
1010100010000000000
110
10000000000001010000
97
100000101000010000
103
11001000
117
10100100001001100100
53
1011001000000
21
100001000001001011
130
110100011100101100
60
1011010000001000000
80
1001000000000011
119
10000001001100100
93
1110000111001100
63
101000000110000110
80
10001100100000001000
36
1000010001001100000
195
1010000001110001001
78
10000001100000000000
158
10000010000110001000
143
11101100000011000
49
1001001000010101011
61
110000000010000100
110
1111010001000100110
68
1010010000100011110
46
110000111
159
10010101001001
165
10100010001000100011
67
11100111011010100
13
10111010001000100
146
1010100100100001010
83
1010001000000000000
102
1010100000000100001
197
10001000001100100
145
10000101110110000
55
1000101000000
25
110010000001100010
148
10000001000100000100
181
1010001001100101
116
110100000100011001
34
1000101010101000010
135
10001010100000110100
63
10000001000000011111
141
1101000000001000001
29
10000000100001000010
164
11000100010011
41
1000100010010001000
169
10010101001010111
47
100100110011011110
158
110001000010000100
120
11100001000000100110
106
1010100001
61
10010010000011000101
53
1011000101000000010
130
110000101000000
143
100000010000100100
130
11100000110000
172
1101100000010100000
89
100001011001010011
52
110000100000100100
98
10000001000100000001
171
1000111010011001010
157
110010000100100
8
101100001010000000
100
1000101000101001000
103
1000101001000011
76
10110000101100110
189
11000010101100000010
119
10001101001100100010
109
11000000000000001000
71
10111011100001001
87
11010010011010100001
176
10010010000000100010
74
1000000001100010011
105
11100000010000000100
117
100110000010000100
96
11001001010100100
16
100000001001110
93
1101000000010100
139
10101100000000
161
111000101000100000
115
1000111100000110100
16
1101000100000010110
173
1101100101100101
31
10101010101100
145
100110000011000101
130
10010001110000000
198
1100010110000011000
181
10001100011010100
191
10010000110001100
23
1000000001000010000
196
1010001001010001001
123
10000101001
73
10101011100010001000
47
10000000010000000010
193
101111010010000
175
10110100011001101
93
101111001000010
156
100001001010010001
34
1101101010100010110
1
11010100100010000010
178
10110001000110000110
72
1000000010000001
131
11000000011110000
130
10010001011110000000
43
11000000110100010000
16
100001101100000001
194
1000000100110
43
11001001001011110
13
10000111111000100100
181
10101000000100001
6
1011001110000001100
114
1010001101001000101
173
10000001000001100100
34
111001100011011000
19
11010110010000010001
76
1001000100010101001
154
11001110010000000
85
10000000010001001011
146
10100110010001001100
170
1000000100000010010
41
1100010001000011010
177
1010001101
184
101111101000110000
193
110000001100000010
26
11000111000100
176
11000011111010000001
97
10010000000010100100
119
100010001010001000
154
100101000010
132
11010000000001000
28
11101010000001011001
184
101000110011010001
19
10000001010000001001
4
1100010100000000000
123
10011000101011001
40
10001100010000110010
38
11110000100000000000
163
11010110001100011
188
10100000100000001001
42
111000000010000
101
11000000000101101
83
101010000000110000
92
10000001110001000001
83
1000011100010000001
128
10010010000110011000
145
100110010000000000
102
1101011010000010100
102
1000011011
145
1100001010111010
48
11100000010100010100
23
11000010000000011001
55
110100000000100001
96
1000000101010100010
178
10111010100100000100
104
1100100000001100
109
100010000
142
10010110000000001000
76
1000000000100000100
119
1000000010011001100
47
1010000010001100
167
10101001000011
73
1010000100011101
144
10000000011000100000
53
1001000100001011
83
11100101000000001000
105
1011100000000000010
14
1000010001
199
11000000000010
6
101000110101010
131
1100010001100
110
10000100000000010010
57
10110001101001011101
98
1010010010001101
30
111000010010101010
49
110001011010101011
126
100000000000000011
50
10110000011001
66
1000000000000000000
43
10000100001001000
133
11010000001000001100
60
111011001101101000
49
10000001001000000000
78
1010000100100111101
98
1011000011001100
136
1100100011111000001
148
10001000100100100000
125
10101101010110100
64
110001100010000000
33
11100001010101000100
50
1100010100110000000
192
10100000010000101
1
101100010100010010
155
1001000011000000110
14
1100000001000001111
65
10100011111001000
97
101100000100001
160
1000011101101010110
63
10000000101000010100
95
100111000000000110
99
100001011101111101
29
11111010110101001111
12
100000000010000000
184
10000101100011110000
52
10010000000100100000
189
10010000000000001010
168
111000110110000001
15
100100000100000000
73
11011001000001000001
163
11110100010000100
82
100100000100011000
5
1000001100000110000
139
100000000000110
17
10101000100110100111
56
100000000010101100
20
11100100001000
171
1100000011010010
102
101001
77
11000010110
15
1000100010000000
72
101010010001000100
122
111101010001001000
85
11000000010100010
166
1110000100011010001
184
11111101111000000000
105
11000000000000
65
1001000100100001000
166
1000000000011000010
59
1100001000000000
94
10011010000100100110
54
100110010000010010
122
100001000000100
90
10100100111100010011
86
110001001010010100
58
10011011100000000
152
11111000000010000001
184
10100000001000000100
183
100000001000101100
24
110000000000100101
161
11001110001000
17
10001000011001100000
95
10001011110001000
102
11100011000000000010
155
11001011010000000000
104
10000000110010010010
47
1000000001001001000
185
10000001000010010
189
100001010001000011
157
100001110101000011
6
10000110000100010100
90
100001001001000001
50
10100100000000101010
26
1100010011010000001
46
11110001000000011001
115
1011000110010000001
6
10001010100100000100
106
10100010101000011110
22
10011100101100101000
73
10000000000001100110
2
11000001000000100
112
1000110010000001000
21
11110100100111001000
69
100100100100
43
100000010000110
21
10100101100100001
43
101101000110110011
173
111111000010000
89
100100000001110001
192
1110000000001000100
125
100100001110100
164
11101011010000100000
167
10101000101000101010
147
1100001101101010
193
10010001000000110000
161
1000000000010011000
71
1010000110
138
111100101100100
61
10010010000011001001
3
10001110110001000001
57
100100100001101
173
10001001010001111000
140
11000001001110110010
15
100000111111001
131
1010000010100000000
78
1000000110100011100
128
11101010001000010000
99
1100100000001100111
72
100000000001000
90
10000101010000001101
186
10110011100110000000
156
110100000000100100
168
10000100000100011110
88
1010000000010000011
185
10000010001101001101
191
10001000000101001000
2
11000000001010000010
13
10100100000011011100
199
10000000010010000100
56
1001000000010010000
19
110001001
16
11010011100111100110
51
11001001110101001100
174
10011110011011001000
12
10001000110100100101
140
10000000111111101000
135
10101101000000000001
117
111110000000010101
52
100001101010101011
141
10000010000000010010
165
10000000101101000000
61
1001000000000000010
195
1000010010100001100
116
1100000100000000
181
10110111100101010
91
10000100010111010
171
11010010001010000000
58
11000101000100010010
123
1101000000000001001
35
10000000010100000001
139
1100000100100000100
19
110000000010001000
113
10110100010100100
177
1000100010001000101
99
1000000110000000000
61
1001110100
119
101000001000101100
128
1000110001001010000
122
10001000001001100000
159
110111111000000001
150
10000000100100000
87
10000010011111
59
1001011100000101
111
11101000000000001010
78
100001100
196
11000101000000000000
32
10100001100010000
31
10010100111110101000
160
11100000001101001000
123
100010100010000100
1
1011000000100110100
76
100110100000001
2
10001010011010001010
146
1000000001010
165
10110010001100100000
61
1000100010100010000
92
110010010000000010
83
10000100100100001
14
110001010100100010
75
1010011000101010100
118
11001100001101001000
189
10100000001011100111
2
1001000000010
65
100100000
61
1100001111100000
98
10100100011010000001
17
10011000000101001010
16
100000010001010110
107
1000101000100000100
139
100010000010000000
71
110001100000000000
77
10000000101000001110
90
110
31
100001001100000010
182
11001000010011000010
99
10011100111010011000
68
1100010000010011001
74
1100001010001000101
186
10000100010100010101
58
101000010101000
156
10000110000001100
108
1011100100110000001
193
1011100100010
39
1110101010010101010
14
1010110000000100
147
11111010001000000000
101
10100100100010101000
10
1010001001010000
83
101010100000100
52
11011000011100000000
144
100001000000011110
187
101000001010001000
97
10000111000000
109
100011100001100001
46
1100001100010
78
111001000000001000
75
100010010000000001
18
1001100000000000
24
1100000010100000000
169
10000110010101100110
189
100001001111100
177
10000000011010
152
100100010000001
146
10001001010100000001
59
1100000000010100100
18
10000110100100100
35
1100010000000001100
70
100011000010100000
7
11011000010001100000
10
1110001000000100101
81
101100000111000000
155
1100100001100
108
110100010010010110
116
1000010010010100000
31
1000011000010010
107
10001000100100000
33
111000110010
96
11001001000010001
104
101011000101000001
196
1110010111011001000
65
10000010000100000
133
1001010010000000000
93
1100000000001000100
176
11010110001010001010
32
10000011001001101
145
11100010100011000100
19
11000100101100010110
88
100000010010100
98
10010001000100000100
7
1001001000111000011
69
10010000001000000001
116
101100010001000000
193
110011000010000100
26
1100101000000100100
184
111010100000100000
69
10111100010101010100
179
1010001011001001011
170
1001010110000101
74
10010100000001000
164
1100010000000
105
10000010001111010100
24
10001000000000110110
17
10000100100000010101
24
10101001001100001110
108
1100010001011101001
35
1000000101100000
97
100010011110000010
158
11110100010000011010
145
1000000100101000010
141
1100010000001010
25
110001101010010
61
100100100010
189
1011001100011000000
197
1001101000000010000
98
10011101010100001
182
110110010010000000
135
100010010000001001
164
1011111010000110
14
10110001000110
56
1010011010000001001
147
10001000100000
182
101000111101100100
157
101000011010001000
28
10000000000111
130
1011100000000011100
46
10000110001010011
93
10010101000001
52
10100100000001000100
5
10000000101011100000
105
10101000001011000010
6
1000010110010101
38
1010011000100100001
85
110101000100000
115
1100011001100010
108
100110000010001010
183
10000101010010000111
108
10000101000000000
27
11101110010111000
179
1001001100000100000
149
1000000001001011
11
10110010000100000010
165
100110010000000100
143
10100000001101010000
120
10101000010000100010
33
110000101010100000
68
10000001111000100110
6
1000000000011
11
110100000000110000
149
100010110
64
11000101001101000000
58
10011011000000001100
63
1111001000000000010
132
10101010011010001000
160
101010000000000001
15
11000000000010000101
121
10001001000101100110
150
10001101100100001000
113
100000101010000000
151
1000111100101000111
94
11111000101101011000
173
10010011001101000110
92
1010001100000100101
192
1000010001100001
25
11001110100001001
39
1011001110001010000
155
10000100100011110001
27
10000001011000000
87
1010100101100000001
83
11000100110110010000
7
10000000001000010101
27
1000001010110000001
196
11001100001010111000
164
11000000000100000101
154
101101000000000000
127
10001000000010100
49
10100101000100001
111
1011001010000100000
150
1010010001000100100
182
1101001010001000001
106
100100000000001
195
100000000000001000
148
10100001010001100000
160
1000010101101010001
97
1100110010000001110
111
10001010101000000100
14
11001000000100010
162
10001000100100101001
67
10000010010001100110
158
10100000001000001
107
11010101000100001000
96
1101100001100000
80
1010000001100001010
145
101010000
183
1101100000001010
156
10000101010101000010
118
111000100000000000
54
10000010010000000
185
1010100000000
187
1000000000010001
7
101010100010010000
97
11100000000000100
63
10110001011011001011
29
10100010100010111000
132
1001000011000100000
30
1001000000101001
83
10000100100000
181
1001000100000001000
159
100100010100000001
90
110000010000110000
15
100001000000000011
184
1000101000011010000
26
1000010110000000000
30
1011011001010010
25
110001000100000001
104
10100100000010011
105
1000110111101100000
163
1010000010000
99
11001000000010000100
94
10010000000000
3
100000110001000000
148
10001000001100
159
111100010001001000
46
10110100001011000001
33
100100000010110000
134
1000000000000100011
111
1100000101010110
49
10001011100000011101
37
11000000101000011000
166
111000000000101100
75
11111100000000000
127
10000101000011000
176
101011010000100101
56
100000010000000100
61
11110001000100001000
32
10000011010101000010
56
10000001101000110001
104
11101001110100100
38
1011010000000000000
33
10010000010000000001
29
1010001
28
10000101001101000001
131
11100000110001011
61
1110110110100011111
185
10010100000100000
105
11110110000000
26
1011001000010000000
37
10100010001000010000
187
10100001000100111
111
10100000100
178
1001101100010010110
114
10100100011000000010
40
1000000111000111011
102
10011011101110000011
110
1100000110001
31
10000101101000000100
104
1110010100101000
7
11001011000010001100
1
1011000110010011111
75
10110101000100100
61
101010111010101000
168
111000001100000000
4
11010001010000001001
138
10100100000000010010
197
100100
49
1000000000001101010
106
10010100011000001100
27
10100100000000000
43
110000000001110
92
100001000100
177
1000001100001
117
10001010000000101010
24
10001001000100000000
192
1001010110010101101
97
101000110000000100
165
1000000000001110000
117
10100000000000000001
117
1001100010001011001
169
10000100000100110011
98
1110100000001010
27
1100000100011110010
126
11000010000010100100
7
1110100011000001111
153
111000001100
23
10100110001000000101
84
1100110000010001100
61
1111100000011100000
190
11100000011011010
24
110000000101101000
50
1110000110110000001
92
100011000010
7
10100000000
153
100000000010000
60
11001000100000010
42
10000011000100001001
71
10101011110100000100
62
100000000001100001
124
100100000001000101
56
1000000000010000000
108
10101000100000100011
114
10111101010100001
113
10010000101001100000
69
1101100000001010000
91
10000000101100001
83
100000010001000000
90
10000000011100000000
187
1001000000000001
12
1100000010001100000
67
110001100101001000
145
110000000000001001
103
110100110110001000
65
100010010010000110
132
11000110001
50
100111000000001110
119
10000111001110000110
10
1000100100100011110
91
111100010010001100
67
110100011100100
67
111010001000001010
18
11000000000000000
128
101001111000000010
168
1010100100000100000
190
10000000100000100000
47
10010000000101
100
10101110000100101100
97
11000100001001110000
185
1001111001010000
131
11100000000000010
61
100101100100100000
19
10000000001
105
11001100100000101
80
10101010100001000001
101
10101011111000101101
85
10000010110010
80
11001101001100010000
188
10000101000100010000
49
100110001000101
163
1011011001000101101
30
111
9
100100010100
68
10101010001001100010
173
111001000010000100
21
100000111111
44
10010000000100100010
198
1010001000001001100
47
1010000010000000010
57
110001100000001001
105
100101000000
79
10011110000101010
77
100000010000000
32
110100010100100110
55
100101000000000101
165
1000100100000010000
40
1000000011010010000
181
10000000110010100000
114
1001000000100
30
100011011000000
162
100100010010000011
29
10001000001100000011
114
1011110110100000000
200
10000001001010000000
91
1000
142
101010001010001100
85
1001111010010001110
34
10101000100000001
13
111000110110000101
127
101111100000001010
50
1010000000100010010
187
100100011011000001
68
1001100001100100001
127
10000000001000111000
76
10001001100111000001
10
11001110000000000110
125
100010001100000000
65
11010100001010010
11
1010001110101110110
70
1010001010001000
137
10000000010001010100
87
11100010111100010000
163
10100010001100101111
197
11001101000000000001
32
11100000010110000011
116
110110110000000010
19
10000101010100100
11
10101110000000100101
162
11000000010100000000
80
10010001001010100000
182
1100000000
155
10111110000101000
100
1011001100
97
11100000110100001001
183
1000100000111
154
10000000000001011100
115
1000000001000100000
162
1001111000000
78
101000010110100101
183
10001010110001100
160
10001000100000000
88
10010001010000
142
100001101100010100
99
100000000000000
193
1000010110100100000
36
10000001000101011010
109
10010000110000000000
49
1000100000000110
85
10001110000001000000
102
100011000000100011
172
100100011010000
179
11001000000001000000
68
10000000011101001001
44
1000101001000
29
1000100001010000011
3
10100011000010101000
143
1100000000100000001
63
11000100010001111010
169
11010010000000000
162
10110111000000
90
10000010101001100010
148
110000000100100000
104
10100000001000010011
100
1001100001000100001
84
10010000000010110
18
10001000101000010001
11
100011001001111010
72
10011001011100001
20
1000100101100100000
4
1000100100010000000
195
10000000010010100100
4
1000001000000
70
10011000001000
174
1100000101100000
179
101000100001000110
171
1000001000000001
35
10100000011011000
50
10000010011000000000
128
10000000010000000
94
101001101010110101
6
10001000100100
168
10101001000100
73
1101100100011001
95
10101000000001110110
150
100000001001100000
65
100100001000010
188
10000000000100010101
48
1011101111000000110
3
11100001001110101010
156
1000010010100000001
4
10000100100100010000
1
1011101000000010000
151
11111010100000100
56
1101000101100001101
197
100000011101
63
1000000100000000010
191
1100010001010101001
110
1110000000001000000
153
100000000
85
11000000000
173
100110000000001011
84
111000000000110011
190
1001101111000010
2
11010000010000110000
6
10010000000010000101
165
10000000001101000000
136
1010111001001101100
26
10010000000010000110
182
1001000101010000110
67
1010011100001000000
25
10001110011000000000
4
110001000000000000
157
10011110100000011
87
10000000111011000
80
10001000010001010
65
10011100000
119
10000000110000010
64
1011100000010010001
17
10100000000100100
32
1110001000
52
11111001100010
82
101010000001010
182
