20 100
11010001011000011101
152
11010001010101011101
195
1110000111100110
151
1000011001000100101
12
10011101100001
69
1000010100100100
107
11101100111000000010
22
1110111110101111101
180
11100101111000111000
102
11100001010010000111
55
1001010111001111111
131
10010101000110101
73
11100000011100100111
22
1001110001000110111
142
11010010001011010101
94
111101101111101001
42
11101100101000111101
76
11000011100011000000
139
101101001011101111
78
11110110111110000101
75
11001101111010011000
53
10001111100111000101
139
11010011001011001000
67
11000011011010001
58
1001111010011110000
153
1000001010111000011
187
1001000101011111101
125
1100011001111000011
63
1100001010111011111
99
100011101011111
1
10011010010000010001
119
10000000100100011000
127
1011001010111010111
44
1011011010100101100
78
101110000011101101
190
11000011011001010001
49
11101001110010100011
184
111011110001111
170
10000111100010111011
116
11101100001111110001
4
11110101110111001010
111
100111110001110111
155
11111110110010000100
110
10100101011010000111
24
10010111011011011101
85
11110000001100000
84
1000100100011101001
32
11101000010100001
65
11011111000001000001
48
1001111001111101100
95
110110100001001110
132
110111100100000010
199
1000110100000001000
198
101011111000100111
197
10101010111101001000
190
1111111111000100010
199
11100110001010011101
46
11001100100010101110
134
11100110110001001001
131
1101000100011110111
179
110001010100001011
136
1110101111110000011
52
11000101111011100100
85
11010110111101011110
36
1010101001101100
145
11010111100110111000
138
10101000000101010101
40
10111010001110001101
138
10110000010001010011
166
10011010001000010111
30
1100100100000110001
173
10011101010101000101
174
11001111001000010000
168
10100100111011100011
109
1011010100110011011
177
11110101010101001100
120
10101001000000010101
67
11110010011110010110
58
11111100010100100011
192
11100111011001001000
182
1000100110110110001
15
10100110001100111101
186
10010100111100000111
127
11001111000101010111
153
1110101010011000010
12
10100100101000100100
151
10011001000001100010
26
10011000001010010000
38
10011110010000001010
147
11010111110111011110
140
10100110011010001
48
11100000110110010111
126
11011011011110111
84
11010000010110110
182
11000000000000101000
173
1001000101111000010
86
11101001011011011001
85
10000110001110001111
51
10011011010011101010
173
1110101010000000011
30
