20 1700
11010001011000011101
152
11010001010101011101
195
1110000111100110
151
1000011001000100101
12
10011101100001
69
1000010100100100
107
11101100111000000010
22
1110111110101111101
180
11100101111000111000
102
11100001010010000111
55
1001010111001111111
131
10010101000110101
73
11100000011100100111
22
1001110001000110111
142
11010010001011010101
94
111101101111101001
42
11101100101000111101
76
11000011100011000000
139
101101001011101111
78
11110110111110000101
75
11001101111010011000
53
10001111100111000101
139
11010011001011001000
67
11000011011010001
58
1001111010011110000
153
1000001010111000011
187
1001000101011111101
125
1100011001111000011
63
1100001010111011111
99
100011101011111
1
10011010010000010001
119
10000000100100011000
127
1011001010111010111
44
1011011010100101100
78
101110000011101101
190
11000011011001010001
49
11101001110010100011
184
111011110001111
170
10000111100010111011
116
11101100001111110001
4
11110101110111001010
111
100111110001110111
155
11111110110010000100
110
10100101011010000111
24
10010111011011011101
85
11110000001100000
84
1000100100011101001
32
11101000010100001
65
11011111000001000001
48
1001111001111101100
95
110110100001001110
132
110111100100000010
199
1000110100000001000
198
101011111000100111
197
10101010111101001000
190
1111111111000100010
199
11100110001010011101
46
11001100100010101110
134
11100110110001001001
131
1101000100011110111
179
110001010100001011
136
1110101111110000011
52
11000101111011100100
85
11010110111101011110
36
1010101001101100
145
11010111100110111000
138
10101000000101010101
40
10111010001110001101
138
10110000010001010011
166
10011010001000010111
30
1100100100000110001
173
10011101010101000101
174
11001111001000010000
168
10100100111011100011
109
1011010100110011011
177
11110101010101001100
120
10101001000000010101
67
11110010011110010110
58
11111100010100100011
192
11100111011001001000
182
1000100110110110001
15
10100110001100111101
186
10010100111100000111
127
11001111000101010111
153
1110101010011000010
12
10100100101000100100
151
10011001000001100010
26
10011000001010010000
38
10011110010000001010
147
11010111110111011110
140
10100110011010001
48
11100000110110010111
126
11011011011110111
84
11010000010110110
182
11000000000000101000
173
1001000101111000010
86
11101001011011011001
85
10000110001110001111
51
10011011010011101010
173
1110101010000000011
30
11111110000111001010
173
1110101010001111101
141
10101100010011011110
195
1010111101101111111
52
11110011111111111
117
10101110100101000
117
11011010111101000000
42
10110001011011001101
176
10110110000000111001
16
11001111101110100011
42
10100100000000000111
71
1011101011001111111
88
10001010000110001101
155
111010110111000100
4
10110100001100011111
91
1111110100100001
124
10001000100001000100
177
10100010001011100110
157
1100110111010010101
181
101111010001100000
183
1001001111100000010
115
1101110101000010100
59
110000101010000
130
10101110111010101
72
1010101110001100010
32
10111000000000000000
153
11100000010010011
172
1010111000111000011
40
1110111110000010101
150
11100011101100001010
137
11111100100101101100
69
11000010011110
95
11011100000111111110
111
11101000100100001101
112
11000010010101111011
138
10110001110000010000
51
10101000100111001101
71
1001001011000011000
131
11101101011111000000
129
11101011011000000101
186
11100000100000110010
15
1000011110111001110
35
111100010011101101
91
100111100101111100
1
10011011100010111110
133
1010000000011001110
33
10010101000101100011
173
10001001001111100101
131
10111101011011100101
91
111110010010000011
183
100111011111110101
181
111110001111010111
183
1110011111100010100
69
111111110011101111
176
10010011111101010101
50
10001110000000101010
159
111000010011010101
140
11000110101011110100
23
10100110001111101101
17
10010000101000000001
47
110100011010001100
197
10111110100101010100
84
11111000100000111110
10
10100110110010000111
46
11001101100001011011
155
1010011000100000
160
11110000110000010011
68
111101111011010110
187
1110000100010011110
144
1110001000111100000
53
10110100001111100010
40
11001100100000100001
3
10110010011000011111
176
1001000100001011010
104
10010001110100001101
150
10100001010000110
101
11101011111101111001
58
110001101011101111
126
11110110111001000001
141
11101001001111001001
96
11000001001101010011
14
10100100110011110010
26
11101000111100110011
66
11100011111101000
85
111000101001001000
14
1000101011000100101
166
11000010101111101101
11
11010001101111101001
150
1000010110010110101
22
10100011110101110101
112
1001100100100000011
174
11011110010111111110
141
1110111001100100111
165
1111001100011011000
116
10100111011010011000
198
10111101011101111101
197
1001001111000010011
16
10000000010111010111
190
1110010100000111100
99
11110110001000010111
71
1111100111111110110
107
11010011111101010001
198
100110000001100100
95
10100001000111000001
140
10101100111110110100
163
110101110001010111
125
10101101101010001000
37
11110100110001101001
136
101001101111000010
21
11100100100011010
161
11000111110011110011
152
11011010100111110
146
11001011001010101111
36
11000111101101110
115
111001110111111010
100
10000110110011111001
111
11110010010101100
149
10111001000001100000
50
10010001101111011001
37
11000010010100101000
181
1100111100000110111
24
10101010001110011011
77
10110111110110110010
76
1011001111001000001
171
1001101000111011000
16
11011000101101100001
182
11011001000111000000
84
11111001011111001010
120
11110011011111001100
133
1111101010111001100
87
100011111000011110
119
1001010100110001
49
11010111000010010011
117
100111011001100010
119
11011111111110000000
125
1011011010000000000
56
11100101000011101001
8
10101101001110111
129
10111001001111001111
12
11111100011111100111
41
10101111110011100011
78
10001100110011011011
54
1110111100101100100
85
11101010111100000000
51
1011111011101110
200
11000010111110011
91
11001110110001
132
11101000101101101011
62
10100001011011100101
177
11011001110110001001
81
1000010010001100111
143
11011011100000111101
186
1101100000000100
13
100001011010100001
78
11010010100011001011
189
11010011101000010110
112
1110110000111000111
28
10001101010100101110
120
1001011011011011
110
111100001010110
140
111001011010101001
29
10000001001000001011
118
11001111111101000
5
101100001111010000
36
10101000000011110110
159
11100000110101001
94
11101101110011000000
118
10111100000111100111
51
110001001100111111
43
11011111111100101100
135
10100001001101111011
140
1111011110010011100
129
1110000011111111011
184
111111100000010101
21
10101110101111010001
147
1100100001100000111
164
10110000111010101
194
10010101100101110111
100
1000011011000000101
3
1010010110110001100
21
101110011011000001
48
10010110010000001011
119
10000010001110011000
38
1100010101111
78
11110001110111010
74
10101110000101101001
50
1010110001011101101
24
10010001101100110000
84
11101010001111101001
108
101110100001101000
116
1101110000000100011
173
1111010101101111000
182
10101111011000110000
63
10000111111011000100
151
1111101001110101011
189
1010101110000100011
110
10000000010101110000
97
110101111110010001
103
11001000010011111100
117
10100110001011110100
53
10001011101000010
21
110101011001001011
130
1111101011101111100
60
1011010000011101001
80
1111011010000000011
119
110010011001100100
93
1110100111001110
63
1101110101111111110
80
11001100110001111000
36
11000010101001100010
195
1110000001110001001
78
11100101100000001000
158
11000011000110011011
143
11111100100011010
49
1001001000010111011
61
110000110010000100
110
11111010001000110110
68
1010110010110111110
46
100000111010111
159
101010011111111001
165
10100011011000100011
67
11100111011010110
13
10010111010011000100
146
1011110100100001011
83
1111011000001010000
102
11110100011010110001
197
1010001000011101101
145
110000101110110010
55
10000001000111110001
25
10111010100001100010
148
10000101000101000110
181
11010001001101101
116
111100010110011011
34
1101111010101100110
135
10101110101000110110
63
10100001000000111111
141
1101100000001010001
29
11100100111101000011
164
11000011000111010011
41
1000110011010101000
169
1010010101011010111
47
10110110111111011110
158
10111001010010000110
120
11101001000011101111
106
1100011001010111001
61
10011010100011010101
53
11011101111010000010
130
1101110000101001010
143
100010111010110100
130
110011100000111000
172
11101110100110100000
89
110001011101110111
52
10111000101100110101
98
1010010100111001000
48
1100110101010111011
170
101111101101110101
157
10100011001101010010
118
1010110100101000000
140
100011100010101100
2
10100100110100110011
167
1010110110101100110
189
11000010101101100010
119
10001101011101100011
109
11100110010000001000
71
10110111011110111001
87
11010010111111100101
176
10111011000100100010
74
11101100101110010011
105
11101100010010000100
117
1101110100111011100
96
10011001111111101100
16
1110110010001011110
93
1101000001010111
139
1001110101100001011
161
1111001101000100100
115
1000111101000111110
16
1101000111010011110
173
1011101110101100101
31
1110101110101110
145
100110100011001101
130
10010011011110000000
198
1100010110010011000
181
1011011100011110110
191
10110000111111101
23
1000000111001110000
196
1110001011111101011
123
10011101011
73
10101011100010101100
47
10000110010000010010
193
10000101111110111011
175
10111111011011101
93
1101111001000010
156
10100001011011010011
34
11101101010100010111
1
11111111100010010010
178
10110001010111010111
72
1101100000010100001
131
11000000111110000
130
10011001011111001010
43
11001010110100010000
16
1111001111101001001
194
11100001001000101110
43
111001101001011111
13
10101111111000100110
181
10101100101101111
6
1011001110000001100
114
1110001101001111101
173
10010011010011110100
34
111101100011011100
19
11011110110110010001
76
1001000100010101111
154
11001110010000010
85
10000010010101001011
146
11100110010111001100
170
1000100110101010110
41
1100011001000011111
177
11011001010101101
184
101111101010111000
193
11110110011100111010
26
100011111111001110
176
11101111111010010001
97
11010001101011110100
119
1000010001001001
173
1101011101111001100
154
100101100101101110
132
10111010001100001011
28
11111010011101011101
184
111000110011011001
19
10011101011000101011
4
1101010100000101111
123
111111001111011011
40
11011100010100110010
38
11111010100001000000
163
11010110001100011
188
11100101100100101001
42
10100111110000011001
101
111001010101101101
83
1101010000000110010
92
11000001110001001001
83
1110011101011010101
128
11011010000111111110
145
10100111011100010100
102
1111111111100010110
102
1010101110011011
145
1100101010111011
48
11110010011110011101
23
11001011111000111011
55
111100000000101001
96
1100010101011101110
178
11111010110101100111
104
101111100000111100
109
101001000111011001
142
10011110001100101010
76
11000000111100000100
119
1000000110011001100
47
10111010000011001110
167
10001010101101000111
73
1011011110111101
144
11100000011000100101
53
101111001111001011
83
11110101001010001000
105
1011101000010000010
14
101111011011001
199
11000100000011
6
11101101100110101011
131
11000001110010111100
110
10100100010010010010
57
10110001101001111101
98
11010010011101101
30
10111100010011101011
49
111001111110111011
126
1100001000000001011
50
1000010110010111001
66
1001100001101010001
43
11100100001001000
133
11010001001011011100
60
10111011001101101000
49
10010001001100000000
78
1010001101100111111
98
10111011000011011110
136
11100100111111010101
148
11001110100111100010
125
10111111101010111101
64
110001100010100010
33
11100001010101010110
50
11101010100111001100
192
10010100011011001111
1
1101100010101010111
155
1011010011011000110
14
1101100001000101111
65
11010100011111001100
97
1010111110000100101
160
1011111101101011111
63
11010001101000010110
95
11101111000000000111
99
10101001011101111101
29
11111010110111101111
12
1100011100010010000
184
11000101101011110100
52
10010111000100101000
189
11010011101101001110
168
1111000110110100001
15
100100000100100001
73
11011001010011000101
163
1011111110010000110
82
1110100000101111000
5
1000001101000111000
139
1010100000001101110
17
10101001100110100111
56
1101001011010111100
20
1000111110100001000
171
10001111000011011011
102
11101100111001101111
77
10000000111100010110
15
101110110010000011
72
1101010011001100110
122
1111111010001001001
85
11000000010110010
166
11110010111011010001
184
11111101111000000001
105
1111111000001100100
65
1001010100101011000
166
11000100010111010010
59
1111111101110100001
94
10111010011100100111
54
10100111011100010010
122
1101110111010010110
90
10100110111101010011
86
1110001001010010100
58
110011111100000000
152
11111100100111000001
184
10100000001010001100
183
100100001000101100
24
1111010011001110101
161
10000011001111111110
17
10001000111111110110
95
111101011110001001
102
11100111000011000010
155
11101011011000010000
104
11000010110011010110
47
1000101111001001010
185
11010001001010011010
189
11100111010001111011
157
1110101110101011011
6
10000110000100010110
90
111001011001100011
50
11110110010100101011
26
1100010011010001101
46
11110101001000111011
115
1011101111010011001
6
10001010100100000100
106
10101110111100011110
22
10011100101100111110
73
11010100000011101110
2
11101101000000110
112
1100110010000001100
21
11111101100111011000
69
1000001110100100100
43
10100011010101110
21
10011100101100110001
43
101101001110111011
173
1101111111000010000
89
10100100000001110001
192
11111001010001010110
125
1101101100101111100
164
11111011010100100101
167
11101100101011111010
147
11011100001111101110
193
11111001000000110101
161
1001100001010111010
71
11001010000110
138
1101111101101111100
61
1111000011111110000
196
10010010101011011001
3
10101110111101000011
57
1100100100101101101
173
11001011010001111001
140
11000001001110111010
15
110011111111001
131
1110001010110101011
78
11110001111110011100
128
11101010001000110100
99
11101110001001110111
72
1100100100100001101
90
10010101010001101111
186
11111011110110000110
156
10110100010010111100
168
10000111011100111111
88
1011000000110001011
185
10001010001101001101
191
11001000100101011100
2
11100010101011000010
13
10100101000011011100
199
10100101010010010110
56
1011100000110010000
19
1010010010110001001
16
11010111101111100110
51
11011011110111001111
174
10011111011011011110
12
10001000110111110101
140
11100101111111101001
135
10101101100100010101
117
1111111000000010101
52
10110001101011111111
141
1110010001101110000
97
1110001000000101001
172
11100000110111101000
102
101101001000110101
77
10110110101000111
95
10000011000001001010
67
10000010110111100111
51
1000010100111110111
67
11111101001010101110
71
101110011101011001
29
1110110101000000000
196
10010010001010100100
39
1101110010110101100
148
110000111010001
42
11100010111100110101
81
100010011100100
123
10110100110011100010
126
10100010000000101111
174
1000111000001100111
155
1001110111001101010
138
1010011101001001100
139
111111111101000
102
11001011110000100110
21
1101000010110011011
3
10000111001011101100
104
111101000010001001
183
10001100000001000011
68
111000101100001010
73
1100110110001101010
63
10111101111110101
129
10011100001101101011
9
1110100010100010011
173
11110111001001001101
141
11010001001101001000
191
1100101001101000101
67
1110000000101
60
1101110110111001110
148
10110001100101001100
22
10001100100100001010
168
10001000010110011000
138
11011101111010110001
72
111101111011111010
52
11100111011110100100
179
11110011001101110011
68
10000001101110000101
97
10100000000011110110
136
10110110111110000
45
11010010001101100010
178
11011100000101101110
16
100101010001011111
107
1010111000110010101
139
110111001110000000
71
1110101100010001001
77
10000111101000001110
90
10001001010111
31
101001001101011010
182
11001000010111001110
99
10011110111011011001
68
1110111100011111001
74
1100001010101100101
186
10000100011100010111
58
11101010110101011
156
10001110000001110
108
1011101100110010001
193
101001011101101010
39
1111111110010111010
14
10011111110100000101
147
11111010001010000011
101
11101100101010111100
10
11001010001011010010
83
101011101000110
52
11011101011101100101
144
10101101000001011110
187
11111010001010011010
97
10010110111101000
109
100011100001100001
46
1101001110010
78
111101100001011010
75
10110011010000000011
18
1001001100010101100
24
11101011010100000001
169
10110111011111110111
189
100100011101111100
177
11010010000100111010
152
10101100101110110001
146
10001001010100000001
59
1100000000010101100
18
11010111100101100
35
1101010010010001110
70
101011000011111000
7
11011000010001101001
10
11110001000000111111
81
10101101111111010000
155
11011100111111110
108
110100011010011110
116
11111010110111110011
31
11001000011011010010
107
1110101100100100000
33
111010110010
96
10111001001000010011
104
1101011001101000101
196
11110110111011001000
65
11010011010100100000
133
1011010111011010000
93
1110011100001001100
176
11011110001010001010
32
1010110111001001111
145
11100010100011110100
19
11100110101100011110
88
100001011011100
98
11110001000110110100
7
11001101000111110011
69
10010110011010111001
116
111111011001001100
193
110111000110000111
26
1100101010000110100
184
10111010100001100000
69
10111100110101010111
179
1010001011001001011
170
1001001110110100111
74
10011010101000011100
164
11011111010100110
105
10001110001111111101
24
10111000000001110110
17
10111100100010111101
24
11101001111101101110
108
11100010001011101001
35
111000001101101100
97
101010111110000111
158
11110101010000011110
145
1100010100101110010
141
1100110000001010
25
10000110001101111010
61
1011100110101101010
189
1111011100011100000
197
11001101000000111100
98
11010111101111100001
182
11111110010011000011
135
100010011100001001
164
10001111111110000110
14
1010010110001000111
56
11111011010011011001
147
1001011111010100000
182
101110111101100111
157
10101000011110001001
28
11000011001000100111
130
1011101010010011100
46
10100110011111011
93
100010111101001001
52
11101101100101101101
5
10100110101111100000
105
10111100101111100010
6
1101001110110111101
38
1011011010110100001
85
11000111101100100011
115
1011110011001111010
108
11100110000010001010
183
10101101010110000111
108
11010101000000100
27
11101110010111100
179
11001101100000110000
149
10001000100001011011
11
10110010000101100110
165
111110010000000100
143
11110010001101011000
120
10101001010000100010
33
11110000101010101000
68
10010001111000110111
6
10110001010000000011
11
1110100100100111000
149
100010100110110
64
11100111011101110010
58
11111111111100101110
63
11111101000000000110
132
10111110011010001001
160
101011000010010001
15
11100110000010010101
121
10001101010101100111
150
11111101100100011000
113
10110001111110000100
151
1010111101111010111
94
11111000101101111001
173
10110011111101001110
92
1110001110000100101
192
10001000010011101011
25
11011110100011001
39
1011001110001111000
155
10000100100111110001
27
10010101011110000
87
1010100111100010101
83
11100101111111011100
7
10001010001101010101
27
1011001111111010001
196
11001101001010111000
164
11100110010100100101
154
101111000101010000
127
10111011100000110100
49
1110100101000101001
111
1011111110001100010
150
1010110001000100101
182
11101011010001001001
106
1001100101000001101
195
1100001101000001110
148
10111001010001100000
160
11010110101101011011
97
1100110010000101111
111
10011011101000100100
14
11101001000100110
162
11001100110100101001
67
10000010111101101110
158
10111000011101101
107
11010111101101001101
96
10011101100101100100
80
1010001101110111011
145
10000101110000
183
101101110110001110
156
11100111010101001110
118
1111000101100100010
54
10100010011101101
185
100001110111001000
187
1100100010011001
7
1101110100110110010
97
11100010000000101
63
10111111011011001011
29
10100010111110111001
132
1101001111000100000
30
1011001000010101011
83
1001010000101100000
181
11001100101100001000
159
101100010110000011
90
111000010001110001
15
1100011000000010011
184
1001111000111010000
26
11010010110000100001
30
1011011001010010
25
110101000111010101
104
10100101100011111
105
11100110111101100000
163
1010001010000
99
11001101100010010100
94
11010010011010000010
3
101000110011001000
148
1000111101000011101
159
111110110001011001
46
10111110011111001001
33
1100100000010110100
134
1000000000010100111
111
1011110000101111110
49
10111011110000111101
37
11000000111100111000
166
10111001010000111100
75
11111100000000110
127
11101101010011000
176
10111011110101100111
56
10101010110010100101
61
11110011100100001001
32
11100111010101010110
56
11100101101000111011
104
11111011110100100
38
1011011001000000000
33
11110101110000000111
29
10001011011010001
28
10111101001101100011
131
111100100111011011
61
1110110110110111111
185
10010010101101110010
105
10011111110000010
26
1011001001010100100
37
10100010001100010011
187
110110001000101111
111
100011110001100
178
11001101110011010111
114
10101110011010000011
40
11000001111000111011
102
10011011111110011011
110
1000011101111111001
31
10000101101000101100
104
11101110111100101100
7
11101111101011001101
1
1111010110010011111
75
1111111111010100110
61
101010111110101000
168
10111011101100000000
4
11011001010000011101
138
10101100011000011010
197
11000011010001110101
49
1000000001001101010
106
10010111011001111110
27
10111101010000001
43
1000110100000011111
92
1001001110001011101
177
11100001000001101011
117
10011011001000101110
24
11011001001101011010
192
1111010110010111111
97
101100111000000110
165
11010010110101110101
117
10110000000100010001
117
1001100010001011001
169
10010110010100111011
98
10001111111000111110
27
11110000101111110011
126
11100111100110110100
7
1111100111110001111
153
10000011111111001110
23
10101110001000100101
84
11111110000110001101
61
11111101000011100000
190
11110000111111010
24
110000100101101000
50
11110010111111001011
92
10010111011000011
7
1000001010100000000
153
10000100000110010001
60
1011001000110001110
42
11010011000100001011
71
10101111111101100100
62
1110010000001100001
124
10101101000111001111
56
1000001000110000000
108
11111000110011100011
114
10010111101010110001
113
10010100111001100110
69
1101100010011111010
91
11010000010101100001
83
11110000000100101011
89
1010100001110100001
121
11101111001111000110
167
10001100100100000000
52
10110000001000110010
134
11010110010110100
180
10110001100110001101
103
10110100111110001000
65
100011110010000110
132
10000000111000110001
50
11100111100101101111
119
10000111101110100110
10
11000101110100011111
91
10111110011111001100
67
110110011100100
67
111110101100001110
18
11111100010011001000
128
1111011111000110110
168
1010100100010101001
190
11000110100000110101
47
111011010100101101
100
10101110000100101100
97
11100110011011110010
185
1001111101010000
131
10011100000001100011
61
1100101100111101000
19
10010100011000000001
105
11111101100011111
80
10101010100111010101
101
11101011111001101101
85
10000110000010110110
80
11001101111100010000
188
10101101000100010000
49
100110111101111101
163
11011111001010101101
30
10000010011001110111
9
11100100100111010110
68
10011001000101100110
80
1010101000100111011
168
11011110101001101010
17
10110100010010111111
142
1001100000011010001
103
11010111011100011111
48
11010111000101100001
106
11110011001001011
80
11010000111101010000
21
1000111111101111110
132
1001001000010100010
25
11001101000101111001
98
11011010000000011
177
1110001001010000100
172
10101100101101101100
118
10100000001110101111
73
1001010011110000001
165
11111010001101100000
48
11011101000110100010
34
100010010111000000
167
10101111011010100011
137
110111010010111001
117
100000100000010
173
1010111100101000110
77
10100111101101000111
32
10001011100010000000
167
111100110110010101
127
101111110001101010
50
11110101000100110010
187
1100101011011010001
68
1001111111101100011
127
10011001101010111000
76
10001111111111110001
10
11101111001101000110
125
1100010111100000100
65
111110100011010010
11
1011001110101111110
70
1010001010001000
137
10001100010011111100
87
11100011111100110000
163
10110010001110111111
197
11001101001100000001
32
11111001010111000111
116
1111110110010000010
19
110111101111100100
11
10101110101000111101
162
11010000110101000000
80
11010001001011101000
182
1100100001100101100
155
10111110100101000
100
10101011001110
97
11111000110110011101
183
100001000100011111
154
10010010000001111101
115
1001000001000111010
162
10001001111000010
78
11111000010110100111
183
110001010110001101
160
111101100110001001
88
110010101011001
142
10101011101110010110
99
100101001011001000
193
1001110110110100000
36
11000101001111111011
109
11010001111001011010
49
10101110110000000110
85
10001110010001101001
102
10100011101011101011
172
110110101011011000
179
11001000000011000000
68
10011011011111101101
44
1001101001011
29
1000110001010101011
3
11101011000110101011
143
1101101000110001101
63
11001100011001111011
169
11011110000001000
162
11110111110000
90
10000110111101100010
148
110110011110110000
104
11100000101100011011
100
1001110001100111011
84
1000001000011000001
113
11001001000110111011
40
11000101010101001101
161
101011001101111110
72
1010011011011100011
20
11100101111110101100
4
11001100100010001000
195
10110010110011100100
4
10000001000001000000
70
101010111100111110
174
1100100111100001
179
101001110001010111
171
1000011100000001
35
1011100000011011000
50
11100010111001001100
128
11110010011110001
94
101001101111110111
6
110101110100100
168
10000011101101010110
73
111101100110111011
95
10101010001101110110
150
101010001001101100
65
11001100100101010010
188
100111101111010111
31
11010100101011001010
116
11101111111100110011
118
1110100110111011111
29
10110101011110010010
50
11000010010110011110
97
1111110100001011101
54
10001111111011000010
13
10110110010110011111
186
10101000010010001110
87
10101000010000000101
54
11001101011101011
113
111100110110010000
55
100101001001000011
84
11101110110110100001
111
11000100111101011011
134
11010111010001100110
61
11100101110111100
200
1111010100010111110
178
111100100000110101
94
11000001011111001
23
10101111111001001101
15
11110011100000010111
82
10100100010101111
59
10011111101110000111
88
11100111001100110
149
1100011001100010000
187
10001011011111100000
78
11110011000001111011
67
1101010001001010101
109
11000000100110011100
166
11000100000001100101
93
11011111000001100100
102
1000101110101001101
167
11100000000111000101
111
100101111100110001
65
10111100100101
71
11101010010101001111
11
10000110111110010
3
11010100100000101
150
1111100001111110100
192
1011011000111111111
66
11001100010011010100
13
1111000000001011
102
10100011111001101101
50
111111011000001
18
10101001000110011101
123
101000110100111100
99
10011010000000111011
156
10100010010111000100
36
10000111010110110000
137
111110101001000100
185
10111000100101111101
104
1000101000111010001
177
10010100001001011011
180
11011010100001100010
146
101011010101110111
176
11010110111101111001
153
101100010000110001
35
1011101000000110001
96
11011011101101111000
62
1000011100001110001
156
11010010111010011110
159
1010001100010001111
110
10000011101000011111
35
11101101010001100001
90
11111110110001110110
4
11010001001001001111
194
10000001010000010101
113
11101011010101001110
40
1110100100101111110
16
11111100101001100110
196
11010110101000101010
3
10010100011100110111
101
11111001100010001000
191
10000000100011001000
57
1011001010011001
157
1000101110110011
55
11000100001000100001
195
11000101111011001101
117
1011010011011010000
26
101101011111011110
115
1111110110010011111
189
11100110111000100001
116
10110101001101010000
195
1101011010111011111
138
1110100010101011111
170
11110001000011001000
72
1011010000010110110
106
1000000001100110100
82
11011001101111
58
1100110001110000100
165
1011100011110111
101
10100001110011010101
149
11111100101100000010
187
10010001000011010000
187
10000000100101000100
17
11110010000010110
138
1111100000011010
192
1011011001000000110
16
110010001100011111
157
10001101000100100110
81
11111101111001111010
72
101101101111011000
186
1111010100001111010
26
1011000100101100110
64
1000110000100011010
89
11010110000101100111
174
101101010100101
144
11111001010101111110
84
101101001110001000
77
101101111111101001
9
101010101100000100
115
1010010110110011
21
1000111100100011000
141
11110010111001110010
138
11111011111010101111
3
11010100001111011101
111
10100001110011011001
82
10100011111010011101
3
1001101100100111110
106
10110000001111110010
182
10111110001111101010
140
10100110001101000111
132
10101001110000010010
39
10011001010111010101
173
11010100101001110111
36
1001011100110101000
75
100100100011011101
75
10100011011001110
127
11001001010001100110
77
10101000100000100000
40
11101110101100101011
128
101011010101101000
97
10100111101101000011
154
100111110011000
193
11000011001111010000
180
10000011001010100111
169
1010010100010000001
41
10001110101000101
65
10100101011011101010
152
111000011101100101
192
100100101100110
200
11101111000000000010
18
1011110000101100101
40
1010010000111111111
158
11100000011001010101
5
10000111111011100010
8
10001010011110111000
48
100111011001001011
54
111000100010011101
125
11100100001100101000
68
1011101010101010011
198
11100110111100110001
188
11011001011110001000
61
11111101111100111011
61
1100101110111111111
72
10000001000001111111
109
100000010111001001
134
11000010010101001000
75
1010001011101010000
36
11010000111100110001
74
10111010101001010111
8
1001100100111010100
33
10100110000001100010
89
10011001001110001011
69
11101100001100111101
97
11110100111101101111
66
11101111110100011010
112
10010101101001010110
108
1101110111100011011
106
11101110011100111101
127
11101010101100
106
1111100001100111101
57
1111011100010111101
178
1010001010011100111
73
1000110110000110010
79
111100001100101000
100
1100111101100111010
172
1011100100101101101
6
11100001000110110
161
1001110111000110011
122
10100101010111100101
98
10101111101011001110
16
111000011111111011
60
10000001101100111001
78
1110111100111110010
163
11110110001010100
175
10000011101110101
172
10101000110001111100
1
1001110100011111010
107
1111000010111111000
109
10100101010000001
9
11100100100000011
139
10101011110000010100
172
11111010010100100011
17
101111000101001011
163
10001001101010111101
38
1000101110110001100
102
1011010101100111101
54
10111010111010101101
21
1011011101111110100
134
1000001010100
49
100011111010110100
169
10100011111101011011
48
10110011111010010001
163
11000100001101001011
160
1101010101110011
131
10010110110110011
168
1110000011110001110
14
11111001011101111100
90
11110100100001101010
27
1011001001000110010
14
1100011101011110111
14
1000000111000110110
97
10100000111100111000
54
10010101000000110000
21
10011001100101010000
198
10010111011100110000
193
11100001101000
130
111101100110001100
58
100010000010101101
63
11111001101100001001
47
11011001010001010010
129
11110101100001001010
160
1001001101110111000
69
11101011001001010101
65
10010010100000011
185
100010101001110011
156
10100110011010010111
81
1001111011100111000
28
11001110110011100100
102
11100001101001100111
127
1001010011000001000
122
101100000100111000
30
10110011101100111011
193
11000100001010001100
143
11001000000110111000
100
11101000000100100001
4
11110000111010100010
24
10010010000110010000
115
1011100110001100001
52
10010001101000000111
186
11100010011100010001
18
1000101111111010001
126
100000101000011000
131
10110000001001100111
189
11001110011010111111
97
100100110111111001
173
11111100100010110
4
10100111111101001111
25
10101101101111101101
147
11010111011010010110
196
11001111111111
173
10001011100010101000
60
11010011100011111100
138
10101101111011100110
173
11111000001011000100
22
1011011011000001001
15
1110111000100011101
199
10100100000000111111
125
11001100110100101111
33
1101001110000001100
50
1011110110011101010
45
100001011001000010
61
1110110111010100010
75
11010011100100000100
140
10011001000111110101
19
10011010001000100100
166
11000011110001011110
29
10001000001111111010
142
11011100000010101011
75
1011011100011110
96
1101101011000100001
146
1001001110010011111
112
1111111011010100100
76
11100101001101101110
88
10010000110011110
154
100010111110110111
94
11100111111100110011
40
11001001001011010010
188
1011000001010010
161
10110000110100001110
2
11111000010100100101
67
1001010101010000111
63
1101110011001101
127
11000101001110000000
197
1000010101010110011
187
10001100001000100001
121
11000111111110100000
43
100000000111110011
112
1010000010010111010
170
10011111110101100
178
10110111110000011110
47
11100001111101100111
106
1010100000101111111
28
100000001001101110
65
1110011111000010110
177
11101110101000111010
192
10111000011000111101
74
10101010111101000101
139
100011001011
154
10111011001111110000
172
11001011111111010111
162
11101001100110110
46
10101001100111010110
90
10000100101000001000
23
100000101010101
99
11010000100001001000
118
1100101001110010100
161
10010110000010111001
91
11010100000100110011
165
11001011101001101110
135
10111001000110110100
108
11100111010100100100
150
11111111001111110100
85
1001100000010000000
96
11011001011001000100
102
10011010001110110001
30
10000111000110111000
131
10100010011111110111
117
11101001111000000100
94
11000110011110111101
67
11111101110100011000
110
10001100010000011001
132
10100100110010101
158
1010000101110011000
71
11010111001110110101
10
10011000001011
1
1111001111011110100
69
101001110000111011
88
1000010101101110
107
1001110100010110
70
10001101111000001111
146
10001100111000011100
198
10000011100111001001
97
100111100000110111
98
11010000100000110100
7
11100100000111111101
75
11011101010111100111
139
10110000011110101100
127
10110100110000011000
199
111100100101110010
34
101010010111001010
179
10010101010000010000
66
10110000010100001100
48
10100101110001100101
42
11010011001111110110
193
1001101010000000001
109
10010000110000001000
111
1101011100010111111
199
10111000011100100111
2
11010000110110110111
98
10110000010110110100
18
100001111001
117
11000011101011001111
36
11101000111000110101
70
100100101011011
139
111110110000010011
64
10011101011110111100
45
110100000101101011
14
10000011110111110010
94
11000010011101110011
69
10111111111001010101
111
1001001110111111011
3
1011000010111111101
66
101100100000101001
105
1100011101011111000
15
10101011000011111110
145
1100110011111100100
6
10111111010001001
105
10011100100110011111
103
11000111000100110101
61
11101110111100100011
168
100000100010000111
167
11101101110101010011
152
10000011000010111001
68
10100101011100011000
36
11000010111101100001
75
1010111111001111101
175
11101110110001000101
113
11110101010101101111
106
10101101100001100000
101
10011000010010000
43
11011100101000100001
10
1011110001100011
55
1010101011111000011
187
11010011010001011000
80
10100101101011101110
193
1111100010001101111
43
1111100110001011011
118
11101011011010111100
138
11101001110111100100
128
110100111001110
160
10000101001010011011
110
10111010110111110111
147
11101101000110000
64
1100110111000110111
135
10101001001001001111
153
10110011111110101011
83
10100110111011011
11
10011101111110011010
20
11010000000010111011
116
1000101000100010101
109
10100110111100110110
190
1011111110010110111
54
111010110111101100
126
111101101010001
55
101101001010100101
9
10100001110111110001
197
1111001001101001101
184
11101010101010001101
84
111010111101000010
180
10110111100100010110
112
1100100100000000001
192
11111000000110101011
138
1000000010100101111
32
1010001010101
91
10111010101100101001
161
111111011000000111
82
110001100100001001
172
11000000101100000010
115
11110100010011101001
108
1010110110001100111
60
10001001001101100110
63
1011110100010010110
52
100110001010100011
2
1101101000101111010
135
10000101000110001101
161
1111010101100110011
160
110101001010000101
19
11111100000011010011
45
100100111111101000
182
11111000011101000101
6
1000101101001111110
114
10101101101011111011
160
110010001100110
2
11110100010111110001
179
10101100010010111100
160
1010101000010110
168
1010100001011010101
137
11100110011000011101
136
11010111010011001011
92
10010000111111111111
191
1010011101110011101
100
1100110011011101001
177
10111000101110110001
175
10001001111100110111
43
111001101111011000
60
111011100100011000
40
10011011010000111001
52
11011111000000011000
45
10011001101100100010
40
10101110000010111
86
1000101111110110000
90
11001010111010000100
28
10110111110110110110
176
1101111011111100110
123
10011000000101000110
140
10011001110011010011
105
100001110011011111
11
11110101001101000001
124
11110000111010101101
152
111100100100010000
105
11011111010111010010
111
11000000010010100101
178
1011110011110010000
57
100001000000101110
75
10110010011101100001
186
1001010010000011011
148
11001110100001010
77
1110101000000101111
169
10011010101110111001
198
11101000100101011011
37
10010010000000100
155
101000100010110110
66
1111110011010
86
1110101011010100101
104
1110111100100100101
186
10001001010000010110
138
1001011100111111110
56
111110100000111001
187
111011010110010011
20
1101100001010000011
118
1011101110011001111
32
11100100101010111111
61
1010001011001001000
132
11000101111111010000
116
101110010010110101
168
10010001111010010001
156
11000111010111111
95
100011100000111111
55
1010100110001101001
53
1101101000110011001
146
11111011010011000111
130
10101011001011111011
127
11001011001001011100
168
11010111110111111101
66
10000001010001101001
136
10000010011000010010
36
110110000010110
119
101011111011111100
107
1100001101110001011
161
11000010101010011100
178
11101110111111100001
83
10010101101101011111
159
101111000110010111
167
11101101111101000000
10
101001011101100001
68
1110011001100101000
17
1010111100100000011
4
10110110010011010101
133
1101111111101000001
57
1110101000010010000
12
10000000111111101001
36
11101101010010111110
102
1110001011101110000
84
10011110101001101111
59
11100101000011001000
125
10011010011100001011
191
10001001001101101011
22
1110001110100010010
97
10110110011101010110
72
111000000100000111
21
1111000100001100000
20
10100001010010000000
45
111001111101000011
14
11001011010000111000
178
111110100000001000
194
1001001101100110100
101
10011101011011000000
193
10110011110010110010
122
11110110010110
50
111100110010001110
141
1001110100100001010
4
10001010101001000
25
1101100000001011011
110
11111110001100001001
73
10010001100110111111
110
1111111000000
20
1100001110110111011
181
10101000011000110
162
10110000010100110110
43
10011111110101110101
198
11100101111000100110
195
11110100001000
14
110101001111100001
90
11101000111001110001
71
1000000100010100
69
11001000110110011110
25
11001111101001111100
136
11101100101100101001
146
10100001101111001110
180
1001101010100110000
76
1110001100111000
116
1010000010111000001
47
11111111101110101001
42
10101000101001111001
113
11011000000110111010
20
10011001111111100
122
1110111011101111011
177
11001100100100010110
163
11000001001011100011
39
11011101101110100100
16
11011100000111001001
31
11101100011100110
184
10110011010011010011
52
111100110100011000
36
1110100110111001100
109
111001010110100000
8
1101101110111000110
154
101001001100101011
121
11100011000100001010
90
1011000101011110001
75
11101000100101111101
89
10110100001101011100
84
100010110001001011
78
110101001111101101
187
1101000011001011
92
11011010010000001011
155
101000000111111
186
11100100000100101110
160
11101100010001101111
130
11110011000001111010
51
10111011010111010111
161
10001110000010011010
170
1110100001111100001
98
11011011011001110
123
11110100011101101110
183
11100111111110001
96
111010010001000110
139
11010110100001101000
186
100111111111100011
99
10111110010001001100
29
11000101000001100011
189
10011011011010001010
157
10101111111000010
151
11110010101001110010
184
1100100101000010001
197
10111110011100000111
83
100111101001011110
94
11100101100010010
16
10100001001101000011
8
11010011000101100010
152
110100101100000
178
1110010110111100110
43
10001010111011010010
120
110110011111011011
86
110001001010000110
108
110001110101111110
158
10010011110110110000
85
1101010100010011110
29
10001010000011001110
144
1101001010011000101
73
110000001011110011
177
11111110010110100011
92
11010010101000001
76
110111010011000000
33
10011001001010110111
72
10010101101000101
20
110000011110
51
1110100110011110011
66
10100111000110110101
38
1010010100110101010
35
1111110000010100010
72
11101010010001000111
162
1000101101000010010
74
10000011011110000011
177
10100111100111010110
52
