20 1200
11110111111111111101
152
11110111011111011111
195
10101110101111101111
151
11111011011101111111
12
11010110011101110001
69
11101001111100101100
107
11101100111011000011
22
11110111111101111111
180
11110101111111111111
102
11111011011010101111
55
1101010111011111111
131
10111011111010111111
73
11101010111111101111
22
1101111111001110111
142
11010011001111111111
94
10111111101111111001
42
11111111101011111111
76
11110011110111111110
139
1111111101111111111
78
11110111111110000111
75
11001111111011011111
53
10111111101111001101
139
11010111011111111101
67
11111101011111011011
58
11101111011011110011
153
1011111011111100011
187
1111111111011111101
125
1101011011111100111
63
1111101110111011111
99
10101101011101011111
1
10011011111011011111
119
10011101101100111100
127
11111011110111111111
44
1111011111110101101
78
1101110011011111101
190
11111011011101111011
49
11111111110110101011
184
11001111011111111111
170
11001111111111111011
116
11111101111111110111
4
11110101111111101011
111
11100111111111111111
155
11111110111010101100
110
10111111011111010111
24
10011111111111111111
85
1111110000011110101
84
1001111111011101111
32
1011101111111101111
65
11011111001011111101
48
1101111001111101101
95
10111111101111101111
132
10110111111110000111
199
1010111100100101000
198
11111111111111101111
197
10111011111111111111
190
11111111111111111111
199
11110111101010111111
46
11011110111011111111
134
11110111111101011011
131
11111000100111111111
179
10110101011110111111
136
1110101111111110111
52
11100111111011111100
85
11110111111111011111
36
10001110111101111111
145
11011111100110111101
138
11101000010111111101
40
10111011111111111101
138
11111011111011110111
166
11011011101010010111
30
11100111111110111111
173
11111111111101110101
174
10110111111011101111
109
1011110101110011111
177
11110111011101111100
120
11111111010101010111
67
11111011111111110110
58
11111111010110100011
192
11111111111001001111
182
1110100111110110111
15
10101111001101111111
186
11111100111100110111
127
11111111101111110111
153
11110111110111101010
12
11110111111001110100
151
10011001011101100011
26
11111001101110110111
38
10111111011110111010
147
11011111110111111110
140
10010111111111011101
48
11110111111110010111
126
10111111011011110111
84
10011111101010110111
182
11101001000010111110
173
11101111101111001010
86
11101111111011111111
85
11011111001111011111
51
11111111011111101011
173
11111101010110101111
30
11111110000111111010
173
1111101011101111111
141
10101111111011111110
195
11011111111111111111
52
11111111011111111111
117
11110111110111111110
117
11111010111111011111
42
11111101111111111101
176
10111111101011111011
16
11011111101111110111
42
11110110011000000111
71
1111101111111111111
88
10101111011110111101
155
11111111111111111101
4
11110101011101111111
91
1001111111111100111
124
11111100110011110101
177
10111011011111111110
157
1100111111111110111
181
11111111010001100111
183
11111101111111011010
115
1101110111111010100
59
10101110111111111111
130
10111111111111011111
72
1111111111101111111
32
10111011110010101110
153
11111110011111110111
172
11111111110111001111
40
11110111110011111101
150
11110111111101011110
137
11111110111111111101
69
11111111100111111110
95
11011101011111111110
111
11111010110101111111
112
11000111011111111111
138
11111001111111011001
51
10111010101111101101
71
11001111011011111110
131
11101111111111110011
129
11111011011101011111
186
11101010110001111010
15
1101011110111001110
35
11111111110111101101
91
1110111111111111101
1
11011111101111111111
133
11111011001111011111
33
10011101101101110111
173
11101011111111111101
131
10111111011111101111
91
10111110110111101011
183
11100111111111111101
181
10111111101111111111
183
11110011111101110110
69
111111111111111111
176
10010111111101110111
50
11011111000110111011
159
10111010111111110101
140
11000110101111110101
23
11110111101111111111
17
10110111111011011011
47
111101111111011110
197
10111110111111110110
84
11111010111111111110
10
11101111111111010111
46
11101111100011111111
155
1111111011110111
160
11110001111011111111
68
1111111111111110111
187
11111111110111011111
144
1110101111111101111
53
11110111111111100111
40
11101100111101100111
3
11111111011001111111
176
11101110101101111110
104
11011001111111001101
150
10100111111001110
101
1100111111111011111
147
11111101110110010111
190
11111100111111100101
71
10111111110101011111
29
11110111111111101011
133
10111111110111111111
8
11111111111111100111
87
11111011101101101110
153
11110111101111010110
26
11011111011111011111
72
11111111111111110011
24
11010111110111101110
134
11011111111011111111
74
11011111001010011111
164
11111111101111111111
66
11101111111001011110
200
11111111010111110010
157
1011110111100111001
165
11111110111111111011
11
11101011111011111111
16
11011111011111111111
190
11110111111011111111
99
11110110111101110111
71
1111110111111111110
107
11010011111111011011
198
11100110001101101110
95
11111011101111011011
140
11111101111110110101
163
10111101111111110111
125
11111111101011101101
37
11111110111111101101
136
1101101101111000111
21
11011111111111111011
161
11110111111111111111
152
10011111111111111110
146
11101111001011111111
36
11111111111111101110
115
10011101111111110011
199
11111111011110111011
101
11111111011110001101
106
11010110111101100111
111
101111011011101111
48
11001111101001111111
141
11110101111111110111
80
11111111111101111111
55
11111011111110001111
165
11111011111111111110
108
11111001011011011111
6
11111101101111111011
84
11111111111111101011
120
11110111111111101110
133
11000111111111111101
139
1110111111001110011
82
11111110011101111111
22
11001111111011100111
145
11111111111110011101
22
10111111111001011001
113
11101011100111111111
1
11101101111101111101
116
11111101111111011111
8
11111111101111001111
140
11111111111101101111
95
11111111111110010111
55
11111011111100111111
2
1110111111111101111
117
11111110111111111110
149
10101110111111101100
24
10101111101111110111
100
10110111101111011111
56
11011111101011011111
128
11111111011001111010
176
11000111111111110110
108
11011111111111101111
38
11111111110101111111
10
11111111011111111010
81
10111111101010110111
38
11111111110011111001
160
11111111111111101100
42
11111011111110011011
157
10111101111101101001
108
11100101111011010111
189
11111111101110111111
184
1001111111111111111
73
11111101111111111111
155
11111111111101100111
161
11111111110110111111
115
11110111111000101100
69
1111111111110111111
166
11111101100111011111
119
11111100011101111111
124
1111111111011111011
12
10110100111111100111
194
11011101110010111111
105
11111111011110111111
160
11111010111111010111
199
1111111110111111111
93
11110111111110111111
179
11101111101100110111
110
1111111011011111100
92
11111111111111111100
177
10011100010101011111
6
11111111111101011111
188
11101010111101111001
125
10111111101101110110
152
11111101101101110011
186
10011111101111010101
34
1110110111111111111
1
11111101101101011111
69
10011111111111110111
12
1111110101110111011
180
11011110111110000011
20
11110111111111110010
91
11011111011100111111
194
11111001011111101111
79
10101110111110111111
180
11111111111111111011
89
11111101111111010001
34
1111111111011011111
81
11111111111110111111
78
11101111111111100111
103
1101111010111011111
112
1101101110001001111
90
11011011111111101010
123
11010011100011000111
175
11111111111111101101
63
11011111110110011111
154
11101011111111101110
49
11110111011111111111
107
10100110111000011101
28
11110110101111111111
92
1101111100110111101
164
10011101110011101111
118
11101101011111111101
32
1010101111010010101
190
11101111011010101110
150
11111111100111110111
67
1001111100111111111
159
11110111110111111111
199
11110001001000111111
116
10011111110101011100
6
11110001111100111101
69
10111111111111111111
191
10011011111111011101
76
1011001110001111111
197
1111101110001011011
29
11100110111101011111
164
11111011111111011111
41
11010110111111111101
169
11010111101111110111
47
11110110111111111111
158
10111111110011011111
120
11111001001011101111
106
1100111011011111011
61
11111010101111011101
53
11111101111110011111
130
11111111101111011011
143
11110010111111110111
130
1111111110100111111
172
11111110111110100101
89
11110101011111110111
52
10111001111101110101
98
1111111110111111110
48
1100111101011111111
170
101111111101111111
157
11110011111101011110
118
11111110110111111111
140
10110011101110101110
2
11101111110111111111
167
1011111111101100110
189
11011011101111110011
119
10111101011111111011
109
11100111111001101001
71
10101101111111111011
45
10111011010111111010
74
11111111101111011111
105
11101111010111110111
117
1111111111111111111
96
10111111111111101110
16
1110111110011111110
93
10111101100011111111
139
1111110101110011011
161
11111001101101111110
115
11011001110110111101
91
1011101111111111111
31
11011111101111101110
145
1101110101011001101
130
11010011111111111101
198
11111111111010111110
181
11111111100011110111
191
11101111111111100101
188
11101110111111111110
114
11010110101111010111
113
1111111111101011101
189
1011011101101011011
134
10111111111111110111
58
10111111111011111111
93
10011111111111101111
156
10110111111011111011
34
11101111010110011111
1
11111111111111010010
178
10110011110111111111
72
11101100001110111001
131
10011011110111111001
130
11111101111011101001
43
11111111111110011111
104
11100011101000111110
43
10111011011011011111
170
11111111111011111011
6
11101110111111110110
30
1110111110111101001
197
11111111011111110011
137
1101100111111111111
154
11100111110110111001
126
1101111110111000111
181
1001111111111101111
159
11110010100111111010
154
1111111110111100000
15
11011111111111111110
178
11111111010111111011
80
11111111111110100111
117
11011111111101111001
2
11111100111101111001
77
11111011101111011001
177
10101111011111111111
66
11010110111111001111
21
11101111000111011111
145
11111110111101111110
188
11111011111110111111
185
10111101000110111111
107
11111001110011111111
28
1111001111011011111
176
11111101111101111111
127
11101111111110111110
9
11101011111111111111
195
1111111011001101111
92
11111011111111111011
137
10111100101000111110
42
11111100111111111001
163
1010111011001101010
65
11111011111100111100
132
11111011111111111111
176
11110111111111110011
10
11111101110111001111
75
10011111101111111111
95
1111111111111011111
154
11011111100111110111
84
11011111001110111111
57
11111111101110001011
189
11111011110111011010
20
11011111111001111111
185
10110011010111100111
130
10101111111110110111
163
11111111111111111010
110
1111110111111111111
110
11111110010101111010
84
11110101111111111011
128
1101111100111111111
114
1101111111111111001
67
1011111011011011011
27
11111110111100010111
29
11111110111011111110
144
11111111111111110101
67
11001101110010111110
134
1001111001110101111
154
11100001111100111111
151
1101111111111101011
31
1111111111011101101
127
11111111111011111101
48
11111101110011111110
177
11110111110111110111
58
10110111111111111111
127
11011110011101111111
32
101101111111011101
109
11101001101111001101
60
11001111110011111111
160
11111110111011110110
32
11110111011011101011
192
11111111110111010111
76
10011101111111011111
10
11110111111111010111
59
11111110111111100111
28
11111111110001010001
118
11111010110111111111
46
11111111111101111011
123
11011110111000101110
52
111010111111111111
90
11010111111111111111
45
10011111111111110100
194
11111111100011011111
107
11111110111011011110
174
11011011101110111111
161
1101111111111011111
83
111110111110101111
154
11001111111111100111
30
11111110111111111111
27
11111101011101111110
29
11111111001011111111
124
11101111111111111111
58
11111111111110001111
1
11111111111111110111
143
11111011110011111111
168
11111111110110011001
25
11111111110111101100
144
10101111111111001111
120
11110011111101111111
106
1011111101111111111
83
1011111111011111011
135
11001111111111101111
68
11010111111101101110
123
10011111100111010111
72
11111101111111101110
17
11010110111111111100
150
11111111011111111101
32
11111111001111111011
10
111111111110111100
168
10111111111110111001
170
11011101011111111001
16
11110011111100111111
102
11111111101111101111
72
11101101010110111111
78
1011101111011011101
127
10111101111011111111
180
11110011111110110111
68
10111001111111011010
134
1111111011011111111
172
11011111111010111111
118
10111110111111111011
197
11110001101111011101
56
11111111111111011111
2
11111011001111101111
187
11110101111110111111
115
1011101111110011001
6
11111010101100000101
106
10101111111110111110
22
10011110101111111110
73
11110110010111111111
2
10111111101011111111
112
11110111011111011110
21
11111111100111111101
69
1111101110110100100
43
10011100111010101111
21
11111110101110111111
43
11111111100111101011
51
11111110111001101011
39
11111111111111111110
147
11111100111111111111
193
11111011100111110111
161
11111101111011111111
71
1011101110111111
138
1101111111111111111
61
11111000111111111001
196
10111110101111011111
3
11011101011111111011
153
11011011011111111111
140
11011011001111111011
15
11111110011111111011
131
11110111111110111101
73
11110111110111101101
1
11111111011011101111
68
11101111101111111011
102
10101110110011111111
183
11110111111100111101
14
1101111101111111110
49
11111111011101111111
125
10001011101101111111
191
11111001110111111111
2
11101111101011010111
13
11111101110111011111
199
10111111011010010111
56
1111101111111110101
19
1011110111110011111
16
11110111111111100110
51
11111111111011111111
12
11001110111111110101
140
11100111111111111001
135
10101111111101110101
117
11111111001011110101
52
11111101101111111111
141
11110110101111110100
97
11111001111011111001
172
11111010111111111100
102
11101111111101111101
77
1110111111101110111
95
10110111110111101111
67
11111110110111101111
51
11101110111111110111
67
1111100111011110111
103
11111101011111101111
181
10101111010111101011
63
11011111101111111011
104
11001111101110100010
186
10101011011111111111
108
11111111111101010111
50
11111101111101111110
61
11111111111110011110
52
11111111101111101100
76
1111111111101111101
22
1111111111111111101
106
10111111101110011011
10
10100001111011111111
25
11111001111011011111
78
11111101100101111100
196
11111101110001111111
32
1111011111111111111
5
11010111011110110000
172
11101110001001111111
147
1111010011111010111
28
10011111110011100111
56
111001111111111110
164
1111101101111111011
151
11111111111011111100
186
110010111110101111
101
11110111000101011111
35
11011111111111011111
85
11111111101111010110
15
11111110111110111111
59
1110111111011101111
117
11011011111110111111
178
11011100111011111
131
1010111111111101110
120
11111111111100010111
50
10111111111101101111
40
11101100101111111110
89
10111011001011111111
47
11111010110111101101
153
10111101111001011011
46
11111100011001101101
3
10111111100001110101
180
10110011111111111111
199
11111110111111110110
61
10111111111011100111
121
11101111111111011110
46
11001110001111111111
174
11010110111111110010
191
11101011111100010111
132
11111100101111111101
90
1011111111011010111
81
11101100101111011111
9
11110100010110111111
17
11111101111111111110
83
11010110101111111011
19
1111111010111001010
62
111101111010111101
153
11101100101111011110
187
10011110111101100111
93
11110111101100101111
139
1101111111111111011
27
11101111111111110111
92
1010111011111111111
6
11101111111111101110
159
10111111101101101101
95
10111011000101101101
97
1110111000101111111
24
101010110011001111
89
11110010110111111001
159
1011111011111011110
16
11111111010111111111
25
11111111111111011110
136
11110011110111111111
75
1111001111011110111
95
11111111011111111001
50
10111111110101101111
87
10011011101111111110
152
11011001011110111111
113
10101011111110111111
75
11111101011111111111
190
11011001010111101111
109
10111110011100111111
92
1001111111011110101
140
11111101011111110111
83
11011111111111110100
35
11011100111111111111
152
11110110111000111001
169
11101111111110010111
187
11111111111110110011
88
1111111111111111011
147
11011011111011100011
108
11110110111111101001
118
11101111101110111011
113
11011011101111001111
157
11011111111010111011
123
11001111111100100111
181
11111111011011111111
76
1111110111011110011
156
11111101111111000100
102
1111111110111101101
16
11011101111111111010
88
11101111011110001111
169
1111001011111111111
155
11001001111111111110
44
101101110011010110
133
1111110101111001111
33
11110111111011110011
148
11100111111110110111
162
1001111010111101111
67
11101111011111111
106
1111111010111111111
174
11001111110110111101
124
11111011111111010011
33
11011101111011111111
3
11101100010111011111
131
11111111010110101111
174
11111011111011011010
98
11011111101101100111
129
11011101111101111110
117
10001111011011101011
136
1111101011111011111
131
11101011111110110111
111
10111001111111110111
133
10101011111011001111
92
11111111101111110100
74
11101111111111000111
49
1110111101111111111
95
11101110111110111111
9
11011111110111110111
179
10011110010011111101
109
10001111111001010011
76
11111111011001110111
188
10111111001010111111
124
11111111100101111111
33
11111011011111110111
87
10111111011010011111
157
11011111111101100111
163
1111011011101001111
53
1111011110111111100
71
11111111111111011011
165
1111111101001100111
58
1011111111111100111
45
11110101101111011110
28
11111111101100111010
1
1110111111111111001
50
10101111011110111110
118
11111111111011110011
27
11110111111011111011
175
11101111111001111111
138
11101111111111011011
190
101110111111111111
21
11011111110111011001
15
1111111111111101110
127
10100011011111011111
125
11110010101110101110
33
11110001011110110011
200
1110011110100111111
126
10101111111111101111
57
11111010111111111011
142
11111110111110110111
152
11010111111101011111
111
11101111011111011111
49
10111010111111111111
36
11101010110101101101
175
11111011101111111111
92
10001110110101000111
55
10111111111110011111
48
11111111011111011111
55
1101111011001010101
133
11011111111111010111
48
11111110111100110111
21
11111011001011111011
150
11001111110111111110
134
11111111011100101111
133
1001111101111000111
41
11101100111111111011
132
11111110011111111111
53
11111111110011101111
162
11111011110101111011
55
10101010101110110101
46
1011111111011101100
129
11111100011001100101
88
1111101001110111011
125
110011100111011111
111
10010101101111111110
174
10111110110110111111
53
11100111101111101111
41
11011101111111110111
14
11111111110110111110
44
11010111010011110110
189
1010111100101100001
74
11110001110111111111
118
11011111111111111010
5
11111011111011111001
69
11101011111001111111
50
11111011101111111110
119
11111111111111110
109
1111100111011110110
106
1111111111101111001
103
11001111111111111111
59
11010111111111111101
166
1101111111110111
85
11101110101101111111
99
10111100111011111011
66
11010101111110111111
53
10100011111110111011
76
11111111110111111111
167
11111111111111001111
110
11111101011111111011
51
11011111011110111110
116
100011111111111111
25
11111110111111101111
58
11111110111000110011
194
11101101101111111110
96
11111111111011111110
145
11011101101111111111
104
11101101111101100111
40
11111111111101110111
5
10111111111010111010
83
11110011001011111111
46
11011111111000011111
28
11010101011111001101
179
11011110111111011111
21
11111111111110101111
192
1101101101111111111
198
11111111101111111010
86
11110111111110110110
179
10101111111111111101
177
11111110101011111010
164
10111111111110111100
30
11101111110101111101
185
11110111110111011011
100
11111010011111011111
28
11101111111000111111
60
10110110111110111111
78
1111011011011111111
28
1101111111110111111
56
11111110110111011111
32
10101111010110110111
44
1111010111111111111
106
1110111011011100011
91
11111011111111011011
51
11111101111111001111
83
1111110110111111110
172
11111001111111101111
17
11111111111111111
55
11011111111101110111
50
11111111100111111000
190
1111110101111111110
24
1111001111101111000
50
10101111111111011111
150
11100111101101100111
92
11111111011110100110
190
10111001111101111111
195
11111111111101111110
186
11110010110001111110
140
11111011110111110111
60
111011111010011011
153
1011111111101111111
1
1111111111111110110
60
11111011111011111011
188
11111110111111101100
178
11111100111111111110
130
11111101111111010110
180
1011111101111111101
163
11100111100111011110
136
11110101011011101110
69
1110011011111011111
129
10111011100010001111
27
10110111111001010111
82
1111111110110111111
41
11101101111000101110
56
11110111111111111011
193
1111101001101111101
148
10011101011111111111
56
11111101111111100100
156
10111011011110111110
158
11011111101011111111
155
11010111111110111111
147
11110110110111111111
96
1111001111010111011
47
11110001100111110111
84
11110100011101110110
97
1001110110111111110
70
10101111111101011011
50
11111011111011111110
142
11110111111010111011
190
10110101101101101000
87
111110111111011111
196
11111111101111111011
122
1111111101111011111
170
1110111110101111111
69
11111110111111110111
11
10111111011111100110
25
10011011110100011110
161
11111011111101100111
19
11011110101111111110
174
11111101011111110110
58
111111111001110111
197
10111111111111101111
184
110001111111111111
67
11011010111001111100
132
11110111010001011110
65
11101111111100011100
24
11011110001011111100
12
1111100011001111111
95
11101110111111111
134
1111111111101110111
176
10111111101001111100
160
11101110111010111111
109
10101010111111101110
61
1011111011111011111
139
11101001010010111101
106
11111111111111101010
150
1101011111011111
190
11011010111111001101
190
11111011110111011111
25
1111111111000111111
133
11111110010111111111
108
11111111100111101111
100
11111101011110100110
192
1111111101011111110
11
1110101110100010111
104
11011011101111111110
16
11001111111111101101
162
1111110011111111111
1
11111111101100001111
32
11111111110111000111
116
1111111111011100011
19
111111111111100110
11
11111111111001111101
162
11011110111101111100
80
11111101111111111100
182
1101111111110111110
155
10111101010111111101
180
11011101110011111111
144
11011011111111111100
157
11100001111011101111
5
10110110111110011110
120
1110111101101011011
114
11111111011111110110
136
11001111111110111111
173
10111110111011111100
109
10111100111110110111
81
11111111111101101010
90
11101011011111110111
192
11000111100101111111
74
11111111100111011011
122
11111011111110101111
105
11011011111111110111
164
11110111001100101110
39
1101111111111110111
97
10001110110100111111
152
10011100101111111110
39
1101110110111111011
28
11100111001111111101
87
10111111011111110011
134
11110011111111111011
22
11100101101011111110
28
10011101111010011010
109
10110101111110111010
86
1111111010011011111
101
1111111111111111110
16
10011111011111111111
118
10111111110111101101
68
11101101010011110111
137
11111011011001010111
119
1010111100111111110
74
11111111011110110111
175
10111111110111111101
143
11011101111110110011
148
10111010011110110101
92
11101111110010011111
26
11111101110111100011
81
1010011111111111111
142
1011111011111011101
160
11100111101111111111
73
11010100111111111111
26
1110101111111011010
122
1110010101110111111
16
1110111101110111011
69
11111111100111111111
147
11111101111101110111
4
11001011111111111101
115
11101111111111101011
144
10111101100101111111
99
10111011111011111111
12
11111111101111110011
117
11011111010011110110
76
11110011111110011110
190
1111111111011110111
162
11110111111101111110
2
111101111101111110
163
110111110111101111
155
11111010111111110111
161
11100111111101101011
90
11111110100011111011
52
11111100100110111101
7
11011110111101110110
189
11111111111111011100
43
11001110011111101111
106
1111111111110100010
120
11001001111101110
101
1111011111110111111
61
10111011111110001011
116
11101111101111101101
28
11111100101110100111
178
1011111111001111101
165
11111101111110111001
96
11111011111101110011
194
11111101000011110101
64
11011101101111111011
124
11011011101011110100
137
11001011101111111111
5
111111111101111111
172
11011101111100111111
75
11111010111111101010
101
11110100011110111101
118
1011111111101111011
18
11111111001010101111
105
11011111111100111101
194
10111011011010110011
14
11111100111111110101
20
11101101111111111110
123
11000111111111011011
103
11111010111111111111
42
11110111101101111110
12
1111101101101111111
197
1111011110011111010
85
1011100110111110111
175
11111110111101111111
124
11111010001001111101
160
11011111011111100011
31
11111111101101101111
38
1111111101101111111
48
11111111111111100010
167
10111011100011111111
131
111111001100010101
182
11111000010111111001
102
11011101111011010111
157
11111111010101111111
103
11111110110111100101
57
11110011111111101
130
11110101101101101111
74
11110011111111111101
168
11111111110111001110
160
11111111101011111110
73
11001110111111111011
64
11111111100110111111
102
11111101101110011111
136
11110100001110110011
191
11110111011111001111
28
11111111110001111100
133
10111011101110111111
147
11011111110101101110
161
11010111101001111111
147
11011101001110111101
156
11001011111101001111
2
11100010111110100111
158
11111110110110011000
14
11100011110100111101
198
11011110111101010110
26
11101111101101111011
162
10111111111100111111
2
11111011110101101110
151
11101101111101110111
164
100011011010111111
79
11111110110111110101
185
10111101111111101011
9
10111111111101000101
115
1101110110110111011
21
1011111101100111110
141
11111011111101110111
138
11111011111111101111
3
11011110111111111111
111
10101111111011011001
82
11011111001101111111
143
1100111111111111111
40
11111110011111101111
140
11110110011111110111
132
11111001111100111011
39
11111001110111110111
173
11011110101001111111
36
11111111111110101110
75
1111100100011011111
75
11010110101111011111
164
11101110100111001011
88
11111110110110111111
30
10111111010110110111
124
11011110110111101110
196
11111111111111001010
138
11110111101011111
24
11101111110111110011
88
11111111111011101011
136
1001110111111110111
65
11110011111111001110
110
10111101101110110
200
11111111011000110011
18
1011111110101111111
40
1010011101111111111
158
11100101011001110101
5
1111100111101111111
20
11101111110110111111
149
11111001010100111011
179
10111011111110111111
78
11111011110111001111
18
11111011111110010101
164
110010011111111111
180
111111100111111001
161
11111111111100010110
88
11011101011010111111
97
11111101111101101011
98
11111101111111111010
106
111111111110111111
41
11101011110111101011
69
1111111001111110100
166
11011111111011100111
105
1001110110111111111
162
11100110111111111111
50
1111110111110111101
50
11100111011110111011
127
1111111111010111010
95
1111110111110111111
37
1111101111101111111
11
11110111111111011110
190
111011011011111111
175
11111110101111111111
44
11101111011111111001
43
11100111111111001111
94
11010100111110110101
166
11111100011000011111
186
11110111101101111011
42
11011011111111111111
124
11111011101101111111
97
1100010111011001100
72
11011111011111111011
16
1011111111011010101
135
11111101111111010101
84
1111111100100110111
92
11110110101110111111
119
11110111101111111110
151
11011111011111111101
27
1110001111111111111
43
11111111000101110111
103
11111110010011111101
96
11100111111011111111
64
1101011101111111111
42
11111011011101111001
1
11111111011111111110
59
11001111101111110111
22
10111111110111010001
198
1101010111111101011
119
11111010111110101110
146
11110111101111001101
151
1110111111110011101
120
11111011101011110111
22
110010110100001111
187
11101101110111110110
97
10111110110111011101
55
10111111111110111011
91
11001111001101111110
124
1110111111011110110
106
11100111111011011101
45
10111111111111100111
156
110111101111111111
195
11111010011111111100
32
1011111101101111111
126
11010111111101011011
22
1111001111010111111
26
11101111101010111110
37
11111110011110011111
67
11110111111100111111
102
10111101111111011111
151
11111111111101011011
9
11111111111111110100
172
11111000110111100011
68
11000111110110111111
122
11110101111110000111
179
1010011111101111111
110
10111111101011011111
26
10111111111111011110
128
11111011011000110101
81
10110111111001111111
41
10111101011111111111
107
11011110111110111111
115
11111111111111110110
166
11111011111011111111
193
111111110110111011
174
11111110101111111011
35
11111111011011111110
26
11111111010111111010
69
1010101010111110111
173
11110011111101110111
79
11011011111101111111
200
11111111111100111111
183
11111111011100110101
67
11111111101100110101
84
11110111101111101110
15
11111100011111011101
106
11111110111111011111
198
10111100111111011011
191
11011011110101111110
29
10111101111111111110
142
11011110011110111011
75
1011011011101111110
96
10011111110110111110
85
11111110111111001111
194
10110101111111111110
25
11011101011011111011
111
11101011111011111100
130
11111101011111011111
122
1111100001111111011
150
11100011111101011101
54
11110011101001101011
66
10101001110101011101
175
1011111111110011111
88
1110101111111011111
117
11011111111011001111
9
11110011111111101111
174
11001011011111111111
110
11001111111111110101
85
1111111101010111111
64
11010111111011011111
59
11101001111011111111
177
11111111001111110111
18
11111010111011111111
28
11110110111111111011
64
1111101111110111011
185
11100111001110111101
148
11111110111111111100
91
11111110111011101101
147
1111111001110101101
50
11101011011110110111
67
111011011110111011
133
10101011100111011111
76
11101111111111111011
90
11011110100111111111
91
11110110011101110111
165
11011111101011101110
135
