20 100
10001010000010101
152
10001011101
195
101100100
151
1000011001000100001
12
1001100000
69
10000100100
107
11001100101000000010
22
10011100101000101
180
10100000100000011000
102
10100001000000000111
55
1000010110001001101
131
10000100000010001
73
11000000010000100011
22
1000010000000000111
142
1000010001011010101
94
1101101011001000
42
11100100000000110101
76
10000000100011000000
139
101000001010100000
78
11110010010010000100
75
10001001111010011000
53
1001100010000101
139
11010011001001001000
67
11001010000
58
1000000010011000000
153
1000001000011000011
187
1001000001011010101
125
1100001000001000010
63
100001000000010100
99
11001011100
1
1000010000000001
119
10000000100000010000
127
10000010110010100
44
11011010100100100
78
110000011000000
190
10000000010000
49
1000001110000100011
184
101011110000110
170
100000011010
116
11100000001111010000
4
10110101100110001010
111
100100000000010101
155
1111010010000000100
110
100101011010000111
24
101001001010100
85
1010000001100000
84
1000000000001101001
32
11101000000100001
65
11000111000000000000
48
1001011001001001100
95
100010000000000000
132
10100100100000010
199
1000100000000000000
198
11110000100101
197
10011101001000
190
1011010111000000000
199
100110000010011101
46
10001100100000101010
134
1000100110000000000
131
1000100000110000
179
110001010000000000
136
110101001110000001
52
11000000010001100000
85
11010000011101010110
36
1000101001001000
145
1000001100110000000
138
10001000000101010000
40
10001010001100000101
138
10110000000001010011
166
10010000000000010111
30
1100000000000100001
173
1001000101000101
174
11001110001000000000
168
100000101011000011
109
10000100110010011
177
1100101010101000100
120
10000001000000010100
67
1110000000010010100
58
11111000010000000010
192
100001001001001000
182
100010000100001
15
100010000000111101
186
110000000011
127
10001110000001010111
153
110101010000000000
12
100100000000100100
151
10011001000001000010
26
11000001010010000
38
110000000001010
147
10010000011001110
140
10100110011000001
48
11000000100010010100
126
11010110011
84
11010000000010010
182
1000000000000001000
173
101000000000
86
10100001001001011001
85
10000000001100000111
51
10001001000000001000
173
1010000010000000011
30
