20 200
11110111111111111101
152
11111111111111111111
195
11101111111111111111
151
10111111111111100011
118
11111011111111111011
92
11111011110110011111
173
11111111110111111111
166
11011111111111111111
58
1011111011111111111
118
11111111010111111101
84
11111111111101111110
61
1111111101111111111
200
10110011111111111011
58
11111011111111011110
49
11111111111111111101
167
1111011111111011111
200
11111100011111011111
19
11111110111111101111
13
1111111111111111111
5
11111101101111101011
82
11111111011111111111
197
11111101011011111111
146
11111110111101111111
192
1111111111011011111
194
11101111110111111111
173
11111111111111101111
188
1111101110111111110
172
11111111001110111111
70
11111111111111111011
191
11111101111111111110
69
11111101111111111111
67
10101111111101101110
156
11110111101111101111
60
10111111111110111111
66
11111011100111111111
106
11111111111110111111
129
11011111011111111011
180
11101111111101111110
197
1111111101111111101
95
11111111111100101111
192
10111111001111111011
141
11111011111111111111
190
10111101111111111111
43
11111111111011111111
59
11111011011111111111
123
11111101011110111111
136
1110111111111110111
52
11110111111011111101
85
11111111111111011111
36
11001110111111111111
145
11010111111111111111
175
11101111111111110111
171
11011111011111111110
26
11101110111111011111
92
11011111111011111111
15
11111110111111111111
186
11111111110111111011
6
11011111111110110111
39
11111110111101011111
40
11111111111100111111
58
11101001111111111111
159
1111111111011111111
66
11111111111101110111
127
11101111101111111110
121
11111111110111101101
78
10110011111011100110
4
11111111111101111111
55
11111110111111110101
73
11111111111111111100
53
10111111111111111111
109
11101111111110101111
4
1111110101011011111
171
10100111001111111010
43
11111111011111010111
180
11111011111011111111
135
11111011111101011111
114
11111101011111111111
193
11111110111111011111
18
1111111111111111101
48
11111101111111101111
78
11101111110111110111
35
11011101110111111111
47
11111111111011011111
35
11111111111010101111
58
10111011111111111111
148
11111111011111111101
21
1111111101111011111
151
11111111111110101110
34
11011011111111111101
173
1111110101011111111
70
11111101111111011111
179
1101111111111111111
119
11111101110111111111
93
10111001111111111100
99
11010111110111111111
92
11111111011111101111
122
1111111111111101011
192
11110111110111101111
98
11110111111100111111
61
11111011011111010111
199
10111111001111111111
123
11011111110111111110
26
11110111101110110001
136
1101101101111111111
68
11111111111111110111
59
11111111111100111101
158
11111111111110110111
117
11111011111101111110
121
11011111111011111110
65
11111111101111111111
161
11110011111111111111
59
11101101111111111111
133
11111111110111111110
43
1101101111110111111
162
1011111111111101111
86
11101111111111111101
170
11111111101111111101
200
10111111110111111111
148
111101101111111111
15
11101101111110111111
187
11111110111011111011
133
1111110111100110110
143
11111111111111000111
172
11111011011101110011
4
11111111001111111110
129
11101110111111111111
92
11111110111110111111
165
11011011101111111111
158
11111101110111110111
160
11111111111101111101
191
11111111111111101010
9
11011011101111111101
104
11111111011110111101
71
11111111101011111011
117
11111111011111011111
181
10111111110111111011
178
11110111111011111111
126
11101111001111111101
136
11111111011110111011
86
1111111110111011110
54
10111111111111111101
110
11111111101101111100
140
11011110111111111111
17
1111011111110111111
177
1111101111111111111
100
11111111111111111001
111
11111111110111101110
149
11111111111111100111
50
11110111101111011011
37
11111011111110111111
181
11101111111101111111
107
11101101111111011111
114
11111111111011101111
16
11111100111101111100
150
111111111110111111
199
11111111111111010111
175
11101111111110111111
65
11100111111111110111
51
11111111111111111110
198
10111110111111101111
16
1111101011101111111
48
11111111111110011111
95
11010111111101111111
136
11111100111111111111
57
10111111111111111011
155
1111111111101111101
140
11111111111111110110
108
1111111111111011101
36
11111111111110111100
62
11111111111011011110
55
11111111111011011101
39
10011111111111110110
64
11111111100111111111
119
11111101011101111111
124
1111111111011111011
12
11110110111111111111
194
11111111111101011101
59
11111011111111101111
124
11101110111011111111
139
11111111101111001111
197
11110111111001101011
22
11011111111111111001
147
11110110111111110111
128
11111110101111111111
81
11111111110011111111
10
11111101111111111101
194
11111111101111110111
191
11111111110111110111
91
11110111111111111111
118
1110111111111111111
110
10011111111011011111
34
11111011111011011111
162
1111011111111101111
149
11111011011101011111
5
11111111001111111111
104
11111111111110101111
193
11011111111110111011
139
11111111110100111111
193
1111011111101111011
73
11111011111111111110
89
