20 2700
10001010000010101
152
10001011101
195
101100100
151
1000011001000100001
12
1001100000
69
10000100100
107
11001100101000000010
22
10011100101000101
180
10100000100000011000
102
10100001000000000111
55
1000010110001001101
131
10000100000010001
73
11000000010000100011
22
1000010000000000111
142
1000010001011010101
94
1101101011001000
42
11100100000000110101
76
10000000100011000000
139
101000001010100000
78
11110010010010000100
75
10001001111010011000
53
1001100010000101
139
11010011001001001000
67
11001010000
58
1000000010011000000
153
1000001000011000011
187
1001000001011010101
125
1100001000001000010
63
100001000000010100
99
11001011100
1
1000010000000001
119
10000000100000010000
127
10000010110010100
44
11011010100100100
78
110000011000000
190
10000000010000
49
1000001110000100011
184
101011110000110
170
100000011010
116
11100000001111010000
4
10110101100110001010
111
100100000000010101
155
1111010010000000100
110
100101011010000111
24
101001001010100
85
1010000001100000
84
1000000000001101001
32
11101000000100001
65
11000111000000000000
48
1001011001001001100
95
100010000000000000
132
10100100100000010
199
1000100000000000000
198
11110000100101
197
10011101001000
190
1011010111000000000
199
100110000010011101
46
10001100100000101010
134
1000100110000000000
131
1000100000110000
179
110001010000000000
136
110101001110000001
52
11000000010001100000
85
11010000011101010110
36
1000101001001000
145
1000001100110000000
138
10001000000101010000
40
10001010001100000101
138
10110000000001010011
166
10010000000000010111
30
1100000000000100001
173
1001000101000101
174
11001110001000000000
168
100000101011000011
109
10000100110010011
177
1100101010101000100
120
10000001000000010100
67
1110000000010010100
58
11111000010000000010
192
100001001001001000
182
100010000100001
15
100010000000111101
186
110000000011
127
10001110000001010111
153
110101010000000000
12
100100000000100100
151
10011001000001000010
26
11000001010010000
38
110000000001010
147
10010000011001110
140
10100110011000001
48
11000000100010010100
126
11010110011
84
11010000000010010
182
1000000000000001000
173
101000000000
86
10100001001001011001
85
10000000001100000111
51
10001001000000001000
173
1010000010000000011
30
10110110000110000000
173
1010001111101
141
10101100010001001000
195
1010010101101101001
52
100000011101110
117
1010100001000
117
11011010010101000000
42
10110001010001000001
176
10110000000011001
16
10000110100010000000
42
10000100000000000010
71
10001011001101100
88
1010000110000101
155
110101000100
4
10100000000000011010
91
1110100100000001
124
1000100001000100
177
100010001011000100
157
110110010000101
181
101100000001000000
183
1001001111000000010
115
1101100100000000100
59
110000001010000
130
10101110000010101
72
1010101100000000010
32
10000000000000000
153
10010010
172
1010100000100000011
40
1110110000000010101
150
11100000101100001010
137
10100000100100100100
69
10000010011100
95
11011100000010011000
111
10101000100100000100
112
11000010010101011011
138
10110000110000000000
51
10100000100010001101
71
1000001001000000000
131
11000001011100000000
129
1001000011000000101
186
10100000100000110010
15
10010100001110
35
101100000011001000
91
100100000101001100
1
1001100010100000
133
1010000000011000010
33
10100000000100001
173
1001001101000101
131
111101001010100101
91
10000010
183
100110001101000100
181
101110000001000110
183
10100010100
69
101010100010101110
176
10011110101000101
50
10001100000000000010
159
111000010001010100
140
1000000100000010000
23
100010001111001100
17
10000000000000000001
47
10100001010001100
197
10100100100000010100
84
1111000100000110010
10
10000110000010000100
46
10000001100001011010
155
1010011000000000
160
11000000000000000001
68
111101101011000010
187
100000100000010110
144
1110001000111000000
53
110100001100100000
40
11001100100000000000
3
10100010000000000111
176
1001000100001001010
104
10000110100001101
150
10100001010000100
101
10001011101000101000
58
100001101001101111
126
1110100111001000001
141
10101001001001000000
96
1000001000100010000
14
100100100000000000
26
1100000001000110010
66
11000010001101000
85
110000001000000000
14
1000001011000000001
166
10000100100001
11
11010000100010000000
150
110010100100
22
100011100000110101
112
1000100100000000001
174
1010100000110101000
141
1100101001000100110
165
1010001100011001000
116
10000000000000
198
10000000011001001100
197
1001000000000000011
16
10010000101
190
100010100000111000
99
11000110001000010011
71
1011000111101000110
107
10010000110001010000
198
100100000001000100
95
100001000111000000
140
100000011000100000
163
110101100001000001
125
10101100101000001000
37
100000100001101000
136
101001101000000000
21
100100000011010
161
1000111100000100011
152
1010000110100
146
10001011000010101110
36
10000111100001110
115
101001110100101000
100
10000000110011010000
111
1100010010101100
149
10001001000000100000
50
10000001100110011000
37
11000010000100100000
181
1100010100000000100
24
101010000110000011
77
10011010110100000
76
1000000111000000000
171
101000001000000
16
11000000001101100001
182
11000000000000000000
84
11110001000110000000
120
11110000011010000000
133
100000010010001100
87
100010101000011110
119
1000010100110001
49
10010110000010000011
117
100001011000100010
119
11001011011110000000
125
1001001000000000000
56
11100101000001001001
8
10101000000100111
129
10100001001100001111
12
1011000000101100110
41
10000011010001100001
78
10000100110001001001
54
110101000001000000
85
1100010100100000000
51
1011100001000000
200
11000010010110001
91
10001000110000
132
1100000101000001010
62
10100001011001100100
177
1011000010010001000
81
10010001100011
143
11011100000011101
186
1100000000000
13
100001001010100000
78
1010000100001001000
189
10000001101000010110
112
10100000000000101
28
10001101000000100100
120
1000001001010
110
10100001010010
140
110001011010100001
29
10000000001000001011
118
11001111101001000
5
100100000111010000
36
1000000001000110
159
11000000100001001
94
10101101100011000000
118
10010000000010100011
51
100001001000101010
43
11100011000100100
135
10000001001101101011
140
1110001010000010100
129
1010000001001111011
184
10100100000000101
21
10101010001100000001
147
100000001100000000
164
10110000011000100
194
10010001000001010000
100
11000000101
3
1010010100110001000
21
100010001000000000
48
10010010000000001001
119
10000000001010010000
38
1100010000010
78
10000000000111000
74
10001110000100001000
50
1000100001011101101
24
10001101100010000
84
10101010000011001000
108
100010100001100000
116
110000000000011
173
11010100000111000
182
111011000100000
63
10000101101011000000
151
100000010101011
189
1010100010000000000
110
10000000000001010000
97
100000101000010000
103
11001000
117
10100100001001100100
53
1011001000000
21
100001000001001011
130
110100011100101100
60
1011010000001000000
80
1001000000000011
119
10000001001100100
93
1110000111001100
63
101000000110000110
80
10001100100000001000
36
1000010001001100000
195
1010000001110001001
78
10000001100000000000
158
10000010000110001000
143
11101100000011000
49
1001001000010101011
61
110000000010000100
110
1111010001000100110
68
1010010000100011110
46
110000111
159
10010101001001
165
10100010001000100011
67
11100111011010100
13
10111010001000100
146
1010100100100001010
83
1010001000000000000
102
1010100000000100001
197
10001000001100100
145
10000101110110000
55
1000101000000
25
110010000001100010
148
10000001000100000100
181
1010001001100101
116
110100000100011001
34
1000101010101000010
135
10001010100000110100
63
10000001000000011111
141
1101000000001000001
29
10000000100001000010
164
11000100010011
41
1000100010010001000
169
10010101001010111
47
100100110011011110
158
110001000010000100
120
11100001000000100110
106
1010100001
61
10010010000011000101
53
1011000101000000010
130
110000101000000
143
100000010000100100
130
11100000110000
172
1101100000010100000
89
100001011001010011
52
110000100000100100
98
10000001000100000001
171
1000111010011001010
157
110010000100100
8
101100001010000000
100
1000101000101001000
103
1000101001000011
76
10110000101100110
189
11000010101100000010
119
10001101001100100010
109
11000000000000001000
71
10111011100001001
87
11010010011010100001
176
10010010000000100010
74
1000000001100010011
105
11100000010000000100
117
100110000010000100
96
11001001010100100
16
100000001001110
93
1101000000010100
139
10101100000000
161
111000101000100000
115
1000111100000110100
16
1101000100000010110
173
1101100101100101
31
10101010101100
145
100110000011000101
130
10010001110000000
198
1100010110000011000
181
10001100011010100
191
10010000110001100
23
1000000001000010000
196
1010001001010001001
123
10000101001
73
10101011100010001000
47
10000000010000000010
193
101111010010000
175
10110100011001101
93
101111001000010
156
100001001010010001
34
1101101010100010110
1
11010100100010000010
178
10110001000110000110
72
1000000010000001
131
11000000011110000
130
10010001011110000000
43
11000000110100010000
16
100001101100000001
194
1000000100110
43
11001001001011110
13
10000111111000100100
181
10101000000100001
6
1011001110000001100
114
1010001101001000101
173
10000001000001100100
34
111001100011011000
19
11010110010000010001
76
1001000100010101001
154
11001110010000000
85
10000000010001001011
146
10100110010001001100
170
1000000100000010010
41
1100010001000011010
177
1010001101
184
101111101000110000
193
110000001100000010
26
11000111000100
176
11000011111010000001
97
10010000000010100100
119
100010001010001000
154
100101000010
132
11010000000001000
28
11101010000001011001
184
101000110011010001
19
10000001010000001001
4
1100010100000000000
123
10011000101011001
40
10001100010000110010
38
11110000100000000000
163
11010110001100011
188
10100000100000001001
42
111000000010000
101
11000000000101101
83
101010000000110000
92
10000001110001000001
83
1000011100010000001
128
10010010000110011000
145
100110010000000000
102
1101011010000010100
102
1000011011
145
1100001010111010
48
11100000010100010100
23
11000010000000011001
55
110100000000100001
96
1000000101010100010
178
10111010100100000100
104
1100100000001100
109
100010000
142
10010110000000001000
76
1000000000100000100
119
1000000010011001100
47
1010000010001100
167
10101001000011
73
1010000100011101
144
10000000011000100000
53
1001000100001011
83
11100101000000001000
105
1011100000000000010
14
1000010001
199
11000000000010
6
101000110101010
131
1100010001100
110
10000100000000010010
57
10110001101001011101
98
1010010010001101
30
111000010010101010
49
110001011010101011
126
100000000000000011
50
10110000011001
66
1000000000000000000
43
10000100001001000
133
11010000001000001100
60
111011001101101000
49
10000001001000000000
78
1010000100100111101
98
1011000011001100
136
1100100011111000001
148
10001000100100100000
125
10101101010110100
64
110001100010000000
33
11100001010101000100
50
1100010100110000000
192
10100000010000101
1
101100010100010010
155
1001000011000000110
14
1100000001000001111
65
10100011111001000
97
101100000100001
160
1000011101101010110
63
10000000101000010100
95
100111000000000110
99
100001011101111101
29
11111010110101001111
12
100000000010000000
184
10000101100011110000
52
10010000000100100000
189
10010000000000001010
168
111000110110000001
15
100100000100000000
73
11011001000001000001
163
11110100010000100
82
100100000100011000
5
1000001100000110000
139
100000000000110
17
10101000100110100111
56
100000000010101100
20
11100100001000
171
1100000011010010
102
101001
77
11000010110
15
1000100010000000
72
101010010001000100
122
111101010001001000
85
11000000010100010
166
1110000100011010001
184
11111101111000000000
105
11000000000000
65
1001000100100001000
166
1000000000011000010
59
1100001000000000
94
10011010000100100110
54
100110010000010010
122
100001000000100
90
10100100111100010011
86
110001001010010100
58
10011011100000000
152
11111000000010000001
184
10100000001000000100
183
100000001000101100
24
110000000000100101
161
11001110001000
17
10001000011001100000
95
10001011110001000
102
11100011000000000010
155
11001011010000000000
104
10000000110010010010
47
1000000001001001000
185
10000001000010010
189
100001010001000011
157
100001110101000011
6
10000110000100010100
90
100001001001000001
50
10100100000000101010
26
1100010011010000001
46
11110001000000011001
115
1011000110010000001
6
10001010100100000100
106
10100010101000011110
22
10011100101100101000
73
10000000000001100110
2
11000001000000100
112
1000110010000001000
21
11110100100111001000
69
100100100100
43
100000010000110
21
10100101100100001
43
101101000110110011
173
111111000010000
89
100100000001110001
192
1110000000001000100
125
100100001110100
164
11101011010000100000
167
10101000101000101010
147
1100001101101010
193
10010001000000110000
161
1000000000010011000
71
1010000110
138
111100101100100
61
10010010000011001001
3
10001110110001000001
57
100100100001101
173
10001001010001111000
140
11000001001110110010
15
100000111111001
131
1010000010100000000
78
1000000110100011100
128
11101010001000010000
99
1100100000001100111
72
100000000001000
90
10000101010000001101
186
10110011100110000000
156
110100000000100100
168
10000100000100011110
88
1010000000010000011
185
10000010001101001101
191
10001000000101001000
2
11000000001010000010
13
10100100000011011100
199
10000000010010000100
56
1001000000010010000
19
110001001
16
11010011100111100110
51
11001001110101001100
174
10011110011011001000
12
10001000110100100101
140
10000000111111101000
135
10101101000000000001
117
111110000000010101
52
100001101010101011
141
10000010000000010010
165
10000000101101000000
61
1001000000000000010
195
1000010010100001100
116
1100000100000000
181
10110111100101010
91
10000100010111010
171
11010010001010000000
58
11000101000100010010
123
1101000000000001001
35
10000000010100000001
139
1100000100100000100
19
110000000010001000
113
10110100010100100
177
1000100010001000101
99
1000000110000000000
61
1001110100
119
101000001000101100
128
1000110001001010000
122
10001000001001100000
159
110111111000000001
150
10000000100100000
87
10000010011111
59
1001011100000101
111
11101000000000001010
78
100001100
196
11000101000000000000
32
10100001100010000
31
10010100111110101000
160
11100000001101001000
123
100010100010000100
1
1011000000100110100
76
100110100000001
2
10001010011010001010
146
1000000001010
165
10110010001100100000
61
1000100010100010000
92
110010010000000010
83
10000100100100001
14
110001010100100010
75
1010011000101010100
118
11001100001101001000
189
10100000001011100111
2
1001000000010
65
100100000
61
1100001111100000
98
10100100011010000001
17
10011000000101001010
16
100000010001010110
107
1000101000100000100
139
100010000010000000
71
110001100000000000
77
10000000101000001110
90
110
31
100001001100000010
182
11001000010011000010
99
10011100111010011000
68
1100010000010011001
74
1100001010001000101
186
10000100010100010101
58
101000010101000
156
10000110000001100
108
1011100100110000001
193
1011100100010
39
1110101010010101010
14
1010110000000100
147
11111010001000000000
101
10100100100010101000
10
1010001001010000
83
101010100000100
52
11011000011100000000
144
100001000000011110
187
101000001010001000
97
10000111000000
109
100011100001100001
46
1100001100010
78
111001000000001000
75
100010010000000001
18
1001100000000000
24
1100000010100000000
169
10000110010101100110
189
100001001111100
177
10000000011010
152
100100010000001
146
10001001010100000001
59
1100000000010100100
18
10000110100100100
35
1100010000000001100
70
100011000010100000
7
11011000010001100000
10
1110001000000100101
81
101100000111000000
155
1100100001100
108
110100010010010110
116
1000010010010100000
31
1000011000010010
107
10001000100100000
33
111000110010
96
11001001000010001
104
101011000101000001
196
1110010111011001000
65
10000010000100000
133
1001010010000000000
93
1100000000001000100
176
11010110001010001010
32
10000011001001101
145
11100010100011000100
19
11000100101100010110
88
100000010010100
98
10010001000100000100
7
1001001000111000011
69
10010000001000000001
116
101100010001000000
193
110011000010000100
26
1100101000000100100
184
111010100000100000
69
10111100010101010100
179
1010001011001001011
170
1001010110000101
74
10010100000001000
164
1100010000000
105
10000010001111010100
24
10001000000000110110
17
10000100100000010101
24
10101001001100001110
108
1100010001011101001
35
1000000101100000
97
100010011110000010
158
11110100010000011010
145
1000000100101000010
141
1100010000001010
25
110001101010010
61
100100100010
189
1011001100011000000
197
1001101000000010000
98
10011101010100001
182
110110010010000000
135
100010010000001001
164
1011111010000110
14
10110001000110
56
1010011010000001001
147
10001000100000
182
101000111101100100
157
101000011010001000
28
10000000000111
130
1011100000000011100
46
10000110001010011
93
10010101000001
52
10100100000001000100
5
10000000101011100000
105
10101000001011000010
6
1000010110010101
38
1010011000100100001
85
110101000100000
115
1100011001100010
108
100110000010001010
183
10000101010010000111
108
10000101000000000
27
11101110010111000
179
1001001100000100000
149
1000000001001011
11
10110010000100000010
165
100110010000000100
143
10100000001101010000
120
10101000010000100010
33
110000101010100000
68
10000001111000100110
6
1000000000011
11
110100000000110000
149
100010110
64
11000101001101000000
58
10011011000000001100
63
1111001000000000010
132
10101010011010001000
160
101010000000000001
15
11000000000010000101
121
10001001000101100110
150
10001101100100001000
113
100000101010000000
151
1000111100101000111
94
11111000101101011000
173
10010011001101000110
92
1010001100000100101
192
1000010001100001
25
11001110100001001
39
1011001110001010000
155
10000100100011110001
27
10000001011000000
87
1010100101100000001
83
11000100110110010000
7
10000000001000010101
27
1000001010110000001
196
11001100001010111000
164
11000000000100000101
154
101101000000000000
127
10001000000010100
49
10100101000100001
111
1011001010000100000
150
1010010001000100100
182
1101001010001000001
106
100100000000001
195
100000000000001000
148
10100001010001100000
160
1000010101101010001
97
1100110010000001110
111
10001010101000000100
14
11001000000100010
162
10001000100100101001
67
10000010010001100110
158
10100000001000001
107
11010101000100001000
96
1101100001100000
80
1010000001100001010
145
101010000
183
1101100000001010
156
10000101010101000010
118
111000100000000000
54
10000010010000000
185
1010100000000
187
1000000000010001
7
101010100010010000
97
11100000000000100
63
10110001011011001011
29
10100010100010111000
132
1001000011000100000
30
1001000000101001
83
10000100100000
181
1001000100000001000
159
100100010100000001
90
110000010000110000
15
100001000000000011
184
1000101000011010000
26
1000010110000000000
30
1011011001010010
25
110001000100000001
104
10100100000010011
105
1000110111101100000
163
1010000010000
99
11001000000010000100
94
10010000000000
3
100000110001000000
148
10001000001100
159
111100010001001000
46
10110100001011000001
33
100100000010110000
134
1000000000000100011
111
1100000101010110
49
10001011100000011101
37
11000000101000011000
166
111000000000101100
75
11111100000000000
127
10000101000011000
176
101011010000100101
56
100000010000000100
61
11110001000100001000
32
10000011010101000010
56
10000001101000110001
104
11101001110100100
38
1011010000000000000
33
10010000010000000001
29
1010001
28
10000101001101000001
131
11100000110001011
61
1110110110100011111
185
10010100000100000
105
11110110000000
26
1011001000010000000
37
10100010001000010000
187
10100001000100111
111
10100000100
178
1001101100010010110
114
10100100011000000010
40
1000000111000111011
102
10011011101110000011
110
1100000110001
31
10000101101000000100
104
1110010100101000
7
11001011000010001100
1
1011000110010011111
75
10110101000100100
61
101010111010101000
168
111000001100000000
4
11010001010000001001
138
10100100000000010010
197
100100
49
1000000000001101010
106
10010100011000001100
27
10100100000000000
43
110000000001110
92
100001000100
177
1000001100001
117
10001010000000101010
24
10001001000100000000
192
1001010110010101101
97
101000110000000100
165
1000000000001110000
117
10100000000000000001
117
1001100010001011001
169
10000100000100110011
98
1110100000001010
27
1100000100011110010
126
11000010000010100100
7
1110100011000001111
153
111000001100
23
10100110001000000101
84
1100110000010001100
61
1111100000011100000
190
11100000011011010
24
110000000101101000
50
1110000110110000001
92
100011000010
7
10100000000
153
100000000010000
60
11001000100000010
42
10000011000100001001
71
10101011110100000100
62
100000000001100001
124
100100000001000101
56
1000000000010000000
108
10101000100000100011
114
10111101010100001
113
10010000101001100000
69
1101100000001010000
91
10000000101100001
83
100000010001000000
90
10000000011100000000
187
1001000000000001
12
1100000010001100000
67
110001100101001000
145
110000000000001001
103
110100110110001000
65
100010010010000110
132
11000110001
50
100111000000001110
119
10000111001110000110
10
1000100100100011110
91
111100010010001100
67
110100011100100
67
111010001000001010
18
11000000000000000
128
101001111000000010
168
1010100100000100000
190
10000000100000100000
47
10010000000101
100
10101110000100101100
97
11000100001001110000
185
1001111001010000
131
11100000000000010
61
100101100100100000
19
10000000001
105
11001100100000101
80
10101010100001000001
101
10101011111000101101
85
10000010110010
80
11001101001100010000
188
10000101000100010000
49
100110001000101
163
1011011001000101101
30
111
9
100100010100
68
10101010001001100010
173
111001000010000100
21
100000111111
44
10010000000100100010
198
1010001000001001100
47
1010000010000000010
57
110001100000001001
105
100101000000
79
10011110000101010
77
100000010000000
32
110100010100100110
55
100101000000000101
165
1000100100000010000
40
1000000011010010000
181
10000000110010100000
114
1001000000100
30
100011011000000
162
100100010010000011
29
10001000001100000011
114
1011110110100000000
200
10000001001010000000
91
1000
142
101010001010001100
85
1001111010010001110
34
10101000100000001
13
111000110110000101
127
101111100000001010
50
1010000000100010010
187
100100011011000001
68
1001100001100100001
127
10000000001000111000
76
10001001100111000001
10
11001110000000000110
125
100010001100000000
65
11010100001010010
11
1010001110101110110
70
1010001010001000
137
10000000010001010100
87
11100010111100010000
163
10100010001100101111
197
11001101000000000001
32
11100000010110000011
116
110110110000000010
19
10000101010100100
11
10101110000000100101
162
11000000010100000000
80
10010001001010100000
182
1100000000
155
10111110000101000
100
1011001100
97
11100000110100001001
183
1000100000111
154
10000000000001011100
115
1000000001000100000
162
1001111000000
78
101000010110100101
183
10001010110001100
160
10001000100000000
88
10010001010000
142
100001101100010100
99
100000000000000
193
1000010110100100000
36
10000001000101011010
109
10010000110000000000
49
1000100000000110
85
10001110000001000000
102
100011000000100011
172
100100011010000
179
11001000000001000000
68
10000000011101001001
44
1000101001000
29
1000100001010000011
3
10100011000010101000
143
1100000000100000001
63
11000100010001111010
169
11010010000000000
162
10110111000000
90
10000010101001100010
148
110000000100100000
104
10100000001000010011
100
1001100001000100001
84
10010000000010110
18
10001000101000010001
11
100011001001111010
72
10011001011100001
20
1000100101100100000
4
1000100100010000000
195
10000000010010100100
4
1000001000000
70
10011000001000
174
1100000101100000
179
101000100001000110
171
1000001000000001
35
10100000011011000
50
10000010011000000000
128
10000000010000000
94
101001101010110101
6
10001000100100
168
10101001000100
73
1101100100011001
95
10101000000001110110
150
100000001001100000
65
100100001000010
188
10000000000100010101
48
1011101111000000110
3
11100001001110101010
156
1000010010100000001
4
10000100100100010000
1
1011101000000010000
151
11111010100000100
56
1101000101100001101
197
100000011101
63
1000000100000000010
191
1100010001010101001
110
1110000000001000000
153
100000000
85
11000000000
173
100110000000001011
84
111000000000110011
190
1001101111000010
2
11010000010000110000
6
10010000000010000101
165
10000000001101000000
136
1010111001001101100
26
10010000000010000110
182
1001000101010000110
67
1010011100001000000
25
10001110011000000000
4
110001000000000000
157
10011110100000011
87
10000000111011000
80
10001000010001010
65
10011100000
119
10000000110000010
64
1011100000010010001
17
10100000000100100
32
1110001000
52
11111001100010
82
101010000001010
182
101001000000110100
187
10111110010100
133
10000000000000001100
192
11000010011100000000
4
11100101001
123
100010010010100000
86
1101000000000001110
115
11101000101001000
191
10110100000000101
117
10001000100011000
103
10000101000001000000
186
1000000001001000010
167
10010111000100010000
108
10100010000100100
9
10001001000000010000
34
10000100010000111
80
10000011101000101001
135
10110010100
14
11010100000000000100
148
1010010100110001001
69
1000011000100100100
27
10010001000011000101
110
1110100000001000110
56
100110110111000000
62
1100000110000100
49
1001001101001011000
3
1000110001000101100
51
1000000001101000
160
10100001000110000111
34
11011000011011001
45
100100000111011
32
10100000100011
44
11000110000010011000
168
11000010000100011010
11
11010010100110010010
197
11000000010101011
67
1000001100010011110
94
11100000001000100000
50
1100000001000101
115
11000000
110
10000100010000100
189
10110100000000011
23
1101001101001000001
2
10000101100101000010
164
11010110010001101000
45
10011000100010000101
171
100001101000000010
188
11000111000110001
176
101010011010011
40
10001000011000000010
42
1010000000110110010
157
1000100100001
155
11000100110000
110
110001110000100000
20
1010001111011001
153
10000111001101010000
172
11000100100000000000
28
1000000000101000010
151
1000000001
65
101100000000001101
111
11010000000110100
149
1000010000000000010
16
10010001100010110
157
10000101000100100100
81
11001101110001011010
72
101101100010000000
186
100000100001101010
26
100100100110
64
1000110000100000010
89
10010010000101000110
174
1001010100101
144
1101000010101110100
84
101101000010001000
77
1001110110001000
9
100010000100000000
115
1000000010110011
21
1000011100100011000
141
1010010000000100010
138
10011000011000000011
3
1010100001110010001
111
10000001110010000000
82
100001011010000101
3
1000101100100101000
106
10100000000110110010
182
10111000001111101010
140
10100110001001000000
132
10100001110000000000
39
10010000010011010100
173
11010100101001000111
36
1000001000110100000
75
100100011000100
75
100001010000110
127
1001000010001100110
77
100000100000
40
11101010001100001011
128
100001000101100000
97
100010100101000011
154
100011000
193
11000001000000010000
180
10000010000000000001
169
10000000010000001
41
10001010101000001
65
100101011011000010
152
101000011001000001
192
100100001100010
200
11001110000000000010
18
1010110000101000001
40
1010010000101110011
158
11100000010001000100
5
10000111111011100010
8
10001010000110111000
48
100100011000000001
54
11000100010001101
125
10000000001100100000
68
1001100010001010000
198
11100000111100100000
188
10010001001100001000
61
1001000101000101010
61
1100101010000101010
72
1000000101111
109
101010000000
38
10000000111010100000
143
100001100000000001
34
1110001010010101010
50
10011001001100000001
174
10001000000110001010
142
100100110000101100
148
10110000010011010101
36
11010011100100011100
19
11111010001101001
2
1000010100001010001
86
10000000100100
183
110001100011001001
191
11000100011000101
82
11000010001011010000
16
1000001010010000
75
1000001100001000
156
100010000010000001
174
11001010000000
72
1100011001110100000
93
10100100100001001010
120
10000000000000110101
118
10011000000001000
64
100011110010100
190
1100000001100010
190
11011010011101
193
110010011100100001
192
11000101110010010000
192
10000001010000010101
7
110101010100011
126
1000010010000000
135
10000000001000101100
107
10000101010010000010
57
1010100000010000
68
1000000000000111000
44
10111000000000000000
136
11010010000100011001
188
11000000000000011100
88
1001101010111001001
142
100010001000110
157
10101000010101001
136
10000001000100000000
21
1001000011100100110
106
1010000001
138
10010000100100000
175
101100010010001
182
101010000000011001
48
100001001101
178
1010101001000010010
104
101100100100000000
68
10000011110001000000
178
10010001011101001011
34
1000011010100111
55
10010010001100101010
29
101010101101001010
120
1110000101001011
107
1111000110000010
151
1000000001100000101
186
10100000011001
48
1100010001100001000
7
11100001000000100
148
1100100010001100000
42
10101001000
191
10011010000010010001
35
10000000000100101001
199
10100000100001001100
165
1100110011000010110
174
10010000010010010
3
1000000010111010
61
1001110001000000
109
11000010000000100
4
11010100011000000100
186
1000111001001010010
3
10010011001110100001
103
10000011000
53
1000010000000000
95
11011000110101001001
73
1000000000101000
9
100010000001000
150
100101000101001010
124
100000001111000
163
11000110000101000001
178
111001011100
74
100001000010010000
117
1011100000011110001
10
10100000000000100000
82
100100001100000000
93
110101010101001000
4
1001110010010110011
158
10100100010010001001
42
1111001001111100000
24
1100101000000110000
57
11001010010110010100
30
1000101010111110000
112
10000100000000000
105
11000001100000100
70
1100010001000100
88
1000001011000100101
200
110010000000011001
192
1000010001110110101
166
10000000010110100110
158
11000010100001000
195
1000000001100101000
144
100001101010001100
52
1011000000000101011
137
10000010100010000000
33
100100000100000010
143
1000011110000010010
173
10001001001100000
63
10010001011010000010
143
1011010110000
95
10101010010001
193
10111000011000000011
6
10100001000000000010
169
11001000101100110100
57
1101010010000100100
170
1101100110000001011
137
110011000011100001
192
1001101010000100100
170
11001100010001011
163
1000010100100111011
193
1000010000010000000
151
10000011000000001000
95
10000110011000010
157
1000010000010100001
41
1100110000100101000
128
110110
6
10000100111000010000
121
1000100000010000100
143
11010100000010000100
2
11100011111000001
95
10010110000000100000
137
10101000110001000000
183
1000001111000010011
43
1100100001110001010
171
101111100000100000
117
1000010101010100
103
11000010110000000000
56
10000010101001110011
133
110001110001100101
112
1110000000010001110
180
10000000000000010101
124
110110000000000000
77
10111100101110010100
58
1001100100110100010
47
1100110000110100011
91
100000001000000101
39
101010100100000
13
100000001000000000
190
11000001000000000
90
10000010111000010000
65
100010001010010
63
1010100000001010000
15
100011001000001000
197
1010000100100010111
25
11000111010000001100
15
11110
67
1001001000000000001
149
10001100000000011011
104
10101000100001
54
10011011010110000000
104
111000000100010100
96
10011110111000000001
12
10000000000
41
10001001110
19
110010001000000
12
100000000000000010
83
10001110110100001000
64
10011000000011101010
150
101001000000100000
123
1100000110010000011
91
10101100010000001
137
1110100010100000001
194
100000001000000010
97
1100000001000100011
87
10000100000000000011
112
1100000100000010000
168
1001000000000
82
101011001110000
130
1110001100010000
139
110000001000100111
148
1100000010000001100
111
100001010000000001
38
10011000000100110
111
10000000001000000101
106
10000010001001
106
10010000100010010001
111
1100101011011010010
130
11000100000000000100
96
1100001001111100000
14
10000111000000110100
66
100100001101
4
101101000000110
54
1000011110011100
104
100000100011110000
163
100011010111100
198
101011011010000
20
10100000010000000000
32
10010000000111
76
101000000110000
35
110101110000100110
94
10001100110011000000
173
11100000101010000000
74
100001110000001010
99
1001111011000010
170
10000010100100000100
112
100110100000000100
13
10010010000001
44
100100010001010000
166
10000001000101100010
9
100010111000010101
196
1001001000100111001
127
1000010010001000
62
101111000000
64
11010101001100100000
41
1100101110100
27
1110001100001000000
25
10010100000010000000
100
11100101010001100001
57
100000001000100010
12
10000001010000101011
85
10100
84
10000100100000001011
41
1010001000001000000
181
11000110001110000100
19
1100000001100000001
195
1000001100001000101
32
10001000101000001001
60
100000011100010000
105
100010110111000010
92
10010001011000001111
29
11101111000000110010
140
1001110000100110010
58
10010000010110000000
106
101001001000000000
37
1000000101010
101
110001001110000111
68
10000000011110011001
83
10011001010000000000
62
1100100010100101100
139
10110000000001000000
133
1010101100101
182
10001010101100000
164
1100100110000000100
64
10000011011100100010
23
1011100110000101111
105
10100001000100010001
78
100010010100000001
60
11000101000010000010
76
11010000011010000
168
1010100011010110100
173
11000000000001110001
120
10000000000101010010
155
110110010
182
1000000110101001100
85
1000101010010000000
2
1100000001100010000
38
100000000011
176
10110000001000010001
103
1110100101100000
109
1000110011000001000
111
10011000101000
186
10110010001000
10
1000000011001001000
154
101011000100100110
133
10000000000101001
86
10010010001110000100
88
1000010000110001
20
1101000110011010
180
11100101000100110100
191
11100000101000000001
143
1011100100110000
48
11111011001000101
186
10000100001010011
61
1011100011000001100
57
11100110101000
88
1000010000000100000
17
101000010000001000
87
100000010
92
1000101000110011
176
11011010111010000001
65
10000001110110010000
63
100110000100101001
158
1000101000010000010
182
11100000000111001000
184
11001100011000100
44
10000000100000001100
36
11000010001100
57
1000000000001
80
10010001011001100
189
10100110011001
28
11110100000000010100
21
1010000000000000101
165
101001101110010101
19
10001100110101001111
117
101000000001101101
111
10011010011000011000
45
10000010110010010000
170
11001000011
161
1000000100111000100
49
10001000000110000001
131
1000001000001110010
145
10000100001101100
108
11000100001100000001
5
1011100010111100
190
10010000100000000100
56
100001011001001
6
1000000100010010100
77
11100000100011
144
1110111001000100000
37
10001100000010010
129
10011110000
157
1001000001001
149
10100001101000000000
32
1000010010100000000
70
10010000100000
194
1000001011001110101
7
10101110000000100
50
11000000100101
106
10000000100100011001
170
101000001110011100
180
10000001111001001000
179
1001101000001010
135
10010010000111001001
10
1000100000010000010
179
1010000100000111
102
10100000010000011001
32
101000000100001
80
1011010000110001
134
1000111
55
100010000010101001
98
100000100010001000
2
100100000111110000
121
10010000000101010100
142
10110101001010000100
42
10001001000010010101
146
1101100000100
79
10101000000000001001
17
11100000100001000110
147
10011100000000010
10
1111000000010000000
145
10010100101101110100
74
1000011001001010
76
10011000000000000000
200
100110000011000100
10
10000000000010000
40
10010010001100010011
150
100000001010100110
72
10000000000001110
193
11111010001011000000
31
101101101000000000
192
10111000000000000001
184
1110001110000001
127
10000000000000110000
108
1011011100101000
57
110001000011010001
61
1011000000000
137
101010000110000101
72
10000011001011001000
134
110000010001100000
139
10101000010
95
10100000110010000101
57
1100010011100011
104
11001001000011100010
126
10110000000000000000
185
1000001001110101
77
100101100111
2
11100000000010
183
10000101000000100011
92
100100010100010010
127
100100010000000101
109
100100110100000
70
10001100101100101000
108
10010011100000001010
20
1000001000100001000
126
1001100100000000000
21
1001100011100000000
165
1001001001110101
183
1000000001010010101
45
10000001000000101
130
1000010000101000
63
1000000000001010001
197
1001001000000100000
128
111010011000000011
162
1001001001010101
41
1001110011100000100
61
11000010100000001
109
10010000000000110101
19
11000000100000101000
96
10000100010101000001
75
111100010011111100
72
1001000010000010
93
11010110011101100000
55
10001001100000001100
69
1100011010000
113
1011000010010011001
92
1010100000110000001
67
1000000110000000
185
111001101110010000
141
1000010000011001
138
10000010010011
62
10101000000100111000
11
10110100000001110000
90
110000000100011000
73
1000101001000101101
152
100000010000101001
148
1110001010100011
5
110001000000000
5
1101010000000101000
198
10000100100100000
189
11010100100000001000
71
100010010001000100
126
10010
8
1110110100010100
90
100101110000001000
152
11000000100
95
1101010000100100
108
10111010101001110000
102
1010101011
124
1001000000000110
102
10010110011100001100
52
10010001100000100
100
111111010001000101
12
10010000000110000010
97
1000000111
30
10101101100001101000
121
11001000100000000010
76
100000100001010000
126
10100110100000100100
50
1010011010000100000
192
1010000101000000000
119
1000010000100010111
146
1010010000000110001
71
1101000011110010
57
101000010000000
113
1000010100
64
10000101000010110
159
100100000011
103
11011010001000
68
100000100101000010
129
1001111000101101
159
10000100001000011000
152
11010110101000
86
1000011010000000000
109
10100000001000000000
41
1100011010
153
1001100010000
9
10000000001110001100
89
1100100101100000010
66
100100001010000010
189
1010101000000000000
181
1001000010100011100
190
101011010000010000
33
1100000111101000
125
1001000111100100000
28
1100000101101000011
102
100001001000101100
5
11100000000000101010
68
10100000010001110011
181
10010000000100000
115
100101100000110010
86
100100111010110100
63
10010011000101010000
158
10000000010000110101
30
1001010010000100001
129
110110011001000001
11
10110000000100110000
128
10001000000001011010
187
100110000101101000
28
100000010010100000
142
11101110110110011110
170
10000011100111010101
26
1001001000001001000
37
1100000010
99
100010001101010000
14
1000111000011100010
66
10100100100111000
145
10010000100010000000
197
100000001000000100
160
1011101001011000100
121
1001101000001110
112
110010110100010
59
101001010000100000
198
11101010000110101000
89
10101000000100001101
31
1000000100000100000
45
1001000001010000001
64
1011100010
141
11000100000101000
61
1000000100000100100
59
10011100110010001010
75
10011010001000011000
164
10010100101000010110
178
1110000000011000
137
1011101111000101
21
1100100111000
8
10001110000101100100
31
10010001000100001000
40
1101010111010000000
96
1001000100010001001
7
100001100000100000
129
10000011110000000
98
10100111100101
181
11000000001000101000
37
110001001001010
195
1100110100000001
138
10100001010000001
87
110001100011011101
40
11010110000011000010
62
1001000001010111100
147
1010100101100100
146
10011001001100000100
63
10000001110101000110
199
100000000111110000
135
1011000011001010100
63
100001010110110011
118
101000100001000010
69
1110000001110100
78
10001100010100111010
29
1000100010000010001
123
1000000110101000000
182
100000001000
18
10010011010111110010
130
10000000000000000011
183
11001101010100001101
99
10110010000000000000
5
10100101111001000100
147
100011011001000010
102
10000100010000001000
103
11100100000100000000
110
10111000000100011000
94
110000101110
127
1001001001010001111
45
100100000010010100
138
1000000000101000001
111
10010001110011111100
51
100000001001001000
115
10100000010101010010
104
11010001000100001010
79
10100010101000010
179
100100000100
36
11001001101010010100
97
1000010001000101011
81
10001001000001
83
1010000000101000000
102
1100001000010001000
12
111000110000100100
176
11001001111100110000
65
10000010000001010001
144
100100011101100111
74
1000000000010
116
1110010000100100011
188
10010101011000
104
10000101011010000011
91
11000000011100
7
1011000000000111000
25
1000010000000110
62
1001010010010010
149
1100001010000000001
185
100010101000010000
140
10110000000000011101
11
10101000011000010
174
10000001001000000
55
1001011100011001000
93
10011000000000011110
2
10100000011100010000
78
101101000000101000
166
11010001001010010001
56
1101011001101101001
110
1101011001110000
86
10000
176
10000100000100
160
1000001010100110000
20
11000010100
136
10010101101010100111
19
10110000011110000110
22
10001001101001101000
115
1110010101111011000
163
11000010011010101100
19
100110100011010100
30
101001000101
94
100001000001101000
4
11001001001110
40
1001000110110101010
43
1001001001000100010
89
100100000000
190
11110011001000011011
166
10000000000001001
198
10000011000100000000
186
100001100000000
122
100110000010000000
91
1010000000001100
78
1100011100000001010
116
10100001101011101001
54
1100000101011001
104
11000110
21
101000001000000000
115
1000000001101100001
16
1010000110100100000
116
1100110000000010100
78
1000010100000100
3
10100010001001011110
67
111000011110110000
18
110000001010000100
57
10010000001000010110
16
10110000100101001000
190
10000000111100011110
142
10111000000000
50
11
26
10001100000000011
178
100001001101100010
1
1000100001000
20
1000000110001
119
1010000000100110110
43
10100001010000001000
54
100100010000101000
27
101100001010
159
11000000100000000010
125
1001110001000001
76
10101000000101010000
113
1
97
111100100100011001
91
11000000000001000000
55
1001010101000010100
151
11010100000011000010
118
10010001101
191
10010000011011001001
30
10000100000000000001
62
11001100010000000000
58
11000000011111100101
117
100100110001100010
134
10010001001000010100
21
1010100001000000000
84
100101100010101000
12
11110100101010100000
179
11100100101000011001
159
101010000000100000
47
10011001100000000100
118
11001001010011101000
12
1010101111110000
141
100000010001100
57
10100010001100000010
26
101011000011100000
32
10000000100000011
150
10101110011101011001
64
10000001001001000100
53
1100010011000101
4
100000000110
35
10000000000000001010
101
10100000101110000000
39
1000000010110110000
190
1010001100100000001
114
100010000000010111
14
10100001010000000
55
1110000100001000010
63
1000000000000100100
90
10100011100001000100
85
11101000000000001001
4
10110000101010000
62
10101000100011
178
1100000100100100000
101
10000100000110001001
79
101001000010001001
83
11100010001101110000
75
10000100000100000
133
1000000000111
162
11100001000000001000
137
1000000001110000010
41
10001101010000100
63
1001100000000001000
152
1000010011101000000
41
11001000000000001110
96
10001001001100000100
139
10000011000011100000
72
10100110010000
195
1000111000101000
89
10000100001000001
5
1010100010100
124
11010001000100110100
35
1000100110011000000
172
10110000010100000000
160
11001001111000100
140
101000101101000
95
10001100100101000000
114
10000100000110011000
103
11100000000000001010
164
1010100011000100111
80
11000100101011110001
194
10000011001011
126
1100010000111100100
44
1011001001010100000
40
1100011100010000000
112
1000001001010001101
68
10000001101111000100
48
1000101000000110100
5
10010011010001000110
182
1001010000000
195
10100010010000100100
17
1001110001001
118
1110000111010100100
92
10010001010001000
62
1000101100000101111
87
10010000000100110
10
10111000100100000000
8
1011000001000000
140
111111100010111010
157
10001001011011100101
92
11100000010000010000
104
10000000101000000000
29
1001000010001010000
74
11010000010000010
45
1001010101000101001
163
10001100100011101101
68
10001000001000001100
154
11110100010010
113
10100000000111000
6
101000011001000
152
1010101001100010
48
10000010100011001101
135
10101010010000101110
8
100001100100010001
199
10010000001001100001
179
1010101011101000
167
1000000000001001010
18
10010100000000
173
1100100000101000
20
10010000110010110100
1
10000011100000000010
163
1100100100001101
195
10001000010000000000
164
100000000000100110
53
10101100110010101100
183
1000100000100101100
196
10011001100100101
105
11000110000001011000
114
11110101000000001
90
10000100100110001000
18
110001001001100100
120
10000010110001001
11
111001101001001
150
100000001010001100
79
1100000010010000010
4
100000110000100
176
111100000100000100
164
10001000010001011
87
100000000000000000
195
10000010011010010
143
10011011010000110001
4
10001000000101010100
105
10000100101000000101
101
1110000000000000110
105
1000000000110100110
17
1100011010010001010
97
10011000000110000
61
10111110010000
39
111000001001100
104
10000000001001110000
41
10000000001010000001
137
10011100111110000000
145
11001000100010011011
112
11010101010
129
111000101010000000
95
111010101001101010
79
101001100001100
158
10000010000100000010
82
10000000100000000010
159
11000101110
125
100110010001110
5
1100000001100000
9
1111110100001000101
194
1000000010001000000
181
1000000101001001101
133
111000000000011011
183
100010000000011000
80
11100000000000100001
105
110000100010000000
165
1001000001000000
167
1111101001000100000
110
1000001100000101
14
110011000000110101
44
10010000000111001000
16
111010000100011011
90
100001010100
149
10000000000000000000
187
11001010010001100001
122
110100010010000101
29
101110001000110000
11
110000010100
66
11010001101000100100
30
10000001000000010000
122
10011010100010101010
8
10010000001
40
10000000001100
33
10011001100101010001
38
11000010001010111100
187
1100000010100
152
1110101101011000011
200
10001100001010000
61
10010001001000
104
1000000000100011011
55
10000001011000000000
71
1000000101011001100
105
11110000010000000100
62
10011001100011100000
11
110100000000010000
163
1100100000011011000
133
101100000000001
142
110000001010110100
172
101011001110010000
45
1010000101010110010
174
111010000010011
86
100010011010000100
20
10010000010000000000
144
1000100000000101
5
10001000110011110100
142
11001010110000000010
28
1011001000000010000
104
10100001000110100
31
11000001101100000
13
10011001001100100110
66
1100011001101111101
30
10100000110001100
129
11000000000010101001
83
110100000101000100
36
11000001001001000011
130
10000011000101011000
58
110010100011101100
197
100001000000000100
126
11101100000011010100
191
10101000100101000000
7
100000000100000001
74
101000100010
40
10001101000000
168
1111000010100000
60
1110000001000001010
165
101010111000
140
10110101010000000100
62
110000100000110000
183
110001101000000
11
100001001000000100
97
1111000000101100110
136
10101101010000011100
105
10000000011000100011
199
1100101001000010
153
110011101101100
117
111000010000100000
170
1100000000011110
152
111000110
78
11101101100001010
17
10000011
156
1111000000010
101
10000110000000100
104
100100110000000
106
100100011010101000
148
10101010000000110000
118
101000100000001101
130
1111000100000110001
141
10110010000000001000
67
100100000010000
148
11000000001100101
56
100100001001
28
11000100100100000001
189
10000000000001000110
155
101000100110001001
175
1100011000100100001
171
101001101011010010
67
11000000000000010
171
1101101000010011001
145
11001000100100000110
171
10000100000100000100
106
10000000011100000
129
1100100100000000
29
11010101000100010001
119
10100000000110011000
31
1000001010100100010
47
10000001100000011000
191
1000100100000
96
1000100100010001101
32
110001010010011
142
1101001001000100000
64
1011100001100000000
175
10100011000000001
11
11000001001010111001
165
11000010011000000001
73
100010110000001010
135
1000011010101001
105
101000100000000011
190
11100011000100000001
137
1010100000101000100
70
1110011100010101110
145
110000111001000101
70
10001001100100001
33
10000000001000001010
140
1110000111001101000
19
110000001000100
68
11100000000100
103
101111110100000010
182
111011000000000000
171
10100011010110101100
105
110010100100100100
166
10010000100110001001
9
11010100011001010
95
100000011000000110
56
1010000100000100
87
111001110000111110
166
10101011010010000100
189
1001000010000000000
135
10100001000011010110
19
10100110010001100
108
100000100100100001
171
10000100000010011
36
11000000000001
130
10011001001100010
50
1011011000010
167
1011000000000000100
31
1010000000010110010
87
10010110000000010
51
100100101111000010
4
10010000010100110000
91
11001110010010001011
56
10000111000001100100
113
10111001001111000
105
10010001011000110
169
1001100000100010
86
10000000011010101100
111
1001001101001001
9
111000001011100101
190
1000000000000100
19
10011101100111010
105
100100111010010010
40
10101100000000000
163
10000000010000010000
5
1110000100101101
19
1110001011001101011
119
11100010110000010010
112
1000011000100000000
151
1000011000000010
169
11101010110100000
198
10100001000000100011
116
10010001010000000011
22
11110000100000110100
173
100010000000
178
100001000100100000
61
1000000010000111000
7
101000000011100001
155
10000000010001111001
35
110000010010001
93
1111000000000000
38
1001001000000
2
1111010000001110110
153
100000100100001001
107
10001001000001011010
122
10000000010000000001
10
1101000100011100000
165
11010001101010100
97
1001100010010000
21
10010000001000001010
124
11000000010001100010
18
10000010100111101100
122
11110110000101000100
12
10000000001000000001
76
1100001010000000
93
110100000100000000
94
10000001011010000100
4
11000000000000001101
137
10000000
127
11000111100100010101
182
1001000001101000001
100
11001111101011100100
143
10101100010100101000
162
10010010110101001111
197
11100100001101101
57
10100010000010101
195
10000100011001100010
64
10110010110110001
138
1000100000000011101
130
1000001000001100
56
110100000000110001
5
1100001100000000100
111
10000010001001000101
91
110010010100000000
51
110000001010000010
109
111011000110011000
79
100001010000000000
184
10010101000011001101
80
11100000111000010011
65
11000010000100001000
62
1001110000110000000
29
10010100000111100101
102
10011010000000000011
44
1111100000000001001
133
1000011011010100000
165
101000000000001000
130
101001000000101100
126
1000100010110000000
138
10100001000100010101
10
100000001000100000
76
10001000010001
69
1100010000000011011
159
1010010000000011000
167
110010010000011000
28
100000000001
130
11100100001000001000
5
1000001110100110
104
101101111001011010
22
11000000011000000
41
100001000001001000
199
10101100001000111
178
1100010000010010110
11
100010000000011100
4
1001000111101101
120
10000010000010
146
10010000000000000
136
11010001001001001001
133
1100010011100010000
95
11011000001001101101
112
10000101010011
113
1100111011000
199
101000101010001010
94
100010010010010011
171
100001001100100
26
10110011010000010001
135
10100011010101100001
179
1101100000000100
56
110000000000000010
171
10110000100000000001
20
1000101100100011
86
1011000000
83
11101001100000
166
1111011000001011
155
100101110000001
28
1100010001000000010
138
1110101010000001111
134
10000000100000111000
45
1010011000100000
9
10000000010100001111
25
10011001000111100000
161
11101000001001011001
67
100001000100010001
33
10001000011001000000
20
1000101110000001000
50
1000000000010001000
130
10100000001110100100
187
10101100000
84
10101000000100010
161
110000010110001
8
1001100110001
186
11101000001010
48
11001000011000010
73
1011001000000001101
121
1101000000101000000
14
10011100000001001110
173
1010000000101010001
163
10100100010000101010
105
10000110000001000001
190
1000010001001
141
10011001011010
27
11000000011100100110
33
11100100010010000011
117
101100000100011101
116
10010110100010001000
147
1001001100101000000
53
100101011000001000
137
1001101010000011011
140
11100000000000100000
40
1001000001000100100
109
1010110000010
29
1001010010100
63
1001000001001010
67
10010000001000010
63
10001000110001100
81
110011000100000011
136
110000000100001000
83
1000001010010000000
188
1010000001011110110
198
11011001001010011000
41
10110000001000
169
1110000100000001
62
10000000000010000100
116
1110111100010000000
35
1101001001100000101
129
1100011000110100010
121
10110110010100000
145
1100010011000000
91
11001001110000000
153
10100100100011000000
47
10010000000111000010
179
10000111011000001100
154
10000110000001010
27
110000000011000
32
11010001100101101000
111
1010110110000110
197
101011001001100001
190
10011001001111001100
169
1000000000001100100
88
10001101000000100
194
1010001000010011000
76
1000100100010010001
148
10001000000000000000
109
10000010101110010011
17
11000101001110001000
26
1010100101111000
120
110000000110010100
86
100000000000001010
187
100100100000000001
20
1001010000100000110
38
11100011100010001100
112
1011111001101010
176
1010000110000001010
12
100100001010101
168
1101101000010001000
95
10001000011101
66
1000100000010000001
3
10001001100101000111
187
111100001100000000
35
10100011000000010011
121
1000110010000101111
68
10001000001000111
102
1000010100010011101
88
10000101010110111
179
1100001001010001010
174
100000110
161
100010110000000100
138
100000001010100000
159
101001000001110
67
10011000101000001
22
11101000011110100111
47
101100100000001000
129
11010000010001000010
23
1101001110001100111
76
11100000101000000100
38
111000010010010000
160
10000100110100001100
88
11000010010010001
163
10011000100010001011
140
11000010110010110000
143
10010111100011011000
34
10000011000011000000
187
110100001011001000
151
100010000001000010
126
10100000100110010011
82
110010000000101001
71
10001000001010
198
10110100000000000100
87
1001100
110
1011000001100001
25
10000000100110000
40
1010000000011
192
1001000000000011000
162
10011000010000010001
180
100010101110100001
1
100000000100000010
102
10000001010001000
74
10111000100000101000
195
11001001110000010
114
1000011000100000111
135
101111100010110000
61
1001000100000101
52
100000000101001000
192
11000110101010010
140
10100001000000000
164
1100111000000000100
63
10100010010101001001
142
1101000001000010000
41
1101000001110
106
1000011000100010010
36
100100011011001001
94
10101010101101000
48
100110100001110
131
1010100000000101110
97
10000000000011000110
22
100100000100010100
72
11000010000101100000
131
100000000101000000
97
1100001110000000111
183
1101011000000001
80
10001011
161
1010001001101111011
187
10100011010100100000
93
100010011100111000
160
1010000110010000100
119
1000100010000010101
82
10111010100010011000
23
10000011001101010000
153
10001010100000010
26
1001100000001000
19
101010110100
1
100100000100110100
138
100000000010011100
52
1000100011001
96
1110110000011100101
174
10100100000101000000
116
10000101100000100
91
11000000000000001001
138
1000001000011011001
147
1100000000010000000
84
10010011110001000110
62
111010000001101100
23
100100010000000
13
110011100100100
128
1100100000010011000
4
10100110000011100000
193
1000100000010110
149
1001100010010001110
108
10100010010000100011
168
110001000001000110
142
10010100100100
149
10000000101110010001
66
1000101101000001011
121
110111011000000
171
1000000110001000
41
1110000100001000001
120
11010100100010000111
55
1000000000100000010
51
110000000000110
178
10001001000101100001
130
10001000001000000
75
11011011100000100
108
10000000110000010000
78
10000010000000000101
3
1011000100010010101
110
100000101011100000
85
10110011000000011101
37
10001011000110000110
172
100011
196
10100000110010000
100
11100000000011000001
27
111000000
25
1001000100111010110
130
110100000
154
11010001100010000000
192
10000100010000000
2
10000001000000001000
77
1010011001000000
161
1000100100001010000
11
100101110010
134
111101110000000001
165
11001000010000000
60
11111011000001101
43
11100000000001100
64
10101100010001001
64
11000000100010000000
29
10110110001010000000
179
1000010100000000
152
10000000100100011000
46
1010100110000011000
155
11101010000000000101
139
110000000010000000
67
1011101000111011011
138
1001001101010010010
196
1011000000000000
49
10010000100001011
4
10011100100000000000
86
1110010000011100100
99
11110000100101010
96
11111000100100001001
12
1110000111
125
10000000101101000001
42
1000111011000010110
191
111010111011011000
154
10010011000000101001
72
10001110101000000010
170
11000100001110110110
25
1010000000101110000
49
1000101010001100
19
100010000001001100
122
110010000100010000
100
1000010010001110
189
11001000110110000001
42
10000110000000000010
150
1010010110000
48
1011010000
82
100010000101100
133
1101110000000000
33
10000000001001011
80
1100001110101000010
94
10000000001000
162
10100000011100011110
55
101000100000100000
111
10000010101000010001
22
11000000001001000011
7
1010001000001010
46
1000010000000010
124
11000010000000000001
93
1001001101000110000
165
100101100110011001
72
1000010010100100000
33
110001011100110
183
1010000101000010100
122
1110100101001001
36
10110000000000010101
108
10100010100001100000
55
10110100000100000000
88
1000000000000100010
91
100100010100100011
164
10000010010110001000
26
111010000010010
146
110001000010000001
134
1010000100001001
139
1000010011101100110
128
10010000001000000
62
10000001000000100010
183
10010011011100000010
169
10000100001010000
148
100001000001
45
1001000101111100010
76
1000100101000000001
178
1101010010011010010
128
1100100100110000000
161
11000100000000
79
10000100010010011001
169
1000100010010100000
2
10000010011000001
156
1000100100000000000
153
1101011010011001010
76
11010001100001
156
11000110000000100000
146
100010001000001011
85
10101111001110
110
10000000010000100
48
10110000001
200
101100100000010101
96
11000000000000111
182
100001001110001000
32
10001100100000
140
10010000000000011000
157
100000001000000
95
1100001010101011001
131
1100000100011100000
191
1011000100001000000
157
10001000001100001100
121
10001010101001000000
175
110010010100110101
60
1001010010000000010
85
11000011010000000101
180
100100000100010011
45
1000000
149
10001110010000101001
167
10000000110000100
178
110000010000010000
65
1000010110110100
8
10111010000010100001
37
111000000000010
112
10010010000001010
125
100100000001100
74
100000000000000100
138
10001000001001010001
100
1001011000001100000
153
10000000100000000011
63
100010010000000
38
1010010000111101
116
1000101010000000
36
11000000101000101
1
1000100100110100011
156
1001010100010
72
1010010001001100000
149
1000000100001011011
153
10000001010011000000
94
1001100000010101010
177
11100011101000000100
4
10100001100000100010
77
11000000110000000001
175
100001010110000000
167
100000100000011
55
1100001010001100
163
101011
107
101000110100101
164
1000000000010010101
28
1010010000111
34
1000000110000010001
104
1011000010001001
30
11111101000001100
36
1001011010001100
129
1000011000000100010
19
101000000000000001
132
11011001101011110000
84
100010100001110010
51
10101101001001000011
161
11100101000100100000
112
10011011000000010100
135
100001000000111000
106
10010001000010000
32
10010010110110010000
146
1000010010000
37
1100100000010000000
79
1110000001000100
19
1110101000100000100
100
10000101100010100010
49
111100000110101100
197
110000000011001000
27
11111000000001000
48
100000001011001000
194
11011000000000000010
148
100101100010101010
110
100000001010010
44
10100011001110000011
155
101010
160
10000000000000101100
105
1001001100100001001
177
11001110001110
164
11101000000010000001
77
11010010000010010000
82
10010100000110000001
158
1011010100010001110
98
10000001000001010
110
11000000101000010
164
11001000010010001010
120
11000000000100011000
200
10010000100000101000
30
100101100
127
10100000001000100
156
10001000010000001101
1
1001000000111010
111
10001111110000000010
78
110000000000010000
75
110000000000
77
10110000100010010110
179
10000000000001110100
165
1001001000011000010
96
11000110000100
148
11001000000001
69
111100001000101111
5
1000000001110000001
83
10000011000110000
57
1000100000000100
88
1001101000010001
3
100010011011000
100
1010000010010010010
82
1110010010
71
1110000100001000000
79
11100100010
118
100001100000001000
132
101101000111001010
138
101000001100110000
48
11001010000100010000
2
11100100000111010000
141
10000000100001000
87
11100110001100000100
125
1011000001000100001
112
100100000000110
88
1001010001000010
119
10001010100100111010
181
1000010000001000
90
10000110000110000011
67
100000001011
52
11111100110010
65
110100000100010100
111
1010011001000000000
12
1100001100101010010
127
101000000000000
64
1011000000000011110
69
10000001001110001011
146
11000100101001101100
119
1000010100101001100
132
1100001000000100010
4
1010000000110100010
111
110000001001000100
154
10010000000100100
71
1101001000000001000
107
10010001011101000010
25
100100010000100
152
11000100101011011
101
1001001101011100101
52
10110101110000010
172
1010100000000001
100
101000001000000110
161
1000001100
143
10010000100001010100
46
10010000100001001000
54
11100010001000101101
176
11111010000101100
48
110001000101011000
129
100100001001000
43
100000100111000100
48
10011000001001001001
185
1000000000100001
189
10110100010000010010
64
10100101001001001
47
11001100111000000
52
10010100101000000001
31
