20 200
11110111111111111101
152
11110111011111011111
195
10101110101111101111
151
11111011011101111111
12
11010110011101110001
69
11101001111100101100
107
11101100111011000011
22
11110111111101111111
180
11110101111111111111
102
11111011011010101111
55
1101010111011111111
131
10111011111010111111
73
11101010111111101111
22
1101111111001110111
142
11010011001111111111
94
10111111101111111001
42
11111111101011111111
76
11110011110111111110
139
1111111101111111111
78
11110111111110000111
75
11001111111011011111
53
10111111101111001101
139
11010111011111111101
67
11111101011111011011
58
11101111011011110011
153
1011111011111100011
187
1111111111011111101
125
1101011011111100111
63
1111101110111011111
99
10101101011101011111
1
10011011111011011111
119
10011101101100111100
127
11111011110111111111
44
1111011111110101101
78
1101110011011111101
190
11111011011101111011
49
11111111110110101011
184
11001111011111111111
170
11001111111111111011
116
11111101111111110111
4
11110101111111101011
111
11100111111111111111
155
11111110111010101100
110
10111111011111010111
24
10011111111111111111
85
1111110000011110101
84
1001111111011101111
32
1011101111111101111
65
11011111001011111101
48
1101111001111101101
95
10111111101111101111
132
10110111111110000111
199
1010111100100101000
198
11111111111111101111
197
10111011111111111111
190
11111111111111111111
199
11110111101010111111
46
11011110111011111111
134
11110111111101011011
131
11111000100111111111
179
10110101011110111111
136
1110101111111110111
52
11100111111011111100
85
11110111111111011111
36
10001110111101111111
145
11011111100110111101
138
11101000010111111101
40
10111011111111111101
138
11111011111011110111
166
11011011101010010111
30
11100111111110111111
173
11111111111101110101
174
10110111111011101111
109
1011110101110011111
177
11110111011101111100
120
11111111010101010111
67
11111011111111110110
58
11111111010110100011
192
11111111111001001111
182
1110100111110110111
15
10101111001101111111
186
11111100111100110111
127
11111111101111110111
153
11110111110111101010
12
11110111111001110100
151
10011001011101100011
26
11111001101110110111
38
10111111011110111010
147
11011111110111111110
140
10010111111111011101
48
11110111111110010111
126
10111111011011110111
84
10011111101010110111
182
11101001000010111110
173
11101111101111001010
86
11101111111011111111
85
11011111001111011111
51
11111111011111101011
173
11111101010110101111
30
11111110000111111010
173
1111101011101111111
141
10101111111011111110
195
11011111111111111111
52
11111111011111111111
117
11110111110111111110
117
11111010111111011111
42
11111101111111111101
176
10111111101011111011
16
11011111101111110111
42
11110110011000000111
71
1111101111111111111
88
10101111011110111101
155
11111111111111111101
4
11110101011101111111
91
1001111111111100111
124
11111100110011110101
177
10111011011111111110
157
1100111111111110111
181
11111111010001100111
183
11111101111111011010
115
1101110111111010100
59
10101110111111111111
130
10111111111111011111
72
1111111111101111111
32
10111011110010101110
153
11111110011111110111
172
11111111110111001111
40
11110111110011111101
150
11110111111101011110
137
11111110111111111101
69
11111111100111111110
95
11011101011111111110
111
11111010110101111111
112
11000111011111111111
138
11111001111111011001
51
10111010101111101101
71
11001111011011111110
131
11101111111111110011
129
11111011011101011111
186
11101010110001111010
15
1101011110111001110
35
11111111110111101101
91
1110111111111111101
1
11011111101111111111
133
11111011001111011111
33
10011101101101110111
173
11101011111111111101
131
10111111011111101111
91
10111110110111101011
183
11100111111111111101
181
10111111101111111111
183
11110011111101110110
69
111111111111111111
176
10010111111101110111
50
11011111000110111011
159
10111010111111110101
140
11000110101111110101
23
11110111101111111111
17
10110111111011011011
47
111101111111011110
197
10111110111111110110
84
11111010111111111110
10
11101111111111010111
46
11101111100011111111
155
1111111011110111
160
11110001111011111111
68
1111111111111110111
187
11111111110111011111
144
1110101111111101111
53
11110111111111100111
40
11101100111101100111
3
11111111011001111111
176
11101110101101111110
104
11011001111111001101
150
10100111111001110
101
1100111111111011111
147
11111101110110010111
190
11111100111111100101
71
10111111110101011111
29
11110111111111101011
133
10111111110111111111
8
11111111111111100111
87
11111011101101101110
153
11110111101111010110
26
11011111011111011111
72
11111111111111110011
24
11010111110111101110
134
11011111111011111111
74
11011111001010011111
164
11111111101111111111
66
11101111111001011110
200
11111111010111110010
157
1011110111100111001
165
11111110111111111011
11
11101011111011111111
16
11011111011111111111
190
11110111111011111111
99
11110110111101110111
71
1111110111111111110
107
11010011111111011011
198
