20 2600
10001010000010100
152
10001011101
195
100100100
151
1000001001000000001
12
1000000000
69
10000000100
107
11001000001000000010
22
100001000101
180
10100000100000011000
102
100001000000000010
55
10100000001101
131
10000100000010001
73
11000000010000000001
22
10000000000000
142
1000010001000010101
94
1101101011001000
42
11100100000000100001
76
100011000000
139
1000001010100000
78
11110010010010000100
75
1000000010010000
53
1001000000000100
139
11001000001000
67
1001000000
58
11000000
153
1000000000011
187
1001010101
125
1100001000001000010
63
100000000000000000
99
10001011100
1
1000010000000001
119
10000000100000000000
127
10100000100
44
10001010100100100
78
10000011000000
190
10000000000000000010
184
1010110100001100
88
10010
116
10000000001111010000
4
10100101100100001000
111
100000000000101
155
1010010010000000100
110
100001001010000111
24
101000001010100
85
10000000100000
84
1000000000001100001
32
10101000000100000
65
10000010000000000000
48
1000011001001001100
95
100010000000000000
132
10100100100000010
199
11110000100100
197
1000001000
190
11000011000000000
199
100110000010011001
46
100100000101010
134
1000100110000000000
131
100000000000
179
1001010000100000000
145
10000000100011000000
32
10100000111010001000
21
10000010010010000
122
10000001001000000000
65
10000001010000000
175
1000000000000100
171
10000000001010001010
26
1000000000000011110
92
10000110
15
10000001010000010
169
10010000010000000000
7
100000101000000001
109
10000100000010000
177
1100101010101000100
120
100000000000100000
65
10110000000000000100
8
100010000100000
15
10000000110001
186
10000000011
127
1110000001010001
153
101010000000000
12
100100000000100100
151
10011001000001000000
26
1000001010010000
38
110000000001000
147
10010000001000110
140
10000110010000001
48
11000000100010000100
126
10010110001
84
11010000000000010
182
1000
173
101000000000
86
10100001001001011000
85
10000000000100000011
51
1000000000001000
173
1010000010000000010
30
10110000000110000000
173
1010001111101
141
10001100010001000000
195
1010010001001100000
52
100000011101100
117
1010000001000
117
1000000
42
10010000010000000001
176
10010000000011000
16
10100010000000
42
100010100001000000
155
10000001100001000
172
1010100010000
125
1100010
83
111010000000000100
121
100000000100000000
113
1000000010000001000
60
100000010
142
101000000000000000
183
1111000000000
115
1101000000000000100
59
10000001010000
130
101100000000000
72
1000001000000000010
32
10101000001000000100
105
100100000000001
177
100111000101
166
10000001000100000000
14
10000000001100
16
1001010100001001010
140
11000000000000100
179
100010001101010110
144
1000000000010100
117
1001100000000000000
67
10000000100010000
160
10000011001001001
88
1000000000111010010
91
10000001100100000000
48
10100000000010
177
100010000000100100
127
1000010000001
142
100001000010
197
1001001000101000001
150
1001010100101000000
197
100001111
60
1000000100000000
43
1010000010000101
156
1010001010111000000
8
11001000001010000
22
1000000000000100000
195
1000001010000000
17
10000001000000001
138
110100100010000
145
1010001100010000
24
10010000000000000010
74
10000001000001010
22
11000001000000010111
113
100000100101000000
66
1100000000001000
42
1001001000000011000
15
10000001011000110
168
1000100000000000100
82
1000000000000001101
157
111100001
27
100001001010001000
187
100000011010010010
133
10100000100000001000
31
10000110111101000001
13
11100000000000000000
148
100000000111010
191
100000000010001001
92
101000000
1
100010100100000
70
10000101000001000000
110
1000000000000011000
58
11000000000100110000
102
10000001000000
122
10000000
67
10001010010001100000
89
1010110000000
12
10000000000100010001
87
101010000100000
79
10010001001000000101
66
1000011001000001000
168
10000
183
100000011000000000
100
1100000
159
10010000101100000
111
1010000001100000000
156
10000000001000000010
129
1000100011001000
196
10001000000000010
157
10010000
142
11000000000010
96
1100000000000000
172
10010000100000100100
190
101000001000000100
10
100001101000000000
57
1101000000000000000
81
100000001000100001
3
1110000000001100000
154
101000001010000100
193
10000110000000
103
110100001010000000
183
11101001000000000000
153
1100100000000000010
60
100001000000100000
56
10000001000000000011
115
1001100010000000010
181
10010000010
61
10000000110010001
153
1011010000000010101
32
11100000000000001001
78
100100000010000010
195
100000000011000010
31
100011000010100000
9
1100000000000
75
1001100010001000101
23
100000010000010000
142
1000100100001100
42
10000000000001000010
45
100000000
72
10000000010000
199
10001111110010000
175
111000010100000
18
100100110000001000
28
1100000001001000000
146
1001000000000011000
113
100110
179
1101010000
96
10000000011000100001
174
1100010000001100000
44
1100000000110000000
78
10000000000100010
81
1000000010000000010
79
10001000101000010000
68
1000001001001000010
127
11001000000000010
179
110000000
84
10010000000000010000
68
1010100000010000
64
1001001000101000000
118
1001000000000100000
27
10000100000001000000
182
1011100100001001000
144
1000000000000001000
72
10000100001001101100
174
110
61
10010000010000000010
132
110000000000
97
10001001011000110
178
1000000001000
19
10000100000000
73
1100001110000100000
39
10000000000100000100
63
1000111000001000001
41
10001000000100111
50
11000101001000000
64
1000000000000110000
69
1100000010
73
1010000001000001
159
1000100000000010000
190
1010100101000000
174
100000001000000000
14
1000001000000000
200
10010000000001000010
58
100000000001110
155
10100011100001000010
113
1010001000000011010
144
100001010000100
110
101010100000110010
115
1000100000001000
38
100100000001110
109
101000000100
52
1101001000
132
100000000100
126
101000001000000
118
1000000000000101
81
10000010100000
14
10000000000000000000
149
1000010000000010
158
1010000000100100100
15
10000000000100000000
40
1010010
55
1000000101000000100
119
10000000001000
21
1110000100001
27
1000000110000
87
10001100100000001
96
101000000000001000
42
100000000110000
66
1000000010000000
198
10000010000100001
152
10000011101000000000
110
1001000000010101
21
110000000010000
177
10100100010000000
11
10010000000000000001
9
10000000000001100000
145
10000000000001010010
99
10100000001000100
173
1000111001000010100
166
1000101000100010
172
1010100000100001000
83
1010000000000000000
102
1000100000000100000
197
10001000000100100
145
101110000000
55
1000100000000
25
110010000001000010
148
10000001000000000100
181
1000001001100101
116
110100000100010001
34
1000100000101000000
135
1010100000010100
63
1000000001110
141
1000000000001000001
29
1000100000010
41
1000100010010001000
169
10000001001000111
47
100100110000010100
158
100001000010000000
120
1100001000000000110
106
100000
61
10010010000000000101
53
1011000001000000010
130
110000100000000
143
100000000000100100
130
11100000010000
172
1100100000010100000
89
100000000001010000
52
100000100000000100
98
1010000000000001000
48
100000101001100101
157
10000010001000010010
118
1000101000001000000
103
1000101001000001
76
110000101000000
189
11000010101100000000
119
10001101000100000010
109
10010000000010
65
10100100110001000000
45
10010010000000000010
74
1000000001100010011
105
1000000010000000000
117
110000010000100
96
10001001010000100
16
1001110
93
1101000000000100
139
110000101000100000
115
1000011100000010000
16
10100
173
101100001100101
31
101000101000
145
100000010000101
130
10010001110000000
198
110000011000
181
10001100010000100
191
10000000010001100
23
1000000001000010000
196
1010000001010001001
123
10000101000
73
1011000010000000
47
1111010000000
175
10100000001001001
93
101110001000000
156
100001001010010001
34
101100010100010010
1
11000100000010000010
178
10100001000000000100
72
10000001
131
1000000011110000
130
10010001011100000000
43
1000000110100010000
16
101000000001
194
100000000010100100
86
1111110001000001
12
100000000000001
6
1010001100000001100
114
1010001001001000001
173
10000001000001100100
34
110001000011011000
19
11010010000000000000
76
1001000100010100001
154
11000110010000000
85
10000000010000001011
146
10100010000000000100
170
1000000000000000010
41
1000000001000001010
177
101111000000100000
193
100000001100000010
26
11000110000000
176
10000011001010000001
97
10010000000000100100
119
1000010000000000
173
100000000010001000
154
100101000010
132
11010000000000000
28
10100010000001001001
184
101000110000000001
19
10000001000000001000
4
1100010100000000000
123
11000101010001
40
10000100010000110010
38
10110000000000000000
163
11010000000100011
188
110000000100000
69
110000000000011010
104
1010100000000000000
191
1000000000000
50
1110001000000101
9
1001000001001100000
57
1011000000000000000
193
10110001
135
10000010000100000000
89
100000000000000
184
1100111100
72
10000000010000001100
166
101010100000000110
140
1010010000000001000
5
10010000000100001001
33
10001000000000
174
10000000001000000000
13
100110001000010000
185
100000100000
95
1010010000110000000
47
1000111000000000
190
1100010000000000101
197
1001110000000
103
110100110000
2
11010101010000000000
133
1000110000000000100
172
10000000000001100
121
10010001100000010
39
1010101000010100100
162
10101000011000000001
153
100010000001100
200
1001000100000000000
67
10000100
43
1000000100000
45
10101000110110
119
10001000000100100000
38
10000100000000010000
27
100001100
124
100010001011100
88
10000000100010010000
50
100001001
158
1100000000101000
64
101100000100110000
184
10100010100000000000
51
100010000010
26
11100001000000000000
170
11000000010000000
128
101000011100010
111
1011000001000
10
10000110001010101
59
1010000100
28
10001000010000000001
118
11001000000000000101
46
1110110100100010011
123
1000000000100000
52
101100010000
90
110000000000000000
98
10001100011000000
107
100010010000010000
174
10011001000000000000
161
11110100000000
83
100100000000100001
154
10001000001100000100
30
10100000100000000000
27
10100000100100000
29
100100000000000100
124
1000000011000100001
58
100000010000000001
1
11000000000000000000
143
10000000001100001
168
1000100010000
25
100010010000000
144
101101010000001
120
11000000000100
106
101000010001101
83
111101011110000
135
10000000000110000000
68
10010010000000000
123
1000000000001
72
1100000000
17
10000000011000000000
150
100000000110010000
93
10011000000100001000
96
10100000100100111100
180
100010010100
168
100000001101100000
96
1001100100000000000
198
11001010000000100000
104
1001000000000010001
62
1100000000001
69
100000010001110
43
1000010001000000000
93
1010110
187
1001100000001000000
82
1000000001000000
33
100000000000100
37
11000100000010000
54
10000100001010001
152
100100001010101
106
1010000110000000
169
10100001000010000010
110
11101001000000001
187
100010001001101000
40
101101000000000001
67
10010001100010000000
154
11001000001000010000
3
11000001010000000
17
1000010010110010
79
11000000000000000
103
1100000100000
172
101000010010000001
99
1110100100111001
11
100000100
23
100000000000010000
86
11000000100101100100
88
101100000100010
90
10000100100000001100
84
10000101000000000100
79
10010000100
117
10010010100000001
24
10000101000000000
42
11000000001000000101
105
110001001000000000
25
10000000000000000100
193
111100000
21
100100100000001010
11
11000001000001
182
1001010001100110001
163
100000010000000000
12
10011000000010011100
15
1000001001
186
10000001000000010000
4
100000010000000
159
10001000100000000001
143
110010000000110
47
10110001100110000
14
11000000100000000100
9
1000000010000000001
194
101010000000010000
45
1011000100000000100
157
10010000000000101000
45
1000010010000001101
67
110100000000001000
15
11010000000000011000
144
100001110001110
187
11000001000101001
13
10111001111001101100
153
1000000011000010
23
101000000001111110
132
10000000010100000000
155
1100001111000000001
26
10000000000000010
83
1001000000010110100
74
11000100100000000000
69
10000100100000
123
10000011000001000
1
10010000010110101100
196
1000100
167
100110000100010000
36
10010110001010001000
164
100100000000000000
196
1011000000001000000
104
1100000000100000
186
1000010001010000
52
1000100010001
111
101000000000000100
128
10010111100000000101
126
10000000000
49
1000001001010100
180
1000000000000101000
171
10000000000000100000
85
10000110001000011100
193
111110001000100010
27
1000010010
145
101001000000
120
1101000000010010010
118
10001000000
46
10000000010100100010
197
1010001000001000001
152
1000100000
143
10010000100001001
102
1010000001010001000
165
101010100000100000
70
1001000000001010011
72
101100001010001100
138
1011010000
10
10010000000000000
158
11000000000000001100
109
10000001000100000
12
1000001000000000000
90
100000000010001010
139
100
148
10100000000000
48
100000000100001000
168
10011000010000000010
103
11001000001000100
84
101001100000000
68
10000010101000001000
64
1000100000000010001
131
10000000000100
160
11000000100000000001
91
11000000100101100010
13
1010100000000010
11
1001011001010
165
101011
22
1000100000110101000
59
10010010010
5
101010
173
100100000100000001
83
10001000001000010000
106
11000000000101000001
25
1100001000000000000
173
1000100000000111000
159
100011100100000
130
10000001001000
149
10000100010000
100
1000000110000001010
187
11111000000011001010
135
11010000001000010
190
10001
120
10010000000100101010
155
10010000000001
171
11000100000000
57
1001000100000000
103
1110100000100001
52
10000010000000
198
10000000001000100001
10
110100010000010
142
10100000000000000100
126
100010001000000
48
1110001000
56
100010010000100
142
10110001000000
186
1000001100100000
119
100000000001000
147
110000000000100000
28
1010001000000000010
65
10010001
186
10010001010000100010
96
100000010000001001
166
100000000010100
98
10001000100000000
7
1000000111000010
69
100100000100001000
113
1001001
138
110010000000000000
69
10100100000101010100
179
1010001001001
170
1001000110000001
74
10010100000000000
164
1100010000000
105
10000010000011000100
24
1000000000110010
17
100100000000100
24
1001001100000110
108
1100010000011100000
35
1000100111100000100
121
10101000100000110000
16
10000001001000000100
183
10001000000101000
126
1000100101001010
180
100100000000000
120
1100010000100000000
9
10011010000000100000
51
100010010101000010
74
110010000000000
135
10111010000100
14
10000010100000000010
68
100010000000000
138
101000100101100000
157
101000011000001000
28
10000000000011
130
100000100010100100
87
100101000000010
108
1000000000010000000
21
1000111000001
12
10000010100000000
23
10000101100101001
121
100000001001000010
163
100011000000000000
135
110000010001010000
181
101000010000100000
55
10000101000000000010
97
100010110000100
99
100110000010000000
28
100101000
103
10000001010
94
1001100100000001001
96
11000100000
39
1000000100001000100
16
1000001010101000000
74
11100001000100
36
101
60
1101000000000100001
89
1000100100
106
10000010001010000000
39
100110000000010000
176
1000000000000001001
33
10101001100000000000
150
10000000000000000001
112
1000000110
31
100100010110011000
193
101000000001000010
49
100010000000010
2
111100101000110000
129
11000101101010000001
39
1001000010100010011
118
10000000010100
1
11000010
55
10001101000010011
191
100111000100000000
191
100000001000001001
190
10110000001100
21
1011000000010000
15
100000010110000
177
1000010000001110000
117
1010100000000
41
10100000000000001000
33
100000000010000000
200
101000000000000010
33
1000000010100
13
1010001000001010100
111
100000000001000101
9
10000100000000000
111
100000010000110001
58
10001011000100
40
1001001000010000100
108
100011001000100010
29
10000100000001010
48
10000000000001101010
36
100000001000000110
197
101010000001000000
133
10000000101000000000
48
1
24
10000000000000011000
99
10000000000000000
17
10001001000010000000
138
10000010100
84
101000001000001100
187
10101000110010001
23
11000000000
169
1001000101
159
10100010100001
118
1000010100001000000
38
110000000000000
68
1001100011000100010
159
10000000001010000000
1
100000000011001110
142
100100000001
144
1100000100000100000
198
10000000000100010000
55
10001110000000000
128
1001000000110
23
10001000000000101
160
100010000000000001
35
11000000011000001000
19
10111000000
167
10001100000010100000
74
1110000000001
126
11110000000
177
1000010100001
146
1010010100001
159
11100000100000000
86
10000001100000010
45
11101001100100
96
1001000010000000000
78
1110010000010000000
196
1000000000000010000
50
10100001000011010000
6
10000110000000000010
17
10101001101000011
116
1000000111001000000
97
10000010000000000
175
11000001000100001000
10
1000000001001
132
10000000000001000001
39
1001100000000
143
10010000000110001100
17
10000110111011100000
115
1000000001000001100
133
10000101001010000100
60
11000100100000000110
163
1011000110010011011
75
10101000100000
61
101010011010001000
168
100000001100000000
4
11010000010000001001
138
10100100000000000010
197
10000000000011010100
116
101000010000001000
14
101001000000000001
107
1100000000011100
106
1000010000000
141
1000001100000
117
1010000000101010
24
1001010010010101100
97
1110000
117
100010110010
102
10
98
1010000000001000
27
1100000100011000010
126
10000010000000100100
7
1110000011000001111
153
110000001000
23
10000110001000000101
84
10000000000001000000
61
1100000001010010
24
10000000000101000
50
1100000010110000001
92
1000100000010000
114
11000000001001000
195
10001101000001000100
186
1000001000100
32
1000001000110010000
95
11000101000000101010
30
1010011000000000101
150
10100000100100
110
10001010
177
1000100000000000000
130
10000000000100000001
98
101001000000100000
15
1000010000
197
1000001000000010010
129
11000100010001001
27
111000000000000
82
11000011000000010100
15
1011000010100
164
100001000100100
56
1100100000010000010
193
100000000101000
148
1000110100010
56
100000110000000
156
100000001010011110
158
10000000010100100
155
10101000000000
147
10000110000000000001
96
11000000010011000
47
10010000001100010000
29
100000000011
145
10000010110
70
10000010000000000001
50
100000100001000110
142
110101010001010
190
10110010010001000011
189
100001000010100110
146
10000010100001000001
122
100101000001001000
83
100100011001001
103
10100100000000000
44
1100000100100010001
85
1000010010001010001
101
101110010000000
102
100010000010000000
128
1001000010000000
161
1100001000
90
10100000000001001
65
100111100
6
10100010010001010
82
1000000100010010000
80
100000001101
188
1000000011000
118
10000000100100
17
10000000001101
26
1000100000110
62
100111001010
193
100001000000100101
92
100000001010001000
150
1000001111000010
190
1001000101010001000
190
1000010100001010000
25
1000010100100000000
117
10001000000010001
51
10000001000110100
82
10000000011000010001
46
1011000100100001100
177
10001100000000000
68
100000001000000
126
10100011000100001000
192
11101010100
90
10100010000010
110
100000000100010101
113
11111000001110000100
14
10100010000100001
125
1011100110100000000
175
11100000010110000
146
100000010100000000
17
1100010000101000100
16
101110000000000
127
1100000001010000
66
1001000100101010
94
11000
81
11000000101111000000
114
10000000000010110
75
111010000001101000
106
1000000000001000000
69
10000000000001
184
1010000000010011100
177
1000010100001011000
143
100010101000
88
100000001000
46
1000000000100100010
174
110100000
79
1000100001011000010
9
1000000100010101
67
1000001000001000000
168
100001000000010000
36
1001000110100
140
10001000000000000
79
10101001
102
10100000001000000001
119
100000100000010000
104
10100011000000100
50
100000000000011110
107
11000000000000
95
1011001100
196
101001000
173
10001100000001001000
18
10101000000010000100
161
10000000000010100
18
10000000000000010000
11
100110000011000010
144
10000001000000000001
80
1000100000001
54
100100
4
100110000000000
91
1100000100100000
179
101000100000000010
171
1000001000000001
35
10000000000010000
50
10100010101000010000
153
100000010010
153
100010010001000
58
11001001000110000
180
10000000000011011000
117
100000001
178
100100001000000000
156
10000000110000010000
140
1000001010
16
10111011110000001100
51
10001101010101
20
101000000010
115
1001001000100001
10
10100000000000100001
199
1101100010000010000
157
10000000110000110100
23
1000000111000
171
10001000101000100101
12
11000000000100000000
31
110000000001001000
31
1000000000110010000
190
1001001111000010001
162
100001100001000
2
11010000000000
155
1110010011011000100
161
1000011010101
66
1000000001101001
171
1000000000101010
24
11100000000100000100
7
110000000100
189
1000001000001000
43
1000010000000001000
106
11000001000000000
120
100100100000000
143
1110001000100010100
128
1000000000000000000
8
10000001010000000011
58
101001010000001001
96
10000000001
194
1110000000000000000
64
1110000100111000000
87
1001000000000000000
186
1100000000010
170
1010000000011000000
137
100000011010
5
10010000101000010000
75
100100110
1
1000101000
118
10100100000000010
18
11001000000000001100
105
10000001010010000000
14
100001010010100
20
11000000101000001000
123
10010001000
103
1000000001010000000
42
100000100100110
12
1001000000001100000
197
1011001000010001000
85
10010000010001000010
105
1100100000000000011
3
1101100001101100000
141
10001110000010010000
86
1100000000010000010
65
1010100001000010
162
100010010010100010
139
101000001100000001
69
10000000100000100001
143
1010000000000
131
10001000000000000010
113
100010
89
110000001010000
184
10100100001001000
74
10100000000101100101
168
10000000001000000
160
100100001100000
73
100110001100001000
17
11001001000100000100
102
110011000110000010
185
1010000111011
62
110001001010
129
11100000000000000
85
1000000000000000
188
1101000000001000
192
100000011000101001
161
100010000010000
119
10110000101101001
18
110010001000000000
106
1000000000011010100
116
1000001001001
104
1100000000000100
138
100000001000001100
44
11010000101010100000
49
1001010000000010000
85
1100100010000
196
1000000010000011000
117
100000001000100
132
10010000000100010000
53
10000010000000011001
65
10100000110000001100
144
10110000000010100
110
11001001000001001
132
1001100100010
76
1011100010001
181
1100010000000000000
84
1010
49
10010001111001
161
100011010000001100
80
10010000000010000100
105
10000000000010000000
128
1000110000000000
39
10001000000010000000
61
1000101100000011101
91
10100100000010000000
66
100011000000100
70
10001000001000010
100
10011000010000000
47
1001000001000000
154
10010000100001000100
143
11000010100000111000
54
110001100000
132
100010000101
140
110001100001011010
143
1000011000100010000
25
10001100000000001000
149
100000000010
74
1010000010000
6
1110010000001000
97
11000010001100
180
1010000100010000001
39
1000000000110001000
181
1010100000000010000
182
11100010000000000000
147
10001010000100001
105
1100000001000110000
198
110001000000100010
117
10000100000010000000
28
10001010001000000100
57
100010000000110000
173
10010011110000110
12
10000011000011100
140
1001000000000101
185
100010000000001000
135
11000100001100000
5
10000100001110000100
95
11000000000000010000
71
10000000000010001000
113
100000000000000100
92
10100000000110
153
1101010000001001
118
11000000000001000000
199
1100100001000000
44
10000000010000000001
39
10010000001100100
20
1000001010111000001
35
10001010000111000000
111
1001000000000000011
135
10110000000100
129
1110000000010101
154
10001100101001100000
103
111001101001000
71
1010000010010000000
37
100000011000
22
10000001000
199
1010000
151
10011010000000100
27
1000001001000
189
1010001010100000
139
10101010010
196
100100000001100000
39
10011100001000001110
181
1010000001000011000
195
10001000000000000001
54
10110001000001010010
98
10100000101100001000
54
10010100000000110000
21
10000000000101000000
198
10010110000000010000
193
100001000000
130
1100100010001100
58
100000000010100000
63
1000100000000001
47
11001000000000000010
129
10100101000001000000
160
1001000000110011000
69
11100010001001000001
65
100000001001010001
156
100100010000010000
81
1001010000100010000
28
10000110000010100100
102
1100000000001100001
127
1001000001000000000
100
11011000010101
25
1000100001000000000
143
10000000000000111
147
11000110001100000010
89
1001
115
10000000100001000010
29
101010000000011
17
10010010001010000
115
100100111001001001
22
10010000001000
123
10001000000111110
159
110010100000011
131
11100101001010001
63
100010001001111
190
100001000100010
39
10001001000000001100
94
10010000100011100101
11
10000001000010
120
1000000000100001
28
11000100001001010000
106
100000100000100000
24
1001000000000000
186
1111000000001
49
1001000101101000001
96
1001011000
19
10000001010101001000
194
11011100001100000001
143
1010000000000000001
187
100000010110011000
85
10100100001000010010
22
10010011000000000000
156
1100110000011000
199
10000010010000001000
159
100011001000000000
190
10000100111
168
1000000000010000
140
10000000001100100000
117
10000100000101000
189
110001000010000100
59
10000000000000011011
143
1000010011000001000
192
1000000100001000
29
100000100110000001
123
101000000001000000
5
1000001100010000000
21
1000001010000000000
43
1100100001100001010
171
10000001010100000
128
10000101000000000000
41
101010001000110
19
1100001000001001010
195
1000000001000111000
162
1010101
104
10011000000000000000
137
11000010111001010000
68
110000011010001001
20
11000000000001100
193
1000000101000
178
1000101001000000000
148
1010000001000000001
160
10001000000000001000
92
1001000001000101010
154
10000001000100100
151
10101000000100010101
74
10010010
60
1000010100000
186
100010100010001000
150
10000000001000111000
13
10000000000110010100
83
1110000000000
132
10001000000100000000
119
10100000110
166
1110001000000111011
65
10000000001100000
127
1000001100010100000
52
1000000100110000011
73
1000000010
151
11000000000000100100
7
111000001010001000
17
1100000100000001000
74
10000001001100000000
81
1000000000000010001
109
10010000000100000000
159
100101011011000
181
110001000000000001
65
1011000000011110000
189
1000011100000011010
13
10000000000000000110
159
10110000000010
56
100001111000100
152
10000001000110
172
10000000000101001000
109
10000000000111
76
100000000010000
35
110100110000100100
94
100110011000000
173
11100000101000000000
74
100001100000001000
99
1001011001000010
170
10100100000100
112
100010100000000100
13
10010010000001
44
100000010001000000
166
1000101110000001011
160
100011001
127
10010000000
62
101111000000
64
1010100000100100000
41
1100001110000
27
1110001000001000000
25
10010000000000000000
100
11100100010001100000
57
100000001000000010
12
101000
53
1001000000000110
5
1000011100001000
43
10000011000010001010
111
10001010000010001
25
110000100000
181
10001010000000000000
197
10001001000000110000
63
1010000000010010110
14
110000100110010011
163
101000000000010
39
10010010000000000100
172
100000010101000010
100
110000010000000
150
101001000100011
107
100101100010010
39
10000011001010100000
151
1010101100000000000
122
10010100100000001100
97
100000101111110000
13
100000001000010
68
10010100000001010000
166
100000100001000
65
100100000010001
194
100000100000001101
142
110000010101
52
1010010110000
87
110100000000000
66
1010000010000000
141
100000000000101000
85
10001000000010
93
100000000100000
148
10000000010000000011
14
1001000000100000000
142
1001100010000000100
90
101100100010000000
71
110010010001000
72
10110001001000000010
142
11000010000001
97
11000101001
163
1000000110100000011
47
11000100010000010100
60
11010001000001000000
172
1010011000111
108
11000001100000010
190
10001101010000010011
30
1000000100010000000
68
10000001000010000
76
10100001000000000000
121
1100000000010000000
186
11000000000001001000
165
100001010000001
78
10000010000100010
174
100000000010000010
56
10000000010001000000
199
1100000011000
28
100110000000000100
20
100110000000001000
72
101001000000001
93
1011000101000
90
1010010101000100000
34
1001111100101001
36
1100101010001100
192
10000110000000010000
39
100000000100110100
193
10000000111000001000
171
11000000000100000010
186
110000010000000000
101
10000100001000
97
111001000001000011
5
10000010100100001000
4
101001000000000000
47
1000110000000001000
168
10010001110111001000
101
10000000010001100000
41
10010000110100000
165
10010100000
96
10000001011100000001
140
10000000100000001000
57
10000000100110
167
10100000001010000010
116
1000001000101000001
82
10110000000000111001
102
11101000000000010000
165
11100000000000000110
197
1001010000000001
134
1000000000101000000
125
1000001000100010000
103
1000001011100001
57
10000100001000010000
150
100000001001000000
140
100010000010010
86
10100000000000100100
123
10000010000100001011
45
1010000000001001
80
10100101101100100001
50
1001001010010
145
100000011000000100
189
100001000
1
11000000110000
40
1000010
146
10000010110000000001
177
10000000000010101
169
10000111000000110111
43
10000010000010
85
1001000000000001010
68
10000100000010000011
146
10000000010000100000
119
111000100001000001
14
1001000000000010000
178
111000100000001000
194
10010010110000000
36
10110011100000000000
122
1010000000010
50
1000100000001010
141
100000100000010
4
1010001001000
25
1101000000001001000
110
10001010000000001001
73
10000100011000001010
51
1100000000011000100
186
10000000000010010
79
1001000000001
168
10000000100000010
178
1001001000000
72
1010000110010011000
6
100100000
65
100100101001010
123
10000000000100000010
164
1000110000000000000
43
1011000000100000
143
10000010000100000101
37
111000000001
71
10000000001100111010
125
100000000110001100
1
100101000001001001
96
110000
70
100001000100110000
179
11000000000010000011
153
1100010000000001000
109
1101000000011100
99
1100000001000010
184
100010100100010110
34
10000000000000100
42
10000100000001000001
200
11000100000001010001
104
1000100100010000000
198
10000100010100100
129
100110000001000000
199
10100000000010000000
12
1010100111000000000
32
1000101101011
165
101000010000000010
36
1000100010000001001
32
10000001010011111
78
100100011000
96
10100000000000000
56
1010000000
48
10100100000010
83
11000000000001000
198
10100010000010010000
122
10000000000000101000
119
101100000000000010
160
100000000000010010
137
101101
31
10110100000000010000
64
1000000000000111000
200
110001001
110
10000110100000
52
10100101000000000000
11
11001000010000000
10
10001010000000000
33
1000000010100011
72
10100101000001
20
10101001000001100000
110
1100000100000000
6
10000001000001000
163
100101000000010010
86
100000011000100100
63
10010000001010000
158
100101
30
1000010010000000000
129
110010011001000001
11
100000000100110000
128
1000000001001010
187
100110000101001000
28
1010101001100111100
43
10000011100101000101
26
1000000000001001000
37
1000100010000000000
187
11100001100001010
173
10010000000000100000
154
1010010010011100000
186
10000100000000000000
157
11101000011000000000
144
1101000001110001
169
1100101101000000000
55
10000100001000000000
109
1010000010001000001
18
1000000100001101001
42
10000000100000010010
114
111000100010
138
110000000010001000
5
10001000011000010001
149
10000100001001000000
120
10100000000110000000
74
10101001000001010000
85
11001001110001000
152
11100001010001001000
145
1100
87
10101100100000000000
122
10001000100010010011
105
11000000000001010
87
110100000000001
35
100001110001010000
127
1000101000000
95
110001000001010011
187
1000110100000001000
148
100001010000001000
94
10000100001000101000
186
1100000110000100000
42
10101010000000
69
10000001001001000010
115
101010100011001001
185
11111000010000
151
100100000000010
193
1000010110011001011
150
1010010101000000100
194
10000010000110001100
176
10000100000001
128
11100001000000100
13
110100000010
182
1100110000
67
100000011010001000
4
100000000010010101
3
100000010001100
136
1000011000100000
48
100100010100000000
56
101000010010010000
7
10000010001001000000
156
11011000010000000001
8
10010000100000010000
108
100100000000000010
103
10100101000000101
94
10000000010000010001
116
100000101000100
28
110010010011010
83
10000010010000100010
180
1001011000010000100
156
10001100000
187
10110010011110000
162
11101000001000000100
49
10000000100101000000
29
100000010100100000
97
1000000100000000100
132
1010000000000000110
40
101000001000
168
1100001010000000000
185
10101000010000
140
10000000000000010101
11
10101000011000010
174
10010011000110000000
115
110000000000010100
170
10000001110001000010
77
10010100000010100000
162
100100001000100
165
11001101001000001
200
1010110011100000011
142
100001000001000000
139
100001010010000
89
10110001000001100000
54
1110000011011000
199
1000001001000110100
59
101111001000000001
69
1001000000110001110
124
11010001101000010000
65
10100100000110010
61
11001001001100100100
133
110110101010000000
155
1000100010000001
145
11001000001001000000
134
100101100
56
110000000000000001
67
100000100000000000
170
10000010
16
1001001001001001100
102
101001000000100
9
110110000000000100
142
11010010000010100000
133
1010000101000
183
10100000000000100110
82
1000001110100001000
69
10010010000010000010
117
1000000000100011000
119
1000010110000100000
101
101001000110000000
186
11100001110001000000
162
1100000001001
72
10100001000010001000
17
10001100000001000
105
10000001010000101000
64
1010010010000000
140
1011000000000000
175
100010000000010000
122
111000100000000
50
10010000010000100
32
10010001000000110000
120
1000000000000000001
91
10110000000001000000
72
100000100101000
106
100000000110110001
190
10010000100001
92
11001000100100001000
169
1010000001000000000
84
100000010001000
12
11110000101000100000
179
11100100101000011001
159
1010000000100000
47
10011001100000000100
118
1001000001101000
12
1110110000
141
10001100
57
10100000001100000010
26
101001000001100000
32
1100101000110010
16
110000001000010001
104
1010100000000000
172
1011011000001010
181
10110001010
143
1000010000000000000
97
100010000000011
191
1000010100011
133
101010000110101000
146
1000000010000000110
33
110001000000000000
57
1000010000100
182
10011000000000010010
112
111000000
104
110000100001
144
1000000000010
111
1100000010011100001
49
1010000100001000000
1
11010000000000001000
37
10000000000100100000
31
10000010000011000
4
10100000000000100
45
100000000000000011
103
1010010001000010
80
11010000000000001
112
1000000100
190
10000100010000000000
9
101000000011001000
10
100000100001001001
15
1001111110000000000
145
11000010010001000000
37
11001011110001001010
107
10000100001
175
100100000100
52
110100100000010000
105
100000100001
45
11010000000000110011
141
10010100000100000
37
1001101000
47
100100000000010000
128
1001110100010010
27
10100100000000001001
98
10000000001110000011
71
101111000010010001
135
110001000101000
140
100010010000
4
1000000100110000100
119
10101010000001000000
184
1001010001001101000
190
1000001000100001101
187
1000010010000010000
186
1010010101010001010
19
10001100000011101
28
10001000001000001
91
11110100010
70
100010000000000111
64
10000000000000011001
85
1000001010101001100
41
10010000010100000001
43
110001000010000101
117
100000000100000010
123
1000000000000010
133
1000000010100010011
132
1001000011000000001
42
101000000001100101
173
1011000000110000000
75
110100010000100000
1
1100000100000000000
21
10110010101100000010
105
1010100010000000
139
110000000100110001
146
10010001100000
148
11001010
48
11000001100001001001
84
10010001100000000
35
10010011000000000101
118
11000000000110011
26
100001000000010
3
1001001000000100
3
10000011001010000000
114
10001000
85
1001001000000000000
152
1000100001000000
147
101010010001000000
154
100010000100100
118
100100001100000000
28
10001010101000000000
168
100000001000110100
114
100000000000001000
165
10000000000110000001
14
1000000000001001
151
10000000000010
118
11010000000100111110
71
11000000100010
35
10100000110000010100
166
10000001100000100110
161
101001100001
71
1000010111
142
10000010011001000111
195
1000101000010001001
153
1110000000000100110
179
10000000000010000100
43
10000010001000000001
88
11101010010000000000
137
10001100000001010110
197
10000000111001000000
61
11010000000001010110
6
1010100000
70
1000010000100001100
150
10100000010000001011
7
1010001000110000100
196
100100000010000000
138
10000000010101
158
1010001010101000000
2
1000000000111001
153
101010001000000
150
1000101100010010
156
110000001000010000
152
10110001100001000001
190
100000100000001110
69
1001000000100000001
59
10001001100000
160
1011001000010000
172
10001000000000111000
14
1000011001100
109
10000011010
199
100110010
170
10110100000000101
64
11001000000110000
4
10100010000000010101
168
101010000
171
1000000000000000111
178
10100001000001
89
1000010010000100010
117
1000000100001
54
1000010100000011
89
1000000101000100
38
10110000010001010000
28
10011010000100000
198
111001010011001000
39
10000100101100010001
172
1010010000000000000
43
10001000110000000000
84
10000010001001000001
73
10110000010000010010
186
110001000001100010
200
10000110010000010
111
10000000000100000
47
111000100010000
124
1001000000000
129
10000000000000001001
117
11100001
149
110000101000000100
15
11000000001000100000
195
100100000110000000
122
110000100001001000
172
11000010100000001001
16
10001001010000000
129
10000000001001010010
139
1000111011
55
1000001000000100001
178
1000000000000010100
30
1110000110010000000
85
1111000000
7
10010001101010000
117
1010001000000001000
180
101000100000001101
130
1110000100000110001
141
1000000000010010000
96
100100100000001100
50
100010000
179
1000100100001000010
19
10001000010010000000
47
1010011010000000100
79
1010000100010010
132
10000000001000000100
25
100000000011000000
155
11001001000000000
98
10101010000000000011
38
1010000000011
20
100010001101000
111
110001010000001101
49
11000001000000000000
42
10100011000000000010
189
11010001001000100
75
100000000001000001
119
100010000000100000
185
101000100010100
16
11100010101100001010
159
10001000101010000
72
1001100000001000110
133
1000000010000010
185
100010010100000
134
10100000010000000001
180
11111
170
10000000001110010
130
10000001000000100
35
11000010110010000
33
11000000100000011000
138
1101100000000100
6
10000000100001010011
185
10000000000101010100
49
1001000
164
10110000110000
162
1001100000010
15
1000010000101001
164
10000100000000110010
30
1100001010010000000
28
1000001001011000
48
10000010010010
181
1000000000000000100
109
100011001110010010
188
100001010000010
6
100000101110000000
81
10000100100000100
195
11000000000010000001
53
10100000000100100
181
110000100000010100
91
1000001100000101110
147
10101000000000000000
27
111011001
170
10010011101000
188
11000010100001001011
41
11100000100001010
12
10100000101000000100
179
1010000001000111001
86
100001100000001
162
10001110101011000000
12
10001000101000000001
91
1111000000000011010
182
1000000000011000011
100
100011110010
170
1000000111010010000
176
1110
91
10010000100000000
197
1000000011010000000
97
1000001
153
10000101010100011000
144
1100010010000000011
78
1000000100100
158
1001111000001110000
38
100000000111111001
135
100000000000001100
146
10000000100000100100
165
10011100000000
172
1000000001100000000
104
10001010100000000000
159
10000000011100011110
82
10010001000000010000
105
1001010000100011111
45
101001111101011000
26
10000110100110010000
60
1000100001100
190
100100001000010100
112
11011000100000010
195
1101000000100
162
10000011000010001000
70
1100010000010000
169
10010011010000
155
100000100000000110
38
10000010000010000010
158
10011000000110000001
38
111001000
84
1100100000000000000
79
1001101001010000
14
10000100001100000001
192
1000001100001
101
1100101000000000010
48
1010010100000
109
1001010000010000
200
11011000000
1
1000000000000110
139
101100000101000000
127
10000000000001001000
30
10101001000100010
43
100000110100001000
152
10001000100000001
119
11001000000010000
189
110000011000100000
173
110000101001000000
93
11001100100100
80
10011010010000000100
156
1000000100000101
188
100101001101001
119
1000000010000000011
119
11100100001000001
20
110010110000000001
148
10010010010001000000
175
10000001001000100
157
101000000000100
70
100110001001100000
20
1001001100000100110
195
10000000011000000100
146
10000100000101010000
130
10000100010000010010
183
100000100001001100
182
101100000000000100
64
1000110001011000
30
11101100001000000000
44
10001001000000
54
10000001100000110000
186
11100100000001
39
1100000001000000010
138
1110101010000001101
134
100110001000000
106
101000000011
200
1100000010110000011
107
10010000010000110000
16
1000010001000100010
173
1100100000000
119
10110000000000011
39
1100000100001
37
10001000000000010000
78
1000001010000100
53
100010001000110
192
11001000010000010000
150
10001000000001101000
144
1000000100000000001
31
10100000001001110101
99
1000000010101000010
48
1001000100001010100
4
10000100010011
170
1001100001100000
117
1100010010010
26
10010001000000001100
193
100000100011101011
181
100000100000001001
31
101000000100000100
169
1010000011011000100
34
100000001001
104
1000100100000100
125
100000010001001
80
1000000000100100000
176
100001000000000
189
1000000010000
153
10000000100010
72
10101101000100000000
127
11000010100000
133
10000001000011011001
181
1000000000100
110
10100110011010
19
10000000001000011000
74
11000000000010110110
64
10000000000110010001
22
1000000001
163
11000100010000000000
117
1000100000110000000
48
100010010001100101
127
10000100001010010000
37
11000000001000100
28
1100100000110010011
129
1000000000001010
79
10001001000000000
103
100100100010000000
1
10001000000100011
46
11110001010001000010
49
101000000010001001
38
10100001100000001
117
1101001001001000
176
110000100101000010
86
10101000110001000000
4
10100000001011100
103
10101011010100001000
53
11000000011000000
63
1110100010000000
30
1001000001110000000
197
1110010100010000000
27
111001000100010000
161
1010000100000000010
8
10000000101000100
48
1010000100001010001
110
1001000001000010
77
10001011000
50
101000010000000001
148
100000010100000
184
11100010011000101
170
10000100010000010101
54
100001011001000000
178
1010101000000000100
174
100001110000100
25
11000000101000000
96
101000000010010
20
10000100000100001
156
1000010000000010010
46
1001100010001000
92
1100001010001011
3
1001011010001100
109
10001000001100000000
61
100001000000010100
54
110000000100000010
38
10010101000001001100
75
10100001000100000000
63
100000000100010000
188
10000100000001001000
25
1010010000000000110
174
110000100000100
130
100000010101010000
104
100000010100010
125
100010001000001010
130
11000011001001010000
38
100000000000010
138
10000000010100000
178
1100001010001001
95
1010000100000000
93
10000110000000001
131
1000000100000010
127
1010000010000100
43
11000000011
35
10000001101100100
106
1010101010110100
161
100010000001110
131
1010000000000101110
97
1001000001000101001
80
10000100001011000000
2
111000000011100
179
100100100000000000
136
1000000100011101100
33
100001001000000
35
1000100111001110000
109
1000100001000
85
10001000000000100000
130
100001000000000000
167
1100100101000011
157
100000000100100
131
1000110000100
179
1000001001101001000
126
100101000001
122
10001000010000000
127
1100000111001010000
196
1000000000111
167
10000110100000110000
149
1101000010010011
100
10000000100110010
17
11100100000100000100
95
10011000000000010
132
11100000101000100
146
1011010000010
67
1001000110000000000
126
10001100100100
179
1010100010
35
10010000010000
127
10100001000100000001
189
10000000000000001
40
110000000000000101
92
1010001100001
156
1000000000100101001
188
10010000100000110000
57
100000000010000001
63
1010111000001000000
72
101100010001
41
1100100000000010101
75
11000001001100000
73
1000010000000100011
76
11100000000000
2
1010010000000000011
46
10000000100000010001
155
11
53
1101000000001
22
10001000100001000
162
1010001001
25
1000010100010010000
16
100000000010010
58
1100111000
14
11010000110010000
105
11000000111000110
131
1010000001
66
10100000010001
106
11011000100
158
100000000000000001
63
110000100000000001
148
1000010000001000
147
1101100001000000000
35
101010000001
186
1000100100001000
175
10001001110010000000
170
10001110010000000000
124
1000010110000100101
97
11111011000000100000
45
100000001001010000
191
10101000001010
129
10001100101100010110
65
100100100000000010
9
10000001001010000000
27
101000100001110000
106
1010000000101110
38
100001000001010000
20
1100000011000000000
114
1000010110000
48
100001001000
89
11011100000000000
127
100000000010010000
104
11000011101010000100
91
10000011100
42
10001000001000000
106
1000000000000010101
94
110100010000001100
168
10010001000000001001
117
1000010010010000000
21
100001101000
189
10010001100100000000
182
1000100000000100010
73
10000001001
138
1001000110001000
166
1001100000010000001
133
10000000000000100100
147
101000000100000
54
1010000100100000101
155
1000001000010000000
142
1000010000000000100
33
1001001000001
82
1001001001000000101
89
10000000000110001001
96
1000000000010010010
94
100110000000000000
37
1001010001000100000
99
100000000001000010
162
1110000100010001000
93
100000000010101100
87
100000000000101100
21
101000100100100000
116
100000001001110
177
1000000100000001000
181
11000000001010010
77
11000001000011000
80
10000011000001
66
1100010101010010000
25
10000100010010100110
172
1100001101000000010
197
10000100000000010
26
1001000010000000100
107
11000001000001000
99
10000100001011001010
13
1011100000001010000
68
10010010000001000
125
100100000001000
74
10000010010100010
43
10000000011000000
94
10001000000000001
131
101001000011010100
159
100010100000000000
66
1000000010100000100
98
10000010000001110
8
100101010001000
165
101001100000000100
140
10101000000
163
1110100000010000001
67
10001011010
82
101011000000011000
122
1000001000000110010
166
10000101000010000000
13
1010010000
170
10100001000010100000
83
100001010000
81
10010001010
188
100100001110010
66
1100000100010000
57
10110000000010010010
135
11001000000011001000
193
1101000110000001
185
11000000000010000000
172
11010000
147
10000111000000001010
159
1100100110010
9
10010010000010000000
156
1000100000000101011
32
11000000010100011000
104
111000000011
131
10001000000000000100
150
110000110010100010
66
100010000110010
63
10000010010000101
196
10100010001100100
35
110101100010000101
112
1100100000011100
106
10011000
17
1100100000000110
50
1010101000001100
8
1110000011000000000
86
1000011001001001000
24
1001000000110100000
189
1011010010000
16
10000110010000000000
64
1010001011010000
137
10000010000000001010
145
10000000110000000001
53
10100000000000101
107
10010000011001000000
146
1100000010000000
102
10010100001000010
123
100000100011111100
50
1011000000000001000
55
11101001011000000001
138
1100011
55
10100100000001000000
135
10011110000100
53
1000000100000000011
106
1000010001000000
6
100000000000100110
32
11001
124
11100100
146
10000100000100000001
155
1101000101001
166
11000100
72
1100010000001000100
146
10001000001110000
104
110011000100000010
43
100100000100000000
161
100100000000110
88
10000000010
119
10001000100000101000
181
1000001100000100
42
1011110000001000
61
11000000010000010000
179
11001000000000000
104
1100101010000100
47
100111000000000101
113
10010000110100000000
92
1000010000110000000
93
100000010000000100
142
1010100
145
100100010000101
49
10010000011
189
10111010000100000001
183
10001000010011001000
198
101001011000000100
42
1000000001000011000
4
10000000001001001
36
1100001000000
81
10010000100100000
125
1000000100100001
67
10000100100111000100
74
1000001000100000000
125
110011000001
70
100001011010000
25
11100000000001010010
200
1000010001100
153
1110010100101
16
111001100000
196
10000110100000100000
28
10010000001010101
164
100110001010010100
26
1001110000001001
98
1011000000000
195
10100100010000001001
121
1100000100
13
101000000001000110
27
11010
98
100000000101010
67
1000000000100000000
191
10001100001010011100
166
1010110010000000
120
100101010
106
1011001001100110
184
10000010001000000100
122
10010000101101000110
10
110101100000000000
57
10000101001000000
57
100100101000100100
171
1100110000000000
14
1000010101000000
182
10000100010000001000
87
1000000001001000
149
1101000101010000
118
10000001000000100001
156
1010001100000
37
1000010001000
24
100001000100000001
129
101000110100000
155
11000000001100000
179
111001000000
9
110000101011000011
126
10000101100010000110
20
110001010000001010
153
10000010000001
66
110011000001100000
91
1010100100010000000
99
10011000010011100
89
1000000000110000000
151
100000010001000100
62
10010000000010000000
154
100110100000000
142
100001000000001010
177
100001000011000001
196
110000010010100000
14
10000010000000110
131
10010001000100010110
3
1100001001000000
142
11000010100000100110
87
11000000000000001000
143
11100101000000001000
41
10100001010000010100
36
1000110000010
35
1000000010001000000
42
10000000000001001
25
10000000000001001011
75
10000100110011000101
133
1100010000
145
1001100000001000
105
1000010000010001000
59
10000010000000110001
126
10100101100100000000
42
1000000000000011
187
10101100000100001
170
10000001000010100001
19
10000000001000010
158
110000000000011011
8
100000010100000100
42
11000010000000000000
50
11000100001001000
91
1000110100
156
101010001
192
10110011000000100000
70
10011010110001000000
188
100010010001000011
90
1101010000110000
112
1000010100000101010
34
1000000010010010
120
10101110000000
99
101100000110101
178
10000101000010000011
14
10100100000001010
196
1010100100000000000
56
10001000000000000000
130
1000100100100
174
100001001000010000
179
1010100000100000100
65
1100010001010000000
193
1000000000011000
108
100000000111110000
159
10101100000100000100
183
110010000
72
10001110001000000
189
10000000001101000011
84
10010010000111
98
1000100100000000000
190
100100000011000001
35
11000000000010000100
108
100011011000010000
128
1001000001010
62
1010100000000001
76
100010010001000001
161
100101010000010000
111
1100000001000101000
138
1010000001100010000
84
11000101000110
50
100100101000010000
37
10101000100000010
93
101000000000000
24
100100000011110000
104
1100001000100000000
20
1000001000000100000
27
10000100001011110001
25
10010010000001010000
63
1001010001000011
31
100010000000111001
121
11000000010000000000
105
10010101000000
88
1000010000010010010
123
1000000010001110000
96
10100000011001010000
19
10000011000010100000
52
11001011000100000
77
100100100000
159
1010000000000000010
103
100100100001
52
100101100100000
99
110000101010100101
140
1000000000100010
63
101011000010
84
10000000010010100000
14
100001000010000010
185
101100000010000100
100
110000010100000000
71
100000000000110
128
10111000001
192
1000100010000000010
179
100010011100001
9
10110100100000
167
10000010110000000000
65
1100001001000001
75
1100001000000011000
195
10000010000000000100
82
1010000001001
78
10010000010000011100
53
10000100000100100001
28
10000000000000001000
150
1000010001001000110
79
100100010000000000
166
100000100010000
81
1010000001000110
166
100010001100001
88
11010010
56
110100000000000000
196
1010011100101010
55
100100010
102
1000100000111000
90
10000101100
121
11010100000001000000
193
10000000100001000
190
10100000001000110
122
1000010000010000000
70
10000100100000000000
77
1000010100100000010
18
110000010000001000
193
10000001000000000000
84
100000100000000001
80
10100010
199
11100000100000100
196
10000101000000010000
100
10001011100100000
20
100000011
125
1000010000110000100
19
100000000011000
80
10000000100111000010
36
1000001101001100
10
110010000100000010
34
110000001000000
199
10100000001000000
9
10000011001001000011
105
1010001001100100000
3
11010000001000100001
103
10000010010000000
194
100000010000
131
10000000000000000101
165
11000001000000010100
19
10010010000000001010
56
1000000000110001001
94
100010110000000
75
100110100010000
107
1001001000010000010
26
10010011010010111000
115
10000000001100010010
114
1010010010000
98
11100000000000000001
197
11100000010010000011
164
100001000000011000
98
10110000100001010100
103
1000011010100001000
16
10011000000000100000
12
11001100000
150
1101000001010
197
1000011000000000000
3
101000100100001010
95
100000001100100000
139
10100110000000000001
158
10001100110000000000
77
100000010010010010
124
10000000100011
78
111000010101000
155
100001
53
100010010000000001
84
1001001000000000001
191
10010010010011000000
186
10100000110000001
118
11110000000001
180
10000000010101000000
112
100100010001010
152
100010010000000011
30
100100100000100
164
1111000001010010100
84
1000000001000000000
64
10000000000001110000
161
11000000010000100011
31
11100101000
169
1000101000001011100
126
11000100000010
9
10010000000000001000
45
100000000001100
138
10100001000101000
32
11010010000000000
146
1000010000010010000
174
1000000000110000
199
10000100000000100000
131
101000000110000110
196
1110000001000000000
40
11010100000000000001
184
100100000010000
94
1010001010000010
148
10000000000000010001
63
10101001000000
137
11000000001000001
118
1001000000010000010
148
1110100000001
82
10001000001010010010
50
10001000000001000000
198
100101000000000000
169
1000100010000000
100
1001000010010000000
173
100010001101000000
28
111100000000100100
110
1010000000010110000
113
11000101000000111001
29
1010000100000011100
8
11000000100100001
141
10001001101000010001
197
10000001011011000000
116
1000000010000100
98
1000100100000010001
98
1000000010100000
169
11000000010101100000
44
10010010000000
106
1000010001001
198
11100100010000000010
181
100100000000001000
53
11100000000000100010
21
1000001110000000
87
1000100000001000000
192
10010000100000001010
109
1100000000001000000
199
1100000000100100100
122
1010000100000001000
125
1000000010101001
182
10000000000101000001
95
100000001000001
194
10000110100010000000
107
100000010001010001
51
100000101010011110
118
100000100000100
37
1010000110001010000
159
11011001000000000101
164
100010100000000101
70
1101000010001000101
94
1010000000000101000
195
110000000000111001
42
10000000001000101101
150
110100000000
117
110000011001
167
1000100011000001000
76
10000010100001
92
110010111101100
48
1001000100000010
54
101001010000001000
131
1000000100000100001
199
1100001000000000
74
110000000001001
118
100000100001100100
47
10000010100011000
173
1001100100000001
199
10010010000000100000
62
1000010001
112
11010010101000000010
174
1100000100001000
68
1000000100100000010
154
1000000001001100000
152
101011100000000
163
100010000001000000
86
1000001110100000
79
1011100011000000
139
1100000000000101
57
10100000000000001001
45
1000001000000000001
47
100010010101010011
106
1010100010010
158
1000001000100000
93
1010000011000100
113
10110000
48
111000001
125
1000110010000001
7
11010100110110000
74
1010000111010010
170
111011111100000100
4
11001000001000000000
165
1000000000110
105
10010100000000000000
8
11010000000100000000
150
1010000100000010000
69
1000100100000000010
182
1100000101011000
154
10001001001000000000
131
10010000000000
141
10000101011100000000
107
10110000000001010100
78
11000010000001100
84
1100100001010010001
200
1001010010
91
11011010010000000000
59
1000010100101000
26
101000011010000000
42
11000001000010111001
116
1010001100001010
178
1001001000000001
157
10001000000000001100
120
1000000001010100000
37
10011010000000000010
172
1100101000000001010
58
1001000000000010010
19
100000001000000100
167
100000000001001100
61
1111100010000001101
106
11000010100100101001
111
1000100001000001
31
100001001000101
152
1000011010000010000
138
11110001101000000
159
100010000001010010
14
100001000011010
111
100001000000001000
161
100001000010001100
154
101010000100011
57
11010001111000
30
10000000010000000
198
10000000000000100010
117
1101100001001101100
132
1010100000100000
83
1000001100000000
157
11100101100100000010
153
1000000111000000010
179
10001000001001000010
186
1000110010000000000
56
100001000011010000
176
100010100000100000
140
11001000110000011001
152
11100100001000110010
186
110000001
186
1100110010010000
60
1000001001110101000
103
11000100000001111
154
10000010000
25
100000000000000010
65
1001001010101000000
82
100000000000001010
173
100000100000000
76
1000010000010
14
110000001000000010
84
110000010011100010
192
1100010100000000100
188
11110000100000101000
166
1100100000001
79
10000010000010000
55
100000100011010000
167
10101000000000010
115
1000000001101000000
56
11100010110000
47
10000000001000101011
96
10000001001000010000
90
1000000000000110010
150
11000000001010000000
118
11001000000000110
170
1000000100000000010
110
1011010100110000001
19
10010001010100101000
141
1110000010
87
