20 200
11010001011000011101
152
11010001010101011101
195
1110000111100110
151
1000011001000100101
12
10011101100001
69
1000010100100100
107
11101100111000000010
22
1110111110101111101
180
11100101111000111000
102
11100001010010000111
55
1001010111001111111
131
10010101000110101
73
11100000011100100111
22
1001110001000110111
142
11010010001011010101
94
111101101111101001
42
11101100101000111101
76
11000011100011000000
139
101101001011101111
78
11110110111110000101
75
11001101111010011000
53
10001111100111000101
139
11010011001011001000
67
11000011011010001
58
1001111010011110000
153
1000001010111000011
187
1001000101011111101
125
1100011001111000011
63
1100001010111011111
99
100011101011111
1
10011010010000010001
119
10000000100100011000
127
1011001010111010111
44
1011011010100101100
78
101110000011101101
190
11000011011001010001
49
11101001110010100011
184
111011110001111
170
10000111100010111011
116
11101100001111110001
4
11110101110111001010
111
100111110001110111
155
11111110110010000100
110
10100101011010000111
24
10010111011011011101
85
11110000001100000
84
1000100100011101001
32
11101000010100001
65
11011111000001000001
48
1001111001111101100
95
110110100001001110
132
110111100100000010
199
1000110100000001000
198
101011111000100111
197
10101010111101001000
190
1111111111000100010
199
11100110001010011101
46
11001100100010101110
134
11100110110001001001
131
1101000100011110111
179
110001010100001011
136
1110101111110000011
52
11000101111011100100
85
11010110111101011110
36
1010101001101100
145
11010111100110111000
138
10101000000101010101
40
10111010001110001101
138
10110000010001010011
166
10011010001000010111
30
1100100100000110001
173
10011101010101000101
174
11001111001000010000
168
10100100111011100011
109
1011010100110011011
177
11110101010101001100
120
10101001000000010101
67
11110010011110010110
58
11111100010100100011
192
11100111011001001000
182
1000100110110110001
15
10100110001100111101
186
10010100111100000111
127
11001111000101010111
153
1110101010011000010
12
10100100101000100100
151
10011001000001100010
26
10011000001010010000
38
10011110010000001010
147
11010111110111011110
140
10100110011010001
48
11100000110110010111
126
11011011011110111
84
11010000010110110
182
11000000000000101000
173
1001000101111000010
86
11101001011011011001
85
10000110001110001111
51
10011011010011101010
173
1110101010000000011
30
11111110000111001010
173
1110101010001111101
141
10101100010011011110
195
1010111101101111111
52
11110011111111111
117
10101110100101000
117
11011010111101000000
42
10110001011011001101
176
10110110000000111001
16
11001111101110100011
42
10100100000000000111
71
1011101011001111111
88
10001010000110001101
155
111010110111000100
4
10110100001100011111
91
1111110100100001
124
10001000100001000100
177
10100010001011100110
157
1100110111010010101
181
101111010001100000
183
1001001111100000010
115
1101110101000010100
59
110000101010000
130
10101110111010101
72
1010101110001100010
32
10111000000000000000
153
11100000010010011
172
1010111000111000011
40
1110111110000010101
150
11100011101100001010
137
11111100100101101100
69
11000010011110
95
11011100000111111110
111
11101000100100001101
112
11000010010101111011
138
10110001110000010000
51
10101000100111001101
71
1001001011000011000
131
11101101011111000000
129
11101011011000000101
186
11100000100000110010
15
1000011110111001110
35
111100010011101101
91
100111100101111100
1
10011011100010111110
133
1010000000011001110
33
10010101000101100011
173
10001001001111100101
131
10111101011011100101
91
111110010010000011
183
100111011111110101
181
111110001111010111
183
1110011111100010100
69
111111110011101111
176
10010011111101010101
50
10001110000000101010
159
111000010011010101
140
11000110101011110100
23
10100110001111101101
17
10010000101000000001
47
110100011010001100
197
10111110100101010100
84
11111000100000111110
10
10100110110010000111
46
11001101100001011011
155
1010011000100000
160
11110000110000010011
68
111101111011010110
187
1110000100010011110
144
1110001000111100000
53
10110100001111100010
40
11001100100000100001
3
10110010011000011111
176
1001000100001011010
104
10010001110100001101
150
10100001010000110
101
11101011111101111001
58
110001101011101111
126
11110110111001000001
141
11101001001111001001
96
11000001001101010011
14
10100100110011110010
26
11101000111100110011
66
11100011111101000
85
111000101001001000
14
1000101011000100101
166
11000010101111101101
11
11010001101111101001
150
1000010110010110101
22
10100011110101110101
112
1001100100100000011
174
11011110010111111110
141
1110111001100100111
165
1111001100011011000
116
10100111011010011000
198
10111101011101111101
197
1001001111000010011
16
10000000010111010111
190
1110010100000111100
99
11110110001000010111
71
