20 200
10001010000010100
152
10001011101
195
100100100
151
1000001001000000001
12
1000000000
69
10000000100
107
11001000001000000010
22
100001000101
180
10100000100000011000
102
100001000000000010
55
10100000001101
131
10000100000010001
73
11000000010000000001
22
10000000000000
142
1000010001000010101
94
1101101011001000
42
11100100000000100001
76
100011000000
139
1000001010100000
78
11110010010010000100
75
1000000010010000
53
1001000000000100
139
11001000001000
67
1001000000
58
11000000
153
1000000000011
187
1001010101
125
1100001000001000010
63
100000000000000000
99
10001011100
1
1000010000000001
119
10000000100000000000
127
10100000100
44
10001010100100100
78
10000011000000
190
10000000000000000010
184
1010110100001100
88
10010
116
10000000001111010000
4
10100101100100001000
111
100000000000101
155
1010010010000000100
110
100001001010000111
24
101000001010100
85
10000000100000
84
1000000000001100001
32
10101000000100000
65
10000010000000000000
48
1000011001001001100
95
100010000000000000
132
10100100100000010
199
11110000100100
197
1000001000
190
11000011000000000
199
100110000010011001
46
100100000101010
134
1000100110000000000
131
100000000000
179
1001010000100000000
145
10000000100011000000
32
10100000111010001000
21
10000010010010000
122
10000001001000000000
65
10000001010000000
175
1000000000000100
171
10000000001010001010
26
1000000000000011110
92
10000110
15
10000001010000010
169
10010000010000000000
7
100000101000000001
109
10000100000010000
177
1100101010101000100
120
100000000000100000
65
10110000000000000100
8
100010000100000
15
10000000110001
186
10000000011
127
1110000001010001
153
101010000000000
12
100100000000100100
151
10011001000001000000
26
1000001010010000
38
110000000001000
147
10010000001000110
140
10000110010000001
48
11000000100010000100
126
10010110001
84
11010000000000010
182
1000
173
101000000000
86
10100001001001011000
85
10000000000100000011
51
1000000000001000
173
1010000010000000010
30
10110000000110000000
173
1010001111101
141
10001100010001000000
195
1010010001001100000
52
100000011101100
117
1010000001000
117
1000000
42
10010000010000000001
176
10010000000011000
16
10100010000000
42
100010100001000000
155
10000001100001000
172
1010100010000
125
1100010
83
111010000000000100
121
100000000100000000
113
1000000010000001000
60
100000010
142
101000000000000000
183
1111000000000
115
1101000000000000100
59
10000001010000
130
101100000000000
72
1000001000000000010
32
10101000001000000100
105
100100000000001
177
100111000101
166
10000001000100000000
14
10000000001100
16
1001010100001001010
140
11000000000000100
179
100010001101010110
144
1000000000010100
117
1001100000000000000
67
10000000100010000
160
10000011001001001
88
1000000000111010010
91
10000001100100000000
48
10100000000010
177
100010000000100100
127
1000010000001
142
100001000010
197
1001001000101000001
150
1001010100101000000
197
100001111
60
1000000100000000
43
1010000010000101
156
1010001010111000000
8
11001000001010000
22
1000000000000100000
195
1000001010000000
17
10000001000000001
138
110100100010000
145
1010001100010000
24
10010000000000000010
74
10000001000001010
22
11000001000000010111
113
100000100101000000
66
1100000000001000
42
1001001000000011000
15
10000001011000110
168
1000100000000000100
82
1000000000000001101
157
111100001
27
100001001010001000
187
100000011010010010
133
10100000100000001000
31
10000110111101000001
13
11100000000000000000
148
100000000111010
191
100000000010001001
92
101000000
1
100010100100000
70
10000101000001000000
110
1000000000000011000
58
11000000000100110000
102
10000001000000
122
10000000
67
10001010010001100000
89
1010110000000
12
10000000000100010001
87
101010000100000
79
10010001001000000101
66
1000011001000001000
168
10000
183
100000011000000000
100
1100000
159
10010000101100000
111
1010000001100000000
156
10000000001000000010
129
1000100011001000
196
10001000000000010
157
10010000
142
11000000000010
96
1100000000000000
172
10010000100000100100
190
101000001000000100
10
100001101000000000
57
1101000000000000000
81
100000001000100001
3
1110000000001100000
154
101000001010000100
193
10000110000000
103
110100001010000000
183
11101001000000000000
153
