20 200
10001000000000000
152
10001011100
195
100
151
1000000000000000001
12
1000000000
69
10000000100
107
1000000001000000010
22
101
180
10100000000000010000
102
100001000000000010
55
10100000000001
131
10000000000000001
73
10000000000000000001
22
1000
69
10001010100000000
108
11000000000000000000
3
100000000000000000
82
1000000000000
6
1
76
100000000010000
141
1100100000100000
33
100000000000
127
100000000
43
100000000000000
43
10
160
11000010000000000000
161
1001000000
174
10000000000000001000
72
1000000000000000
87
100000001000000
39
10000000001000000
177
1000000000000000000
77
10101100000000000000
127
111000000000000
51
10110000000100011000
135
10000000000010000010
151
10000000
46
100100000001100100
102
101000000010
109
10000
149
10000000001
165
1000000
49
100000000000100000
2
1000010010000000000
24
100010000000100
13
10000000000000000000
194
110000000000010000
57
100000000100000000
24
100000000101000000
29
101000000000000
8
111001000000000
196
10000100000000000000
158
1000100000000
40
1000001000
42
100001000
165
11001000001
198
10000000000
51
11000000000000
34
110000000001000
112
10000000000000
158
10100000000000000100
126
10000010100000
103
10010000000
17
1000001001000100000
150
1000011001000
151
101100000010000000
142
1000011
153
101000000000
166
10100000
14
10000100100100
200
100000
156
1000001000000000001
112
10110010000000010000
17
101000111
47
100001000100
78
10000000100100000010
52
1000000001
110
100010000000000011
84
100010000
80
11000010
82
10000000001000000000
76
1000100000000000
124
1000000001000000
177
100000001000000000
157
1010000000000001000
141
10000000000000000
144
100100100000
58
10000000000000010000
90
10000000000000010
185
10100
111
1000000000110010
94
1010000100000010
24
10000000100000000000
147
100000000001010000
45
1001001000000
39
110000000000000000
73
1000000010000000000
118
1000010000000
70
10000101000000001000
117
100101000
161
1011100000000000100
20
101000010000000
3
10000000001000
104
10100000000000000
82
10000000010000010
181
10010000000000001000
39
10000000010
176
100000100000
44
101110000000000
159
1000000000110000010
82
10000001000001
70
1100000010000000100
14
100100000000000
114
10100000100000000000
47
1000100001001
5
10000001
190
1000000010000000100
21
100000100100
44
110000011000000000
79
1000000000001
71
1000000000010100000
87
1000000000100
127
1000001001000010
133
110000000101010000
139
1010000000
14
10001001000000
179
10000110010000000
41
11000
149
100100000001000
194
1000110000000
69
1100000000000000
170
100000100100000
44
10100000100000010010
168
100000000000110
103
10000010000
55
100000010000111
10
1100000000000
143
1000010000000000000
180
10010000000000000001
128
100011
89
10000000010000000
15
1001000000000000
135
10001000100000
188
10101000000
150
1000001
54
1000000001000
15
10000000000001001000
33
100010001010000000
100
100000100000010000
121
100000000011000
116
10010011
8
100100000000000000
121
1000000100000000100
187
10001000010000000010
126
10000001000000000000
120
10010000000001000
130
1001
118
100010000001
114
100000010000
96
10000100
158
10000000000001
37
11000000100001001100
35
10000010000000
66
100001
60
111000010000
52
1000000000010000010
30
100011000000000000
11
10011
119
11000000000
40
1000000010000010000
65
1010000100000000
19
100000010000000000
168
100000000001
131
10100000010000000010
68
100100100000000000
141
100100000000001000
178
10000000000000000100
53
100000000100000
159
10001000000000000000
109
10000000100000000
35
11100001
7
1000000010000
200
10000000000001000000
76
1000000110100000000
9
100000000000010
111
11000000001000
85
1000101000000100000
33
1000100000000000000
107
1000100
173
1000011001000000100
166
1000000000100000
172
10000010
112
1000000000001101
77
1000000001000010001
9
10000000001000000010
99
10000001000000000
192
110010001000
36
1001001
50
1000010
134
1000000001000010
111
