20 200
11010111011100011101
152
11110001011111011111
195
10001110101111101110
151
1011011001101111101
12
1010110011101110001
69
10101001011100101100
107
11101100111001000011
22
1110111111101111101
180
11110101111111111001
102
11111011010010100111
55
1001010111011111111
131
10110011101010111111
73
11100010111111101111
22
1001111111001110111
142
11010011001111111111
94
10111111101111101001
42
11111110101011111101
76
11100011100111111010
139
1111111101011111111
78
11110111111110000111
75
11001111111011011001
53
10101111101111001101
139
11010111011011111000
67
111001011011011011
58
1101111011011110011
153
1011101011111100011
187
1011111101011111101
125
1100011011111100111
63
1110101010111011111
99
10101101011101011111
1
10011011110011011001
119
10011101101100011100
127
1011011110111111111
44
1111011011110101100
78
1101110001011111101
190
11111011011101011011
49
11111101110010100011
184
10000111011110111111
170
11000111110011111011
116
11111101101111110011
4
11110101110111101011
111
11100111111101110111
155
11111110111010101100
110
10101101011111000111
24
10011111111111111111
85
1111110000001100101
84
1001111111011101111
32
11101110010101111
65
11011111001001111101
48
1101111001111101101
95
10111110101011001110
132
10110111101110000110
199
1000110100100101000
198
1101111111111101111
197
10111011111111101011
190
1111111111110101111
199
11110111101010111111
46
11011100110010111110
134
11100111110101001011
131
1111000100111111111
179
10110001011100101011
136
1110101111111000111
52
11100111111011111100
85
11110111111111011111
36
1110111101111111
145
11011111100110111101
138
10101000010111110101
40
10111011011111101101
138
10110011111011010111
166
11011010101010010111
30
11100101111110111111
173
11111111110101100101
174
11111111001010110100
168
10110110111011101011
109
1011110101110011111
177
11110101011101011100
120
11101111010001010111
67
11110011111111110110
58
11111110010110100011
192
11111111111001001111
182
1010100110110110011
15
10101111001101111111
186
11111100111100010111
127
11011111101101010111
153
1110101110111101010
12
11100101111001110100
151
10011001011101100011
26
11111001001010110111
38
10111111011110111010
147
11010111110111111110
140
10010111111011011101
48
11110101110110010111
126
10011011011011110111
84
10011011001010110111
182
11000000000000111110
173
1001100101111001010
86
11101111111011111111
85
10011111001111011111
51
10011111011111101011
173
1111101010100101111
30
11111110000111111010
173
1110101011101111111
141
10101111110011111110
195
1011111101111111111
52
11111111011111111111
117
11110111110110111110
117
11011010111111001111
42
11110101111011111101
176
10111111101011111001
16
11011111101111110111
42
11110100001000000111
71
1011101111101111111
88
10101011001110011101
155
10111111111111110101
4
11110100011101111111
91
1111110101100111
124
10111100100011100101
177
10100011011011110110
157
1100111111110110101
181
11111111010001100001
183
1101101111110000010
115
1101110111100010100
59
101110101101111010
130
10110111110111011111
72
1010101111101100111
32
10111010100010100110
153
11111110011111110111
172
11111111110111001111
40
1110111110011111101
150
11100011111101011110
137
11111100101111111100
69
11111111000011111110
95
11011100001111111110
111
11111010100101111111
112
11000011010101111111
138
11111001110101011001
51
10111010100111101101
71
11001001011000111000
131
11101111011111010011
129
11101011011101000101
186
11101000100001111010
15
1101011110111001110
35
11111111010111101101
91
110111110111111101
1
11011011100111111110
133
11111011001011001111
33
10011101100101110111
173
10101001111111101101
131
10111111011011101111
91
10111110110111100011
183
11100111111111110101
181
111111001111110111
183
11110011111101010100
69
111111110111101111
176
10010111111101010101
50
11001110000110111011
159
10111000111111110101
140
11000110101111110101
23
11100110101111111101
17
10110111101011000011
47
111101011010011110
197
10111110110101110110
84
11111000100110111110
10
11100111111011000111
46
11001111100001111111
155
1111011010110111
160
11110001111010110111
68
111111111011010111
187
1111111100110011110
144
1110101111111101111
53
11110110111111100110
40
11001100110101100011
3
11110111011001011111
176
11001110101001111110
104
10011001111111001101
150
10100101111001110
101
11101011111111111011
58
110011111111101111
126
11110110111011001011
141
11111011001111101001
96
11001111101101010111
14
10101100111111111010
26
11101111111100111111
66
1111111111111111000
85
111100111011011011
14
11010101111011100101
166
11101110101111101101
11
11110011111111101001
150
1101011111011110111
22
11101011111101110111
112
11001111100100001111
174
11011111010111111111
141
1110111111100101111
165
1111111101011111001
116
10101111011110011100
198
11111111011111111101
197
11101001111011111011
16
10011110011111010111
190
1110111111011111111
99
11110110011001110111
71
