20 300
11010001011000011101
152
11110001010101011111
195
1110001111100110
151
1010011001101100101
12
1010010011101100001
69
10001001010100100100
107
11101100111001000011
22
1110111111101111101
180
11100101111010111001
102
11101001010010000111
55
1001010111001111111
131
110010101000111101
73
11100010011101101111
22
1001111111001110111
142
11010010001111010111
94
111101101111101001
42
11111110101000111101
76
11100011100111010010
139
1111101101011111111
78
11110110111110000111
75
11001111111011011001
53
10001111100111001101
139
11010111001011101000
67
111001011011010001
58
1101111011011110010
153
1001001010111000011
187
1011000101011111101
125
1100011001111000011
63
1100101010111011111
99
10100101011101011111
1
10011010010010011001
119
10010000101100011000
127
1011001110111010111
44
1011011011100101100
78
1101110001011111101
190
11010011011101010001
49
11101101110010100011
184
10000111011110101111
170
10000111100010111011
116
11101100101111110011
4
11110101110111001010
111
1100111111001110111
155
11111110110010001100
110
10100101011111000111
24
10010111011111011111
85
111110000001100001
84
1001111101011101101
32
11101010010101111
65
11011111001001011101
48
1001111001111101100
95
110110101001001110
132
10110111101100000010
199
1000110100000001000
198
1101011111001100111
197
10101011111101101001
190
1111111111000101010
199
11100111001010011101
46
11001100100010101110
134
11100111110101001001
131
1101000100011110111
179
10110001011100101011
136
1110101111111000111
52
11000111111011110100
85
11110111111111011111
36
1010111101111110
145
11010111100110111000
138
10101000010111010101
40
10111010001111101101
138
10110000110001010011
166
11011010101010010111
30
11100101110000111011
173
11111101010101100101
174
11001111001000010100
168
10100100111011100011
109
1011010100110011111
177
11110101010101001100
120
11101001000001010101
67
11110010111111110110
58
11111100010100100011
192
11110111011001001000
182
1010100110110110011
15
10100110001100111111
186
10010100111100000111
127
11001111100101010111
153
1110101110111100010
12
10100101101000100100
151
10011001000101100011
26
11111001001010110111
38
10011111011100101010
147
11010111110111011110
140
10101111011011101
48
11110101110110010111
126
10011011011011110111
84
11011000010110110
182
11000000000000101110
173
1001100101111000010
86
11101111011011111001
85
10000111001111001111
51
10011111010011101010
173
1110101010100100111
30
11111110000111101010
173
1110101011101111101
141
10101101110011011110
195
1011111101111111111
52
11111110011111111111
117
1110101110110101000
117
11011010111111000111
42
11110101011011111101
176
10110111101011111001
16
11011111101111100111
42
10110100000000000111
71
1011101111101111111
88
10101011001110011101
155
111111111111010101
4
11110100011100011111
91
1111110100100101
124
10111100100001000101
177
10100011011011110110
157
1100111111110010101
181
111111010001100000
183
1001001111110000010
115
1101110111000010100
59
110100101011010
130
10110101110111011111
72
1010101111001100010
32
10111000100010100110
153
111100011110110111
172
1110111010111001011
40
1110111110010011101
150
11100011111101011010
137
11111100100111111100
69
11011000011011110
95
11011100000111111110
111
11111010100101011101
112
11000010010101111111
138
11111001110100010000
51
10101000100111001101
71
11001001011000111000
131
11101111011111000000
129
11101011011101000101
186
11101000100001110010
15
1001011110111001110
35
111100010011101101
91
100111110111111101
1
10011011100010111110
133
1010000001011001111
33
10011101000101100011
173
10001001001111101101
131
10111111011011100101
91
10111110110111100011
183
1100111011111110101
181
111111001111010111
183
11110011111100010100
69
111111110111101111
176
10010111111101010101
50
10001110000000111010
159
111000010111110101
140
11000110101011110100
23
10100110001111101101
17
10010010101001000011
47
111101011010001110
197
10111110100101010110
84
11111000100010111110
10
10100111111011000111
46
11001101100001111011
155
1010011010100000
160
11110001110000110011
68
111101111011010110
187
1110011100110011110
144
1110101011111100001
53
11110110001111100110
40
11001100110100100001
3
11110010011000011111
176
1001010101001111010
104
10010001110110001101
150
10100001110000110
101
11101011111101111001
58
110001111011101111
126
11110110111011000011
141
11101011001111001001
96
11000101101101010111
14
10100100111011111010
26
11101111111100110011
66
1011111011111111000
85
111100101011001010
14
1000101011000100101
166
11101010101111101101
11
11010001111111101001
150
1001011111010110111
22
10100011110101110111
112
1001101100100000111
174
11011110010111111110
141
1110111101100100111
165
1111001100011011000
116
10101111011010011100
198
10111101011111111101
197
1101001111010110011
16
10010000011111010111
190
1110010100011111100
99
11110110001001110111
71
1111100111111111110
107
11010011111101010001
198
100110000001101110
95
10111001001111010001
140
10101100111110110100
163
110101110101010111
125
10101111101010001001
37
11110100111001101001
136
101101101111000011
21
11011110100101111010
161
11100111111111110011
152
11011010110111110
146
11101011001011101111
36
10011000111111101110
115
111001110111111011
100
10001110111111111001
111
10111110010011101110
149
10111101100101100001
50
10010001101111011001
37
11001010010100101010
181
1100111100000111111
24
11101010101111111011
77
11110111110110110010
76
1011001111001000001
171
1001101100111011000
16
11011000101101101001
182
11011001000111101000
84
11111001011111101010
120
11110011011111001100
133
1111101110111111100
87
100011111011011110
119
10001011010100110001
49
11110111000010010011
117
100111111101110011
119
11011111111110001000
125
1011011010000000000
56
11100101100011111001
8
10011101111101110111
129
10111011001111001111
12
11111100011111110111
41
10101111111011100011
78
11001100110011011011
54
1111111101101100100
85
11111010111110000000
51
1111111011111110
200
11100010111111011
91
1011001110111111
132
11101000101111101011
62
10100001011011100101
177
11011011110110001001
81
1100011010001100111
143
11111011100100111101
186
1101100110000111
13
110001111010101001
78
11110010100011101011
189
11011011101000011110
112
1111111010111010111
28
11001101110100111110
120
10001001011111011111
110
1000111110001111110
140
111001011010101001
29
10000001001001001111
118
11111111111111000
5
101110001111010000
36
10101000100011110110
159
111110000110101101
94
11101111111011000000
118
10111100000111110111
51
111011001100111111
43
11011111111111101100
135
10110001101101111011
140
11111011111010011100
129
11110100011111111111
184
10111111100100011111
21
10101110101111011001
147
11110100011100000111
164
10110101111110101
194
10010101111111110111
100
1100011011000010101
3
1010010110110001100
21
10101110011011110011
48
11110110110110101011
119
10010110101110011000
38
11001111010111111
78
11110001110111010
74
10111110010101101001
50
1010110001011101101
24
10010011101100111000
84
11101010001111101001
108
101110110001101000
116
1101110001000100111
173
1111010101111111001
182
10111111011000111011
63
11000111111011000100
151
1111101011110101011
189
1010101111000100111
110
11000000010101110000
97
10110101111110011101
103
11111000010111111100
117
11110110001111110110
53
