20 3000
11110111111111111101
152
11111111111111111111
195
11101111111111111111
151
10111111111111100011
118
11111011111111111011
92
11111011110110011111
173
11111111110111111111
166
11011111111111111111
58
1011111011111111111
118
11111111010111111101
84
11111111111101111110
61
1111111101111111111
200
10110011111111111011
58
11111011111111011110
49
11111111111111111101
167
1111011111111011111
200
11111100011111011111
19
11111110111111101111
13
1111111111111111111
5
11111101101111101011
82
11111111011111111111
197
11111101011011111111
146
11111110111101111111
192
1111111111011011111
194
11101111110111111111
173
11111111111111101111
188
1111101110111111110
172
11111111001110111111
70
11111111111111111011
191
11111101111111111110
69
11111101111111111111
67
10101111111101101110
156
11110111101111101111
60
10111111111110111111
66
11111011100111111111
106
11111111111110111111
129
11011111011111111011
180
11101111111101111110
197
1111111101111111101
95
11111111111100101111
192
10111111001111111011
141
11111011111111111111
190
10111101111111111111
43
11111111111011111111
59
11111011011111111111
123
11111101011110111111
136
1110111111111110111
52
11110111111011111101
85
11111111111111011111
36
11001110111111111111
145
11010111111111111111
175
11101111111111110111
171
11011111011111111110
26
11101110111111011111
92
11011111111011111111
15
11111110111111111111
186
11111111110111111011
6
11011111111110110111
39
11111110111101011111
40
11111111111100111111
58
11101001111111111111
159
1111111111011111111
66
11111111111101110111
127
11101111101111111110
121
11111111110111101101
78
10110011111011100110
4
11111111111101111111
55
11111110111111110101
73
11111111111111111100
53
10111111111111111111
109
11101111111110101111
4
1111110101011011111
171
10100111001111111010
43
11111111011111010111
180
11111011111011111111
135
11111011111101011111
114
11111101011111111111
193
11111110111111011111
18
1111111111111111101
48
11111101111111101111
78
11101111110111110111
35
11011101110111111111
47
11111111111011011111
35
11111111111010101111
58
10111011111111111111
148
11111111011111111101
21
1111111101111011111
151
11111111111110101110
34
11011011111111111101
173
1111110101011111111
70
11111101111111011111
179
1101111111111111111
119
11111101110111111111
93
10111001111111111100
99
11010111110111111111
92
11111111011111101111
122
1111111111111101011
192
11110111110111101111
98
11110111111100111111
61
11111011011111010111
199
10111111001111111111
123
11011111110111111110
26
11110111101110110001
136
1101101101111111111
68
11111111111111110111
59
11111111111100111101
158
11111111111110110111
117
11111011111101111110
121
11011111111011111110
65
11111111101111111111
161
11110011111111111111
59
11101101111111111111
133
11111111110111111110
43
1101101111110111111
162
1011111111111101111
86
11101111111111111101
170
11111111101111111101
200
10111111110111111111
148
111101101111111111
15
11101101111110111111
187
11111110111011111011
133
1111110111100110110
143
11111111111111000111
172
11111011011101110011
4
11111111001111111110
129
11101110111111111111
92
11111110111110111111
165
11011011101111111111
158
11111101110111110111
160
11111111111101111101
191
11111111111111101010
9
11011011101111111101
104
11111111011110111101
71
11111111101011111011
117
11111111011111011111
181
10111111110111111011
178
11110111111011111111
126
11101111001111111101
136
11111111011110111011
86
1111111110111011110
54
10111111111111111101
110
11111111101101111100
140
11011110111111111111
17
1111011111110111111
177
1111101111111111111
100
11111111111111111001
111
11111111110111101110
149
11111111111111100111
50
11110111101111011011
37
11111011111110111111
181
11101111111101111111
107
11101101111111011111
114
11111111111011101111
16
11111100111101111100
150
111111111110111111
199
11111111111111010111
175
11101111111110111111
65
11100111111111110111
51
11111111111111111110
198
10111110111111101111
16
1111101011101111111
48
11111111111110011111
95
11010111111101111111
136
11111100111111111111
57
10111111111111111011
155
1111111111101111101
140
11111111111111110110
108
1111111111111011101
36
11111111111110111100
62
11111111111011011110
55
11111111111011011101
39
10011111111111110110
64
11111111100111111111
119
11111101011101111111
124
1111111111011111011
12
11110110111111111111
194
11111111111101011101
59
11111011111111101111
124
11101110111011111111
139
11111111101111001111
197
11110111111001101011
22
11011111111111111001
147
11110110111111110111
128
11111110101111111111
81
11111111110011111111
10
11111101111111111101
194
11111111101111110111
191
11111111110111110111
91
11110111111111111111
118
1110111111111111111
110
10011111111011011111
34
11111011111011011111
162
1111011111111101111
149
11111011011101011111
5
11111111001111111111
104
11111111111110101111
193
11011111111110111011
139
11111111110100111111
193
1111011111101111011
73
11111011111111111110
89
10101111111011010111
175
11111100111010111111
119
11101110111011110110
63
11111100100111110111
113
11111111111100101110
183
11101111011111111101
40
11111111111011111101
20
1111111011011111111
99
11111111111101110001
3
11111110111111111100
42
10111111111011111110
78
11101111111011111111
56
1111101111011011111
97
10111111111111111001
64
1111111110111111111
53
11111110110111111111
123
10101111111110101111
139
11111111111011111011
145
10111111110101111111
184
10111111111101111111
87
10011011111111011111
3
11110011101110111110
2
11111111111101101111
189
11111111111111110011
119
11111101111111111011
109
11110111111101101011
71
1111111111110111111
35
11111111111111101011
185
11111001111111011011
153
11110101111111110111
24
10110111111111011111
47
1111011011110111111
104
11111111101110111011
60
11101111101101011011
161
11110101111101101001
46
11100011111111111111
116
11011111111111111101
93
11010111111011111111
131
1110111111111101111
71
11111111111111110101
35
11111010111111111111
42
11110111011111111111
129
10111111011111101100
165
111111111111111111
196
11111111111001111010
90
11111111111110111110
147
11011111111011101111
6
11110111111101111111
25
11110110111011111111
122
11101100101111111111
52
11111101111111110111
38
11101101111101111011
193
10011111111111111111
125
10111111111011111111
66
11111110110111111101
19
11011101111010111111
4
11110111111011110111
193
10111111111101101111
39
1111111111011101111
92
11111111111111011101
193
11111001110001111111
167
1111111100111101011
3
10111111111110011111
78
11111111101111111001
117
11011111111111111011
83
11111111001011111011
122
1111111111101011111
112
1111011111011111110
143
10111011110101111111
6
11110110111111011111
50
11001111111110111111
12
10111111101111111101
37
10101111111111111110
67
11111111011011111001
56
11101111011111111111
106
11111011111111111101
183
11011111111101111011
99
10110110111111111111
97
11111111110111111100
16
11101100111111111111
10
1111111111111101111
43
11011111011111101110
155
10111111111111101111
14
1111101111011111110
1
11111111111110001111
175
11111110101101111111
14
1111111111111111110
116
11110111111110111111
38
11101011111111111111
136
11111111110001101111
200
11111110111011111111
174
11011111111110111111
161
1101111111111011111
83
11011111111111011110
2
11111001011111111111
20
11111110111001111111
175
1111101110101111111
18
1101111111001111111
57
11010111111110111111
184
11111111101111111011
80
11111011111111011111
37
11111110110101111111
24
11100111101011111111
156
1111111110011111100
78
11111111011010101111
45
11111010111011111110
93
11111011111111110111
152
11111110001101111011
111
11111111110011111011
199
11101111111111101111
92
11111111111110000011
130
11111111101111111110
73
11111110011111111111
2
11101110111111101111
107
11110111111101111101
144
11110101110111111111
85
11111110111101011011
161
11011101111111111111
79
11111111110110111110
44
11111101111101111110
66
11101111011101101111
88
11110111110111111101
50
11111101101111111111
49
11111100010111011011
124
10111111111001110111
155
11111111111111101110
142
11111111111111111010
195
11011111111011111011
178
11111100111111010111
180
1111011111101111111
174
1111101111100111111
97
11101111111111011111
101
1111110111111111111
51
11111110111111011110
189
11111011011111111110
62
10101011111111101101
173
10110011111111111111
119
11111011111111111001
170
11110101011111011111
127
11111111001111011111
183
11010111011110111110
172
11111101111110101110
141
111111111111011111
98
1110111111111111101
142
11111101101111111011
151
110110111110101111
101
11111111010111111111
35
11111111111111010011
158
11111110001111110111
53
11011011011101111111
73
1111111111111111011
156
11111111110101110111
164
11111010111011110111
109
10011111111011111111
1
11111110111110101111
112
11111011111111111010
58
10111111111101111101
179
11111101111111010101
115
11101111111011110111
83
10110101111101111111
52
1111011011111111111
80
11111110011111111110
97
11111110111111111110
109
11111011111101101101
46
11110111110111111111
83
1101011111111111111
69
11111111110111101011
52
11111111101110101011
150
11011101010111110111
193
11011111111101111111
179
1111111110101111111
86
11111110111111110111
179
11111111110110111111
138
11011111110111111010
168
10111111111111111010
126
10110111111011111111
76
11110111101111111111
87
10101111111111111100
125
11110101111110111111
119
11111111011101111111
113
11111110101111111101
138
11111011101111111011
69
11010111111011011111
170
1111001111111111111
84
11100010001111111011
90
11101111101111111111
41
11001111111111111111
64
11111111011111001111
114
11111110111011101111
154
11111111101011111111
53
11101110111111111110
14
11111111010011111101
193
11110111111111011111
131
11001111100111111011
30
11111111011000111111
156
11010111111111111101
179
11011101111110110110
12
1111101110111111111
176
11110011111011111101
194
11011111011111111111
180
1011111111111111111
20
11111111011111101011
109
11011111111110101111
105
10111011111111111110
8
11110111111111111110
120
11111011011111111101
74
11101101101111111111
94
11101110100111111011
124
11101011110111111111
195
10111111111110101111
183
11111111110111111101
187
10110111111111111011
11
11111111110111110101
148
11111111101111110110
82
11011111111101011111
111
10111011110110110111
58
10111111110111011111
142
11110110111101011111
149
11111110111111111101
102
11111101011111110111
77
11111110101111011101
104
1111111110111110011
129
111111111111111011
33
11011101110110101010
88
11001110111111011111
133
11111111110011101111
101
1111111111101010111
107
11110111111111101111
149
11111111011111111011
46
11111111011111110111
7
11111111110111011111
41
1111111110011111111
102
11110111111111110111
19
11111001111111111111
197
11100101111111111110
180
11111111101111011111
77
11101111001111111111
193
10100111111110111111
76
11111110111111101110
125
10111111111111111110
66
11101011101011111111
30
10101111111111011111
166
11110011111110111111
35
11111011111111101011
13
11111111010011011111
3
11110110110011111111
63
10111111101110101111
158
11010111111111011111
16
11000111111111111111
92
11011111110111101101
118
11111111101111110101
24
1101110111011101101
163
11110111111011011111
144
10101111111111111111
150
11100111111101100111
92
11111111011110101110
190
10111001111101111111
195
11110111110001111111
140
10111111111110111011
62
11110101111111111111
123
1111101111011111011
168
11111111111111011011
9
11101011111110111111
123
11111111011100111111
74
11101111100111111111
59
11111111110101111111
187
11111111101101111111
25
11111011111110110110
141
11111101111101011111
178
11111101101111110111
145
10111111110111110111
124
10110011111111111101
43
10111111110111111110
16
1111111111111011111
180
111111111111110111
197
1110001111111111111
67
11111011111001111100
132
11110111110111111110
65
10111101111111111101
66
11111110110011111111
161
11111111101111111100
103
11111111010111111010
167
1111011111101101111
142
1111110011111000110
83
11111111011101111110
174
11110001111110111111
19
11011111111111110111
42
1111010111011111111
44
11111001111111111001
163
1111111111101110111
18
11111011110101111111
69
11001111111011111111
41
11110110110111111111
136
11111111000011110111
97
11111101101101111101
117
11101011101111111111
79
11111100111111111011
174
10111111101111110110
193
11110101101111111011
109
11001011111111100101
191
11011101111101111111
71
10111111011111101111
80
11111111101101010011
119
11011111111111111110
105
11111111111101111100
37
11010111111011111101
191
11111011101011111011
56
11111110111111101011
134
11110011110111111111
43
10111110111111111111
101
1111101011111111111
122
11011111111111110011
188
1110111101110111011
69
11111011101111111110
8
10111110111111111101
69
11101111111110011110
32
1111111111110101101
15
11000111110111111111
192
11101111110111111110
3
11101110111110011100
166
10111111110111011001
60
10101011111111011111
126
11101101110111011111
111
11111101111111001011
182
10111101010111111110
187
11100111111111111111
133
11111111111111110010
4
11111110111011111101
157
11011111111111011111
93
1111111111001111101
12
1111111011011011110
22
11100111111111111101
123
11110111101101111111
12
1111101111101111111
197
11111011110011111010
85
11111100011011111111
193
11111101111110001101
53
11101110011111111011
50
11010101111111011011
114
10111110111110011111
35
11011101111011111111
96
10110111111111101101
103
11110111111110101111
66
1111110111111011101
141
11101111011111011111
190
1101110111011111111
36
10111101011110111111
105
1011111011011111001
103
10111111111011011111
31
11011100011100110111
45
11111110111100111101
32
11111111101111111010
196
11111101110111111101
143
1011111111111111110
179
11111010111111101111
181
1011011111111111111
10
11111011011111101101
177
1101111111111111101
41
11101101011011111111
182
11111111110111101111
113
1110101111110111111
168
11101111100111111110
122
11011011111111011011
83
10101111101111111111
133
1111110110111111111
141
11011101111110111111
159
11111111011010110111
87
11111011101111111111
195
1111101100111111111
144
11100111111110111111
138
1111111101110011111
174
11111011110111111111
93
10111111111100111111
129
1111111100111111101
92
11111100111111110111
52
11111111011111110011
150
110010111111111011
139
11011011100111111111
44
10110111011111111111
22
11111111011110111111
88
1011111111111111011
142
11111111011111111010
76
11110111111111111010
34
10111011111111011111
97
11101111110110111111
99
1111111111110111011
10
1011111010111110111
103
1011110111101111111
186
1111111101111111110
151
1111110111111111011
132
11111011111111010111
66
10101111111011111111
68
11111111011011001111
53
11111111111111001111
17
11111101111101111111
22
11101111111101101110
133
1110101110111110111
173
11110111111101110111
79
11111111011101111011
16
11011111111111101111
182
11011101111111111011
143
11110110111110111111
85
11110111110111101101
192
1111011111101011111
157
10111111111110111101
180
11011101101111111011
104
11011111110101011110
95
1111111011111111111
34
1110111111111011111
130
11111111011111011010
185
11011011110111111111
195
10111101110111111011
149
10011111110111111111
63
11110101110111011110
15
11110110101111111111
25
11011110110101111111
81
11111111011110010111
119
11111011110111101111
166
11110111011111101001
199
1110111101111111011
157
11101101111111111110
197
10111111101011110111
120
11111111010101111111
197
10111111111011111011
99
11111110110111100111
174
11011101011111111110
45
11011111111111100111
66
11110111110110111111
21
11110011111110111110
125
11111111011011111111
62
1111011010111111111
49
11111111101110111111
41
11111111101101111110
27
1111101111011111111
25
11101111101110111111
72
11011011111111111111
88
11111110111111111011
61
1111110111111011111
26
1101110011011011110
5
11111010111110101111
109
1111101110111100111
77
10111111111111110111
26
10111101110101110111
191
11111111110110110111
172
11111011111101111010
22
10111111011111111111
155
10111101111110110011
182
11111011111111011011
129
11101111010111111111
90
11111111111011010111
71
11101111101111101111
101
10111001111111101110
94
10011111110101111111
151
10011101111111111111
64
11101001111111101111
152
11011101101111111111
70
10111111010111100011
82
11111101111011111111
187
11111110011111111011
177
11111101010111111111
162
1111111010111011111
1
11111111011011101111
5
11101101111111101111
68
1111011111011111111
182
1001101111111111111
73
11111101101111011111
8
10011111111111111110
27
11101111111011010110
144
11111111101011001111
18
11111110111111000111
77
11101110111110110111
118
10011111111111110111
46
10110111111101111111
36
11111111111111101
53
11111011111111101101
123
11111010111111110111
62
11110101111101111111
70
11011101110111011110
139
1011111101110111111
123
11111111011111111110
74
11111011101111111101
144
11111010110111101111
165
11111111101000111111
134
11011011111111110110
147
11111111101100111111
11
11111110011110111111
109
11111111111111011110
193
11011011111111110111
141
11111111110011010111
187
10111101111111110111
8
10111011011111111010
24
10111111101111111110
29
11111111111111101101
181
11011011111010111111
127
11011111100111111111
45
11111011110011111111
177
11111110011010111111
72
1011111111111111010
94
10101111111101101111
187
11101111111001111110
50
11101110111111110101
131
1111111110111101111
139
10111111111111100111
19
11011111000111101111
41
11011111111110110101
55
11111111111001111110
15
11111111010111111011
10
101111101111110111
140
10110111111011110111
158
11011111111011111101
100
11010110111111111111
36
11111101111101101111
1
10101110111111110111
38
11111111111111011010
28
11111111110101111011
135
111111111111101110
103
11111101111011001111
68
11111111110011111110
23
11110111111111110011
96
11011111110111011111
49
11110111111110111011
144
11011110111011111110
44
1111111111111011011
178
11111101111101101011
39
1111111111101111111
69
11110111111111100111
148
10100011111111111110
78
11100101010111111111
192
11011111111111101011
179
10100111111111111111
118
1100111111111111111
188
11111101101110111111
90
11101110111111101001
158
10011111011111111111
34
10011111101011111111
131
11011111100110110111
74
11110110111101101111
51
1111111110111111011
6
11111010111111111110
74
11111111110001111111
140
11111111111011111100
148
1101111011111111101
166
11111100111111111110
89
11111111010011111111
141
11101111111011111101
81
111101111111111110
81
11111100100111111111
40
10111011111101101111
145
11101110110111111111
11
111111111110011111
179
10111111111111101101
104
11101011101111101111
23
11011111101111111101
19
11111111011010111111
18
11111111111010111011
103
11111111100111011111
185
11011111011011101111
64
10111011111111110111
158
11111101111101110101
20
11011111111111011010
196
10101101111111110111
178
11011111101101111111
34
11100111111111011111
66
11111111111111001100
155
1111100111111111011
117
11011111111111011101
79
11111111111111110001
142
11011111101111111011
42
11111111111111100011
191
11111111011011111101
82
11111011111100111111
45
10111101111011101111
42
10110101011111011111
42
10111010111111111111
196
1101111110111111111
65
11111111111011110110
160
11111111111110111011
71
11110101111111101111
48
11111111111001110111
5
1111111111011110100
195
11101110011111111101
17
11111111111101011111
168
11111111110111011011
152
1111101111100111101
10
1001111110111111110
63
1110111011111111111
7
11011001111110110101
180
11111101111011101111
125
11110111111101100111
92
11111111011111111100
8
11111111100110111101
26
11011111111110001011
196
10111111111111001101
18
11110111101111110111
149
1010111010100111111
104
10111101111100111111
17
11011011111011011101
36
10111110000111111111
57
10111111101111111111
10
11101111111011010111
37
11100011111111111110
192
10111010111011101111
11
11111101111110111111
153
11111000111111101111
43
11110111111011111011
88
11101101111010011111
123
11101101011111111110
197
11111111111011000111
192
11111111001011110111
135
1110111111110111111
48
11111111011010101101
166
1101111111111101111
165
10111111111110110111
139
11111100111001111111
85
10111111011111111101
167
1111110111111110111
120
10111111111001111111
142
1111111101101100101
43
11011111101111111111
117
11111111000111111111
43
1011011011111101111
135
11111111101111101101
77
10101111110110111111
78
111001111111111111
111
11101111110011110111
101
11011111101111111110
43
10011110111110111110
66
11011111111011110011
75
1101111101111111110
12
11011111011111011110
136
1111101110111111101
181
11101011111111110111
7
11111011111110101111
196
10011111101101010101
13
11111100111101111111
113
11111011111011111110
17
11101010011010111111
185
11100111111111111110
16
11101110111000011110
109
11111111110101111100
94
10101101011111111110
150
11111110101110111101
97
11111111111010111110
143
11111111011110101111
76
10111010111111111011
149
11110111111111011100
125
1111111101111101111
133
11010101110111111111
104
11110101111111111110
116
11111111110011110111
130
11111111111111111000
47
11111000101111111110
109
11111111000110110101
123
11101110111101111101
111
11111101011111001111
61
11011011011011111111
181
11111111101110101111
73
11111101111011111100
106
11011111101111000111
66
11110111010111111111
45
11011111111100111111
146
11111111110011111010
140
11111110011101111001
17
11011111011111110111
141
10111111111111011111
30
11111100111101011111
173
1111111111110111110
48
11011111001111111101
179
10111111111010111111
86
10111011111100111011
27
11110111011101111111
25
11011001011111100111
61
1110100111111111111
17
11111101111111011101
65
1011111111111011111
119
10011111111111001111
72
1011101110111111111
111
11111111111011101011
163
10111111011110111101
25
11111111101011101110
112
11111111111101101110
98
111111111011111111
6
10011111110111111110
132
1101110111111001101
180
11101111111111110110
150
11111101110111111100
9
10111111100111111111
48
110111111111101111
156
11101111101101111110
180
1011111111111100110
113
10111101011101011111
112
10111011111101111111
119
11111100011111111011
22
11110111011111110111
64
11111110110111101111
188
11110010101111011011
152
1111111111111010111
90
11111110111110111101
37
1101111111110111111
13
10111011110111111111
66
11011111111111110101
177
10111111111101111110
13
11011111101111110011
149
11000111111110111110
198
10011111111111111101
59
11111011111011101111
37
10111101111101110
43
11111011110111010111
160
10111110011111111111
166
11101111101101011111
4
1111011111111111111
199
11101111101111101110
131
10111111111101110111
49
11111111111011111110
64
10101111111110111111
78
11101111111001111111
155
10111111011111100011
195
11110111111010111111
109
11111111011111011011
46
11111011001110111111
89
11111101001111111110
52
1111110101111111111
35
11111111101111101111
123
11111011110111001011
67
11111111001111111100
195
10111111011111111001
41
11111110110110011011
34
11101111100011111111
111
10111110111101111111
194
11111111111111101001
49
11101010111111011111
6
11111101111110111110
70
11001111111111110111
139
11011111111111100001
75
11110111111001111111
139
11111111111111011001
172
11111111111111111
27
10101111001111111111
146
11110111111111111011
113
10101110111111101111
119
11111111100101111110
121
11111101010111011111
140
11001111111111101110
136
11110100101111111011
105
11011011111110101111
199
1111111110111011111
180
11011111111110111101
134
11111111111101100111
117
11111111111010111111
187
11110110111111101111
155
11110101011011011111
109
11101101111111111010
16
11111110011101111111
130
10111111101111111001
114
10111111111111011011
200
11111111001011011111
132
11011111110111111101
181
11111011110111100100
182
11010011111111111111
118
11011111011110111111
67
10111111101011111111
180
10110101111111110111
52
11101011111111101011
90
1101111111111110111
158
1111111111111110110
149
11111011111101111101
88
10111111011111111110
190
1111111111111111010
18
11011110011111111110
177
11110111110111111011
71
11111100111110111111
171
11011110111110111111
123
1111111011111111110
19
11111111111011111010
6
11111011010111011111
59
10111111111101101011
149
11011011111101011101
73
11011101011110111111
145
11011101111111101001
165
11111101011110011110
186
11111101110111110110
129
11011111110011110011
86
111111111111111101
119
1010111111111111111
91
10111011111111111101
83
11011101111111110111
179
11001111111011110111
43
11111111111111101100
131
1011110111111111111
128
11101101101011111111
75
11101111111111010111
10
11101111111111111011
194
10111101111110111111
142
11100110111111011111
90
1111111111111111001
56
11111100111001011110
60
10011111111110101111
144
11111110111111111001
27
11111101111111011011
160
11111110001111111110
168
10111111101101111111
130
1111111111001110111
108
11101001111111111110
107
11111111111010110111
70
11011001111111111111
64
1111111110010111111
52
10110111111111111111
60
11111111101011110111
168
11111110111111101101
17
11011111011111111101
92
10001101111110010111
181
111111011111111111
114
11100110111101111111
136
11101111111110111100
149
11111111101111011101
157
11101111111111011110
144
11111111101111010111
25
11001110011110110111
183
11010111111111111011
178
11111111111111110100
181
11011011111111100101
175
11001111101111011001
97
11111111011011101101
68
11111010111111101110
140
10111111011111011111
108
1111100111111111111
107
11111011111101111111
77
11111111111001111111
61
1111111110111111110
78
11011101011111110111
178
11101111111001111011
91
11111111110111101010
9
11110011111111111110
110
11011001111101111111
188
1101111110111011011
41
10111111011111111011
49
11111011111110011110
141
1111101111010001101
52
11111101111111100111
132
1111111111011111010
86
11011111101101011111
72
11101011111111101111
184
11000111111101101111
165
11011111110111111111
118
10111111111111110101
108
11111101101101001111
102
11111011101111110110
129
11100011111011011111
114
11001011111101011111
79
11001111111111111101
187
10011111110111101011
130
1101111001111111111
80
11111011011101111111
53
11001111111111111110
199
11011111110011111111
151
11111111111011111
70
1110111101111111111
29
10111110111111111110
8
11110011111111101111
131
11110010111111111111
178
11111111111001111101
119
11101110111101111111
175
11111101011111111011
76
11111111101101011111
53
11101111111111101101
64
10111101111011111111
112
11111111011111011110
30
11110111110011111111
8
11111111001110111101
113
11111001101111111111
194
11111011111010111111
160
11111011010101011101
132
1010111110111111111
163
11011101111011111110
131
11110101111111100110
86
11110101111111011111
52
11101110101111111111
147
1011110010011111111
195
10110111110110011111
195
10110111110110101111
188
11111111010111110111
79
11111111111100110101
13
11110111101111111110
116
11001111111111111011
128
11111110001111111111
200
11111101111011110111
153
11111110110110111111
142
1111101111110111111
28
11111011110111111101
33
11111111100101111011
55
11111101101001011111
128
10111111110110101111
104
11111101011011111110
60
10011111111111101111
112
11011010111111111111
198
1111111011111111011
6
11110111111111101100
69
11001111111101110011
173
11111011111111110101
54
11101110111111111101
6
11010011111101111101
55
11110010011111111101
102
11011111010111111111
193
1111001011111111011
199
11110111101111011111
126
11111001111011101111
200
10110111110011011110
173
1111011111111111101
90
11111111110101111101
96
11111100110111111111
175
10111111010111101111
93
11110111111101011111
32
11011011111101111111
111
11111011110111110111
151
10111111101111101111
72
11110111101111101110
73
11111100111011111111
66
11111111101111011110
132
11110111101101110111
143
1010101010111111110
10
11111111110111110110
22
11111110110011111101
185
111101100111111111
182
1111110011010000111
28
11111111001101111011
98
11011101111011001111
172
11010111011101111110
142
11111111111101111011
145
11100110111111111011
177
11101101110111011011
123
11101111011111110111
90
11101011010110011100
97
11011011011100011010
187
1110101111111111111
111
11111110011111011111
151
11111111110110011111
21
1110101111111111
126
11111111011111110110
129
10101111111111111011
145
11111101100111111011
125
10101110111111001111
7
11110110111101111111
119
11011111101010111111
182
10111011111111111011
25
11111010111010111111
23
11111111010111111001
95
11011100111111111111
160
10111011101110011110
112
10111101111101111111
16
1111101101111111111
43
11110111111011111110
131
11110101110011111111
188
1001101110001111110
51
11111010011111101111
199
11111101111101101001
65
1111111111111110111
1
11101111101111110111
78
11011111111011110111
42
11111101111011110110
116
11111011101011011001
98
11111111111000111111
78
10110111101011111101
149
10111111111011111101
38
1111101111111101111
182
11111111111011110111
103
11111010010111111101
137
11111101110111111001
130
11110111101110111111
156
11110111101111111101
45
11111111100111111110
112
11101101111111101110
61
11011011111111101111
115
11110110101110111111
183
11011111101110111011
47
11110011111101110111
105
11101111111101011111
122
1111011111111111110
73
1111111111110111101
116
11111111111110101011
36
11111111100111001111
197
1111010111111111111
15
1111111111111101010
146
11111101111011101110
7
11111110111111110110
151
11111101111100111111
197
11101110111110111111
183
11111111110011111100
99
10111110111101110101
154
11111011111100011111
34
11101111111111111110
20
111111111001111111
52
1111111111011111110
134
11111110111100101111
67
11111011011111110111
138
1111101111111110111
18
11110101111011011111
107
11011111011111011111
173
11011111111110110011
36
11111001111001111101
109
11110011111111110111
108
11111111111101010111
90
11111011111110111110
88
111111110111111111
92
11111000100110101111
143
11100111110111111111
72
11111101111110110111
108
1111111111111011001
48
11101111110111011101
175
11111001111011111111
54
10111111010111111111
124
11101011111111111101
156
111111111111111110
126
11001111011111111011
8
11110010111111111110
101
11111101110011111111
114
1111111011101111110
109
11101011111111111110
176
11011111111001111111
99
11111001111101111011
91
11111111011101011011
173
11011001110011110111
104
10111011111110011001
104
11111101111111111001
33
11111111110111100011
123
10111110110111111111
140
10111100111111111111
139
10101101111111101111
140
11111001011011101111
134
1111101111101110110
123
10110111111110111110
83
111110110101111111
153
11111101111111010111
28
11111111101011101111
161
11101011111011111111
158
11111011011110110111
159
11111111011111101110
8
11101111111011011111
48
10110111011111111101
104
11101101101111111110
4
10111111111101011111
139
11011111011101110011
83
1101111011111100011
116
1101101111101111111
91
11110011101111110110
162
11010011111101111011
39
11011011111110100111
143
10110111111111011001
17
11111100111111001111
108
11110111111111010111
84
10011011111111111011
97
11110011111111010111
138
11110111110111110101
125
11111111110111011101
132
11001111011111111111
178
10110111110111011011
107
11100011011111111111
121
11111111111101011011
25
11111111011101111101
52
11001010110101111011
159
11111111111111001101
65
10111101011101101111
145
11011011111111001011
6
11010101111111111111
188
11011111101110101111
160
11111011010011111111
150
11111101110111101011
31
10111000011111111101
145
11011111101111011111
196
11111011111110011111
68
10111111101011111110
148
11101111111101111011
36
1111011110111111011
100
11111111110100111110
22
11011111001111111111
127
11111011101110111110
195
10011011111011101111
188
1101111110111111011
156
11101110011111110101
200
11101110111111111011
63
11110111001110100110
182
11100101111011111111
182
10101111111111111101
143
11111111111001111011
27
1101111101011111111
64
111011111111111111
105
10011110111111111111
125
11011111111011011111
10
11111011011111011111
38
11111111101111110100
182
11011111111101110110
78
11101101111110111011
157
11101111110111101111
197
10111101111111110101
6
11110111111111110101
145
11111111101101111011
109
10110111111011101110
115
1110011111111111111
127
1011111110111011011
50
11111010011111111111
167
11101100011111111111
158
1110111001001111100
57
11101111111101111101
103
10101111111101111111
122
11111011111110110111
1
11111111111100110111
57
1011111110111110111
90
10011111101111110111
197
11110011111101011111
8
11111111111110111101
159
11111110101111110111
78
11111101111111110010
181
11101001011111110111
50
11011101101111111110
18
11110101101111111111
3
1101111111111111010
60
11110110111111111011
15
11101111111110011111
148
1111011111111110111
105
10111101110111110111
56
11111111111111011
114
11011110110111111010
60
11111111101111110011
11
11111100111111101111
29
11111011101101111111
172
11110111101101111011
102
11111111010111101111
181
1011101110111111011
5
11111111101001111001
11
11101100110111111111
67
11111110101101011110
90
11011111110110111110
190
11110110011011111111
133
10111111101111011111
178
11111110110111110111
125
11111011111101110111
183
11111011101111001100
157
11011111111101111110
157
11111101111111101101
178
11111111110110111011
9
11110111111111101011
170
10011111001111011111
3
1111111010111111111
106
11101101111101111111
175
10010111111110111111
115
11110111011111111101
172
11110111111111001111
30
10111001111111111111
147
11111111101001111111
130
11111111010111011011
106
1110101111110111101
74
10111111110001111111
129
1100101111111111111
168
11111100110111111011
192
11111001111111011010
102
11011111010100111111
46
11111110011011111110
59
11111010111011111111
121
11011110111111110111
76
11101110111111011101
22
10111110111110111111
60
10111111111111100101
84
11101111111101110110
38
11011100111111111011
37
111111001111111111
89
11111111111101110101
189
11111101011111010111
15
11100111111101101100
92
11111111111101001101
160
1110100011111111111
164
1101111011111111111
191
10001111111101111111
68
1010111111111111011
182
11111111111111011100
157
11111111110011111101
128
11011011101101111111
110
11100111101111111111
17
111101111110111111
148
10011101111111111011
159
1111111111111001101
137
11101110111111111010
51
1110111111111000111
167
1111111111101111110
40
10111111110111101111
13
11110110111011110111
1
11110101010111111111
167
1001111111011111111
33
1011111111111101110
25
11111111101111100101
103
11111100101111111110
163
10101110111111111010
52
11101101011101101111
93
11111010111110111111
21
11110011001111101100
169
1111001001101101111
126
11111111011111100011
50
10110111111111111110
46
11101101111011110111
105
11101111101111111011
51
1111110010111111101
85
10111110110111011111
16
11110111100111111111
175
1001101111110111111
166
10111110101111011111
2
1111110110111110111
132
11011101111110111100
135
10011111001111111111
155
11011111111111001111
178
11110001111111101111
20
11001111111111011111
60
111011111110111111
115
1111111111100111111
166
10111101010111111111
122
10011011111110111111
36
11111011111111100111
109
10101111110111111011
95
11111101001110111111
177
11111110101111111011
181
11101111110011111111
2
11111111101010111111
14
11100110101110111111
179
11110011111100111110
61
11001111111111111001
161
11111011111011010101
36
11111101111011111110
17
1111111111111110101
21
11101110011111011111
59
11110111110110110111
11
10011111111110110110
136
11111010111100110111
173
11111101111011011111
2
10110011111111111110
53
11111111011011111011
24
10011111111110111111
44
10011110101111111011
21
10111111101101111110
31
11111011001111011111
12
10101111111111101101
103
10111111111111101110
94
1011011111111111011
108
11100101111111111111
102
11011001110111111111
131
10111011101011111011
174
10101011111111101111
159
11111001111101110111
42
1101101111111111111
33
11111111110111010111
104
11111111110110111101
19
10010001111111011111
137
11100111111111101111
146
11011111111101001101
122
1111011011011111111
12
11101111100111101111
53
11101111111110010011
7
11110111110001110011
158
1111111011111111100
117
11101111101111011111
160
11011110110111111111
27
11101111011101011110
74
11111111001111100111
89
11010111111111111110
40
11001100111111110111
119
11111111110111110011
96
1011111111110111110
52
10011111111111011111
188
11101111011111101111
188
11111101111111011110
167
11111001010111111111
109
11111011110110111111
151
11110111101111011110
47
111111011011111111
197
10111110111111011111
69
11111111010101110110
13
11111111001101111111
88
11010010111111111101
29
11011010111110111111
58
11101101111111110111
79
11111111110101101111
189
1111011101111111101
91
1111110111111111110
135
11001101111111011111
55
11111110111110011111
188
11111111111111010101
1
11011111011110110111
33
11011010111011111111
104
11101011101110111011
81
11011111010111101111
25
11100110011111101101
49
11101111111111111001
96
11111101111111101011
119
10111101111110110101
61
11111111110101010111
94
11011101111110111110
95
111110111111111111
90
11011001111011111111
10
11011011011111101111
4
11111110111011011111
28
11011110011011111101
35
11111101111101011011
37
11111110111011110111
46
1110111111100111001
102
111011011111111100
113
111111111101011111
59
10111111111111110011
36
11111111111101101101
50
10001111111111111111
158
10011111111111111011
2
11011011111111111100
95
11011111111001101111
177
11111101111111101110
62
10111101100110111111
165
11111001111110111111
141
10000110111111011111
146
11111111110110101011
161
10111010101111101111
144
11111110110111011111
143
11101111010101111110
176
11000101111101111100
105
11110101101011111111
59
11110101111000111110
52
11110101101111100111
39
1101111111101011011
99
10111111101111011011
78
11111110111110110111
131
1111111111101111011
44
11111111001110011110
83
11111111111111100101
136
1111111110001111111
152
1111110101110011111
191
11010111101111111111
72
1110111111111011011
145
11111111011101101111
150
10011111101110101111
80
11011111111111101101
143
1011111011111011111
110
11110110100111111111
194
11011111111111110010
35
11010111111111110111
196
11111011011011111111
50
10111111110110111111
104
1111011011111110111
61
1110111101111111110
165
11110101001111111110
173
11001101111111111111
11
10010001111111111110
142
10110111100111111110
74
1111111101101111111
58
10011111011111111110
199
11011111111010111101
95
10001011110111110101
64
11111011111111110110
33
11111111111110011011
44
11110111110111011111
192
10011110101111110111
42
11111111111110100111
52
11111110010111111111
126
11010111011101111111
124
11101100111111011111
177
11110111011111111110
180
111111110110111111
29
11011111101111111001
132
11111001111011111101
113
11110111111110101011
110
10111101111110101111
181
10111111111100101111
72
110101111111111111
12
10111010111111011101
29
11011011111001111110
89
11111111011101001111
57
1011101111111111001
155
1011011111111111110
173
11011111010111011111
198
11011111110111011110
36
11111101110101111110
17
10110111111101110111
148
11111101111011010111
175
11110111110111110111
115
1011111110111111101
186
11101111110111111101
12
10110111111111110110
162
11111101110111101111
59
1111111111111001111
192
11111110011111101111
31
10110111111100110111
153
11111010110110111111
113
11111101111010111111
101
1011111110101110011
4
10111111011011111111
65
11011001110110101011
146
1111011111010111111
140
11111011111011110110
114
11111111011011011111
194
11110110101111111110
56
11111111111010111101
138
1111111111110101110
30
11110101101101111111
19
11101011111111011111
70
11011111111101111101
80
11111111111110011101
188
10111011111110111111
90
11111101111010111101
53
11001011111111111111
129
1111111111110110111
152
11111111111101101011
142
11111111110110111100
3
11111111001111111011
1
10101111111100111111
59
10011111111110111011
132
11111011101111110111
12
11111001111101111111
113
11111111010111011111
9
1011111010111111111
73
11101101111101111110
134
1111111110011111110
65
10111111010111111001
131
11111101101101111111
75
10110101101111111101
39
11001111011111111101
43
11111011101111011111
80
1111111011101111111
107
11101111111111011001
62
11111101111111110110
30
10111001111101011110
154
11111001111011110111
67
11111100011111111111
2
11111101111111110101
153
1110111111101010111
38
11111111010101111011
169
11111111111110111001
165
11111111101111001101
152
1111111111011111101
62
11011011111111101011
153
11010111111111101110
11
11111111100101111111
3
10111101111101110111
4
11101111111101110111
188
11011011111111110101
84
11001011101111101111
200
11101111110001111111
35
11111101101111101111
153
101111110111111111
90
11111111111011101101
177
11110111100111100101
44
11011011111101111011
133
11001011011101111111
47
10101110111111111101
112
11101111111100111111
114
1101111111111101101
108
11111010001110111011
189
10111111111111111100
130
10011111111011111101
56
1011111111111101011
183
11111101111111001111
105
11111111111110110110
53
11011111111111110110
71
10011100111111111111
147
10110110111111111011
115
11110111111110110111
69
1111011111101111001
18
11111110111101111011
70
11111011111111001111
48
11111100101111111111
54
11110101111010111101
195
11011111111111111100
86
10111110111111110111
103
1001111101111111111
197
11111111011111110101
6
10111111111111011110
30
11111111101110111110
118
1110110110111111111
87
11011111111100110111
59
11111011111011110111
5
11110111111100101111
164
10111110111111101100
143
10111111110111111101
55
10111111111010001111
143
1111110111011111111
197
11011111101111101111
108
11101111111111111100
91
1111111011111110111
38
11111011011111101110
144
1111111011111111101
32
11101011110111101111
49
111110001111111111
32
11001011101011011111
89
1111011111111111011
70
10011001101111111111
81
10111111111011110111
9
11111101101011111111
86
11011111110100111111
146
11101111111111101011
113
11101111111011110101
172
11111111100011111011
185
1111101111101110100
89
11111110111100111011
111
11011111101111001111
147
11100111111101111111
118
11111010110111111111
171
1111111111110101111
36
10111110101011111111
196
11101111011111111011
103
1110111001111110111
49
11111111011110011111
161
11111110111011111110
22
11110101101111111110
58
10011111011111001111
105
11011110111101111111
155
10110111111111101010
47
11100111111111111100
45
1111111000111111111
34
11111111111110011110
67
10001111111110101111
7
11111110101101110111
161
11110111111110111110
35
11111101011111011111
172
11111111110101011110
70
11110111110101111111
80
1011101111101111111
71
1111111111011101101
173
1100111001111011111
99
11111111110111111010
179
11111111100110111111
47
11101111011111111110
174
11100110111111111110
127
1110111111011111111
46
10111111101111100111
172
1101111110111011111
19
11111011010110011111
1
11110101111111110110
73
10111111111010011101
51
110110111111111111
116
1011101111111111111
156
11101111111110111011
136
11110100101111110111
68
11111011111110110011
9
11100110111111001111
37
11111111100111111101
101
11111111111100111110
133
11111101110111011100
87
11110111011110111111
40
11110110110111111011
154
111011110011110111
3
11111111110110110110
54
11010110001111011011
98
11011111101111110111
195
111110111111111011
164
10011011011111111111
99
10111011111111110011
178
11111111101011011111
194
1011111111111110111
161
10011111011101011111
63
1011111111110011111
124
10011101111011111111
60
11111111010111111110
68
11011011111011110111
55
10101111111011110111
120
11111111111111001011
37
11011001111111111101
65
111101110111011111
126
11001111101010111010
2
10110110111110111111
112
11111111100111101111
83
11111010111101111111
27
1111001101111111111
119
10111011110011110111
81
11111111100011111111
77
10111010111101011111
166
10111110011011111111
183
1111111011111101111
4
10111101011011111111
179
10111111011101111101
23
11011111111111010111
117
11111110111111011101
78
11111111011110111110
138
11011110111111110011
195
11111110111111101010
13
1111111111110010111
41
11111011110011011111
11
1110011111111011111
194
11101011101111110111
66
11011110111100111101
166
11111010011101111111
139
11110111001111111111
61
11101111111110110111
174
11110111011110101100
28
111111100111101111
191
11111111101111011011
142
11111010100111111011
193
11011101010111111111
148
11111111111101110011
139
11010111110111011111
114
10100111111011111010
90
11111010111011111101
68
11111110111111111
88
11111111111100101011
14
11111110111010011111
15
11101111111100110111
52
10110111111101011111
180
10111110111110111011
146
1111111101101010101
143
11011101111111001111
170
11111111001111011101
187
1111111111111010110
186
11011101011111011111
51
11000111111111011101
45
11111011111110111011
47
1111111111111100111
89
101011011110111110
77
1111101101101111110
81
1111110110110111110
20
10011111101111111111
177
11111111011101011111
41
11010111101111111110
55
11110111111101111011
31
11111101001111111111
170
11110111111110011111
122
11111101001111110111
63
11111111101111101011
12
11111110111110010111
184
10111111111111011010
106
10111100101011111101
22
10111110111011111111
137
11011011111110110101
117
11111011110111011111
101
11111111101111010101
37
10110001111111111101
200
11011111111110011111
96
11011101111011110111
194
10111111111110111110
21
10111111111001111010
146
10110110111011111111
123
111111111101111111
143
11111111001100111111
61
10110011111111101101
182
11111101011110111110
98
11111110011101001111
169
1111110111111101111
57
10111011110110111111
79
11111011011111111011
38
11100111011010011111
61
1111101111001111101
164
11010110111111011111
96
10101001111111111111
80
11111100111111110011
187
11111111111011011011
194
11111110101110111111
13
1111011111001111111
98
11011111110111110111
100
11101111011011110111
148
1101011101111011111
113
11001111111100111111
106
1111111111101001111
17
11011111100011110111
122
11111111000010010110
82
11110111101111111000
17
1111111001111111111
73
11111111011101110111
4
11011011111111111011
164
1110111111101111111
49
1011111011111101111
16
11011110111111100101
1
11111111011101010110
21
11010111111111101101
104
1111011111101111110
181
1101111011011111100
89
11111010111111011111
90
11010011111110111001
71
11110011111011111110
146
10100011010111011111
15
11011111111101101111
59
11110011111101111111
73
11010011111110011011
78
1111111101011111111
33
11010011110111111001
177
10111111111011110110
117
1011110111111111101
64
11011110101111111111
87
11011111111010111111
56
10101111011110001110
167
11111101111101111011
4
10111111111001111110
157
101111111011111111
1
11111111100111110111
125
11111101110111011111
88
11111111110111100111
13
11011110111111101110
120
10111101111111111011
65
10101111110111111101
141
11110111011111011011
60
11111110110111111110
60
10110111101111100111
137
10111101111111011111
93
11101111111111111010
160
11110111111111011011
186
10111111011011110111
142
1001111111111011111
121
11111010111100111111
89
1011111010101111011
163
11011110111011111111
64
11111111111101111010
110
11111111101101110111
100
11111111111101111001
2
10111111111011011011
55
10111011111011111011
164
10110111111011101111
87
11110101100101110011
187
1111111101101111100
142
11111100101101111101
5
1111110111110101010
48
10111011101111111111
18
1111111101110110111
177
10111111011110011111
19
11111001111111111110
36
10110111111101111101
127
10111001010111111111
83
11111011111001111111
122
11010010111111011111
142
11011111111100111101
39
11111011111100100110
64
11111101111101111101
108
10111101101111101111
91
11111111101001111011
19
11111111001111110111
146
11101001111110111111
73
10100011111111111111
50
11111101011111110001
107
11111111111101011110
10
1101101110111011111
171
11101111111110100111
140
11011111111011101011
18
10101110101111111111
57
11111010111111101011
116
10001111111111110110
28
111111110101111111
9
11110111111111011110
90
10110111111101111011
73
11111010111110110111
106
11111111001111111101
164
1111111111101111010
179
10111011011111111111
110
1011011110110111111
157
11001111111011101001
132
111101111111111111
99
11101110111111110111
136
11111111111100100111
158
11111111001110011101
171
11011111011111101111
90
10111101111111001010
142
11111111111101110110
93
10101111111111110111
161
11001111110011111110
174
11111101111010111110
60
11101011111111000111
34
11111111110111110001
74
11001101111011111110
153
1001111111111111010
105
11011111011111111100
189
10110111110111111111
198
1000111111111111111
54
11111001111111011110
13
11101110011111101101
110
11010111111101110111
137
1101011111110111111
97
1101010111111111011
15
10110011110101111111
177
11111110101111101111
187
1111111110111101011
71
1110111011111101100
89
10101111101111110111
158
10010111111111111111
61
1101111011010111111
147
11110110111011110101
45
11111101110111111110
120
10110111111110111111
10
11110110111111111110
106
11111111110101111110
128
10110111111111110111
68
11111110010111111110
70
10111111111110110011
160
11011111100011111111
115
11110001111101111111
196
11101111111111011011
67
1111101111101111011
6
10111011111111110110
111
1111111001101100111
73
11111111101101111
47
1110111011011111111
65
11111110101111111110
21
10111101101111111111
82
11011110111111111100
14
10111010111001101101
194
11111111011100111011
192
11001001111111110111
91
1010001111111110101
69
10111111110011010101
139
11111111111001101111
54
1101111111011101111
173
1111111110111111100
112
11111001110111111111
112
10111111101011011111
191
11101010111111111111
159
11011111101011111111
109
1111110111011011111
122
11111111001111111010
116
1101110111111111111
188
11110100111111011111
54
11011110101111011111
113
11100110111110111110
161
11101101101001111111
119
10001111100111111111
18
11110111101101111110
62
1100110111011111111
146
1111111111001111010
9
11101101111011011111
96
10011111110111011111
163
11111111111011011100
33
10110011111101111111
162
11111011101110111111
179
10011111011110111111
175
10111111100111111110
198
11011111111011010101
123
11101011111111110110
161
10101101111101111111
158
11011111111101110101
119
10111111011111010111
40
10111111111110001110
160
1111110111111111100
63
11111111101110011111
180
10111110111101011111
134
11111111110110011011
19
11111010101111111111
108
11111111010001111111
62
10111101011110111101
23
1111111111111110011
71
1101111011111110111
146
11110111010111111011
96
1111110111100111111
27
10100111111111011111
72
11011101011111111111
12
111010110011101110
76
11111101011111111101
52
11110111011111111011
74
11101111110011111011
196
1111110101101111111
17
11100111101111111101
32
1111110111111111101
4
11101111011011111111
166
10011010110111111111
180
1111110110100111111
107
1011111111001111110
178
11101111100011001111
187
11111111111111000110
119
11101110011111111111
76
11111100111111011111
2
11110111011111111010
141
1011111111110111111
97
11110001111111110111
39
10111111011101111010
23
10111010111111011111
116
10111101111111011011
1
1111111111011110111
177
111111111010011111
137
11011110111111011111
166
11101011101011101111
121
11110111111111111100
74
11110111111010111110
1
10111010011111111111
153
11101111101011111101
38
11011110011111111111
19
10011011010111111111
82
11111111101100010111
130
11110011111111111011
145
11111110111110111011
80
11110101111111101011
8
10101111100111111111
159
11111111111101010011
73
10111011100111111111
40
10111111001110011110
67
11110111100110111111
57
10101111111111111010
135
1111011101111110111
191
11101111111111100111
111
11111011111001111001
152
11111100111011100111
77
11101101011110111111
98
11101111011101111111
164
11000111111101110101
33
101111111110111111
15
11011111011101111111
44
11111111111111010110
58
10101111111110111110
137
10111110101101011111
49
11111101100111111111
43
11011111111110110001
187
11010111111000011011
186
1111101011111110111
114
101111111111110111
176
11111100010111111111
60
11101111001111101111
10
11111001111111111011
111
1111110110101111110
141
10111111011111110110
4
1111111110101110111
6
101111110011101101
28
11110110101101111111
38
1101111111110111101
24
11011011111100111111
87
11111110111111001111
118
10111011111111011101
140
11111011001111111111
45
11111111111010011111
168
11111001011111110111
131
11011111111101001111
115
11101111101110011111
138
11011001111111111011
149
11101110101001111110
25
11111111111010010111
153
11101101111111011101
170
11001111011111101101
47
1101011111101111111
146
11011101110111011111
71
10111111101111110111
11
1101011110111011111
40
11111101111010111010
86
1111001011111011111
106
11011111011011101101
4
11011111111101111010
54
10111110111001111110
196
10111101111011111011
134
11111111110110110011
112
111111111011111100
1
11111111111010011011
16
11011111010101111111
56
1111101111111011111
137
101111111111111111
35
11111101101011101111
40
10111111111111110110
140
11011110011111101111
174
11111011101011111111
169
1110011110111111111
13
1011011111111111101
162
1111111110110110111
171
11111111010110111111
197
101111100111111111
142
11111111110110011110
7
1111111110110010111
155
11111101010101111111
191
10110110011111111111
12
10111111111111010110
112
11111110111101111101
116
1111111110111110100
154
10111111111110110101
167
11110101111111111011
150
1011111110001111111
67
11111110111011101110
169
10111111111010011111
75
11101111111110111101
34
10101110111111010111
52
1101111111011111111
43
1111101111111111001
47
11110011111111011111
140
1111001101111111110
182
11001110111011111111
118
1101111011110111111
160
1011111111101011011
123
11111011111101101111
28
1011111101111111111
197
11100111111101110111
187
11111101111010111011
185
10110111100111111111
168
11101101111101111100
163
11110011111111111101
175
10101111011101101110
195
10011111111110011011
40
1110011011111111111
170
11101111111010111111
69
11101101111011111111
162
11101110110111111110
172
10111111110101010111
189
11111111110101100110
131
11111111110000101111
59
11101001101111111011
190
11111011110001111100
108
1011011111111011010
140
10110111111110101110
132
10110111101011111111
181
10011111111101111100
10
10111011110111111101
71
11111110111111001110
126
10111111110011111101
62
11101111101111110011
137
11101111111110111110
115
11111111111011010110
5
11101101111111101011
105
1010011111111111111
93
1111111011111011111
153
1111101111010111110
164
10111110110011110111
92
10111011111001011111
77
11111001110111101111
155
11101010111011011111
147
11111101111010101110
154
11010111111101111010
7
11100111111111110110
83
111010111111101011
19
11111011111101011100
183
11011111110101111111
154
11110101111011111111
51
11111011110111111
92
11111011100111011111
121
10001110101011011111
7
10111111101110111010
94
11011011111011111101
5
11111110110011101101
109
11111101111110010111
73
10100111111111111101
165
11011101111111111101
169
11110111101000111111
189
11101111111111011100
187
11111111111110101101
22
11101010111110101111
103
1110110111111111011
185
11110001111111111111
53
11100111001011111111
41
10111011111011011111
160
10010111101111111111
183
1110101110111111111
134
11110111110011101111
43
11111111110101011111
149
11110111110110111101
155
1111111111101101111
3
11111111111110110011
127
1110111110111111011
50
11111011110000111111
19
11110111101111011101
101
11111110111011111010
179
10111011011111101111
74
10111111111111101011
31
1101100101011101111
112
11111011001111111110
154
1111101111111011001
73
111010111111111111
166
11100101111111110101
99
10011111111101011001
19
11101010111111101111
40
11011111111001110110
77
11111011101111111000
191
10111101101101111111
12
11101101101111011111
149
10111110111111101110
10
11001111111111110101
140
11110111001011011101
138
11011011111101011111
13
11111000111011111110
195
11101101111110101100
93
11011110111101101111
68
1110110111111111100
9
10111111011110111111
116
11101111101101111111
35
11110101011111111110
57
10111111010111011111
94
11111111101101011110
170
1111000111101011111
83
11111111111111010100
31
11001111011011111111
164
11110111111111101110
152
11000011111111111111
31
11111101111011110101
159
10101111111111101111
140
11101111111011111110
150
11010010101111111111
166
11111011111010111010
72
10110111111101111100
2
1011111111011111110
146
11000111111111011111
24
10110111111101011101
90
11101011011110101111
124
10111111111101100101
19
10110111010111111111
192
11111111011011001101
46
11111011110111110101
170
10101111110111111111
57
11011111111110010111
121
1111101111111111110
123
10101010111111111111
197
10011111111111101110
138
11111100001111111111
133
11111111100110101111
138
11110111011111101111
72
1111111011100111111
184
1101100111111011010
142
10101111101111111101
99
11011100111111101011
165
1111111011110011110
21
111101111111110111
98
11101111111111001111
100
11011110111111111101
81
1011001111111111111
16
11101011011111111111
24
11111111011111101100
180
11111001111111011111
99
1111111101111110111
192
11111011011111110101
170
11111111111100111011
57
11111111011111011101
84
11111011110100111111
12
11111010111110011111
118
11101101110111110111
157
11101111101011111111
86
1001111111111111110
97
11101111011110111111
147
1100111111111111101
11
11111111110110101111
163
11110111101101111101
29
11100001110111111111
7
11111110100111111111
16
1011110111111101111
53
11111111001110111011
123
11011110111111001110
101
11110110011011111101
133
10111111011101111011
74
11101110111101111011
157
1111111111110011111
179
11111111111000011111
132
10111111110010111111
69
11101111111111110011
119
10011111111111111100
38
11111111110110001111
103
10100111111011111101
129
11111101111110111011
17
10010111111011111111
146
11101101011111111111
84
1101100111110111111
103
11010111101111101111
139
11111111100011101111
179
11110111010101111111
56
11010111111111101111
2
11011011111110111011
194
11111111011011111110
48
10010111111111011111
131
11111001111011111011
92
11101111001111111110
176
11101111110111011110
24
11111111011110110111
10
1111111101011010111
13
11111101011011101111
48
11011111111111101110
141
10111101111111111110
101
10111110110111110111
48
11101111110111100111
29
11111011011110011111
36
11101011110111101011
24
11110100111111111110
151
111110011101111111
135
11111011100111101011
101
11001011111111111101
32
1111111110111011011
162
1111100110011111011
142
1111111111001011111
52
11011110101110111111
135
11110101101101101110
1
11111110011011111111
21
11100111110111111101
178
111110101111111111
15
10111101110111111111
103
10101011111111101110
24
11110111111101001111
27
11111110111011110011
11
11110111111011111100
116
11111100111111110110
165
11111111111110011100
196
11101011100111111111
143
11111111100011101011
57
11010111111110111011
88
11001011111111011110
93
1101111101111111111
166
11111111011111111001
178
1110011101111111111
18
11101111100011111110
90
11111111111110001100
69
11100111101110111111
49
11111011111111101110
119
11111011110111111011
58
1111011111110101111
115
1110111111101110111
10
11111101101111111110
71
1100111101111011111
113
10111111111111011101
17
11111111101110110110
188
10101111101011111100
128
11111111111011111001
36
11101111101111111101
95
11101111011111110101
41
1100111011111111111
27
10101111110111110101
24
1011111111111011110
80
1111111011110111101
34
11101101100111111111
54
10111101101111101101
72
11011111101110111111
126
11110111101111010111
199
10110111011111110111
91
10111011111011111111
36
11111011011001111101
82
11110101110011110111
54
11111111111011101110
116
10111101011111111111
107
11011111011110101011
41
11101101111000111111
98
11111011110111001111
192
11110110111101110111
18
11111111110010111111
151
11101111111110011100
125
11110111010011011111
87
11111111010111110110
159
11111101111101111001
29
11011111111101100111
68
11011011111111101101
128
10111100101111111111
170
11001111011111101111
132
11111111010010111011
88
10111001110101101111
43
11001111111110111110
146
11111111101110111101
2
1110110111111111111
128
1011111011111111110
80
1111110101111110111
180
10010111111011111101
85
11011111011011111111
122
1100111110111111110
159
10111001111111011111
70
10101011110111111111
139
11101011011110111011
145
11011011011111111111
153
11111011011011101111
77
11111110110111111011
188
10111101101111111101
86
11011011111011111111
187
1111111100111111111
72
1111100111110111011
200
10100111110111110111
49
1111010111111101111
57
11110111001111011111
121
11011111110111110110
192
1100111111111101111
20
11111011110101111101
43
10101111011110111111
125
11011110111111111011
27
11101101101111111011
142
10111001011111111111
100
11110011100111111010
180
11111101111111000111
145
1011111011101111010
147
110111111101111111
173
11101011011011011010
197
1101011111111110111
82
11110110111111111101
120
10111111111011101111
55
11111101111110110101
172
11001111111101111011
150
10111111101001111111
177
11111001101111001111
65
11111111111011011010
147
10111111101110111011
14
11111110111111111010
138
1101110110111101011
154
1110110101111111011
53
1111110111111101101
194
11111101011001011011
189
11110111111110111101
66
11111111001010110111
187
11111011100111111110
21
11011111111111010110
89
11111110011100111111
135
11111001111111101111
188
11111110111111000101
152
11011110111110101101
15
11111010111101111110
136
11101101111110111101
52
11111111011111100111
104
11110111101111111100
171
10011011111110111110
35
10111110110111100111
175
11111111011110110011
51
11101111111101101111
110
11011110111111100111
194
11011111111111100011
3
10111111110111011011
152
10111011110101011001
54
11011111110110111111
24
111011011110111111
61
11111011101111101111
148
11001110111111111010
100
11101111111011011110
2
11001111110111111111
34
10110110011111011111
82
11111011110111110110
87
1111001011111110110
9
11011010001111111011
136
11110011101111111110
100
10111011111101111000
196
11111110110111111010
115
1111011111000111111
187
11111100111110011111
158
11111100010111111001
141
11101111111011111001
15
11101011111111011110
92
10101110111111111111
167
101101111101111111
119
11110110111111101101
72
1111111111000111101
81
10111111110111101011
113
10011111111011101111
173
1101111111111100111
181
1101111111110101111
11
1101011011011101111
176
11111111000111110111
171
11111111011011110111
132
1111101111101101111
103
11111110101011111101
74
11111111011101110011
21
11101111111110111010
53
11111101101111110011
35
11011011100111101111
137
11011111101111101110
107
11110110111111110100
117
11111111111011001111
133
10111110010111111110
146
10110101111111111111
90
11011111111110100111
160
11001011111110111111
126
111111110100011111
191
11111100101111110111
150
11110101111111111000
130
1111111101111011100
179
11110111011111011111
183
111111111111110001
183
11111111111111000101
97
1101001111111011011
177
11101111111111010101
62
1111111001101111111
140
11111111110011101001
63
10110101101011111111
191
11001110111110001111
100
1110111111101111011
144
11001111111101111111
135
10110011111111110111
83
10111100111111111101
136
11110111001111111101
132
11111000111101111111
5
1111111111111100101
187
11001100111111111111
163
1110101111101101111
72
11111110111101111110
70
11101111110101111111
54
11111001101101010111
55
11111111111100011111
198
10111011011101111111
117
1111111011011111101
89
11110111111111110110
191
11111010110101111111
120
11111101111111110011
50
11111110111111110011
86
11011101010111011011
2
1101101111111111110
199
10110111101011111110
135
10101111111111101110
41
11011110111111111110
152
11011111101101110011
20
11111101111101110111
113
11011111101110110011
185
11101101111111101101
43
10111110111111101001
124
11111111111101001111
139
1111011101111111011
75
1101111111110010111
136
110111111111111111
173
1011110101110111111
169
11111001110111110111
41
10111111110111010111
130
11111001111111001111
196
11111000101111111111
169
11111111111101011001
146
11010011111011111111
1
1011111100111110111
105
111111101011110110
151
11111111111010111010
24
11111101111100101101
152
1101011010111111111
197
10011101101111111111
167
11111111110011100011
150
1111110111101111110
112
10110111101111111111
147
11111011111111110011
197
11011111001111011111
23
11101101111111111011
25
10111011011110101111
97
11111011011110111111
1
11100111011011111111
20
10111011011111111011
180
11011111111101110111
155
11100111111011111111
111
11111011111110100111
26
10111011111111101111
71
11110001110111111011
2
11010101111011111111
190
11111100101111110110
69
11011110111111101111
44
11111010110111011111
156
1111111111111000111
3
11111111111110110010
167
11011001011111101011
86
11011110111111011101
2
11111101100111011111
20
11011110111111011011
109
10111011111110101111
173
11100111111010101101
86
11010101011111001111
99
1111111111101111100
38
10011011101111110101
196
1111111101111111010
176
11111110011111110101
39
10110111101111001111
43
111111110111011011
194
11111101110111111011
98
11011111111110111100
184
11111011011111011011
115
10101111111011111011
2
11111110111111100111
51
1111111101110101111
109
11111011011110111011
125
11111110110100111111
158
11011111111110111001
169
1011111001110111111
105
11101001111111111101
183
11111011101111010111
73
11111011111001111110
93
11111011111110111100
50
1101111101111111011
139
11111011111110010110
138
10111111010111111011
103
10011111111111011110
103
11000111101111111111
20
11111110010011111111
87
11111111110111100101
160
1011111111011111111
150
1111011011010111111
173
11111111100001100111
105
11111111010101111101
17
11110111101010101111
196
11111110111101111001
42
1111010111111110111
146
11111111111010111001
63
11011110111011011111
59
111010111111111110
120
10111111110011111111
194
11111110111110111110
88
11111101111110011111
103
11111101110001110111
4
11001111111111101111
195
1110110011111111111
155
10101101011011111111
154
11101011111111111011
9
11011011111111111110
192
11011111111100111100
24
11011111011111110011
39
11111111011101101101
37
1111111111010101110
121
11011001110111011111
14
11110101111110111011
179
11110011111011011101
5
1111111011101110101
95
11110101100110111110
127
11101111011111101101
24
11011111111110101101
31
1011011111110101111
52
11011111111111111010
39
1111101101011101101
9
11011111110110111101
7
11111101111011011011
26
10101110111011101111
139
10100111101111101111
92
11100111100111011111
134
11111110111101110010
24
11111101101111111101
7
10011011111111111111
139
1010111101101111101
4
11111101110101111111
3
11111011011111111010
152
11111111101110100110
112
11101110111010111111
128
11111111111111100001
43
11111111111001010111
5
10101111011111111101
119
11110111101110101111
133
1101111111111111011
134
11111110101011111011
12
11111100011111101111
61
1011111111111111100
37
11111111111111100110
82
11110111111111111001
47
10111011001111111111
154
1110101101101010111
80
1110110110100111111
61
1111111101101111110
183
11101100111111111101
41
11111111000111101101
157
11110011011111111111
165
11110110101111110111
76
11111110111111011011
120
11111011010111111111
150
11011111101001111110
47
1111011111100111111
164
11001111110111101111
89
10011111111001110101
159
10111101011111111011
108
10111111111101110100
67
11111101111101100110
52
10111101111011110111
178
11010111110110101111
48
11111101111001111110
194
11111010111111111011
28
11110011001111011111
184
11100011101111111011
100
1111101111111101011
171
11111101111110101111
70
10011111111101111111
103
10111110110001111111
54
11011100101111111111
158
11111111011111101101
35
11111011111011111101
191
11101111111111111
168
10111111011111101011
45
1110111101111111100
118
10001111011101111111
69
11111101010111101100
128
11111111001111001111
48
11100111110110110111
83
1111100011110101111
170
11110110011111111111
125
1111011111111110011
190
10110111110111111011
54
11110111111101101111
158
10111111111011111001
160
11111011111111101100
41
11110111111111101101
57
11110111011101100110
6
11111111101110110011
61
11101101110011111110
157
11110100111001111111
3
1111110011111111101
154
1110111111001110111
93
11110110001111111110
170
11111111111011100111
70
11111111100100111011
51
11011111110011111010
79
11101111101110111011
93
10110111111111111101
197
10111100011110111111
47
10101100110111111111
78
111111101111111111
1
11011010011111111111
168
10110101111011111111
18
11111110111101100111
188
11011111111110011011
164
11100011111101111111
42
11110111111110010111
155
11010111001111101111
170
11010111111111010110
72
10101110001111111111
77
1111111111101011101
141
11110111111101111110
110
10111110110101011011
28
11111111011111001011
101
11101101111011101110
102
1111111011110111111
188
1111100111111101111
99
11110010111111110110
77
11100111011111111100
199
1111011111110111101
188
11010101111111011111
58
11111101111110011101
171
11111011101100111111
33
11111111011101101110
165
1111111010110111011
126
11000011011111111111
25
11111100111111111101
96
10111111010111011101
6
11010011101111110110
101
11111100101011111011
60
11011011111111000111
199
11110111111001111011
199
11111111111001011011
50
11111110111100101101
192
1111111111111101101
154
11110111111011101111
185
11011111101011101111
184
11110111101111111011
75
11111110010111111101
43
11111111111110001101
125
11111010111101101101
143
1001111001111111111
10
11111011101011111110
144
11111101110111011101
58
1011111110101110111
9
11110110011001111111
180
10110111110111111000
192
11111001111110111101
18
11111110101101011111
95
1111110011111111111
120
11111101111011111011
184
10111101111111111001
123
11111110011111011110
16
1111111101001111111
39
10101111111101111011
182
11111111001011110110
137
11111101101001101111
108
11101111110101011011
198
11111011111011111011
44
11111111011110111100
43
11110110111111100011
150
11111110111100111111
186
10111111110111111010
113
11111110111101001111
80
11111111110111001111
35
1111010110111111111
126
11001110111101110111
79
1111111010101111111
53
11110111011101101101
120
11001111101111111111
29
11111111101010001111
173
11110111011011011111
63
11110110101111111011
184
11001011001011100111
111
11111011101111111001
158
11101111111101011011
161
11110011101111111111
136
11011111111111011011
178
11111111101101101101
148
1110100111111011111
20
1111001111001011111
6
11110110011101111101
42
10111111111101110110
33
11111011110111011110
193
1111011110110111101
145
11111100111001010111
113
11101011111011011111
17
11111101110111100101
64
11011011111011011111
154
10110111111101101111
20
11111101111111100101
89
11110011111111011110
152
10111101111101011111
61
11111111101111110001
152
11111101100111110011
90
11010111011111111111
36
11111111111001101101
133
11101111101111011011
18
11110101111101110111
22
10110011111111011111
23
10110111111011111101
90
11111111111110000101
112
1111110111101110111
187
11110101111100111111
171
10110111110011111111
56
1111101111010111111
105
1011111111111110110
74
11110111011011111101
141
11010111111101100111
36
11101110111000111111
1
11101110111001101011
148
10111111101100111111
170
10101011110101111111
159
1101111111011111101
23
110111111111101011
90
11110110111011111101
87
11110110111111010110
123
1110000011111111111
92
11011111110101111101
51
10111111110110011111
162
10111101001111111011
56
10111111101101000111
64
11111110011111111101
42
11010111011011010111
129
11111110101110110111
25
11101111111011101111
21
10110101111100111111
158
1011101011111100111
79
11111111101010111110
190
11001011111101111111
19
1011111111111010111
138
1001111111111111111
199
11100101111011111110
153
1111111101111011101
175
11100110111111111111
200
11111011011111111100
130
11110111111001101111
172
10110110110011111011
108
11111111100100111001
140
11110111011011111111
144
10111101111110111110
6
11100011111111011111
125
11101111010011111111
25
1111111101101100111
187
11111111100111110101
33
1111110101111111011
118
11101111111111101110
21
10101111011111111111
12
11111111011111110010
117
11110110011011111110
55
1111111001110111111
150
11111111111011110101
191
1101111111101111110
155
11101110111111111001
14
11111011010010111111
167
1010101111101111111
98
111111011101111111
200
1001011101111111111
83
11110101100101111111
155
11101111101101111101
129
11011111111111001101
18
11110011110111101111
164
1110011101111111011
61
10111111101111011110
97
1101111111111011011
87
11111011111111110010
52
11111101110010111111
68
10010011111111111011
81
11110011011101011011
159
11011111111110101011
65
11010111110111111011
80
11111111101010101111
103
111111111111011010
4
11001011111101101111
162
11101111101110111101
194
11011101001111111101
28
11101111111111110101
24
10111111101110111111
66
11101111011111001111
174
1100111111110111111
114
10101111011100111011
133
11111011100110110111
105
1111111110111111101
127
10111011100101111111
124
11011011111101101111
175
11011101111111100111
179
11001111101111111110
130
11110110101111111101
160
10111111110010101111
119
11111110000111111111
117
11011001011111101111
159
11101101111111111101
17
1111110111101111001
24
1011011011111110101
27
11101110111111011011
140
1101110111111111011
113
11011111111011011011
150
11111011011110010111
117
11111110111111011010
82
1111111111011110011
154
11011010011110111111
39
11111111101101101110
155
10111011001101111101
129
10111010111101110011
67
10110111011111111110
121
11111100101011101111
132
11111111111110111010
125
11111111111110100101
36
11101001111111110111
36
1111111111111101110
6
11101101111101101111
150
10111101110111111110
38
11111011111101010111
130
1111111111111011110
199
11110110110101110111
87
11111001111111110101
141
11111111001110011111
183
10111111111111010111
40
10111011111111010101
153
11011011111101111110
43
10111111110011111110
82
11111101111001111111
85
11111101011111100111
24
111111101110101111
33
1111100111110111111
108
11011111111111100110
99
11110111011011111011
32
111111111110111110
195
10101101101110111111
10
11111101100011111111
11
11111111110110111010
6
11111110110110111110
85
10111011111100111111
64
10111111011101110111
35
11011111111110001111
139
11111111001111101001
121
11101101001101111101
37
1111110111011101111
82
11101101111110011111
97
11101101100111111011
146
11011010101111111111
77
