20 500
11110111111111111101
152
11111111111111111111
195
11101111111111111111
151
10111111111111100011
118
11111011111111111011
92
11111011110110011111
173
11111111110111111111
166
11011111111111111111
58
1011111011111111111
118
11111111010111111101
84
11111111111101111110
61
1111111101111111111
200
10110011111111111011
58
11111011111111011110
49
11111111111111111101
167
1111011111111011111
200
11111100011111011111
19
11111110111111101111
13
1111111111111111111
5
11111101101111101011
82
11111111011111111111
197
11111101011011111111
146
11111110111101111111
192
1111111111011011111
194
11101111110111111111
173
11111111111111101111
188
1111101110111111110
172
11111111001110111111
70
11111111111111111011
191
11111101111111111110
69
11111101111111111111
67
10101111111101101110
156
11110111101111101111
60
10111111111110111111
66
11111011100111111111
106
11111111111110111111
129
11011111011111111011
180
11101111111101111110
197
1111111101111111101
95
11111111111100101111
192
10111111001111111011
141
11111011111111111111
190
10111101111111111111
43
11111111111011111111
59
11111011011111111111
123
11111101011110111111
136
1110111111111110111
52
11110111111011111101
85
11111111111111011111
36
11001110111111111111
145
11010111111111111111
175
11101111111111110111
171
11011111011111111110
26
11101110111111011111
92
11011111111011111111
15
11111110111111111111
186
11111111110111111011
6
11011111111110110111
39
11111110111101011111
40
11111111111100111111
58
11101001111111111111
159
1111111111011111111
66
11111111111101110111
127
11101111101111111110
121
11111111110111101101
78
10110011111011100110
4
11111111111101111111
55
11111110111111110101
73
11111111111111111100
53
10111111111111111111
109
11101111111110101111
4
1111110101011011111
171
10100111001111111010
43
11111111011111010111
180
11111011111011111111
135
11111011111101011111
114
11111101011111111111
193
11111110111111011111
18
1111111111111111101
48
11111101111111101111
78
11101111110111110111
35
11011101110111111111
47
11111111111011011111
35
11111111111010101111
58
10111011111111111111
148
11111111011111111101
21
1111111101111011111
151
11111111111110101110
34
11011011111111111101
173
1111110101011111111
70
11111101111111011111
179
1101111111111111111
119
11111101110111111111
93
10111001111111111100
99
11010111110111111111
92
11111111011111101111
122
1111111111111101011
192
11110111110111101111
98
11110111111100111111
61
11111011011111010111
199
10111111001111111111
123
11011111110111111110
26
11110111101110110001
136
1101101101111111111
68
11111111111111110111
59
11111111111100111101
158
11111111111110110111
117
11111011111101111110
121
11011111111011111110
65
11111111101111111111
161
11110011111111111111
59
11101101111111111111
133
11111111110111111110
43
1101101111110111111
162
1011111111111101111
86
11101111111111111101
170
11111111101111111101
200
10111111110111111111
148
111101101111111111
15
11101101111110111111
187
11111110111011111011
133
1111110111100110110
143
11111111111111000111
172
11111011011101110011
4
11111111001111111110
129
11101110111111111111
92
11111110111110111111
165
11011011101111111111
158
11111101110111110111
160
11111111111101111101
191
11111111111111101010
9
11011011101111111101
104
11111111011110111101
71
11111111101011111011
117
11111111011111011111
181
10111111110111111011
178
11110111111011111111
126
11101111001111111101
136
11111111011110111011
86
1111111110111011110
54
10111111111111111101
110
11111111101101111100
140
11011110111111111111
17
1111011111110111111
177
1111101111111111111
100
11111111111111111001
111
11111111110111101110
149
11111111111111100111
50
11110111101111011011
37
11111011111110111111
181
11101111111101111111
107
11101101111111011111
114
11111111111011101111
16
11111100111101111100
150
111111111110111111
199
11111111111111010111
175
11101111111110111111
65
11100111111111110111
51
11111111111111111110
198
10111110111111101111
16
1111101011101111111
48
11111111111110011111
95
11010111111101111111
136
11111100111111111111
57
10111111111111111011
155
1111111111101111101
140
11111111111111110110
108
1111111111111011101
36
11111111111110111100
62
11111111111011011110
55
11111111111011011101
39
10011111111111110110
64
11111111100111111111
119
11111101011101111111
124
1111111111011111011
12
11110110111111111111
194
11111111111101011101
59
11111011111111101111
124
11101110111011111111
139
11111111101111001111
197
11110111111001101011
22
11011111111111111001
147
11110110111111110111
128
11111110101111111111
81
11111111110011111111
10
11111101111111111101
194
11111111101111110111
191
11111111110111110111
91
11110111111111111111
118
1110111111111111111
110
10011111111011011111
34
11111011111011011111
162
1111011111111101111
149
11111011011101011111
5
11111111001111111111
104
11111111111110101111
193
11011111111110111011
139
11111111110100111111
193
1111011111101111011
73
11111011111111111110
89
10101111111011010111
175
11111100111010111111
119
11101110111011110110
63
11111100100111110111
113
11111111111100101110
183
11101111011111111101
40
11111111111011111101
20
1111111011011111111
99
11111111111101110001
3
11111110111111111100
42
10111111111011111110
78
11101111111011111111
56
1111101111011011111
97
10111111111111111001
64
1111111110111111111
53
11111110110111111111
123
10101111111110101111
139
11111111111011111011
145
10111111110101111111
184
10111111111101111111
87
10011011111111011111
3
11110011101110111110
2
11111111111101101111
189
11111111111111110011
119
11111101111111111011
109
11110111111101101011
71
1111111111110111111
35
11111111111111101011
185
11111001111111011011
153
11110101111111110111
24
10110111111111011111
47
1111011011110111111
104
11111111101110111011
60
11101111101101011011
161
11110101111101101001
46
11100011111111111111
116
11011111111111111101
93
11010111111011111111
131
1110111111111101111
71
11111111111111110101
35
11111010111111111111
42
11110111011111111111
129
10111111011111101100
165
111111111111111111
196
11111111111001111010
90
11111111111110111110
147
11011111111011101111
6
11110111111101111111
25
11110110111011111111
122
11101100101111111111
52
11111101111111110111
38
11101101111101111011
193
10011111111111111111
125
10111111111011111111
66
11111110110111111101
19
11011101111010111111
4
11110111111011110111
193
10111111111101101111
39
1111111111011101111
92
11111111111111011101
193
11111001110001111111
167
1111111100111101011
3
10111111111110011111
78
11111111101111111001
117
11011111111111111011
83
11111111001011111011
122
1111111111101011111
112
1111011111011111110
143
10111011110101111111
6
11110110111111011111
50
11001111111110111111
12
10111111101111111101
37
10101111111111111110
67
11111111011011111001
56
11101111011111111111
106
11111011111111111101
183
11011111111101111011
99
10110110111111111111
97
11111111110111111100
16
11101100111111111111
10
1111111111111101111
43
11011111011111101110
155
10111111111111101111
14
1111101111011111110
1
11111111111110001111
175
11111110101101111111
14
1111111111111111110
116
11110111111110111111
38
11101011111111111111
136
11111111110001101111
200
11111110111011111111
174
11011111111110111111
161
1101111111111011111
83
11011111111111011110
2
11111001011111111111
20
11111110111001111111
175
1111101110101111111
18
1101111111001111111
57
11010111111110111111
184
11111111101111111011
80
11111011111111011111
37
11111110110101111111
24
11100111101011111111
156
1111111110011111100
78
11111111011010101111
45
11111010111011111110
93
11111011111111110111
152
11111110001101111011
111
11111111110011111011
199
11101111111111101111
92
11111111111110000011
130
11111111101111111110
73
11111110011111111111
2
11101110111111101111
107
11110111111101111101
144
11110101110111111111
85
11111110111101011011
161
11011101111111111111
79
11111111110110111110
44
11111101111101111110
66
11101111011101101111
88
11110111110111111101
50
11111101101111111111
49
11111100010111011011
124
10111111111001110111
155
11111111111111101110
142
11111111111111111010
195
11011111111011111011
178
11111100111111010111
180
1111011111101111111
174
1111101111100111111
97
11101111111111011111
101
1111110111111111111
51
11111110111111011110
189
11111011011111111110
62
10101011111111101101
173
10110011111111111111
119
11111011111111111001
170
11110101011111011111
127
11111111001111011111
183
11010111011110111110
172
11111101111110101110
141
111111111111011111
98
1110111111111111101
142
11111101101111111011
151
110110111110101111
101
11111111010111111111
35
11111111111111010011
158
11111110001111110111
53
11011011011101111111
73
1111111111111111011
156
11111111110101110111
164
11111010111011110111
109
10011111111011111111
1
11111110111110101111
112
11111011111111111010
58
10111111111101111101
179
11111101111111010101
115
11101111111011110111
83
10110101111101111111
52
1111011011111111111
80
11111110011111111110
97
11111110111111111110
109
11111011111101101101
46
11110111110111111111
83
1101011111111111111
69
11111111110111101011
52
11111111101110101011
150
11011101010111110111
193
11011111111101111111
179
1111111110101111111
86
11111110111111110111
179
11111111110110111111
138
11011111110111111010
168
10111111111111111010
126
10110111111011111111
76
11110111101111111111
87
10101111111111111100
125
11110101111110111111
119
11111111011101111111
113
11111110101111111101
138
11111011101111111011
69
11010111111011011111
170
1111001111111111111
84
11100010001111111011
90
11101111101111111111
41
11001111111111111111
64
11111111011111001111
114
11111110111011101111
154
11111111101011111111
53
11101110111111111110
14
11111111010011111101
193
11110111111111011111
131
11001111100111111011
30
11111111011000111111
156
11010111111111111101
179
11011101111110110110
12
1111101110111111111
176
11110011111011111101
194
11011111011111111111
180
1011111111111111111
20
11111111011111101011
109
11011111111110101111
105
10111011111111111110
8
11110111111111111110
120
11111011011111111101
74
11101101101111111111
94
11101110100111111011
124
11101011110111111111
195
10111111111110101111
183
11111111110111111101
187
10110111111111111011
11
11111111110111110101
148
11111111101111110110
82
11011111111101011111
111
10111011110110110111
58
10111111110111011111
142
11110110111101011111
149
11111110111111111101
102
11111101011111110111
77
11111110101111011101
104
1111111110111110011
129
111111111111111011
33
11011101110110101010
88
11001110111111011111
133
11111111110011101111
101
1111111111101010111
107
11110111111111101111
149
11111111011111111011
46
11111111011111110111
7
11111111110111011111
41
1111111110011111111
102
11110111111111110111
19
11111001111111111111
197
11100101111111111110
180
11111111101111011111
77
11101111001111111111
193
10100111111110111111
76
11111110111111101110
125
10111111111111111110
66
11101011101011111111
30
10101111111111011111
166
11110011111110111111
35
11111011111111101011
13
11111111010011011111
3
11110110110011111111
63
10111111101110101111
158
11010111111111011111
16
11000111111111111111
92
11011111110111101101
118
11111111101111110101
24
1101110111011101101
163
11110111111011011111
144
10101111111111111111
150
11100111111101100111
92
11111111011110101110
190
10111001111101111111
195
11110111110001111111
140
10111111111110111011
62
11110101111111111111
123
1111101111011111011
168
11111111111111011011
9
11101011111110111111
123
11111111011100111111
74
11101111100111111111
59
11111111110101111111
187
11111111101101111111
25
11111011111110110110
141
11111101111101011111
178
11111101101111110111
145
10111111110111110111
124
10110011111111111101
43
10111111110111111110
16
1111111111111011111
180
111111111111110111
197
1110001111111111111
67
11111011111001111100
132
11110111110111111110
65
10111101111111111101
66
11111110110011111111
161
11111111101111111100
103
11111111010111111010
167
1111011111101101111
142
1111110011111000110
83
11111111011101111110
174
11110001111110111111
19
11011111111111110111
42
1111010111011111111
44
11111001111111111001
163
1111111111101110111
18
11111011110101111111
69
11001111111011111111
41
11110110110111111111
136
11111111000011110111
97
11111101101101111101
117
11101011101111111111
79
11111100111111111011
174
10111111101111110110
193
11110101101111111011
109
11001011111111100101
191
