20 800
10010001011000010101
152
11010001010101011101
195
10000101100100
151
1000011001000100101
12
10011101100000
69
1000010100100100
107
11001100111000000010
22
10011100101010101
180
11100100101000011000
102
10100001010010000111
55
1001010110001001101
131
10000101000110101
73
11100000010100100111
22
1001010000000010111
142
1010010001011010101
94
111101101011001000
42
11101100000000111101
76
10000010100011000000
139
101001001010101101
78
11110010111110000101
75
10001001111010011000
53
1011100011000101
139
11010011001001001000
67
11000011011010000
58
1000001010011100000
153
1000001010011000011
187
1001000101011010101
125
1100011001001000011
63
1100001000001010110
99
11001011101
1
10001010010000000001
119
10000000100100010000
127
10000010110010101
44
11011010100100100
78
110000011001101
190
1000011001000010001
49
11100001110000100011
184
111011110001110
170
10000011100010111010
116
11101000001111110000
4
10110101100110001010
111
100111000001010111
155
11111010010010000100
110
100101011010000111
24
10010101001001010100
85
11010000001100000
84
1000000000001101001
32
11101000000100001
65
11010111000000000001
48
1001111001011001100
95
110010100001001100
132
10101100100000010
199
1000100000000000000
198
11110000100101
197
10011101001000
190
1011111111000100000
199
100110001010011101
46
11001100100000101110
134
11000100110001000000
131
1000100010110100
179
110001010100001000
136
1110101101110000011
52
11000000111001100000
85
11010010011101010110
36
1000101001001100
145
1000111100110010000
138
10001000000101010000
40
10001010001100001101
138
10110000000001010011
166
10011010000000010111
30
1100100000000100001
173
10011101010101000101
174
11001110001000010000
168
10100100101011000011
109
1011010100110011011
177
1110101010101001100
120
10001001000000010100
67
1110000000010010100
58
11111100010100100011
192
1100101011001001000
182
100010100100001
15
100110001100111101
186
100110100000111
127
11001111000101010111
153
110101010011000010
12
100100000000100100
151
10011001000001000010
26
10011000001010010000
38
1110000000001010
147
10010011100011001110
140
10100110011000001
48
11100000110010010111
126
10011011011110011
84
11010000000110110
182
1000000000000101000
173
1001000101000000000
86
11100001001001011001
85
10000000001110000111
51
10001001010011101010
173
1010000010000000011
30
11110110000111000010
173
10101010001111101
141
10101100010011011100
195
1010011101101101111
52
10110000111111111
117
1110100101000
117
11011010010101000000
42
10110001010001001001
176
10010110000000111001
16
10001111100110100001
42
10100100000000000011
71
1011101011001111111
88
1010000110001101
155
10110101000100
4
10100000000100011010
91
1111110100100001
124
10001000100001000100
177
10100010001011100100
157
1000110110010010101
181
101101000001000000
183
1001001111100000010
115
1101100100000010100
59
110000001010000
130
10101110111010101
72
1010101100000000010
32
10111000000000000000
153
10100000010010011
172
1010101000111000011
40
1110111100000010101
150
11100011101100001010
137
10111100100100101100
69
10000010011110
95
11011100000111111110
111
11101000100100001100
112
11000010010101011011
138
10110001110000010000
51
10100000100011001101
71
1000001001000001000
131
11000001011101000000
129
1001001011000000101
186
11100000100000110010
15
11110110001110
35
111100000011001100
91
100101100101111100
1
10001011100010110000
133
1010000000011001110
33
10100000001100001
173
10001001001101000101
131
111101001011100101
91
1110010010000010
183
100111001111100100
181
111110000101010111
183
10111100010100
69
111111100011101110
176
10011111101010101
50
10001100000000000010
159
111000010011010101
140
11000100100001110000
23
10100110001111001101
17
10010000001000000001
47
10100011010001100
197
10100100100100010100
84
1111000100000110110
10
10100110110010000100
46
11000101100001011011
155
1010011000000000
160
11010000100000000001
68
111101111011000010
187
1100000100010010110
144
1110001000111000000
53
10110100001101100010
40
11001100100000000001
3
10110010000000010111
176
1001000100001001010
104
10000110100001101
150
10100001010000100
101
11101011101000101000
58
110001101001101111
126
1110100111001000001
141
10101001001011000000
96
1000001001101010010
14
100100100011110000
26
11100000011100110011
66
11100011011101000
85
110000101000000000
14
1000101011000000101
166
1000010000100100101
11
11010000100010000000
150
1000010110010100101
22
100011100100110101
112
1001100100100000011
174
1010100000110101010
141
1110101001000100111
165
1111001100011011000
116
10000010001000010000
198
10010001011101011101
197
1001000001000000011
16
10000000010010010101
190
1110010100000111000
99
11110110001000010111
71
1111000111101100110
107
10010011111101010001
198
100110000001000100
95
10100001000111000001
140
10100100111010110000
163
110101110001010001
125
10101101101010001000
37
11110100110001101000
136
101001101011000000
21
10100100100011010
161
1000111110010100011
152
11001010000111100
146
11001011001010101110
36
10000111100001110
115
111001110110101000
100
10000110110011110001
111
1110010010101100
149
10011001000001100000
50
10010001100110011000
37
11000010010100100000
181
1100111100000110111
24
101010000110010011
77
10110111110110100000
76
1001000111001000000
171
1001101000001011000
16
11000000101101100001
182
11000000000101000000
84
11111001010111001000
120
11110000011010000100
133
100100010010001100
87
100010101000011110
119
1001010100110001
49
11010110000010000011
117
100011011001100010
119
11011111011110000000
125
1001011000000000000
56
11100101000001101001
8
10101100001100111
129
10100001001111001111
12
11011100001101100110
41
10001011010011100011
78
10000100110011001001
54
1110111100101100100
85
11101010101100000000
51
1011100011100010
200
11000010111110011
91
10001000110000
132
1100000101101001011
62
10100001011001100100
177
11011000010010001000
81
10010001100011
143
11011100000111101
186
1100000000000
13
100001011010100000
78
11010000100001001010
189
10000011101000010110
112
1010100000010000111
28
10001101000000100100
120
1011001011011
110
11100001010110
140
111001011010100001
29
10000000001000001011
118
11001111101001000
5
100100001111010000
36
101000000011110110
159
11000000100101001
94
11101101110011000000
118
10011000000011100011
51
110001001000101011
43
10011110111000100100
135
10000001001101111011
140
1110001010010011100
129
1110000001101111011
184
11111100000010101
21
10101110101100010001
147
100100001100000001
164
10110000111000101
194
10010101100101010001
100
11011000000101
3
1010010100110001000
21
101110011010000001
48
10010110010000001011
119
10000010001010010000
38
1100010100111
78
10110001000111000
74
10101110000101101000
50
1000100001011101101
24
10001101100110000
84
11101010001011001001
108
100110100001100000
116
1101110000000000011
173
11010101101111000
182
10100111011000110000
63
10000101111011000100
151
1011101000010101011
189
1010101110000100010
110
10000000010101110000
97
100100111110010000
103
10000000000011101100
117
10100100001011110100
53
10001011101000010
21
100101011001001011
130
110100011100111100
60
1011010000011101000
80
11011010000000011
119
110010001001100100
93
1110100111001100
63
101000001111001110
80
10001100110000101000
36
1000010101001100000
195
1110000001110001001
78
11000101100000000000
158
10000011000110001000
143
11111100100011010
49
1001001000010111011
61
110000100010000100
110
1111010001000110110
68
1010010010110111110
46
111000111
159
101010011111101001
165
10100010011000100011
67
11100111011010100
13
10010111010001000100
146
1010100100100001011
83
1010001000000000000
102
1010100011000100001
197
1010001000011100101
145
110000101110110000
55
10000001000101000001
25
111010100001100010
148
10000001000101000100
181
1010001001100101
116
110100010110011011
34
1000101010101000110
135
10101010100000110100
63
10100001000000011111
141
1101100000001010001
29
10100100101001000010
164
11000101010011
41
1000100011010101000
169
10010101011010111
47
10110110110111011110
158
111001010010000100
120
11101001000011101111
106
100001001010111001
61
10011010000011000101
53
11011000111010000010
130
1100110000101001000
143
100000011000110100
130
100011100000111000
172
11101100000110100000
89
110001011001110011
52
110000101100110100
98
1010010100001001000
48
1100010101010100000
170
101111101101100101
157
10000011001101010010
118
1010110000101000000
140
100011100010101100
2
100110100110011
167
10110110101100110
189
11000010101100100010
119
10001101001100100010
109
11100110000000001000
71
110111011100011001
87
11010010111011100101
176
10010010000100100010
74
11000100001100010011
105
11101100010010000100
117
1100110000010010100
96
10011001111111101100
16
100010001011110
93
1101000000010111
139
110101100000001
161
1111000101000100000
115
1000111101000110100
16
1101000111010010110
173
11101100101100101
31
1110101010101100
145
100110000011000101
130
10010011011110000000
198
1100010110000011000
181
10011100011110110
191
10110000111111101
23
1000000111000110000
196
1010001001011001011
123
10011101011
73
10101011100010001100
47
10000100010000010010
193
10000101111010110000
175
10111111011001101
93
1101111001000010
156
100001001011010001
34
11101101010100010111
1
11011111100010010010
178
10110001010111000111
72
1000000010100001
131
11000000011110000
130
10010001011110000010
43
11001010110100010000
16
1110001111101000001
194
11000001000000101110
43
11001101001011110
13
10101111111000100100
181
10101100101101011
6
1011001110000001100
114
1110001101001000101
173
10010011000011100100
34
111001100011011000
19
11011110010000010001
76
1001000100010101101
154
11001110010000000
85
10000010010001001011
146
10100110010101001100
170
1000100100000010010
41
1100011001000011110
177
11001010101101
184
101111101010111000
193
10110110001100000010
26
100011101111001100
176
11001111111010000001
97
11010000101011110100
119
1000010001001001
173
1100010101011001000
154
101100101000010
132
10111010001100001000
28
11101010011001011101
184
111000110011011001
19
10010001011000001001
4
1100010100000101110
123
110011000111011011
40
11001100010000110010
38
11111010100000000000
163
11010110001100011
188
10100100100100101001
42
100111110000011001
101
111001000001101101
83
1101010000000110000
92
11000001110001000001
83
1110011101010000101
128
11010010000110011110
145
100110010000000100
102
1101111011100010110
102
10101100011011
145
1100001010111010
48
11100010011110011101
23
11000011011000011001
55
110100000000101001
96
1000010101010101010
178
11111010100100100111
104
1111100000111100
109
100001000101011000
142
10010110001100101000
76
1000000110100000100
119
1000000110011001100
47
10011010000011001110
167
10001010101101000111
73
1011010100011101
144
11100000011000100001
53
1101001100001011
83
11100101001010001000
105
1011100000000000010
14
111001011001
199
11000100000010
6
10101101100110101011
131
10000001100010001100
110
1100011010011111011
38
110100100100011010
178
11100001001010101110
145
11100111111010101111
131
10000100000000001100
49
1011001001100110
190
1000000001010000000
158
11100100001001000101
91
10001001011011100000
81
11011001101101000111
179
10010000000001001
72
1011001111010100
33
10110000110111100010
56
1001111110100010101
121
11101001001000100011
144
11111010101111000100
39
11000101000001101
40
10101010101101001
101
10101001100001001111
159
10100001010001111011
140
1100010101010110100
40
11010011001000110000
180
10000010001011111010
108
1000111110010000011
32
1011100001001010100
55
11111011010101110010
51
11010000101101010
56
1110000000001100100
163
101110111110101010
61
1011010110111110010
4
110001000000011111
106
1011010111101000010
82
1000001001010001110
30
10000101100001010100
95
11100011011000000110
58
10010000010000000110
90
1100101001100000100
28
10111101100100001101
160
1001000001000110000
109
10000011000001110001
159
1000000001011100
125
1010011001101001111
13
1000000100101111001
84
111101000010001
176
11010000110110100
56
11000000100001010010
53
1111000101100
77
1010101000100000001
117
11010100100011001000
196
11111101000100100100
53
1100000001010001000
141
11100001110110100010
196
11111011110000000011
3
1010110000011001000
82
10010101001010010000
177
10001000000110100100
73
11011011011100000001
149
1110100111001001110
182
10011001110001001011
84
10110010101000010000
71
10010011110101001100
91
11000100101001010001
77
11001111110000000010
151
11110010011000000100
14
1000000010100011001
3
100000001000101100
24
111010010001110101
161
11001111001100
17
10001000111101100010
95
11001011110001001
102
11100111000001000010
155
11101011011000010000
104
11000000110011010110
47
1000101111001001000
185
10010000001000010010
189
11100111010001101011
157
100101110101011011
6
10000110000100010110
90
110001011001100011
50
11110100000000101010
26
1100010011010000101
46
11110001000000111001
115
1011000111010000001
6
10001010100100000100
106
10101110111000011110
22
10011100101100101100
73
10000000000001100110
2
11101101000000100
112
1000110010000001000
21
11110100100111011000
69
1000000110100100100
43
10100011010101110
21
10010100101100110001
43
101101001110111011
173
1100111111000010000
89
10100100000001110001
192
11110001000001010100
125
100100101110100
164
11101011010000100101
167
10101000101001111010
147
10011100001101101010
193
10110001000000110101
161
1001100001010111000
71
1001010000110
138
1100111100101111100
61
1101000001110110000
196
10010010100011011001
3
10001110111101000001
57
100100100100101101
173
10001001010001111000
140
11000001001110110010
15
110010111111001
131
1110001010110101001
78
1100001110110011100
128
11101010001000010100
99
1101100001001110111
72
100100000001000
90
10000101010001101101
186
10110011100110000010
156
10110100010000111100
168
10000111011100111111
88
1010000000110000011
185
10001010001101001101
191
11001000000101001000
2
11100010001011000010
13
10100101000011011100
199
10100100010010000110
56
1011000000110010000
19
1000000010110001001
16
11010111100111100110
51
11011011110111001111
174
10011111011011011000
12
10001000110100100101
140
10100001111111101000
135
10101101100000000001
117
1111110000000010101
52
10110001101010111011
141
100010001001010000
97
1110001000000001001
172
11000000110110101000
102
100101001000000001
77
10100100101000011
95
10000011000001001000
67
10000010110111100111
51
1000010100111110111
67
11111101001000101100
71
101100011101011001
29
1110110100000000000
196
10010000001010100000
39
1101100010100101100
148
110000111010001
42
11100010110100010101
81
100010011100100
123
10110100010011100010
126
10100010000000101111
174
1000111000001100111
155
1000110001001010
138
1010001001001001100
139
110111111000000
102
11001011110000100110
21
1100000010110010011
3
10000011001011101100
104
11101000000000001
183
1000011
68
111000101000001010
73
100110100001101010
63
10011100111110101
129
11100001101101001
9
110100010100010010
173
10010111001001001101
141
11010001001101000000
191
1100101001101000101
67
100000000101
60
1101100110111001000
148
10110001100101000100
22
10001100100100001010
168
10001000010010010000
138
11001111010110001
72
111101101010101010
52
11100111001110100100
179
11110000000101110011
68
1101100000001
97
10000000000010110010
136
10110110111110000
45
11010010001101100000
178
11011000000101001110
16
100100010001011110
107
1000111000100010101
139
100111000010000000
71
1110001100000000000
77
10000101101000001110
90
10001000010110
31
101001001100000010
182
11001000010111001110
99
10011110111010011000
68
1100011100011011001
74
1100001010001100101
186
10000100011100010111
58
1101010110101001
156
10001110000001100
108
1011101100110000001
193
101001011100101010
39
1110111010010111010
14
11010110100000101
147
11111010001000000000
101
11100100101010111100
10
1010001001010000
83
101010100000110
52
11011001011100100000
144
101101000001011110
187
10101000001010001010
97
10110111101000
109
100011100001100001
46
1101001110010
78
111101000000011000
75
100011010000000001
18
1001100010000000
24
11101011010100000001
169
10100110011101100110
189
100001001111100
177
1000010000100111010
152
101100101010010001
146
10001001010100000001
59
1100000000010100100
18
11000111100100100
35
1101010000010001110
70
100011000011111000
7
11011000010001101000
10
11110001000000111101
81
101101100111010000
155
1100110001100
108
110100010010010110
116
11100010010010100010
31
1000011010010010
107
110101000100100000
33
111010110010
96
10011001001000010011
104
101011001101000001
196
1110110111011001000
65
10010010000100000
133
1001010111001010000
93
1100000000001000100
176
11010110001010001010
32
1010010111001001101
145
11100010100011100100
19
11100110101100010110
88
100001010011100
98
11110001000100010100
7
1001001000111000011
69
10010110001010101001
116
111111010001001000
193
110111000010000111
26
1100101000000100100
184
10111010100000100000
69
10111100010101010110
179
1010001011001001011
170
1001010110100101
74
10010101000001000
164
10011100010100100
105
10000010001111010100
24
10111000000001110110
17
10011100100000111101
24
11101001011100001110
108
1100010001011101001
35
11000001101100000
97
101010011110000111
158
11110100010000011110
145
1100000100101100010
141
1100110000001010
25
110001101011010
61
1011100100101100010
189
1111011100011100000
197
11001101000000111000
98
1010111101011100001
182
111110010010000001
135
100010010100001001
164
1111111110000110
14
10110001000110
56
1110011010000011001
147
1001010001010100000
182
101000111101100101
157
10101000011110001001
28
10000010000000000111
130
1011101010000011100
46
10000110011011011
93
100010011101000001
52
10101101100101101101
5
10000010101011100000
105
10111000101011000010
6
1001110110011101
38
1011011000110100001
85
1000111101100100001
115
1100011001101010
108
10100110000010001010
183
10100101010110000111
108
11010101000000000
27
11101110010111100
179
1001001100000100000
149
1000000001011011
11
10110010000101000010
165
111110010000000100
143
11110000001101010000
120
10101001010000100010
33
110000101010100000
68
10010001111000100111
6
10000001000000000011
11
1110100000100110000
149
100010110
64
11000101011101110010
58
11111111110100001100
63
1111001000000000010
132
10111010011010001001
160
101011000010010001
15
11000110000010000101
121
10001101010101100110
150
10111101100100011000
113
10110000101110000100
151
1010111101101000111
94
11111000101101011000
173
10110011011101000110
92
1010001110000100101
192
10001000010011101001
25
11011110100001001
39
1011001110001010000
155
10000100100011110001
27
10010001011110000
87
1010100101100000101
83
11000100111110010000
7
10001000001101010101
27
1000001011111010001
196
11001100001010111000
164
11100110000100000101
154
101111000100010000
127
11001100000110100
49
