20 900
10001000000000000
152
10001011100
195
100
151
1000000000000000001
12
1000000000
69
10000000100
107
1000000001000000010
22
101
180
10100000000000010000
102
100001000000000010
55
10100000000001
131
10000000000000001
73
10000000000000000001
22
1000
69
10001010100000000
108
11000000000000000000
3
100000000000000000
82
1000000000000
6
1
76
100000000010000
141
1100100000100000
33
100000000000
127
100000000
43
100000000000000
43
10
160
11000010000000000000
161
1001000000
174
10000000000000001000
72
1000000000000000
87
100000001000000
39
10000000001000000
177
1000000000000000000
77
10101100000000000000
127
111000000000000
51
10110000000100011000
135
10000000000010000010
151
10000000
46
100100000001100100
102
101000000010
109
10000
149
10000000001
165
1000000
49
100000000000100000
2
1000010010000000000
24
100010000000100
13
10000000000000000000
194
110000000000010000
57
100000000100000000
24
100000000101000000
29
101000000000000
8
111001000000000
196
10000100000000000000
158
1000100000000
40
1000001000
42
100001000
165
11001000001
198
10000000000
51
11000000000000
34
110000000001000
112
10000000000000
158
10100000000000000100
126
10000010100000
103
10010000000
17
1000001001000100000
150
1000011001000
151
101100000010000000
142
1000011
153
101000000000
166
10100000
14
10000100100100
200
100000
156
1000001000000000001
112
10110010000000010000
17
101000111
47
100001000100
78
10000000100100000010
52
1000000001
110
100010000000000011
84
100010000
80
11000010
82
10000000001000000000
76
1000100000000000
124
1000000001000000
177
100000001000000000
157
1010000000000001000
141
10000000000000000
144
100100100000
58
10000000000000010000
90
10000000000000010
185
10100
111
1000000000110010
94
1010000100000010
24
10000000100000000000
147
100000000001010000
45
1001001000000
39
110000000000000000
73
1000000010000000000
118
1000010000000
70
10000101000000001000
117
100101000
161
1011100000000000100
20
101000010000000
3
10000000001000
104
10100000000000000
82
10000000010000010
181
10010000000000001000
39
10000000010
176
100000100000
44
101110000000000
159
1000000000110000010
82
10000001000001
70
1100000010000000100
14
100100000000000
114
10100000100000000000
47
1000100001001
5
10000001
190
1000000010000000100
21
100000100100
44
110000011000000000
79
1000000000001
71
1000000000010100000
87
1000000000100
127
1000001001000010
133
110000000101010000
139
1010000000
14
10001001000000
179
10000110010000000
41
11000
149
100100000001000
194
1000110000000
69
1100000000000000
170
100000100100000
44
10100000100000010010
168
100000000000110
103
10000010000
55
100000010000111
10
1100000000000
143
1000010000000000000
180
10010000000000000001
128
100011
89
10000000010000000
15
1001000000000000
135
10001000100000
188
10101000000
150
1000001
54
1000000001000
15
10000000000001001000
33
100010001010000000
100
100000100000010000
121
100000000011000
116
10010011
8
100100000000000000
121
1000000100000000100
187
10001000010000000010
126
10000001000000000000
120
10010000000001000
130
1001
118
100010000001
114
100000010000
96
10000100
158
10000000000001
37
11000000100001001100
35
10000010000000
66
100001
60
111000010000
52
1000000000010000010
30
100011000000000000
11
10011
119
11000000000
40
1000000010000010000
65
1010000100000000
19
100000010000000000
168
100000000001
131
10100000010000000010
68
100100100000000000
141
100100000000001000
178
10000000000000000100
53
100000000100000
159
10001000000000000000
109
10000000100000000
35
11100001
7
1000000010000
200
10000000000001000000
76
1000000110100000000
9
100000000000010
111
11000000001000
85
1000101000000100000
33
1000100000000000000
107
1000100
173
1000011001000000100
166
1000000000100000
172
10000010
112
1000000000001101
77
1000000001000010001
9
10000000001000000010
99
10000001000000000
192
110010001000
36
1001001
50
1000010
134
1000000001000010
111
1001001000
28
10000000000100100000
98
10000000011000
188
10000000010000000000
108
100001000000010011
200
1000001000000001
128
11000010000
58
10000001010000010
87
10000010100
101
100010000100000000
186
1010000000000000000
115
10010100100010001000
138
1010010000000000000
95
1100000
42
1000000100000
99
1000100010000000001
9
10100000000000
62
1011000010001010
135
10000001000000100
93
1001000000000000000
91
110000
108
10000100000000100
191
10000100000
188
100000010
114
1010000
113
10010000000000000
189
10001000000010
100
101000000010010010
95
11000010000000
106
1000000010100100000
169
10100001000001001000
37
1010
24
100000000001101000
112
1010010000000
92
11110000100000100000
8
1000100000
169
10010010000010010000
128
1000001100100000100
158
10001000010000
65
10000000000000000010
46
101100000100
186
101000000
48
10000001010000000
151
1000101101
112
1000000000000010
6
1000000100001000000
142
100100100001100000
53
11010000000
199
100000000100011
52
10001001100000000
14
110010000000000000
77
100010
196
100000100000000000
123
1100000000
179
100010000000
144
1000000000010000
108
10000001000011000000
178
100000100001000
60
1000000001000000000
10
100000000000000100
45
10010000000010000
181
1000000101010000000
178
10001010100100000000
104
11000000000000000
100
11000100001
109
100000000010000000
88
100111000
125
10000000011000010
104
10001000000
86
10000000011000000000
89
100010100000010000
45
10000010000001100000
13
100000010000000
184
10000001000
31
100000001000
127
1000000010011000
139
1000100100000
18
1000010000
133
10110000000011000000
61
1000001000000000000
31
1100000000000000010
65
100001010000000
97
10000110001010000100
116
1010000100000
44
1000000000000001000
50
101000
65
10100100010010010
11
110
58
11100100000000100000
173
10010
187
10001000
22
10000100000010000
19
100100000000
180
10000000110000000000
59
10001
5
10000000000010000
122
100100000001000000
53
11000000000010100001
32
10110000
103
11
38
1000000001100000
52
101000001001001000
167
1000000010010000
185
1100100000000000000
174
100001000000000000
126
10000000000110
61
1000001000000010
9
100000000101010000
161
100000100000010001
91
100000001
32
1000000000000110
16
100001000000001000
110
101000000010000100
129
1001010000000000100
165
1000000000110000
61
10010000001000000001
36
1000001001000010000
153
10100000000000000000
199
10001000010000000
77
10000001000000100000
33
1110000
32
11000001000000000000
115
1000000110000010000
64
1000001100100
45
10010000000001000000
17
10001100000001001
6
1000000000010
111
1000000100000000
88
1000101000001001100
50
11010000001000000001
49
10000000000100000
45
10000000101
67
100000000000100001
170
10000001000010000
55
10000000001010010
79
1100011000001001001
1
101100000
159
111000000001010
27
10000010000000000
116
1101001001000000
188
10000001001000
100
10000010000001000
4
1000000000110
83
10001010000000011
161
1000000000000100000
193
100101110
172
100010000000000001
178
10000000001000001
59
10000000011110000
129
110100000001
2
100001000000000
164
1001000000000
180
1000100010000000100
121
1000000001010
22
1100001000001
130
100000000000011000
154
10001000000100000000
188
1000000000100010000
75
100001000000
26
1100001000000001000
75
1000100000100010000
56
100010000000000
46
1010000000000000
130
10000000001000101
30
1001001000000110
70
1000000000001000
184
101000000010000
193
100100
80
101000001000001000
97
101000001000010
84
1010010000001000
156
110000000010
102
1011000000000000000
165
100000000000000001
39
1001000100001
86
10000000000010000000
152
100010000000000000
127
10100001010000
176
1000000000000001
54
10000100000001
58
10101000000100
153
1010000001000000000
128
1100010000000000000
110
100000100000000100
76
11000000000001001
93
100000000000001
94
10000001001101010000
108
100000100000010
151
100001000000010001
2
1000001001000100
166
1010000000001100
174
10000000100000
99
1010001000011
188
1000001000001001
19
100000000001000000
5
10000000000001100000
105
10000100000000001
121
1000000000010000000
164
10010000000000
178
10010100000010
129
1000000101000000
197
10000000000000011
132
10100000010100000
19
101000000001
67
1001000011000000
157
100100000
113
1010100000100
129
1001000001
145
10110001001000000
22
1000010010000101000
26
10000101000000
94
10000011100010000
91
100001000000010000
105
1000000110000000
147
10000000001000000101
27
1000000000000101000
164
1000000010000000001
124
10010000000000000010
74
1000010000000000
179
101000000000000100
49
10000001000001000
37
101000010
92
100000100000000010
74
10000100100010001
83
101010
36
100000001000000010
197
10000001000000
133
10000100000000000
182
1000001010001000
92
101000001000000
26
10000100000000000100
110
1000000000000001100
140
10001100110000000
47
100000100000000
82
10000001000010
179
100000000001000
196
10000100000000
110
10000000000000000110
59
10000000000000100
153
100000010001
93
101001000000000000
198
100000000011010000
6
1000000010000110
63
1110000000000
146
1000010010000
138
10001100110000000000
111
1000000100001000
20
110010000
161
10011100000
181
10000000000100000000
154
11000000
21
10000000000101
104
101000000000000000
167
10001001
51
1010000000000
83
11000000100000000001
17
10100000000000010
55
10000000001100000000
122
1000001000000
132
1000000100100000000
68
1010000000010
59
1000000010000000
193
10000100101001
63
1001000010
5
11000001100
190
1000011000000000
100
100000000010000011
155
1000000010001
120
1000001000010001000
71
1000010000000100
109
100010010001000001
189
100001000000100010
146
1001010000010010000
78
100000100010011
162
10000010000000100000
167
110100000010000
158
100000000000001000
39
10010000000000100
113
110000000000000
18
1001010000000000000
164
100000000000001101
182
1000000001000100010
15
100001010000
52
1000100100000010000
164
1011000100000000
54
101000000001000000
22
10000000100000100000
69
1000000000000100
149
11100000000010100001
73
100100001000000000
143
100010000001000100
16
100000010010000000
162
1110000000010
159
1000000100000000000
19
100100010000000000
181
110100000000000000
73
1011000010000000000
187
1000001011010001000
54
1000010000100000000
168
10000000010000
72
1000100000001010001
175
1001010
196
100000000010
148
10000001001000010000
138
10011000000010000
68
1010001000110100
92
100000000010100
73
110000000000100
177
10100001001100000000
14
11000010000000100000
168
1100010000000000
166
1010000000000000100
49
1000001100000000
2
1010000010000110000
6
10000100010000000000
113
10000000000001000
31
1000100000001010000
4
1000000000010100
86
1001010000000001000
30
1000100000000001
31
1001000000001
184
10100010000000000000
33
100000000000001001
10
10000100001100000010
85
1100010000000010
148
10000100100000000
6
10010000001001
24
1010100001000
114
100010001000000000
148
10100000100000
67
1000000010000010
136
1000000000101000000
97
10000001001000010010
163
1010000000010000000
182
1001100001000000000
37
100000001001
125
10100001010100
101
10010000
149
100010000100
66
11000010000100000
50
10000010010000000
50
10000001000000100101
191
10000000010010001
179
100100010110
28
11010000001
180
100100000000000001
75
10001011000000001000
54
10001000001000010000
78
101000010000
158
100001100000011000
83
11000010100100000000
139
1100
131
10000010000000000000
106
1010100000
154
110001000
70
10000000000110000000
142
100010000100000
148
10001000000000
2
11100100000010000
69
1000010001000000000
126
1000001000000000
7
100000100001000010
145
110000000000
146
110010000100
48
10000001100
167
10100000000
94
10000010000000110000
18
1010000000010001
154
10001100001001100000
103
100100010010
48
1000001001000000
119
100000011000010
21
10000010000001
165
100000001001001000
120
100000000001011
107
1000001010
121
10000000001001
48
1000000000001001
118
11000000100000
42
1000000000001000000
142
1011100010
125
1000010000100001000
102
110000001000011000
44
110000000
55
1001011000110000000
36
1000000110010010
103
1011
22
1000000000010110
132
1000010000100010100
166
10000000000010000110
158
1000000000100001000
144
100000001010000000
52
10010000000000000000
169
10110000000000000
171
101101100
91
1100000000001000
89
100100001000
124
10000000000001001001
88
10001000000011
122
100000100
153
1000010000000010000
107
1100000010000010000
38
1000000010010000000
170
1000001100
178
1000000100010000110
59
11000000010100000
18
10000001000001000000
112
100000000100
146
11000010000001
81
1000000000000001010
81
1000000000100000000
163
1010100000010000010
106
10100000001000
150
1100101001
6
100000100010
181
10000010000000001
106
1000100000001000000
199
1000000100
86
10010000000010000000
173
1000001000010
144
1001000000110000
172
1000011110
188
1100000000000000101
166
1100000000001000000
92
10000100010000000
138
10000100000100
112
100000011
98
10001011100000000110
128
1000110010
163
10000110000000100
63
1000000100100
73
1110010000
47
10100000000001000100
162
100000000100000001
156
10010010000000000000
39
10000101000000000
1
10100100000000
1
110000001100000
94
1010010
125
10010001010000000
4
100000000000010000
76
10101011000
42
100000100001000000
15
10000001000000000011
148
100100000100000000
78
10100010000000000
173
1000000000001010
13
10000000010000000001
14
1001000000100000000
142
1001000010000000100
90
1100000010000000
71
110010010001000
72
10000000000010
161
1000010100100
94
1000000000001010000
125
1001000001000
64
1100000000000001000
152
1000000000100010
13
100000011000000000
128
1100000000000000000
118
11000000000010000000
97
11000101001000010000
4
10001000000001001
165
1000100000000001000
56
100000000011000000
48
10000110000000000
43
1000001000010010
173
1000000000000010000
152
1100000000000001010
181
100010000000000100
102
101000000000001
161
10010000000100
77
1001000000010000
34
1100010000000100
35
1100100100000000010
61
11000000001000000
165
100000000100010000
70
10001000000010010000
146
10000010000000001001
45
1000010011001000001
7
10000001000000010000
120
1100000001000000
144
100000000010111000
75
10000000000000100000
46
10000000000010100010
184
10001010000000
68
101000000110010001
35
10000000000000100100
35
100000101
37
111000000000
71
1000011010
125
10001100
1
1000000001010000001
192
10000000001100010
87
101001000000000
39
10000000000100
30
1000000000001101000
51
11000100000001
161
10011000001000100
110
101000000000010000
127
10010001100000000001
124
10000000010010
117
100100000000100000
55
1000000001000100
140
1001000100000000
52
100000101001000000
132
10001001000000100000
29
1000011000010100000
104
1001000000010
169
10000100100000
105
100000110
178
1010000000100
90
1001000000100000
182
100101
30
100001000000001
132
10100001100100000000
101
11000101000101001
128
11000000000010
80
10100001100000010010
135
10000100100000001000
89
10100000000000000001
200
10000000100000010000
172
100010001000000
108
100000000000101
7
11000000000101001100
169
1000010001010000001
118
100010100000000011
125
1010000001000000001
189
100000001001000000
41
1000010000000001000
120
1101000000001000101
150
1100010000010000
148
11000001000000000
117
1100100
151
10001000001000000
200
101001000010
46
1010001000000000
165
1000100001000000100
185
1011000000000
130
10010001000000000000
10
100000010000000010
93
101000001000
168
1000100000000000011
167
1001100000000000000
117
1000000000001010001
149
1010000000000000001
148
1000000010000001
143
11000000000000001
200
110011000000000
142
11000100000010000000
188
1010000000001000000
81
100100001010000
31
1000000010001110000
80
1001000000000100010
14
10000011001001000010
81
1001000100000000100
25
10001000000000000001
112
110000100
169
100000110001010000
11
10100000100000000
67
1001000000000100
178
110000100000000000
126
10100000110001
68
10000011000000000
170
10011000100011
139
100100000000000010
180
1000001000001
54
101000011000001000
164
10011001
156
1100100000100001001
48
101001000
36
1000100000100100
95
1000100000000010
2
10000000001010000
198
11000101000000000000
117
100011000000000100
85
1100000010100001
70
10000000100101000
89
11000000001000010000
121
1000000000010010000
112
100000000000100
45
10000000010010001000
161
100011010010
79
11000100000000000
195
10000000100100000
109
100000000000000010
118
100001001000000
145
10010000010000001
91
1101000000
3
1001000000001000100
58
1001100
197
10000000001000100000
172
100000100010000
26
10000000000111000000
54
100100001
184
101001000010000000
163
11001001000010001010
175
1000000000000010100
32
1000100110
11
100010001000
129
10000000010000010010
125
10001000000010001100
183
1000001000100000
45
1000010010000000
66
100010000100100
118
10001101000
144
1100000010
14
10000000000100100
37
11000000001100000
79
101000000001000
158
1000000111000
102
101000010000001000
47
100110000
17
1000010001
50
111
26
111000000000100
174
10101000100
172
101000000010101
147
10000100000001101000
190
10010101000
140
10100000000010000
170
111000100010000
195
10000010010000000000
67
100001100010000
101
1000000000010001000
105
110011000000000000
28
1011000100000000001
2
101000100000000
70
1011000000000101000
194
1000000010001000
39
10000100000000010000
172
1000000000000101
133
11000001000000001000
140
1100010000011000000
41
11000010000000000
198
101000100
82
1000000000000001001
93
100001000000100
104
100000001101000000
76
1100000000000000001
110
1001000
115
11010001000000
96
100010001010000
177
111000000
137
10000000100000001
149
1001101000
182
100000001000000100
85
1100100000000
184
10101010000000000
180
10000000000001100
81
10000001000000011010
50
1100000100000000000
95
1010001100000000000
140
10000001010001
29
11000001000000
184
10000010000000000010
132
1000000010000000101
55
1001000000001000110
133
1000000100000000011
11
10000000000100010
130
110000001100100000
154
110100000000010000
143
10000100001110
52
1000010000100000100
175
1000000000100000100
101
1000001001001000000
117
100001001001000100
192
10000101000001000000
113
1000110000
88
10100000100
111
1100000000110000110
131
10000010110000
21
10000000010010001010
57
1010010010000
91
11000100
200
111100100010000000
73
10010000000100100
15
111001000000
196
10000000100100
44
1100000000000010000
132
10010100000
92
10011000000000000000
31
1110
142
10000000011100
101
10100000010000000000
73
1010000101000
11
11000000001001001000
185
11011000000000
152
10010001010
15
100001000000000100
129
1100100000000000
128
11010000
24
10000010100000000000
32
100100000010
59
10100000000001001000
190
1000100000000100000
60
1000001010000010100
77
1100001000010000
161
10000000001100101100
142
1000100100100100000
142
