20 900
10001010000010100
152
10001011101
195
100100100
151
1000001001000000001
12
1000000000
69
10000000100
107
11001000001000000010
22
100001000101
180
10100000100000011000
102
100001000000000010
55
10100000001101
131
10000100000010001
73
11000000010000000001
22
10000000000000
142
1000010001000010101
94
1101101011001000
42
11100100000000100001
76
100011000000
139
1000001010100000
78
11110010010010000100
75
1000000010010000
53
1001000000000100
139
11001000001000
67
1001000000
58
11000000
153
1000000000011
187
1001010101
125
1100001000001000010
63
100000000000000000
99
10001011100
1
1000010000000001
119
10000000100000000000
127
10100000100
44
10001010100100100
78
10000011000000
190
10000000000000000010
184
1010110100001100
88
10010
116
10000000001111010000
4
10100101100100001000
111
100000000000101
155
1010010010000000100
110
100001001010000111
24
101000001010100
85
10000000100000
84
1000000000001100001
32
10101000000100000
65
10000010000000000000
48
1000011001001001100
95
100010000000000000
132
10100100100000010
199
11110000100100
197
1000001000
190
11000011000000000
199
100110000010011001
46
100100000101010
134
1000100110000000000
131
100000000000
179
1001010000100000000
145
10000000100011000000
32
10100000111010001000
21
10000010010010000
122
10000001001000000000
65
10000001010000000
175
1000000000000100
171
10000000001010001010
26
1000000000000011110
92
10000110
15
10000001010000010
169
10010000010000000000
7
100000101000000001
109
10000100000010000
177
1100101010101000100
120
100000000000100000
65
10110000000000000100
8
100010000100000
15
10000000110001
186
10000000011
127
1110000001010001
153
101010000000000
12
100100000000100100
151
10011001000001000000
26
1000001010010000
38
110000000001000
147
10010000001000110
140
10000110010000001
48
11000000100010000100
126
10010110001
84
11010000000000010
182
1000
173
101000000000
86
10100001001001011000
85
10000000000100000011
51
1000000000001000
173
1010000010000000010
30
10110000000110000000
173
1010001111101
141
10001100010001000000
195
1010010001001100000
52
100000011101100
117
1010000001000
117
1000000
42
10010000010000000001
176
10010000000011000
16
10100010000000
42
100010100001000000
155
10000001100001000
172
1010100010000
125
1100010
83
111010000000000100
121
100000000100000000
113
1000000010000001000
60
100000010
142
101000000000000000
183
1111000000000
115
1101000000000000100
59
10000001010000
130
101100000000000
72
1000001000000000010
32
10101000001000000100
105
100100000000001
177
100111000101
166
10000001000100000000
14
10000000001100
16
1001010100001001010
140
11000000000000100
179
100010001101010110
144
1000000000010100
117
1001100000000000000
67
10000000100010000
160
10000011001001001
88
1000000000111010010
91
10000001100100000000
48
10100000000010
177
100010000000100100
127
1000010000001
142
100001000010
197
1001001000101000001
150
1001010100101000000
197
100001111
60
1000000100000000
43
1010000010000101
156
1010001010111000000
8
11001000001010000
22
1000000000000100000
195
1000001010000000
17
10000001000000001
138
110100100010000
145
1010001100010000
24
10010000000000000010
74
10000001000001010
22
11000001000000010111
113
100000100101000000
66
1100000000001000
42
1001001000000011000
15
10000001011000110
168
1000100000000000100
82
1000000000000001101
157
111100001
27
100001001010001000
187
100000011010010010
133
10100000100000001000
31
10000110111101000001
13
11100000000000000000
148
100000000111010
191
100000000010001001
92
101000000
1
100010100100000
70
10000101000001000000
110
1000000000000011000
58
11000000000100110000
102
10000001000000
122
10000000
67
10001010010001100000
89
1010110000000
12
10000000000100010001
87
101010000100000
79
10010001001000000101
66
1000011001000001000
168
10000
183
100000011000000000
100
1100000
159
10010000101100000
111
1010000001100000000
156
10000000001000000010
129
1000100011001000
196
10001000000000010
157
10010000
142
11000000000010
96
1100000000000000
172
10010000100000100100
190
101000001000000100
10
100001101000000000
57
1101000000000000000
81
100000001000100001
3
1110000000001100000
154
101000001010000100
193
10000110000000
103
110100001010000000
183
11101001000000000000
153
1100100000000000010
60
100001000000100000
56
10000001000000000011
115
1001100010000000010
181
10010000010
61
10000000110010001
153
1011010000000010101
32
11100000000000001001
78
100100000010000010
195
100000000011000010
31
100011000010100000
9
1100000000000
75
1001100010001000101
23
100000010000010000
142
1000100100001100
42
10000000000001000010
45
100000000
72
10000000010000
199
10001111110010000
175
111000010100000
18
100100110000001000
28
1100000001001000000
146
1001000000000011000
113
100110
179
1101010000
96
10000000011000100001
174
1100010000001100000
44
1100000000110000000
78
10000000000100010
81
1000000010000000010
79
10001000101000010000
68
1000001001001000010
127
11001000000000010
179
110000000
84
10010000000000010000
68
1010100000010000
64
1001001000101000000
118
1001000000000100000
27
10000100000001000000
182
1011100100001001000
144
1000000000000001000
72
10000100001001101100
174
110
61
10010000010000000010
132
110000000000
97
10001001011000110
178
1000000001000
19
10000100000000
73
1100001110000100000
39
10000000000100000100
63
1000111000001000001
41
10001000000100111
50
11000101001000000
64
1000000000000110000
69
1100000010
73
1010000001000001
159
1000100000000010000
190
1010100101000000
174
100000001000000000
14
1000001000000000
200
10010000000001000010
58
100000000001110
155
10100011100001000010
113
1010001000000011010
144
100001010000100
110
101010100000110010
115
1000100000001000
38
100100000001110
109
101000000100
52
1101001000
132
100000000100
126
101000001000000
118
1000000000000101
81
10000010100000
14
10000000000000000000
149
1000010000000010
158
1010000000100100100
15
10000000000100000000
40
1010010
55
1000000101000000100
119
10000000001000
21
1110000100001
27
1000000110000
87
10001100100000001
96
101000000000001000
42
100000000110000
66
1000000010000000
198
10000010000100001
152
10000011101000000000
110
1001000000010101
21
110000000010000
177
10100100010000000
11
10010000000000000001
9
10000000000001100000
145
10000000000001010010
99
10100000001000100
173
1000111001000010100
166
1000101000100010
172
1010100000100001000
83
1010000000000000000
102
1000100000000100000
197
10001000000100100
145
101110000000
55
1000100000000
25
110010000001000010
148
10000001000000000100
181
1000001001100101
116
110100000100010001
34
1000100000101000000
135
1010100000010100
63
1000000001110
141
1000000000001000001
29
1000100000010
41
1000100010010001000
169
10000001001000111
47
100100110000010100
158
100001000010000000
120
1100001000000000110
106
100000
61
10010010000000000101
53
1011000001000000010
130
110000100000000
143
100000000000100100
130
11100000010000
172
1100100000010100000
89
100000000001010000
52
100000100000000100
98
1010000000000001000
48
100000101001100101
157
10000010001000010010
118
1000101000001000000
103
1000101001000001
76
110000101000000
189
11000010101100000000
119
10001101000100000010
109
10010000000010
65
10100100110001000000
45
10010010000000000010
74
1000000001100010011
105
1000000010000000000
117
110000010000100
96
10001001010000100
16
1001110
93
1101000000000100
139
110000101000100000
115
1000011100000010000
16
10100
173
101100001100101
31
101000101000
145
100000010000101
130
10010001110000000
198
110000011000
181
10001100010000100
191
10000000010001100
23
1000000001000010000
196
1010000001010001001
123
10000101000
73
1011000010000000
47
1111010000000
175
10100000001001001
93
101110001000000
156
100001001010010001
34
101100010100010010
1
11000100000010000010
178
10100001000000000100
72
10000001
131
1000000011110000
130
10010001011100000000
43
1000000110100010000
16
101000000001
194
100000000010100100
86
1111110001000001
12
100000000000001
6
1010001100000001100
114
1010001001001000001
173
10000001000001100100
34
110001000011011000
19
11010010000000000000
76
1001000100010100001
154
11000110010000000
85
10000000010000001011
146
10100010000000000100
170
1000000000000000010
41
1000000001000001010
177
101111000000100000
193
100000001100000010
26
11000110000000
176
10000011001010000001
97
10010000000000100100
119
1000010000000000
173
100000000010001000
154
100101000010
132
11010000000000000
28
10100010000001001001
184
101000110000000001
19
10000001000000001000
4
1100010100000000000
123
11000101010001
40
10000100010000110010
38
10110000000000000000
163
11010000000100011
188
110000000100000
69
110000000000011010
104
1010100000000000000
191
1000000000000
50
1110001000000101
9
1001000001001100000
57
1011000000000000000
193
10110001
135
10000010000100000000
89
100000000000000
184
1100111100
72
10000000010000001100
166
101010100000000110
140
1010010000000001000
5
10010000000100001001
33
10001000000000
174
10000000001000000000
13
100110001000010000
185
100000100000
95
1010010000110000000
47
1000111000000000
190
1100010000000000101
197
1001110000000
103
110100110000
2
11010101010000000000
133
1000110000000000100
172
10000000000001100
121
10010001100000010
39
1010101000010100100
162
10101000011000000001
153
100010000001100
200
1001000100000000000
67
10000100
43
1000000100000
45
10101000110110
119
10001000000100100000
38
10000100000000010000
27
100001100
124
100010001011100
88
10000000100010010000
50
100001001
158
1100000000101000
64
101100000100110000
184
10100010100000000000
51
100010000010
26
11100001000000000000
170
11000000010000000
128
101000011100010
111
1011000001000
10
10000110001010101
59
1010000100
28
10001000010000000001
118
11001000000000000101
46
1110110100100010011
123
1000000000100000
52
101100010000
90
110000000000000000
98
10001100011000000
107
100010010000010000
174
10011001000000000000
161
11110100000000
83
100100000000100001
154
10001000001100000100
30
10100000100000000000
27
10100000100100000
29
100100000000000100
124
1000000011000100001
58
100000010000000001
1
11000000000000000000
143
10000000001100001
168
1000100010000
25
100010010000000
144
101101010000001
120
11000000000100
106
101000010001101
83
111101011110000
135
10000000000110000000
68
10010010000000000
123
1000000000001
72
1100000000
17
10000000011000000000
150
100000000110010000
93
10011000000100001000
96
10100000100100111100
180
100010010100
168
100000001101100000
96
1001100100000000000
198
11001010000000100000
104
1001000000000010001
62
1100000000001
69
100000010001110
43
1000010001000000000
93
1010110
187
1001100000001000000
82
1000000001000000
33
100000000000100
37
11000100000010000
54
10000100001010001
152
100100001010101
106
1010000110000000
169
10100001000010000010
110
11101001000000001
187
100010001001101000
40
101101000000000001
67
10010001100010000000
154
11001000001000010000
3
11000001010000000
17
1000010010110010
79
11000000000000000
103
1100000100000
172
101000010010000001
99
1110100100111001
11
100000100
23
100000000000010000
86
11000000100101100100
88
101100000100010
90
10000100100000001100
84
10000101000000000100
79
10010000100
117
10010010100000001
24
10000101000000000
42
11000000001000000101
105
110001001000000000
25
10000000000000000100
193
111100000
21
100100100000001010
11
11000001000001
182
1001010001100110001
163
100000010000000000
12
10011000000010011100
15
1000001001
186
10000001000000010000
4
100000010000000
159
10001000100000000001
143
110010000000110
47
10110001100110000
14
11000000100000000100
9
1000000010000000001
194
101010000000010000
45
1011000100000000100
157
10010000000000101000
45
1000010010000001101
67
110100000000001000
15
11010000000000011000
144
100001110001110
187
11000001000101001
13
10111001111001101100
153
1000000011000010
23
101000000001111110
132
10000000010100000000
155
1100001111000000001
26
10000000000000010
83
1001000000010110100
74
11000100100000000000
69
10000100100000
123
10000011000001000
1
10010000010110101100
196
1000100
167
100110000100010000
36
10010110001010001000
164
100100000000000000
196
1011000000001000000
104
1100000000100000
186
1000010001010000
52
1000100010001
111
101000000000000100
128
10010111100000000101
126
10000000000
49
1000001001010100
180
1000000000000101000
171
10000000000000100000
85
10000110001000011100
193
111110001000100010
27
1000010010
145
101001000000
120
1101000000010010010
118
10001000000
46
10000000010100100010
197
1010001000001000001
152
1000100000
143
10010000100001001
102
1010000001010001000
165
101010100000100000
70
1001000000001010011
72
101100001010001100
138
1011010000
10
10010000000000000
158
11000000000000001100
109
10000001000100000
12
1000001000000000000
90
100000000010001010
139
100
148
10100000000000
48
100000000100001000
168
10011000010000000010
103
11001000001000100
84
101001100000000
68
10000010101000001000
64
1000100000000010001
131
10000000000100
160
11000000100000000001
91
11000000100101100010
13
1010100000000010
11
1001011001010
165
101011
22
1000100000110101000
59
10010010010
5
101010
173
100100000100000001
83
10001000001000010000
106
11000000000101000001
25
1100001000000000000
173
1000100000000111000
159
100011100100000
130
10000001001000
149
10000100010000
100
1000000110000001010
187
11111000000011001010
135
11010000001000010
190
10001
120
10010000000100101010
155
10010000000001
171
11000100000000
57
1001000100000000
103
1110100000100001
52
10000010000000
198
10000000001000100001
10
110100010000010
142
10100000000000000100
126
100010001000000
48
1110001000
56
100010010000100
142
10110001000000
186
1000001100100000
119
100000000001000
147
110000000000100000
28
1010001000000000010
65
10010001
186
10010001010000100010
96
100000010000001001
166
100000000010100
98
10001000100000000
7
1000000111000010
69
100100000100001000
113
1001001
138
110010000000000000
69
10100100000101010100
179
1010001001001
170
1001000110000001
74
10010100000000000
164
1100010000000
105
10000010000011000100
24
1000000000110010
17
100100000000100
24
1001001100000110
108
1100010000011100000
35
1000100111100000100
121
10101000100000110000
16
10000001001000000100
183
10001000000101000
126
1000100101001010
180
100100000000000
120
1100010000100000000
9
10011010000000100000
51
100010010101000010
74
110010000000000
135
10111010000100
14
10000010100000000010
68
100010000000000
138
101000100101100000
157
101000011000001000
28
10000000000011
130
100000100010100100
87
100101000000010
108
1000000000010000000
21
1000111000001
12
10000010100000000
23
10000101100101001
121
100000001001000010
163
100011000000000000
135
110000010001010000
181
101000010000100000
55
10000101000000000010
97
100010110000100
99
100110000010000000
28
100101000
103
10000001010
94
1001100100000001001
96
11000100000
39
1000000100001000100
16
1000001010101000000
74
11100001000100
36
101
60
1101000000000100001
89
1000100100
106
10000010001010000000
39
100110000000010000
176
1000000000000001001
33
10101001100000000000
150
10000000000000000001
112
1000000110
31
100100010110011000
193
101000000001000010
49
100010000000010
2
111100101000110000
129
11000101101010000001
39
1001000010100010011
118
10000000010100
1
11000010
55
10001101000010011
191
100111000100000000
191
100000001000001001
190
10110000001100
21
1011000000010000
15
100000010110000
177
1000010000001110000
117
1010100000000
41
10100000000000001000
33
100000000010000000
200
101000000000000010
33
1000000010100
13
1010001000001010100
111
100000000001000101
9
10000100000000000
111
100000010000110001
58
10001011000100
40
1001001000010000100
108
100011001000100010
29
10000100000001010
48
10000000000001101010
36
100000001000000110
197
101010000001000000
133
10000000101000000000
48
1
24
10000000000000011000
99
10000000000000000
17
10001001000010000000
138
10000010100
84
101000001000001100
187
10101000110010001
23
11000000000
169
1001000101
159
10100010100001
118
1000010100001000000
38
110000000000000
68
1001100011000100010
159
10000000001010000000
1
100000000011001110
142
100100000001
144
1100000100000100000
198
10000000000100010000
55
10001110000000000
128
1001000000110
23
10001000000000101
160
100010000000000001
35
11000000011000001000
19
10111000000
167
10001100000010100000
74
1110000000001
126
11110000000
177
1000010100001
146
1010010100001
159
11100000100000000
86
10000001100000010
45
11101001100100
96
1001000010000000000
78
1110010000010000000
196
1000000000000010000
50
10100001000011010000
6
10000110000000000010
17
10101001101000011
116
1000000111001000000
97
10000010000000000
175
11000001000100001000
10
1000000001001
132
10000000000001000001
39
1001100000000
143
10010000000110001100
17
10000110111011100000
115
1000000001000001100
133
10000101001010000100
60
11000100100000000110
163
1011000110010011011
75
10101000100000
61
101010011010001000
168
100000001100000000
4
11010000010000001001
138
10100100000000000010
197
10000000000011010100
116
101000010000001000
14
101001000000000001
107
1100000000011100
106
1000010000000
141
1000001100000
117
1010000000101010
24
1001010010010101100
97
1110000
117
100010110010
102
10
98
1010000000001000
27
1100000100011000010
126
10000010000000100100
7
1110000011000001111
153
110000001000
23
10000110001000000101
84
10000000000001000000
61
1100000001010010
24
10000000000101000
50
1100000010110000001
92
1000100000010000
114
11000000001001000
195
10001101000001000100
186
1000001000100
32
1000001000110010000
95
11000101000000101010
30
1010011000000000101
150
10100000100100
110
10001010
177
1000100000000000000
130
10000000000100000001
98
101001000000100000
15
1000010000
197
1000001000000010010
129
11000100010001001
27
111000000000000
82
11000011000000010100
15
1011000010100
164
100001000100100
56
1100100000010000010
193
100000000101000
148
1000110100010
56
100000110000000
156
100000001010011110
158
10000000010100100
155
10101000000000
147
10000110000000000001
96
11000000010011000
47
10010000001100010000
29
100000000011
145
10000010110
70
10000010000000000001
50
100000100001000110
142
110101010001010
190
10110010010001000011
189
100001000010100110
146
10000010100001000001
122
100101000001001000
83
100100011001001
103
10100100000000000
44
1100000100100010001
85
1000010010001010001
101
101110010000000
102
100010000010000000
128
1001000010000000
161
1100001000
90
10100000000001001
65
100111100
6
10100010010001010
82
1000000100010010000
80
100000001101
188
1000000011000
118
10000000100100
17
10000000001101
26
1000100000110
62
100111001010
193
100001000000100101
92
100000001010001000
150
1000001111000010
190
1001000101010001000
190
1000010100001010000
25
1000010100100000000
117
10001000000010001
51
10000001000110100
82
10000000011000010001
46
1011000100100001100
177
10001100000000000
68
100000001000000
126
10100011000100001000
192
11101010100
90
10100010000010
110
100000000100010101
113
11111000001110000100
14
10100010000100001
125
1011100110100000000
175
11100000010110000
146
100000010100000000
17
1100010000101000100
16
101110000000000
127
1100000001010000
66
1001000100101010
94
11000
81
11000000101111000000
114
10000000000010110
75
111010000001101000
106
1000000000001000000
69
10000000000001
184
1010000000010011100
177
1000010100001011000
143
100010101000
88
