30 100
1011100000010001000000000000
109
1000000000001
151
101000000000000000001
4
1000000010000000000000
92
1010010000000010000000100
48
10000000000001000000000000000
5
10001000010000000000100
145
10000000000000001000000010100
157
1000000000000000000100
154
1000000000000000
145
1000101010000000000
112
1110000000000
177
100000000000000000000
157
110000000100000
79
1000000000100000000
3
100000000000000001100100000
129
10000000000000
156
100000001000000000
111
11000010000000000000000000
45
1001000000000000000000000
96
100000000000000010000000
133
100000001000000000001000000000
90
1000000000100000000000
54
1000000000000
157
10
18
1010110000000
60
11000000000111000000000000000
38
1000001001011000000010
67
1000000000000000100000000100
12
101000000010000100100000001
67
100000000000000000000000
84
1000000000001000000
117
1000000000000000001010000
29
10000000000000001000
116
100100100000000000100000000
132
100100000000000000000000000
73
10000000000000001001
190
1000100000001000000000000000
137
100000000100
134
100100000000000
144
1000000000000000000000000010
136
1100000000000100000000000000
57
101000000000100000000100000000
21
10000000
14
1000000000000000001000000000
115
100000101000000000000000000000
200
111001000000000
144
1000000000000100001000
150
1000000000000000000000000001
28
1000001000000000001
45
110010000010000000000010000100
80
100000000
40
11
54
1100000000010
184
101000000000000001000000000100
126
1010000000000000000010000000
38
100100000000000000100
17
100000000001000001001000100000
42
100000000000000000
106
110010000000000010000000000
143
101100000010000000000000001
11
100000000000000000000000100001
125
1
139
1001001001000000000000101000
80
100000000000000010000000000010
159
10000010000000000
110
101011001000000001000000000001
3
10001000000000000001010001
5
10000000100100000010000000000
14
1100000000000000000000
168
10001000000010001000
20
100001000000000000000000000000
93
110000100000000000
82
100010000000001000000000
92
10001000000000000000000000
124
100000000000001000000001000000
94
10001000000
181
100000000000001000000000000000
22
1010000000000001000000000000
59
1000000
117
1000000010000
138
100100100000000000000000000000
89
1000000000000001000000000000
105
1000000000000001000000010
177
101
61
100000000011001000000010
16
10100001000000
62
1000000010000000000000000000
144
1000000000010100
153
1000000010000000000000010000
198
1001000000000000000100100000
11
11000000000000000000000000
109
10000000000000100000000010000
80
1000100000
163
10000100000
173
10000101000000001000000000001
22
10010100
83
10000000000000000000100
131
10000000100000000000
74
1000001010000100000000010111
17
