30 1900
1011100000010001000000000000
109
1000000000001
151
101000000000000000001
4
1000000010000000000000
92
1010010000000010000000100
48
10000000000001000000000000000
5
10001000010000000000100
145
10000000000000001000000010100
157
1000000000000000000100
154
1000000000000000
145
1000101010000000000
112
1110000000000
177
100000000000000000000
157
110000000100000
79
1000000000100000000
3
100000000000000001100100000
129
10000000000000
156
100000001000000000
111
11000010000000000000000000
45
1001000000000000000000000
96
100000000000000010000000
133
100000001000000000001000000000
90
1000000000100000000000
54
1000000000000
157
10
18
1010110000000
60
11000000000111000000000000000
38
1000001001011000000010
67
1000000000000000100000000100
12
101000000010000100100000001
67
100000000000000000000000
84
1000000000001000000
117
1000000000000000001010000
29
10000000000000001000
116
100100100000000000100000000
132
100100000000000000000000000
73
10000000000000001001
190
1000100000001000000000000000
137
100000000100
134
100100000000000
144
1000000000000000000000000010
136
1100000000000100000000000000
57
101000000000100000000100000000
21
10000000
14
1000000000000000001000000000
115
100000101000000000000000000000
200
111001000000000
144
1000000000000100001000
150
1000000000000000000000000001
28
1000001000000000001
45
110010000010000000000010000100
80
100000000
40
11
54
1100000000010
184
101000000000000001000000000100
126
1010000000000000000010000000
38
100100000000000000100
17
100000000001000001001000100000
42
100000000000000000
106
110010000000000010000000000
143
101100000010000000000000001
11
100000000000000000000000100001
125
1
139
1001001001000000000000101000
80
100000000000000010000000000010
159
10000010000000000
110
101011001000000001000000000001
3
10001000000000000001010001
5
10000000100100000010000000000
14
1100000000000000000000
168
10001000000010001000
20
100001000000000000000000000000
93
110000100000000000
82
100010000000001000000000
92
10001000000000000000000000
124
100000000000001000000001000000
94
10001000000
181
100000000000001000000000000000
22
1010000000000001000000000000
59
1000000
117
1000000010000
138
100100100000000000000000000000
89
1000000000000001000000000000
105
1000000000000001000000010
177
101
61
100000000011001000000010
16
10100001000000
62
1000000010000000000000000000
144
1000000000010100
153
1000000010000000000000010000
198
1001000000000000000100100000
11
11000000000000000000000000
109
10000000000000100000000010000
80
1000100000
163
10000100000
173
10000101000000001000000000001
22
10010100
83
10000000000000000000100
131
10000000100000000000
74
1000001010000100000000010111
17
10000000001
54
1000000001000001000001010
133
10010010000000000001
17
10001000000000000000000000000
29
1000001000000000000001000000
84
10000000101110000000000000000
88
100000100100000000011000
11
10000000000
142
100000001000000001000000000
120
101100
14
100100000000000000000000000000
95
1010000010000000000000000
183
10001000010010100000000000000
175
1000000000000100000011000000
152
100000001000000000000000000
39
100000100100001000
132
10000000000000011000001100000
182
1000000000001000000000000000
184
1000000000
70
10000000000101000001000000
176
100010000000000000000
2
1001000010000000000000000001
159
11000000010101000000000100
98
1010000000000000000000000100
47
1000100100000010000000
45
10000110010000
100
100000001000000000000000000011
69
1000000000000000000000010
177
100011000000010000000000000000
80
110
172
100000010010000000100000100100
166
10000000000000000010010100000
105
11000000000000000000
140
110000000000100000100000000001
5
100000000000100000100000010000
2
10100001000000000000000000000
117
100011010010000000000000
152
10000000000000000000000000
50
10000000000010001000
176
10001000000000010010000000000
141
100000000001010100000000000010
183
100000000000000000100000
107
10000000000000100000000
132
100000000010
17
100000000000000
3
100100010000000100000000
44
1000100010100000000100000
148
10000000000000100000100000010
40
10000
97
110000000000000001000000001
141
100000000011000000000000000010
84
10000000000001001001100000
152
100000000000000000000000001000
102
10000100000000000000000010
116
10000000010000000001000000
47
1000000000001000000000010
180
100000000001000100001000
157
1000010000001000000000000000
177
1001000010010000000
134
100000000000100000000000000
176
1000000000000000000000
166
1000000010000000000000000
83
10001000000100000000000000
64
1000000000001000000100000000
114
10000000000001000000000000010
27
1100000010000100110010000
81
10000010000000010000000000000
83
10000000010000000000000001
51
100000000000010000000000000000
37
10000010000000000111000
140
1110010001100000000000000100
8
110000000000100000000000000
128
10000000000000000000000
155
10000000000001000100000000000
21
100000000001000000000000000
194
10000000000001000
14
1000000010000010000001
159
1000000000000000101000010
97
10000000000010000000000001
38
100000000001000000000000
141
1010000001000000001000
52
1001001000
63
100000000000000010
154
1000
66
100000010000
191
10000000000010
36
10000000010100000000000
130
1000000000000000010000100100
97
1000000001000
137
10000000100000000010001000
14
10000000000001110000
72
100000001000000010000000100000
120
1000000000000100000000000001
124
110100000000000000000001000000
20
10000000000001010100000
151
1000000000000110000000010
34
1000100000000000000001000101
169
100000000000000000001000
163
10001000000000000
173
10000001000011001000000100
89
1000000000000000000
57
100000000000000000100000000
145
101110000000
197
10000000000000000000000100000
140
101000000000000010000010000000
199
1000010001000001000000000001
42
1000000000100000001010100000
140
100000000000
128
1000100000010000000000000000
97
1100100010000000000000000000
119
100001000000000000000100
56
10000000010000100000000
69
100100100000000001000000000
113
100000000001001000000000000
103
10000000011
116
10000000000000001000000000
158
100000000100000
160
1000000000000001
41
1001000010000000100110010
84
1100001000000000100000100
140
100000000100000010100000100000
154
1000001010000000000010000
189
100000010001000010000000000000
33
10000000000000000000000000101
44
10000000000000010010100100010
163
1100000001010
112
10000001000000000100000000000
109
10101000100010000000001000000
91
101000000000000000000000000000
24
11000000000000000000000010001
48
10100000000000000010000100000
116
10000000001011000010
60
100000010000001000000
128
110000001001000000000
90
1000010000000010000000
54
1000010000000000000000010
173
100000000000000001000000100000
137
10000000000000000000000000001
127
10000000000000000000000001
38
100000001001001000000001000100
97
110000100000000001
12
100000100100001000000010100
17
10100101
193
101010000000000000
191
10000000000110100000000
104
1010010000000000000000000000
38
11111000010000010000000000
12
1000100000000000000000001
106
1000100100100000100100000000
187
100010000100000010000011001000
127
10000000000000000010000000
20
101100000100001000
126
101000000000000000000100
65
100000010100
145
100010110100000
18
10000000000000000
5
100000000000001000000000110000
117
100000001000010000000000000
24
1001000000100001000000000
77
1001000011000000000000000000
11
10001100000000011010000000000
21
100000000000000001000000
128
10001000100110000000000
185
10001000011001000000
139
1100000000000000
28
100000100000000000000000000001
103
100010000000000000000011
187
1000000000010000000
164
10000000010000001000011
149
100100010000000
149
10000010000100000
33
1001010000000010
10
10010000000010000000
8
1010100100000000010000001010
170
110000000000000000000000000100
77
10000100000000000000000000000
122
10011100000000000000000
103
100000000110000100000
120
1000100000000000000000010
133
100000000110000000000000
52
1000000000000000000000000
130
1000000000000000000100000001
198
1000000110000000010001010000
153
100010000001100
127
100000000010000001
134
10000001000000000000000
45
10000000100000
117
100110000000000000000000100001
60
1000100100000000001000000
76
100001000000
171
100000000010000000000000000000
43
1011000000001100000000
190
100010000000000100000100000
162
10100000000000000000000000
155
10000101000000000110000000000
32
100000001001000000000000000
160
101000010000001000011000101
104
10000010000000000000010000000
175
1000100100100000000000000001
9
1000000000000000001100010
186
100100000000
199
11000000000000000000000000000
154
100000000100000000000000000
182
1110010000000010
103
10000000000000000001001000000
139
100000000000100000010000000100
77
10010000000000000
167
1000000000100000001100000
145
10010000000000000001000100010
42
10000000000000000010
80
100010010000000100000000001
189
1011000001100000000001010
135
110000000
100
10000000001000000001100
67
110000000000000000000
9
10010100000100100
98
100000001001000000000
128
10000000000000000000010000000
169
10000000000000000100010110
170
10100000000000000000
17
1000010001000000000000000
193
10000000000000000000000010
9
1001000000001000000000000
174
11000100000010000000000000
27
1010100000000000000100000
75
100000000000000000001001
169
1010100001000010000010
12
100010000010000001000100
40
10000000000001100000000000001
139
100000100001000000001000100
24
101000000000010000010100000001
143
11000000000000000000000000010
70
100000010000000010000010000000
148
1000000100100000000001000010
141
1000000000000000010000010010
59
1010000000000000000000
43
10000000000000000100000000000
51
1000000001000000000001000100
130
10000000000000000000000000010
167
100000010000001000000000000010
33
100000000000000000010000
21
11100000010000000000000000
139
11000001000000000000000000000
198
1100100001000000110000010000
83
100
105
1001010010000000001000000
198
100010001100
98
1000000000000001000000000
164
10000000000100
90
100000010000000000010000000
87
10010001010000010011000
127
100000000011010000001
194
1000000000000010000000000000
84
1010000100000000001000000
49
100000000000010
128
100001000001000000000000000
172
1000000100001000000100000000
56
10010010000100000000010100100
128
10000000101100011000
72
1011000000
109
11100000000101000000000010
52
10000000001100000010000000
28
1000000000010000010000000000
2
100000010010000000110100
100
100000000000010000000000
170
10010001000001
42
10000000001100000000100
83
1000010001010000000011
112
100000000000000000000000000
70
100000000000010000000000000
45
100000000000000000000010000
139
100000000000100101110000000
103
1000001001000100000000
85
100000000000000000001
187
11110000000000010000000
148
1010010000000000000
33
10001000000001101000000010000
100
1000001000010000000000000
32
100000000000000010000000001000
96
10100000000000100100000000000
117
100010001000000010000000000000
29
10000010000000010000000010100
181
110000000000011000
10
10000000000001000100000010
181
1000001000000000100010000010
74
1000010000000000100000000
164
100000011000010000000010000000
143
100010000000000001000100000100
125
10100000101000000000000000000
129
100000000100100100000
39
101000000010000000010
150
10100000000000000000000001010
35
1000001000000100000000
147
10000000000000000000001
148
1001000000000000000000000000
83
101000001000001000000000000000
72
10000100000000000001000000000
153
100000000101000
162
10001010000000000000000000
122
1000000010000000000000001
73
1100000000000000101001
88
100000000100000000
76
100000000000000000000010
188
10000000000001
72
1000001000000
30
1000000000000000000000010000
93
110000000010000100
19
1011000000000000000000100
182
1000000010
186
100000000000000101000000000
56
10000000000100000000000
126
10000000000000000000100000
1
100000000000001001000
198
100000000000000100000000000100
81
100000010100001010000000100
75
100000000010000000000
148
1000010000000100000
113
1001000
87
101010000001000000
166
100000000000000010100000010000
123
1000000000000000000000100
71
1000100000000001100010000000
168
1000000000000000000000000000
90
10000000010000000000000000
169
1100000000000100100010
165
1000000000000000000000000100
105
10000000000000110100
182
10000001001000000100110101
172
10010000100000001000100000010
141
100000100100010000000000
182
10000000000000010001000
182
100010000000000
162
1100000010000000010000
66
1000000000101
150
10001000000000001000000010
60
1010001000011000000
55
10000000000011000100000000
66
1001000000000000000000100000
55
1000000000000100000100
51
100000100100000000001000000000
183
10000000010000000000001
26
100000100001000000000010000
121
1010000000000000000000000001
173
1000100000000000000000
92
1000010000000100000000001
155
100000000000000000100100
162
100000000000001001010000001000
142
1000000000000010000001
140
100000000000000110
113
1010000001010000001000000001
148
1000000000000000000101
64
10010000110000000
89
100000100000000
181
1001000000
27
101010000010000000000000
126
10000000100000000000000
126
10010000000000
55
100000000100000010000000
143
100100000100000100
197
10100000001011000100100000
5
10000000000000000010000100
50
1010000000100000000000000100
60
10000011100010000000000010
145
1010000000010000100000001000
153
1000000110000000000000000
122
10000001011000000000001000000
139
100000000000010100
122
10000010000000000000000000100
21
1000000010000000
89
100100000000000000100001000
174
10100000000000010000001000
63
1000001000000000000000000000
185
101000010000010000
54
10001000100010000010000000001
189
100000000001000010
50
10101000000000000000000101
56
1000000010000000100000000000
197
10000001000000
168
10000000000101
10
110000000000000000000000000
54
1000001010001000000100001
81
1000000000000000010000000
144
100000
93
100000100000000000000000000000
53
10000100000000000000000001
177
10000000000000000100
128
10000000000000011000100001
131
100000000010001100110000
106
100000010000000000000
125
100000100000000000010
129
100000010000100000000000000000
66
10000000000100000000
74
1000000000000000010000100
90
110000000010000000000000001
52
10000001000000001000000000000
103
10000000000000000000110000000
110
10000000000000100000000000000
116
10010000
162
10000000000000000000000101000
67
10000001000100000000000
116
101001000
50
100100000000011010000
176
100000001000011010000100000
185
11100
18
1000110000000000100001000000
159
100000100000000100000
156
10000000000000100
134
1000010010000000100000
30
1000110011000000000
67
10000000000000000001000
125
1100100000000010000001000010
80
1001110000000000000
15
10000010000010000000000100000
185
100000000000000100000000000
68
1100000000001000000000000
92
101000000000000100010000000000
120
1000100100101000000000000
199
100000000000010100000000
112
1100000010000000000100000100
8
11000000000000101000000000000
52
100000100000000000010000000
45
10000010000
62
10000100100000
136
10010000000000000000000000100
176
100000000000000000000000100000
83
1010000000
149
1000000000000001000
42
11000000000000
62
100000000000100001
150
1000000000000000010
73
101000000000000010000000000000
53
1000100001000000000
117
10000000000000000100000001000
17
1000000000100000000000000
89
10000000000100000001000000
115
1000010010100100000010
138
1001000010000001000000000000
192
1100000000000000001000
191
11000001100000000010
10
100001100000000000000000
130
1000000100000001000
56
1000000000100000110000000
23
1000010000000000000
83
10000000100010000100001100000
46
1010000000000000000000000
94
10000000000000000000
59
100001000100000000010000000
180
100000100001000000010000100
190
10001001000100
106
100010000100000010001000000
43
10000010010000000000000000000
11
100000010000000000100
135
1010010000000
65
1001100000000000000001000001
196
10000010
16
100000100000
77
10000000000000010000010
125
100000000000000110100000010000
193
1000000000000010001
132
1000001000000000000000000
54
10000000000000000001001000
95
100101000000000000000000011000
27
100000000001000
147
11010000000000000000010
156
10100000000100010001000100000
81
100000000000001000010100
7
1000001000100001000000100
91
10000000000001011000100000
200
10100001010000000010000
34
1000000010000010000000000000
59
101000010000010000000000001
166
1000001000000000111000000
151
100000010010000100000000
71
10010001000000100010
4
100000000010000001001000000
124
1000000010000000000010010000
25
11100000000100000000
78
10000000000001000000100000000
167
10000000000000000001
136
1000000000000000000000011010
55
101101000100001011000010000000
70
100000100000000000000000010000
81
1000010000100000000000000
130
10000001
70
110100
163
10000000000000100000
109
1000000001000000
9
10000000000010000000000000000
195
101000100000000000000000000000
17
10000000010001000000
12
1010000001000000000000000
156
100101000000000000000000000
174
1000010000000000000001000000
96
10000001001000010000
168
100000000000100110000000100000
117
100000000000000000000000000000
129
100000100000000000000
140
100000000000000001000
146
1000100000010100010001101
41
10000000001010000000000
187
11000000000010
8
11010000100110000000000000010
170
100000011100001000000010000
92
11000100000000
122
100000000010000000
180
10100000000000001000000010
58
10000110000100001000001100000
85
10101000
94
1000000000010000000000000000
26
100000000000001000010000100001
25
100000000000000000000100000000
2
1000000000001000000001001001
75
1000000100000000000000
144
100000000000000000000001000
157
101000100000001010000000
118
10000000000101000000000000000
156
100000010000000000000010000
83
100000000010000010010100000
151
10001000
46
10000000000000001000000000000
61
1000000000000000101000000
104
100000000100000000000000100100
46
100000000010000000000000010
155
101000100000000000
66
1001000000000000000000
139
1000010000110000001010010000
152
100010000100100000000010000010
155
10000000001000000000000001000
38
110000000000000000000001
106
1000000100100000100000100000
9
10101000010000000000
157
100000100000000100010001000000
36
100000001000001000000001
159
10000000001010000
175
100000001000000100100001001
126
100000001010000
85
1000000000100
73
1001100001000000000000001
170
1000000010011000000
51
100000001000001000000000000000
133
1001000000000001010000101
167
10001000010000000000
161
100001000000000000010000010000
114
1000000000000000000011000
34
10010000000000000000000100000
137
100000000000001000000
108
100000000000000000000000000100
67
10000001001010000000010000010
57
100000000010000
55
100000000100000000000000100000
41
11000000000000000000010000000
75
1000000000100000
47
10000000001000000000100000000
71
1001000100000000000001000000
96
10001000100000
72
1000010000000
30
110010000000000000000000100000
23
1101000000100000000010010001
75
100100000000000001000000
82
100000000000000000000000010
15
11000000001000000010000000000
16
11000000
61
100000100001000000001000000010
195
100000000000000000000100000
35
10000000000000000000100100001
127
110000001100000000000010100
31
1000000001010000000001
140
10000000000001100001010010
47
100000100000000000000000
130
100000000001000100
159
10101000000000100000000
52
110001000000
171
100000000000000000001000000000
17
1001000000001000
15
1000100001000000100000000001
42
110010000001000010000001000100
14
10000000000010000
137
1000010001000000000100
45
10000100001010000100000100
174
11000000000000010
73
100000000000000010000000000
24
1101000000001001000000000
149
10000000000001000000000000
186
10000000000100010000000000
70
100000000000000011001000010000
72
10000001100000010000000
189
11000000000000001010000000000
47
100000000000000100000100000
105
1100000000000
184
101000000001000100
11
1100001001100000000000000000
127
10000000000000001
18
1000000000100000000000000000
98
100100010010
22
1000001001000000
59
10000001000000100000011000010
135
10000001000
113
101100010000000100100100
95
100000001000
151
100100000000000100000101
83
10000000000000010000000000100
7
100000000000100
151
10000000000100000001
92
10000000000000110000001000
58
1011100010001000000
92
1000000000010000000000000
77
10000110000010000100001000010
19
110000000000110000
53
11000000000100
2
10010000000000000000000
179
100101100011000000000000000
153
10000100000000000000
149
10100000
116
1000000010000000001000000100
175
10000000001000000100000011001
36
10000001000100000010001000000
94
1000000000010110000000
150
100000000000001000000000
20
1000000010000100000000000000
197
10000000000000000000000000000
99
110010000100001000101000001
69
100000010000100001000000000001
43
1000000000100001000000
118
101100010000000101
41
11000000000000001001000000000
69
1001000101100000
52
1000000000000100000000000000
154
1011011000001000000
91
100001000000001100000000001000
142
100000000000010010011
95
100000000100000010
141
10001000000011
90
1000001000000000000
153
100000000001000000001000000
151
1000000000000000101000010000
80
100010000000
156
10000010000001000010000000010
174
10000000000000000001100000
60
1000001100010000000100100000
183
100000010000000001010000000000
174
100000000010000001000100001
125
10000000010000000
65
1000000011000000010100
130
100000010000010000000010000
7
10100000100000000000000000000
80
1010000000011000010000
124
1000000000000100000
90
1000000001000000000000
27
1000100000000010000
145
100000000000001000000000001
125
1000001010100000010
131
1000001000000000010100000
60
1000000000011001010010000
63
1000001000100000
177
11000000000000000000000
190
1000000000100000000001000
68
10000001000001000
185
10000000100000001000100000000
68
1000000010000000010
82
111000000000000100100000000000
188
100000000000000000000100
182
10000010000101001000000001
199
1001000000000011000000000000
27
1001000000110000000
74
110000000000010000
42
101000000000010000111100
110
10000001000110000000
70
10000000000000000000001010
82
1100000
23
100001000000000001000000000
26
110000000000000010
59
10000001000001000000
70
10000001000010001000000000100
91
100000000000000000000100001000
34
10000001100100
141
10001000000000010000001000000
188
1001000101110000000011000000
5
1001000000000000000000010001
134
11000000010000000000001000
1
110001000000000000000000000
103
10000001001000000000000000
20
1000000000000000100000000000
12
100000000000000000000011
104
10000000001100000000000
5
10000000000100010000000000000
172
100000001000000000000000000001
26
10000010000000000010000000
100
10000000001000000
86
1000010000000000000000000
174
100000000001001001000000000000
143
100000001000100001
108
1000000000000000000000010100
6
100000010100000010
158
10100100000001100000011000
84
100010010001010000000000000000
26
100000000100000000010000
90
1000000000000000001010101100
71
100100000100001000000000001000
16
100000001000000100000000001
44
10000001000000000100000000
22
10100010000000000000100100
120
10000000000000000000110100000
174
100010000000000000000000000000
129
100001000000000001
36
100100000010000000011000000
92
100000000010010000100000001
23
110010010001000000001100
105
1000001000000100000000000
198
10000000000010000000000
97
10000101001
34
1000000000100000001000000000
63
100000001000000000001010
35
10000100
10
100000000000100100000
146
1000010000000001000100011000
136
10000000000000000001000000
110
100010000000100000010000000
50
11000000000000100010000000
96
110000000000000000000010
83
10011000000000000000000011000
69
1010000000000000000000000000
161
10000000010011110001010010000
59
10000000000000000000100000010
148
1000100000000
52
1000000001100
14
1100000000
176
11000000000000000001000001
1
10000000010000010000100100000
178
1000000100001000000000000
57
101000000000
145
10001100000000000001010100
116
100000000001000100000
77
100101000000000
164
1000000010100000000000100
39
10000000000000011000000010010
56
1000000010010000000100000
49
1100010
118
10000000001000000000001
60
1000000000000110010010
148
100000000000000000010100000
124
1000100000000000000000000101
132
10001000000010010000000000001
3
101000000000000000000000000010
17
10000100000100000000010
161
100000000010000000100000000100
25
1001001010000100110010000
159
100000100000010000000100
155
100000000011000000010000
24
1000000000101110
116
1000010000000000000000000010
33
10000000000000000000000010000
45
1010001000000000000000000
181
101000000
125
1000000000001000000000000010
87
1000000000000000010001000
101
1000101000000000000100010000
62
100001000000000000001
99
10000000010
160
10010000010100000011001000100
50
1000010100000000000
123
1100000000000000000000000
101
1000001010
48
111
107
10000110100
165
10001100000000000000
189
1001100
101
1000000010000000100000000
184
10000100001000000000100000000
4
100010000000010100000010
144
1000000000000000000001000000
182
100000000011000100000001000
87
100001000000000010000
71
10000000010100100000000
85
100000000000010010000000000100
35
11010000000001000000000000
108
11000100000001001000000
46
100000000000001000000000000
171
10000000010001000000000000
115
100000100010000000000000100001
13
1010000000000100000000100
89
110000000000100000000000000000
61
100100
52
100000000100100000100000000001
172
100000010000000
189
1001000000001000000000001
8
100000000000001000000001000
55
10100000000000
146
100000000000000001010
116
100100010000000000001
68
101001000000000000000000000
34
1000000000000010
1
10001001000000
196
10000110000101
151
100100000001000000
135
1000010010000000000000000000
111
100000000000001000000000001000
94
1000001100000000000000
66
10000010000000000000
185
1010000000100000000000000
86
1000000000000000001000100100
66
10010100001001000
41
10000000010000000100000000000
138
100000000100010000001
72
100000000000101000
23
10000100000000100110000
124
10001010010101000011001000000
168
100000110001
87
1100000000001
47
10100001100000010010000000100
97
11000001100000001000
114
100001000000000000000
157
1000000000001000010000100
4
1000010010000000
141
10000001000000000000000000
100
1010000000100000
56
1000000000000000000001010
17
10000100000000000010001000000
57
100100000000000100000000
44
10000000000001010000000010
126
1000001000000001000000010
31
10001000000000000000001000000
85
1010000001000100010000
170
1000001000
73
11000000000101001100000000000
141
10000000001000
174
100001000101000000100000010
153
100000000011000001000000000000
38
1000001000000000000010001
86
10001000000000100000001
130
1010000001000000001000000
127
1000010000000001000000100
168
1000000000000100000001000
79
100000010010000
185
1010000000000100000000
55
1000101000000000000000
176
1000000000000000000001101
5
10000000000000011000100000
78
1100100000011
54
10010
130
1000100000100000000000
125
100000100010000000001000
102
101001000010000
87
10100010000000000000001001000
61
100010000100000010000
46
1000000001000000000000000001
32
10110000000001000000000
130
100100010000000000000000000000
10
1000010000001100000
90
10000000001000000010000000
136
10000001000000001000001000
190
101000001000000000100
99
101000010000010000000100000000
111
10000000001000100000000000
153
1001001100000000000000000000
155
10000100000000000101
12
1001010000000000000001000000
166
1000001000000010000
21
1100110000000000001100
67
100000100000000000000000100000
89
100000000000000001010000
6
101000000000100000011000
9
1000000000000000001001000010
18
100100000001000111000000100
175
1000100000010100000000
83
1000000001000000000000101001
149
1000000001000100000110010010
174
100010000000000000010010010
199
11000010000000000
123
1000000000000100000000010
81
100100000110001010000000000
192
10000000100000000000000000
66
11010000000000010000010
173
100000010100000100000000001000
127
100000000000100100000000
192
100100000
69
1100001000000
63
1000000000010000000100001000
194
10100000110001000000001000000
196
100000100001000000001000
195
10000011000000000000000
33
1000010000000000000000
15
1000000000000100000000000
120
1100000000000000001000000
83
110000000000000
138
1000000001000000000000000000
96
10000000000000001100000
40
1000000001001100010001
90
100000010000000000000001001000
52
100000100000100000000
58
10000001010000110000010
31
1001100100000000000000000
94
11001000001000010010000000
135
10000100000000
95
100000100000000010000000100000
48
1010
104
1000000100010000010010000011
34
10000010000001000010001000000
173
10000000100000000000000000000
8
1000000000101000000000
99
11000101000000
66
100011000000
9
11000000101000011000
65
1000100000000000000000000000
136
10000000010000000100101000000
41
1100000000100
122
100000000010000000000000010000
151
10010000000000001000
12
10000011000000000000000000
117
10000000000010010000000000
192
100001000000001001000100000
9
1000000000000001000000
187
110000000000
80
100010000000000000000000
94
100011010010000000000
111
100000000000001100010000000000
141
100100000000010000000000000001
58
100100000100000010000001000
91
100000010001000000000
197
11010000000000000000
3
100010000000000000100000000
95
10011000010010000
197
100010000000001000100000000000
128
100000100010000100000000
152
1000000000011100000
88
100100001000100000
120
10001010001010010000100000
163
100000011001001
27
1010001000000000100000
186
100100010000000000000000100000
21
100010011000100000000000000
102
100000001000000
155
10000001000011000000000000
50
10000000000000000000100000000
44
1001000000000100010
47
1000000000001000010000000000
60
100000100100000001100000
54
10000000100000000000010
192
110000000000000000010011000
12
1100100010000000
3
1000000000000000000001100000
190
10000001100000000010
149
100000000000001000001000100000
12
1000100000000000001000000
40
1000100001001000000000010
118
100011010000000010000
144
1000001000000000000100000
148
100000000001100000010010000000
14
10000000001000000000010010
93
1100000001000000000000000
27
10000000110000000011000
128
1110000000000000000000000
36
100000010000000000000010000010
53
101000
9
100110000000000000010010000
58
10000000000010000100
20
1000000000000000000001000
66
11100010000000000000
180
1001000000000000
5
1010100010000000111000000000
50
101000000010101000000
127
100000010000000000001000000000
163
100101010001000010000000110
119
10100000000010000000000
190
11100010001
40
1000001000000010000000
34
100001100010000010000010010000
185
1000100000001001000
99
10000100000000010000000000000
60
1000000000010
60
10001100110000000000000011
20
1000000001000000000
49
10100000000000000010
27
11000100000000001100000000100
15
10100010000000010
55
10000010000000000000100
190
100001000000000000
197
1000000000000000010000001000
200
101100000000010100000
69
100000001000100000010000010
187
1000010000000001000000
47
100000000000001000010000
133
1000000001000000000000101
186
100010000011000000011000001000
12
10000000000000000001000000000
151
10000000110000100000000000
124
10010000000000000000000000
135
10000000000000100000000000
138
100000000000000100
116
10000000001000000001000000
37
1000000100000000010000000000
19
10000000110100000000000010
168
1100000000000000001000000000
80
1000000000000000100001000
90
10000010000000
107
100100010010000000000000
177
1101000100000000000000
50
111000000000001000100010100
77
1000000000000000001
179
10000000001000000100001000000
138
1001101000000010000000100000
63
1000000100000001000000
170
100000010000000000100000000000
11
110010000000000000001000000000
194
100000101010100000000000000000
3
100000001101000000000000000100
173
10000000000000001000000
56
10000000000000000100000010000
137
100010100011000000000000011000
43
100000010100010000100
135
11000001000
172
10000000101010000010000000000
30
1000110000010000000100010
58
100000001000001000100100
149
11000000000000000000100000010
99
11010100000010000000
100
10000000000100010000000
113
1000000010000001000
96
11000000110010000000000
20
111000011010000000001000000000
185
101000000000000001000010000
178
1001000010000000
177
100000000001000010000
91
1000010000100000100000001
9
1000001001001000000100000
44
10010010001000000000000000100
17
1000010100000100000000100
6
100000000000000000101000000000
114
110000000000100000010000000000
53
1010000010000000000000100
115
11000000001100001100000
147
1010000000000000000
51
10000010110000000
41
100100010100000100001000
20
10100000000001010010010000010
86
100010000000000000000000010000
12
10000100000000000000000
109
100000000001000000000
97
10000000011000000000001000
181
100000010000000000000010100
86
100000000000011110010001000000
35
1001000000000000000100000
130
111001000000100010010
65
1000000001000000000010000
128
100000000110000000000100000100
183
10000000100
120
11000000000000100000010010
47
100000000010011000
84
100000000100000000000000000000
4
100000000100000000000000
6
10000000000000000010000000011
96
1000000000100000000001010000
118
1001001000100000001010000101
178
1000011000000
50
101100000000000000000000000000
13
10000000001000000000000000000
86
100000000010010001010000000
197
11000100000001000000001000
67
1000000010000000000
138
10000100000000010000000
109
100100000000000000000000010000
7
1101000000000
139
1001000000100100000101000000
86
10100000000001001000000000
143
10000000001001000010000
25
10001000000001000001010
54
100000010000010100000101000000
66
1100001000
156
10000000000100100000000000
29
1000000000010100000000000
48
1000000100000000011001011000
162
100000000000010010001001001
49
10000001001100001001100000011
33
10100000100000000000000
27
10000100010000000001000
109
101000000010000000000100110
139
11000000110000001000000000000
163
100000000110101010000001100
169
10010000100000000000000000
106
10000000000000001010000000110
161
10000000000001100000010
41
100000000000010000010
7
10000000000001000000001000
68
1000010000000000000000000000
174
100100000000000000001000
107
10001000100001000000000000001
94
1000000000100000000100000000
98
1010010000001000000000000100
10
10100000010010100000001001
49
1010000000010000000000000000
122
10000100010000000000000000000
184
100000000110000000000010000000
75
100100000000010101001100000
196
10000001000001000001000
135
10000000100100000000000100000
147
10001001000001000000000
107
100000000000000100000000001
85
100000000101000000000100000
153
1000000100000000000000000
130
10000000000001000000010
124
1000100000000000000
113
1100100000000001100000000
72
1000000000010000100010000000
139
100011000000000000010000
136
110000000000000000000010000000
48
100000001000000000000000001
196
10000101001000000000001000
31
100100010000100000000010001000
24
100001000000000001100100000
92
1001000000100010000
187
100000100000100100010000000000
161
1000100000000000000001001100
59
110000
200
10000010010000000000000
155
11000000000000001000000000100
112
100000000010110001100010
174
10000001010010100000000
198
1000000010000000000010000
70
100000001100
194
1000000000000000000100000000
148
1100000001000000000000100000
161
100101010000000000000000
120
101000010000000000100000000000
61
1000001100000
171
10100001000
76
1010100000000010001000101000
137
10110010000000100001000100
8
1000000010100000000000000
28
10000000101000000000000100000
86
100100000000000000000010000
160
1000000101000
44
100000100000000000000001000
19
10000010010000010001000
126
1001000000000100100
134
1010001000100000000
64
100000000000000100000
75
1000100000000000000001000001
71
10000000000001000001000
96
10000000000010000100000000
62
100010100000000000001100000
67
10001000000000001000000
105
100010000001000000001000000001
99
100000100000000000000001
102
10000010000000100000001
23
1010000010010000000000000000
153
100000001000000000010000000000
116
10000001000100100000100000
169
11000000010100010100100
13
10010000000000000001000000001
168
10000010000101000000000
171
1100000000110000100000000000
89
1000101001000000000000000
74
100000000000000001000000000001
167
1000001010000000000000
184
10000010000000000100001000000
50
1010000000010001000010000000
186
100000000011100100000100
192
1000000001000000000000000
8
10000100000000000000000000
8
110010000000001000010010011
108
100101000001000000000000010
76
10001000000000000000
19
100010001000000000000000
109
10000000000000000100000000
58
100001000000000100001000100
139
1000000100000000000
191
100100000000100000010000100001
173
110001000000000100000000010010
53
100000000010100001000000101011
158
10010000000010000000000000001
79
11000
186
10000000000000000000101
45
1000000000000100000000001000
199
100000000000000010100000000000
81
101000010000000
100
10000000000010001100000000
14
1110001000000000100000000
85
100000000000101000000000000
45
10000000000100110001000000000
171
10000000000000000001100001
147
100000000000110000000
78
10000001000010000000100000
175
10001001000010000000
12
10000100000001001010100000100
97
10111000000000100000
130
10010000000100000000
191
100010100000000000001000001000
20
10000000000000001001000010000
59
11100000100000010010100000001
128
101100000000000000
172
1000000000000010000
41
1000000001000010000000
61
10010000000
107
10000010000000000100
93
100010000010000000000000
194
100000000001000000010100000000
152
10000000000000101000000000
46
1000010000000000
98
100001100000000000000000100000
161
1000000100000000000000000000
168
100110000
180
100001000000000000000001010000
52
100001000001000010000000000
128
100100001000000
156
10010000000000000000001000000
47
10010000000000110
51
110000000000000000000000000000
126
100000110000
148
100010000000000001000000000
119
1001001000000000000000
146
10000000111000010001
161
1000000100000000000001
96
1010000010000
8
1000000100001
33
1000010000000010
143
100010000000000000000000000110
78
100000010100100000000
154
1100000000000000000000000000
107
100000000010000000100000
132
101000001100000000000000000001
48
10100001100001000000110
16
10000000100000001000000000000
155
10001000000000000001000000001
200
11000000000010000000000100
106
1000001000000000000001010010
66
1010000000000000100000100
172
100000000000000100010000000
71
10100000000000000000000000000
49
101010000000000000100000000010
110
1000000000000000000000100100
172
1001000000010000000010000000
75
100100001100001000000
197
10000000110001000000
165
1001000000000010000010000
189
11100000000001000000000010000
53
1000000000001001000110000
133
10000000000000000010000110000
191
100100010010010000110000000001
161
1000000000000000000100010
73
10100000000000000000000
115
10000000000000000001100001100
146
10000110000000000000000
119
1000000100001010000100000000
191
1000000111000000
156
110000000000000000
188
100000001010000100010000000
127
1000100000000000000000000001
188
1010000000000000101
7
10000000001001000000000000
121
10000000100100001
184
1000101001000001000000
57
100000000000000000000100100000
177
1000000000000000100000001
107
10000000001000000000
77
101000000000000
181
100011100100000000000000
151
10000000010010000000000
31
100001000000010000000000
196
10000000100010100
136
1001101000010
24
1100100000010000000000
55
1100
52
100100000000000000000
31
10000000000110000001000010
78
1000100000100000000000000010
97
110000000000001
81
1000000000000110000000100
127
10000101000010000
187
1000000000010100000000
85
1100000000010100
46
100001000000000100000001000
98
10000000100000010000000100000
166
100100000000100000000000000001
172
1000000000000010000001000000
186
100000100000000100000000000000
157
1011000000000100010000000000
30
100010100000000000000100000010
82
1100000000000000000
137
1000000000000000000001000010
68
11100010000000000000010010
83
10000000000001000000000
128
100000000000000000100
134
100000001000000100100000000000
162
1000000000000100
21
10000000101001000000100000000
57
100000100000000000001110011000
34
1000000000001010100000000
27
110000000001000100000000000010
19
110000001011000000000000100
188
1000000000000110000000
178
100000000001100000100010000100
51
1100100000000000000000
155
11010000000000
110
1010000011000000000000000
113
100100000001000110000000000110
173
1010100000010001
106
100000000000001010001000100000
118
100100001001000001100100000100
10
110100000000000000
29
1010100000010
60
100000000000000000100000000000
126
10000100000000000000000000100
73
100010000000100000000000
49
100100000100000000000
171
100010010000000000
117
10000001010000000000000000
163
100000000110000000000
62
100011000001100000000111000
191
10000000000000001000000000100
174
1000000000000010010000000
164
10001000010000000010100000000
46
100000000001100110000010000
22
10000000000001100001000000
109
100000000000000000000000101
128
100000010000000000001000000
123
10000000000001000000001000000
9
10000000000100000000001
177
1000000010010001000000
167
101100010000000000000000000
28
1000001000000000110010000000
73
1000000000000000000010
113
1000000000000000000110000
34
10000100000100100
92
10000000000001000000000010
197
100010000010000100000011000
136
100000000110000000000000000000
50
10001000000010000000000000
58
1000000000100000100000001000
189
110000001000
187
1010000100000100000000000000
185
1010011000000000000100100
11
100000000100000000000001000000
14
10000000000010000001000000
74
1100000000000000000000000100
17
1000010101100010000000000
24
10000000010000001000
82
100100000000000000001000000000
159
1000001000001000000010
149
1010000000001000100000000000
3
100000000000100000101100000
153
1000100001000000000000001000
110
100000110000010001000000000
16
100000010000100010
63
1000001000000000000000100000
160
1100001000010000000000000001
101
1101000000000010000000
17
1000100000000000000000000
25
110000000000001001000011000
51
100000000000000110000000000100
60
100000000000000000010000000100
85
1000000000010000000010000000
162
101000000000000000000010001000
186
10100010000000000000010001000
60
1001001000000000000000000110
37
101000001000000000000000010
93
11010000000000000000000000000
38
100000100010000000000010010000
37
1000001000010000000001000000
81
100010000010000100000000
73
110000000100000000000000
196
100000000000100001010000
49
100000000001001000000000
33
100000000000000010000000000000
81
1000100001000000000001
46
1000000000100000000010000000
29
10000000000000010000000001000
2
1000000000110000000
57
10000000000001000011000001000
170
100000000001011000000000000
94
100100000100000100010010
199
1010000100000101000000
54
10000000000000000001000000010
90
100101000001000000000000000100
164
1000001100000000000000000000
103
1000000010100000
119
10000000000100000
166
10000010000000000000010000
93
1010000
106
10100110001000100000010000
55
11000000000000000100100010
106
10000000100001000000000000000
52
100000000000000000000010000100
60
10000000000000010000
158
100000100001010000000000000
96
10000000000000100000000001
159
111000001000000000000000000100
131
100000000000000000000000100
92
1010100100000000000100000
149
10000000000000000000001100
26
10010000000001
161
1100001000000000000010000001
147
101000010000001000001000000
81
110000000000000000100010000000
43
100001000101000000010000000000
98
1001001
145
101000000000010000110100
45
10010000000000000000000000000
174
1000000100000000
4
1100000000100000
151
10100010000000000100010110000
184
100000000000000000000000001
58
1001001000000100001000100
43
100100000000000000
98
101100000000000000000
11
1000000001000011000000
107
10100000010000000000000000
5
100000011000100000000000100000
181
10000000000000000000001000
95
100001000000000000000000000100
69
1000000001000000001000000101
2
10000000000000000100000001
178
1000011000000000000100
160
100000100011001100
172
100000001000010000
165
100000000000000000001100000100
151
100000000000010000000000000001
97
10000000000000000000000100
188
10000000000010101000000000000
79
1001001001100000000001
196
10000001000000001000000010
83
1000000001000000000001000000
119
100000000000001010000100000000
199
10000101000
165
10001000000010110000001001000
126
100000000000100000000000
9
10000000000110001001000000
136
100000000000000000000100001
15
100000000000000000001010000
42
10010000000000000010000000000
49
1000001000000001
199
10000100000000100000
198
10001000000010000000000
124
1000010010100000
40
10000000000000000001000001
82
10100000000000000100001
165
101000000000000000000
62
10000000000000010000000
55
101000000000000000111000
155
100010001000000000000000000010
63
100000000000000000100000001000
26
100011
6
101000000101000001010000000010
56
1000001100
164
100000000100000000100000000
135
1100000000000000010101
162
10000000000000000100000
12
1000000000001100000001010000
120
100000000010001000000000
186
100000001000000100000000000
7
100000000010001000000000000000
131
100000000000000100000000100010
139
10000100000000000000000010000
191
10100100000000000010000000
93
1100000000001000
187
100000001000000001000000000000
103
100000000010000000000010000
181
1010000100000001000000000000
12
10000010000100000000000000
107
100000100000000000100
51
100000100000000000001010011000
72
101000010000000000000000000000
67
10001000000000000001
187
1010000000000100000000001
52
1000000000000000100000010
122
1000000000011100000000000000
65
100000000010001010000
50
10010000000000100000000
163
10000000000010000000000000
152
100001001000000001
153
1001001000010000
88
10000000010000001
128
10000100010100100000000000000
138
1100000000000000010000000000
86
100010000000010000000000100100
193
1010001000000000000010000
197
10001000000000010001
22
100000000010000000000000000
108
1000010001000
51
1000001000000000100
7
10000000010001000000000
67
10000000101011100
174
111000000000000000000000001101
108
1000001000000000000000000001
12
100000000000100010000000000000
131
1000100001010000010000000
84
1000000000000000000010000000
148
10000010000000000000000
24
100000000000000001010000001000
150
10000000001000000000000
149
110000000000000000000000111000
158
1000010011011000010000000
21
10000000100000010100001000000
16
1100100000100000000010011100
11
100000000100000100
58
1000000000010000000000010000
148
10101000000000010111
21
10000000100010
21
10010001
45
110000100000000000000100000000
133
1000010100101000011
65
10100010000000000100000010000
186
1001000000001000010000000000
29
100000000000000000001000100
143
1000000000001001101000000000
6
1000100000100000000001010000
21
10001000000000000000000
189
1001000100000011000001000
108
10010010100000000101000000000
193
100001
137
100000100000001000000
98
1000000000000000000100000100
181
1000000000000000100000100100
14
100000000011000
170
10000100001000010000000000000
150
1010000000000000000001000100
155
10000000010000000000000011010
170
10000001000000000000010001000
142
10100000000000000001010000010
174
10000000000001100001000000000
89
100100000011000000000000000
181
100000100100001000010
76
10000000001101000000000
118
10000010000000000000000000
68
10000010000100000100010000
118
1111001000000001100000000
73
1000000000010000100
104
10000010000100000000000
44
1000000000000000100000000
72
10000000010010101010
101
10000000100001000
123
10000110000001000000000000000
141
101000000000000011000000000010
133
10100000010000000000001100
103
100000100001000000000010
149
110000000000000001010000000
99
10000001000010000000000
126
10000010110000000000000000000
189
10000000000010000001001000010
126
1100000010000
21
10000110000000000000
189
10000000000001010001000000
9
11000000000100100000
87
10000000000000000100001000
127
1000010000100000
13
100000000010000000000000000001
86
1010000000001000
130
1010000000000000010
117
100011000000000000000001100000
87
100000000000110000000000
99
10010000100000000000
50
1000010000000000000001100
162
10001000100000100001000000000
196
11000000000010000000000000000
156
1000000000001000000000
173
10000010000000000001000
101
1000100100000000000000010000
70
10010000000100000
69
110000000000100000000000010
115
1000010000010000000000000
134
10100000010000000000000100000
129
10000000000000000000100100000
46
100010000000000000
56
10000000001000001000000000
83
100100100000000101000000000001
148
1000000100000000000001010010
200
100000000000000001000000000000
121
1000000000000001100001000
44
10000100000000000000000010010
151
100000000000000000000110000000
67
100000100
186
1000000000000101000
187
10010110000010000001000000010
105
10010000000010110
137
100000010010
73
1000010000001000000000
74
1010001000000000
42
10000000000000001010000
97
100000000000001100010000
13
100010000100001
43
10000000000100000000010001000
29
1100000000000000100000000000
6
1001100000010100000010001
178
100000000100000100000000000000
127
10000000010000000000010000000
153
10100000000010000010000100000
192
100001000011000000000010011001
153
1101000000000000000000
73
10000010010010000100000
24
10000010000000000010
85
1010100011000
67
10000101000000010000001000000
20
11000000010000010000000
173
110000000000000000001000000000
190
10101000100000000000000000100
96
100001000000001000010000001
47
11000011000000110001000
107
1010000000000000001000000000
156
10001010001100001010000000000
124
11000000100000000101
132
10000000001000000000000000110
151
10000000010000000000000
10
1000000000110000000000
178
10010100000000101000000010
39
100001000001000111
64
10000000000101000000000
196
101100001000000000100
87
1000010100001000000010000000
148
100000010000000000000100000
54
10000100000001000000000
104
10000010000010000000001000000
123
10000000000000000000001000000
160
1100000000000100000000
142
100010000011000000000
65
10000100100100100001000000001
172
10100000000000100000000000
14
10000001000000000000
129
10000000000000001110000010
105
10000000000000010101000000
30
100000000000000000000100000100
157
10000000011000
96
10000000000000010000100000
67
1010001000000000011000000000
58
1001100000000000000000
121
100000000001010100000100010
58
10010000000000001
110
10000000000001101000000
121
1000100010000000
109
11000000000000001100000000000
191
100000000000100001010000000
139
1000000000011010010000000000
67
110001000010000
192
100000001000100000
115
1000000000100000000000001
47
100000000000010000000000100000
98
1000100000000000000001001000
107
101000000000000000
190
101000000000000000000000000
54
100000000000010000100001000000
60
100000001000001000000000000
175
11010000011010000010100000
191
10000000011000000000000000010
61
1000000010010010000000110000
185
100000001000000000000010000
57
110000001000010100000001010000
194
100000010010100001001000000
67
1001000001000
53
100000000000000000001000000
149
10000000100000100000000010110
158
100001010000100000001000000001
130
10001010000001001000100000000
120
11101011000000001011000000000
111
11000000100000000000001
40
100000100000000001101000000000
55
100000001001000000000000
109
1000001011000000
125
1000000100100100000
126
1010000000000000000000000010
16
100010001000000000000100000
18
100000000110010000000000000000
97
100000000000000001
143
1000000111100000000000
139
1000000000100010100000
2
1001000000000100000110000
167
10001001000000010000000010
8
100100000000001110001000101
60
100000000000000100000000000000
12
100000000000011000
64
10000000000000010000000000
74
100000000000100000000010001
9
10000010000000100100000000010
88
1000000000001000
40
10000100000010000010000001000
89
1101010000000100000
159
100000000000000000100001000000
197
10001000000000000100
160
100000000001010000000000000
33
1000000000010010000
85
101000000000100010001000000000
192
110001000000000000010000000000
113
1000001000000010110000000110
105
10000001000000001000000000
170
1000010000000000100000
109
100001000000100
191
1001010000
62
100000000010001000000000010
92
110000001000001000000000001
64
10000000001100001100000001000
120
11100000000000001000000000000
90
10000000100000000001010000000
159
10000110000000001101000010
39
110000000000000000000010000
91
10000000001000000100100
46
10000001110000000000000000
12
10000001010000000000010100100
79
1000000000000110110
21
10010000010000000000000000
12
10101100000000010100000000
82
101001000000000000100100
183
1000100100
168
100000000010100000000
152
100000000000001000110000010
142
10000001000001001000000010
142
1000001001010000000000000000
34
10001100000000010000000100
148
101000001100000000000000000000
97
10000000000000010
189
10000000101000000100000
134
101000100100
12
10000110000000001000001000
55
10000010000000100
161
10100
149
100000000001001100000000100
94
10000001010000000000000001
66
1100010000001001000000000
186
100000010001000000000000100101
81
100001000011000000110001101100
120
100000000010100100
53
1001000000000000001010
49
1100100000
22
1000000011000000000000000
112
100010100000000000010000000100
18
110000000000110000000000
167
100000000001000000000000101
82
10000000000000100000001000
145
100000000100000000000011000
5
10000000001010000000
171
1000001000000100100000
99
11100100100000001000010000000
58
101010100010000001001000000000
143
110100000000000000000000000000
53
11010000001000001010000100
17
1001000000000000100000
67
111001000000000000010011000
7
1000100000101000000000000
120
10010000001101000100000000001
61
1001000000000
166
100011000000000001110
124
1000000010000000000000000101
7
100101000100100000000000000000
9
100000001000010
93
100000000000100010000000010000
98
101000000000100000000000010000
190
100000000000100001001000000011
172
10001000001
139
100100000000000001000000010
63
1000010
93
100000000000001000010000100
60
1000000001000000101000
77
10010000000100100000
57
10000000000000000000010
10
1000000000000000000100000
33
1000100000000000100000000
34
110000000100000000000000000000
78
100000000000100000010000001000
46
100000000000001100001100010
75
100001000000000001000010000100
58
11001
52
10000010001100000000101000
44
101000000011000000011000
142
100000000000001000100000000
192
100100000000000000000010000001
16
11001110000000000000101000
70
10100000000000000000001000000
47
10000000000000001000100
117
1100000100100001110
152
100100000110000000000000
155
11000000011000000
157
100000000000000000000010100001
192
1001000000000010100000000
105
1000000000100001000
130
10000100000000000000101000
159
1001000000000100100010001000
78
100000001000001000100000000
86
10010000100000100000000000100
150
10001000001000000000100100000
18
1000001000100000100000
94
1000000000000010000000000
41
10010000000000000000100000000
89
101000000011000000
73
10000000000100000000000000
38
100001000000001000000
188
101000000000001000001010
140
1000000000010000000000000001
103
1010000000000010000100
120
100000000001010010000000000000
69
1001000000000000000001000
143
1100010000000000000000000
76
10000000000100001100000000000
164
1000100010
38
10000000000000000010010000
53
110000000000000000001000000
170
1000000000110000101000
94
1000000000000010000010000
132
1100010000000000000000
150
101000000000000000100010
95
1000100000000000000000000111
59
100100001000000000
20
1010001100011000
175
10010000000000000000
72
100100100000000
173
11000000000000000100001000100
169
