30 1600
111011111011010111011100011101
109
100011101011111011101111000101
151
101110001101011011001101111101
4
10100101110010110010101011001
92
11111011111011001110010000111
48
111010111111111100101110111111
5
111111111111110110100101001111
145
110011101010111111001001010111
157
111011111110001011111110111111
154
100110011111111110010011111110
145
111101110111111101111101001111
112
1110011111101011111111010101
177
11110111111110101111111101110
157
111110110110011111101111111100
79
10101111101111001101111001
3
101101101101111101011101101111
129
110011011110110111100111001110
156
110101111110101011101011111100
111
111011000110111111001110010111
45
11101011111101110101010111011
96
1001101111001101100111010110
133
101111111110100111011011000111
90
101111011011110101100101011011
54
111010110110110111000101111110
157
111111101110010100011111111011
18
110011111011100001110111101111
60
111111110110111111001101100011
38
111011101111111101011101111010
67
111111110111010101100011100111
12
111111111111010110101111100011
67
11111100000011001011100111111
84
10101111101001111111011101111
117
101111100100111110110001110111
29
110011101011011110011111011011
116
110111101110000110010111110101
132
111101111010001101001001010001
73
101110111111111010110110111111
190
101011111101111111111110101111
137
110111001100101111101111101111
134
111111111011100111110101001011
144
101100010111001010110111100010
136
11111100101110101111111000111
57
111011111111101111111110011111
21
101111010000011101111011111111
14
101000010111110101011011111100
115
101011101011101101111110110111
200
110101010100101111011001111101
144
110010111100101111110111111111
150
111111001010110100111111111101
28
100111111101101101110111010111
45
111010101110101110001011110101
80
111101101111011110100010101110
67
111110010110100011111110011111
171
101100111111111111100100111111
54
101111001101111111101010100110
184
101011101111110011110001011110
126
101011101111010100110111111011
38
100011011100101111001110100101
17
100100101011011111001100101110
42
111100101111110111101110101111
106
111111011011101011010111110111
143
11101111010111011001011111001
11
110010101101111100110110110111
125
10101100000000000011111010011
139
111111011111111101001100101111
80
101111001111100111101111111110
159
101010100101111100111110111111
110
111111111111000011111101010111
3
111110011111110001110101011101
5
111111010111111011111111111010
14
111110110111110011111111011111
137
110111101101011111100111101111
92
111101011111001111101011110111
97
11111101111110111111011111011
131
11111011111111111101000010000
61
101010101011001110011101101011
124
1110111111111011111111111111
148
10000011111101011001111111101
44
101101111011010111100100011100
45
1011001111111101101010101000
131
11111100000101111111101000110
100
10101101110111100010100001101
86
111011101111100010111010110111
109
101010101011111011001111101101
81
11111110111010111010100010100
153
11111111111101110011111111111
188
111010111100011101111100111111
200
111111001011111111000111000111
69
111111110111111111000011111110
172
111010100101111111111011100001
63
101100101100001101010111111111
123
110101001111011011111110011101
161
100110110010010110001110001101
123
11011101000101011101111011111
17
11101111010001000011110101110
136
111010111101101101101011110111
48
111010011011111011111110111111
54
110010110011110110110111001111
142
110110011101100101110111111111
117
110110111011110101010011111111
197
101101111101101111000111101111
169
100111111011111100111111111110
22
111111110011111101010100001111
3
111111010101010011111111011110
83
101011001110000110111011110010
133
10111111010101011100011111111
69
111111001101011111111011110001
130
11010011110110110111101011000
90
101101111101101011101100011110
57
111011000111111111000100110111
89
101100111110000111111111110011
106
110101101110000011110110101101
62
111111111011010111111110001
7
111111011110011111111001100111
97
111110110111111100110101110101
55
100101111111100110011010110001
179
110011101010011111101111011101
104
111001110010011001111111001101
44
110101111111111101110001010010
11
110010110001100111111111011111
136
111011001111101001011110110111
71
111101011100111110110101011111
189
111111110011111111010110011111
146
110111011111111111111110001111
194
11110111001011001111001110110
54
100111110111010111110110111010
128
111110111101110111100111111111
160
111111101011111101110111101101
108
110101111111111100111110010000
26
100101110111111100101111011011
57
110111100111000011111111010111
183
101111111111011111111101101011
78
100111110101111111010011110111
111
11110111011111101111111110011
25
101111111111101111101100110011
69
111011010011111101010011101111
136
10011110110011111001100010011
147
11111101101111110110100010111
54
111010111011010001111011111011
10
11011110110111011101101110101
198
101101111011100101101101111000
101
100111001111111111110111101111
17
1011101111010011111110111111
40
101111111011111110111011110111
75
111111110011011110011101111110
32
11111111010011101110110001110
84
111101100111111110110011110001
164
100101011011011101011101000110
16
111111011101100111110100111111
66
111011111111011011111110101011
55
111011011011110011111010000011
122
101100010110110111111110110110
6
111101010111011101000111111010
66
111011111111110111001111111111
198
111111010111110111011111111001
87
110110111001110010011000111110
121
110011011111111000110110011110
53
111111111000110000010011111110
178
101110101111101010010110001101
89
111111111101111111101011000111
21
111110111011001111011111010111
160
111101110001111111110001111111
21
1110011011110110110111101111
52
111110000001111111111101111100
133
110010111111101111111111111111
154
1111111111100011101111111111
71
111110101110111111101100001101
147
110111101011111000011110111101
67
100110101111000110111111101101
136
110110011111111111111001001111
34
111111000111101010100110001110
57
101000011111111100111010111010
16
10111111101111111011111101111
188
111101111101101110111010111111
166
100011111001111111111000100101
120
110011111001110111111101010010
175
111111111111111000100010110111
108
110110100101111001111111001100
8
111000011110110101111101010001
189
11101110111111101101000110111
178
110110111111111011110000011111
92
110110111111111111111001001110
155
111010011100010110001101111111
39
111111010001111111111101111111
37
111111011001110111111100101011
119
11111011001111000011101111111
12
111111111011100010110101111111
107
1011100110110100111111100111
179
111111101111010110111101110111
175
111101111111101011111101011101
119
10111111110010111101110011110
92
111111001111011101011001101111
175
110110111011111001010111100110
37
101111111001110001010101101010
155
101000111101111001111111011110
37
111001100010111100010111011000
141
11111101111010101111111011011
149
101111110111011011111111111110
157
11011111111101011110101011011
132
1101111100101110111011110
121
111110111110111111110111101111
39
111100111111011101111110001011
81
11111000100111111010001111111
118
101111111111110000110111011101
74
1111101111111101110100110111
92
110111111001010011111110100011
152
111110001110101111101110110111
63
111000111110011110111011111111
117
1111010101011011111101111111
42
110101010100110111000000111010
110
100111000110001100110110111101
152
1111111111111111111100110111
35
10111110111011100110110101101
41
101111111111111111111111101111
105
110000111011111101010111
21
110001101110010101111111111110
157
101011100111011110110111100011
176
100011011011010111110111000100
185
111011000001010000101011110100
9
111111111111110011111011100110
125
111001101111110010011110001101
186
100010110000001000111110111100
29
110100011110111001011101010101
190
110110111111100111011111111000
128
111011101110110110111111110111
167
111111111111101010110111001101
25
111000101101101011001100000111
143
11111001101111010001111011111
92
11111111110111110101100111101
170
111010100111011110101111101011
31
110011011111010110110111111111
3
111110100100101110111101011101
173
111101110110110011101101111100
140
111111011110100010111101110101
130
111110100001111111101101001011
188
111111100000111001011110010111
168
111011111111111011011010010100
108
110011111011101011011101010111
1
111111101010110100111111110110
92
11111111011101110110011110101
12
100011011110011111101010110000
186
11100110101100011011110110111
159
1101110111111011111111111011
35
101010111111001001011110111101
92
10011101111010111011010110110
127
111011110111001111100110011000
105
100101101011011111111110111111
162
111011100111111101110110001111
63
111011101111010011010101111101
65
111111110111010111111110111111
106
111011101111100111111101100111
31
101110011011010111101100011111
170
101111100110110010011001111110
170
101001111011100011111101011111
56
101011101111101100111111011001
195
11001101010011111101110101110
168
10011111111100101001100110101
91
11110110111011111110101111101
190
111111100111111110111111011100
93
111111111010001111111111100001
25
110101101011110101100111011101
113
110101101101110111110101011101
179
101111110111011100101101110
100
111011111101111111110110111111
117
110111111011011011010011101111
156
101001011110110101011001011111
183
100111101111101111111111111101
198
110010011011000011101100011101
13
101011111111011000011011110111
71
111111110101011110101000011111
142
11101000101110111111111111110
147
11011111110111101111111111110
124
101101101101111101111111110101
81
110100111110111111010110010001
72
11111011110100111110011010011
185
11100111101100011111100110011
193
100110111111111111110110111010
115
110011110111111110011000100110
196
11101110001110111001110100101
191
10001001111111101101110011011
41
111011111111101111001000011111
84
101111111010111000000110110
186
111111111111111011111110111101
78
111111111111010111001011101111
135
100111111101101111111111111010
187
11110111011110011000010110101
154
100111011000111101100111101110
61
111101011110111110111111111001
4
111011100111010110111111001
52
110101110011010111111001110111
86
111101101001111111011111110110
77
111110101101000110111111111010
44
111101101110110111100111000111
136
10011111100111100111110010110
69
111110111111111110111111111011
181
1011111110010011011111110101
176
111110011100111010111101111110
178
110111000101000110110111011111
46
11111111111111110011111111100
14
10101011101100010101010111101
141
111111101110111100111111000111
128
11110101011111111111111110111
154
110110001110111110111111111110
176
110011111001111111101111111101
17
11111011100111011111111101111
141
110011110011101111001110011111
57
11101111111110011100110001011
47
111101011110111011010111111110
110
111110111101111011100110111
144
111101011111100111111110101111
54
111110110111000110011010111100
183
111111111111110111101000001111
73
100011110101000011000101111111
160
11110101111111111011110111110
30
101111110100110111110010111110
65
101101111110011111001111111110
76
110001011110101110101101001101
12
10110001110111111101111111101
144
10111010111011111100011100101
146
100110100111010111101100110101
139
11010110111000011111001110010
106
1111111011001101101001111111
119
111111011111111111100111110000
89
10101110111110111111111011100
66
101111101011011101111111111110
195
110111111101110111101011001110
184
111010110100110111100110110010
128
110111110011110110011111100101
69
101110111111011101111011001111
157
111111001101100111100110110111
113
110111011111111101110101111111
22
110111111100111111111010111011
55
1111110101111110110101111100
92
111110001010001111110110011111
12
101111111101011011101111101111
13
101110001001000111111111011011
123
111100111010111101111111100011
195
101110110100111010111111111101
44
101111111111000110111111001111
113
110111011101011110110111001011
44
111101101011111111011010110110
68
11111100011100011111011011010
111
101111010101100111011111110011
196
10110101111111101010111011111
145
111101111111111110011000111101
189
111110111111111010111110001101
178
111011110011111111011111110110
66
110011001111011111101100110010
194
11111111110011110010111111101
85
111111101110011100000110111010
53
111111101111100110101111110111
198
111011100111111111100001100101
149
111001110101110100101111111011
59
100101111101111111101110100011
54
110111111110101001011011111001
79
11110111111011111111101101100
184
111110111100101101111001111111
38
1011000111011111110010001111
72
10001111110011011111111010011
27
111111110010110000111011111010
88
100011011111111111111110101110
149
10101111110110011111111111011
20
11110010111010101101111110111
22
11110111101011011010111000011
181
111111001101011111001010111011
154
111011111110110011110110101110
27
10111111101101101111111101001
75
110111110001101001011101101011
169
101111011110111011111111111011
12
111111110110011110011111111111
40
111101001100101111010111111011
139
101101110101011000001011010111
24
101101111110110101110111110111
143
111101010001011111111111001111
70
111110111101100111011010001111
148
111111111100111111101111110110
141
101010111010111110111011010010
59
111111101011001101111000101000
43
101011111110101101001111111111
41
111101100100111101011011111111
192
101111111011111011011011111110
130
111111110111001001011111110110
167
111111110011111111101011111110
33
111110010001111101011101110011
161
110011111111111101101011111111
21
110111111111111111100000101100
139
11011111111110001111111110011
198
101111111101000011110010110101
83
11110010110111010010111110111
105
11001001111111011011011011011
198
111011010111110011111111011111
98
101111111101110011111101111111
80
101111111010101110111101000111
162
111101110111011111111111010011
19
111011010111011001111111111100
88
11101111111000111110111111100
9
101111101111111111111111110110
188
111011011111110101101110111011
158
11011111100110011101111010001
128
11100110111101111011111010110
15
111011111101101001011111101
42
100101100011111011111010111111
98
111111010111111111100110101011
187
101101101111111111111110111011
30
10110011101111111101011101111
157
111100010101011100111111111101
8
110111111100001111010101010111
22
11111100000101101011011111111
198
11110011110111010011011101100
172
1110101111110010111111111100
62
11011111110111011111010111111
172
110011111000011101011110101110
33
11101101111101111111100101101
171
110111111111111111111111101110
123
110101011010111110101110011101
109
111011110100111010111001011111
178
111101110100010111011111101101
177
101111001111111101111011110001
195
111111010100011101010110111111
70
110101011100111101111010111111
51
110111010100010101110001111001
44
1011111111101001110011001110
189
11100110111010111111111111010
103
110100001011011111111110101111
85
110110111101101111010111011101
187
1111010001010011001111110001
196
101111110111011101110001110110
21
11110111111110111110011111110
5
100111110111000111011010110000
134
11100100101110101110111010100
28
111101110110010111110011100111
45
111010011111110110010100110
151
111010111111111101111011101000
185
111011000010101111110011001011
28
101101100111111101110011101
199
111101111101111111111111111011
121
11111001110111111011001001111
178
101110001101111111011011111110
198
11100101011011111110111000001
95
111111011011101111111111111000
109
111111101100101111110110110111
66
11011110110011011101000101111
90
1101110011110010110010101110
71
1110101111111100010001101
181
101011001111111111110010111111
89
111011100011101110110101111110
59
111110111111111001111001000111
85
110010111111111111011111110111
176
101100111000101111111000101111
157
11110000011111010110111111110
107
111111111001010111001010111010
27
111111100101101011111101010010
184
111110100010111101111111110111
21
111011111101111101000001101101
59
111010110101111111011111111101
116
101100000101111101101110111101
193
1011111111011011111011101100
22
101111110100011110111101010110
111
100101100101111011010111111111
24
11001010111100111101011011001
163
1101111111110110111101101
27
111111011111101011111111110110
24
111111011111111011010101000101
1
100101100011101111110101101110
32
11101100010110110110011001110
199
100111110111001000010101111111
59
100101101111100011001010101100
173
101111111110101111110111110111
16
111110110110111100001111110010
189
110110111011111111111111111000
38
111100101111011111110111001111
76
110111011111110111011011110111
126
1111111111011011111001101011
39
111001101110001110011010111111
61
111110010010111010110111101111
127
101110100110111011111111101001
179
1111101101110110110000111101
152
111111010101011111011011100100
180
1110011101111101100101011010
28
110010011111110111100011100110
54
111111110100111110100011111110
96
101101110011111111010111101111
168
111000101111111010011100010100
37
111111011110111011001111101111
118
111111111001101110010111110111
93
111101101011101110001100101111
130
11101110110111100001111111010
60
11001011101111001101011101111
37
110010011101101111110101001101
74
111010011011011010111110011111
200
101111000111111110111101111111
31
101111011111110001000011111101
102
101101111101111110110111101101
50
110110011111111110101111100111
88
111111111111101111001110001011
18
110010011110111011100011110000
44
110111011000101101110011010110
169
111111000111000110111101111001
181
111100111000011101111111011110
148
111111110110011011110101111
112
111111111010011110101111011111
188
11101110010111101001101011111
186
11100101111111010111111111100
20
110111111110100110110011010101
89
11110111011101011011111011110
72
111101010000111101110110001011
45
111011111111011011011011000100
61
111011011011001111111110101111
149
101011011011101100101111110011
63
110101111101111101000111101101
107
111111110111111111110111110001
7
10110110101101001011011110111
85
1111010011000111111100111111
19
110111110101110111010101111101
57
100111110111101011110000111
167
111101111111111111101111110111
159
10110110110011011011101110000
127
110010011111100110111111100101
94
11111000111111100101000011001
14
111001010110111110011110110001
105
11111111111110010111011101011
89
110010100111111111100110011111
76
110111011111110101100111010111
155
11101111111001011100110111010
141
1101111111111111011011101111
138
111111011001111011111111000000
10
110111110101101011001110101011
69
110101111111110111001110001111
51
100011111101110110011101010011
86
110111101011101011101111111101
29
111111110001111011110011010101
71
111110111010111011011111110101
87
111111011100111011101011011100
24
111111111101110011101111111001
84
111111111001001111110110110111
128
111111011101100110010101011110
85
111110010111111101110011101110
155
111111100111100010100011011101
70
111110110111111011110101111011
189
1010101010111011110111101111
92
111111011100010110100000111111
47
110110011111111010011111010110
12
110101100010001111010011111111
182
100011111111101111010111111101
62
11010111110101111101100110011
148
101011011011111111010101110101
5
110111001000010111111101111010
156
1101111110110111010101101011
100
111111111110010111111111111001
8
111011010100011101111111111101
156
10111101111111111100111111100
9
111101111101110111110111011011
79
1110011011110100010100011111
160
100111100010111111011100111110
102
111001111101000100111101110111
40
100101001010110110011101101111
59
11100101010111101011010011111
133
1111111110111010011111011010
92
111110110110011111101111011101
187
11010111100101111111110011101
38
1000010101011101101011111010
195
100011001010010111101110111011
133
111101001110110011111011000
27
111111111010010001110001101111
134
110111110110100111111100101011
196
111110111101101001101111110011
177
1110111111100011111110010110
128
110010100101110011111111111101
131
101010100001110011011111111000
106
111011111100010011100101100001
138
1111110111111101001111000011
44
11111111110100111110111110011
159
111001001100111110111101011011
36
111011010001011111111111111001
186
111111110111100110111110011101
90
111111100111111011111111111011
52
11111111110100111100111111111
103
111111100001001111101110111110
110
110011101111101111110111010010
116
110111110101011011101111111101
162
111101111111111101000111111101
170
11111001110111111001110111110
67
101111011111011111110101111111
116
111000000011111101111100110111
181
110001100111111111100111111010
50
11110110110111111111011011010
176
111111101101101111111101111001
185
110110011110010011111101110010
50
101110100111110011010111111111
174
101111111010111010111001101110
159
111011110001100101111111111
156
101010110110011011110111101110
134
10001111100111011111101111111
30
111100111011101111111111111111
67
111111010001011001011110111111
125
1111111101110111111101111110
80
101011011001111111111111110101
15
10101011111111110101111101011
36
111110110100111101101010111110
42
111110111111010100010111011111
130
1111100111111110101110111011
93
111111010100011110011110101110
68
111111011010001111011111111011
183
111111001111100000111111110010
190
110000110111101001101111001011
147
101101111110010011011100111011
94
11001011111111011011011101011
20
111001111101111001101101011110
106
101110001110101101011111011111
103
111110011011100010111010101110
51
111100011111011101111001010111
1
10111101101111111101111111011
172
111111111111111001111101101111
64
111001111111111001110001111111
12
11001111111011111010101110110
93
111111010000111110001111111101
190
101111000100111110100111111110
94
111111011111100101110011100110
68
101000111010101111111111001111
7
111101101111010011011100001010
120
110111111101101100011111111111
86
11111111011101011110101110011
198
11110011100111001011000111111
107
1010111000000110111111110111
153
101111101011011110001110111
60
1110011111110100101111011111
60
1101111110110011111010111011
122
111110101111101100101010110
184
101101010000111110010111111011
69
111101110000111111111111111001
180
11111011011011111111110011110
82
1100011010001101111001011111
197
111101111111101010101101110111
65
101110011000100011110011100110
27
111011110110110111111001010111
60
10111111100001111111101011110
41
111110011111101100111000101110
177
1110100110111110011110110111
132
111001001100100010111111011110
179
110110111101111100011111001111
23
111111011011111101010101111010
134
11011001111111101001011111111
35
110111011110011110101110111101
132
110011110011111110101011111
67
101101111101000111011101101101
116
111111101010011101001110110111
166
11011101011110011111110110001
168
11110101111110110110111010101
175
111101001011010011000001011011
176
101111111011001111101100110111
49
111111111111100110111101111111
104
110011101111011101111111111111
9
101100110111100101111111010110
149
101110110011011101111011111100
173
101111111111111111011111010111
102
111110110011010011010110100011
33
110110111101011101110101111110
184
111001110111101111101011111110
69
111101110111101111011110001010
65
1100110110010001000111111111
72
1111101110100010111100110110
82
1011111100101100111110100011
154
111110101111001011111011000111
188
101111110011011101000100011101
113
1111111111100110111000011101
136
110101111010101111111010011101
81
100101010111111101010101100110
191
10111101001001111011101011111
138
111111111111110101010110100101
107
111001101000011010011110110100
172
110001111011101111101011010111
107
111110010100111111111011101
57
111011001011111111100111111010
104
111011111101011011111111101111
185
110011111111111111101111111011
89
110100110101111111100110100111
69
11111111010110110101011010101
11
10001011101011001110101111110
13
10110001001111111101001101010
16
111111111111001111111001101001
47
111111111011000000111011111100
32
11100010011111111110111000111
128
11111111111110011010111111111
144
101010000101111101110011111011
112
111010111111111100011101111011
4
111111001001101100111100111110
89
100111010101100111011101011111
180
1111111111111111011001111111
36
110110101111111111000100111001
157
110010110111100001101011101001
15
111000110111100111101011011011
54
111110010001110111101101011011
2
111110111011111101111101101
172
1101111101111101110110110001
80
111111111101101010110111100111
114
11010111010101001111111011111
176
111111000000110111110001111001
18
111111111111001110110100111011
124
110111111111101111001111110111
142
111011110011010100110010001011
76
11101101001111111011011111111
183
111111100111001010101011100000
35
110011001110101111111110111111
140
110111111001110011110111011011
67
111101111110001111111111011010
116
111011001111111101101111110100
123
10110101111111011011001111111
130
11010111110111111111111111111
146
110111011001010001000111101
38
111101011101110100110111111101
185
110111111111011010111011111111
192
111101111111101111001010100110
4
11110010011011101101010011000
33
100101110010110010001101111111
70
11110100110101010111100111111
96
100101111111001111111000011111
150
10110110101000011101111100010
151
11110111111001001111111011101
57
111111111111101111011101111000
96
1011111011101011101001010011
168
111111111111000011101111111111
176
101010001111111111101111101101
117
111001110011101010111110110001
129
100111101111110111110111111111
140
111111101101010010101110111110
146
101011101111111110111111111111
41
11111110110111011110011011101
187
111100111011101111101011011110
8
111111101111111101110001010111
170
101110110111101011011001011111
92
111111111011110100000111111101
168
111110111010001011001101011101
122
110110010101110101101110011111
90
111110110111111011101111101000
13
111011111010001101110011110100
119
110111111100001110010111011110
49
110011110011110011010101111011
107
110010111111110110000110111110
22
111110011101110110111110101111
49
111000111110001010011101011111
90
1111101111111011101101111111
149
111111001001100111001100111001
7
111101110000011110111101110110
67
110011100111111011101011111101
106
111101110000011111111100100010
93
101001111111011111110001100100
143
111001010001110111010100010111
111
110100101110100101111100111101
6
110111001010111111110011111011
71
100101111100110001111111110111
70
111110111111111101000011010101
179
101110110101111101111111111101
18
11110000001111111111011001110
115
101110110011111101101101100
60
111111111001110111110011111111
103
110111011111001111111111110111
75
110011111101100010011011101010
160
11101000111101111011001011111
118
110100101111111111111101110011
80
111110100010101011101000111011
105
101011001111011111010100011101
10
111101001110111101011101110110
20
110011010011101101101111011110
92
110101010111011111011100011011
165
111111111101011110110111111011
150
111011110010111010011110011001
20
110101111111110101111110101110
19
111111011110110111101011100110
176
11010011111111111111110111101
137
1011001111100011011111010001
53
11011111111111010110111111111
2
11111101101101111111101111100
14
111101111111111101111110001010
185
111110011000100010001110111000
191
10011101111000010101111001000
171
1010101110111011010001011011
110
110111111111011011110010011111
108
11010011011110000011100101111
2
1111100010111101111101111110
42
111110111001110001111111111111
171
111111111111101011101010011011
171
10111111101111101110111111111
40
111110111111001101111111110011
126
1110110011010010101101110011
131
1011101110111110011111111010
109
101110111111011111110110001110
117
100100111011111100111101011101
106
110100101101011011111110101101
29
10110110000011100111010110100
127
111110000111111001001111101000
148
11111101011011001100001110001
143
110101010110111000111001001110
133
111111111111111110011111101101
142
111110001111101001111101101111
62
110101110111101011011001101011
173
111101111001111011011110011100
175
110000001101101011111101110111
61
110111100101011111100101011111
139
1101111011111111010111101111
55
110110111011010101111111100000
143
100011110110001110010100111
18
111101011110111110111111011101
59
111011110111111011111111111011
61
111101111111010110111001101100
1
11011011001001111101111100111
106
111110111110110011111111111111
193
11011001110110011101011111001
44
110101111111110011111001110110
58
101011010100111011111011001110
4
110111011110010111011101011101
152
10111111111001111101101100100
90
110000011110101101010110111100
131
11101011011010111111110111010
165
100111001011110101011011000111
88
111111111011001010100111101101
100
101111110001110011110101010101
113
101111110101010011101101110101
89
111011101110111111101110101111
1
100011111110011101010011101101
57
10001100010100101101100110111
137
111111101011101111111011110010
143
10101001010010101111111111101
6
11111101111001111110000101100
97
110111100010100111101111011111
167
1000100111011011101111110010
175
111111011101111111011100101111
167
111100110011110111110101111101
139
111111111011111110010101111111
127
110111111111111111111111101111
23
111000001100100111111110111010
106
111011010000101100010111110010
193
10101110111010110101110111111
36
101111111111010111111101111101
40
100110011111101111011011111011
174
100111111010011100001110011010
59
111100011101111011100111011111
187
111101111111011111111111111111
97
101101001110110111111111111110
112
110111111111111111001101111101
2
111010111111010111011100111001
126
101111111111111101111101111111
41
110100111001110111101110111111
96
110101010111110100111110111010
38
110110111101111011111111110011
35
111101011101111101111101011101
165
111110111011111011101011001111
71
101101101011101111101110010011
162
111111110111101011111110110011
91
111101101101100111101101111111
146
101011111001111011110011111111
70
110001000001111111010100111110
183
110111111101111011011110111111
77
101111111110111111111101011111
31
10001111110111010011111110110
157
111011111111011101100000111011
172
101001011111111011010101101011
131
110010011011111111010111111101
38
100111101101011101111111001111
195
111111111010111101111011111111
137
101010000111101111111111011011
114
1111110111101011000010111011
175
110001111100011111111111011001
184
11000110110101110110111111010
166
111100111111101010111101101110
46
100011110011111011111101111101
150
101011111100101110111110010111
148
11010101100101111101011100011
137
111101100011101011110111101011
137
111111111100110101111011100111
131
1110101110000001100001101000
90
101111011010010011101110111110
23
110010001011101101101111111101
31
100101110110111011110110011001
52
101111110011111100011111001100
91
100001001111011011111110001111
32
110110101111111111100001111010
171
110101011111110101101100101110
80
10101111101001110011110101110
67
110111100011110011011101001111
38
111011111110111011111110011111
102
10111101011111011111101101111
55
111111010011011101100100101101
100
111111111101111111011111111111
2
100101010111111110001100111000
29
101110101111110000011001000011
84
10010011111010100111111001111
106
10111111111111011110110110101
162
1100111110101011001000110100
28
11110001101111111111011001111
196
101011001101111001110001111010
169
100111100111111111111111110110
185
111101100101101110110011011111
42
111110110111111101011111100011
55
111101011111101011110111111111
26
101000101111101111111111110101
180
110111111110011111101110001010
73
110111111011111111001100110110
173
111110111101111111000111111000
15
111111011100110101110111111111
1
111111111111010110110010010111
115
10110100111001110110111101111
12
110011011111011111111100111111
95
111110111111011101110111100011
122
11111010101111001111010110011
101
100111111010001111111111110010
166
111111010111001011110101111110
56
101111001111010101101001110010
49
11010111000110110111010111101
101
1111111011011111001111111111
12
111111110111111101101010011111
114
101110101101111101111001010111
117
110011110110010111110110111001
103
111110101101001111111111111110
118
111010001111000011010110110
86
110010101001101011101100011111
178
111111110111111111110011111111
91
101001110101011001101111110011
156
110011011000111011111100111111
120
11111111011001101000110100101
161
111111111110010111111001111101
48
11111111101101011110010110111
151
11111101101111101010111111111
76
100001101111111111101011111101
129
11011011110010111111111011111
1
110101100111011111101111110011
15
11011111110110111101111011110
131
110011101111010111110111111
96
101111111101110111111111000000
142
110100110111011011101111111111
195
100011010111110011101011010111
98
11001110101011110101001011100
13
100011010000100011101111100001
200
10011111100111100111101111110
29
110110101100111011101111110111
52
111011011110101100111110101110
132
111011110101101001011101110
55
1010001000111111111011111110
137
111101100101100111010010100111
143
1101110011100111110011101101
126
10100110011111110111010001111
155
111011111111110110111111001010
177
111111111110011101111100011001
78
110111110100111100101100111111
170
101001111110111000011101011001
88
1111111010111101110110111101
122
100111101111011110011001011110
18
111111101111011110001110111111
31
111111111111110100011000110101
183
110011011111111000011111100001
54
111101110111011100111011100011
112
110101100111111000111111111110
134
111011111110111101011010100111
130
110111010111111101111111101
17
110010011011010111000011110111
197
10111110010110111001011110110
78
10100110100011111101111111110
197
111111001110100101100110011101
59
111111111111011111111011110011
138
111011101011100000011110100111
82
101011111111001010111010010101
81
111111000011111111111011011111
73
111011111011101000111111111011
162
1001110001111101111111111111
105
11111011110001111110111111110
124
1101100111111111111111010111
141
11111011111111011111001001101
31
101000101011111111110111010111
187
101111110001111101111100101011
194
111110011101011110100110111011
79
101101001011110111111111111111
6
110010010110111111110011011111
93
101111000111010111110011101011
28
111111111110010101011100011111
166
101010111111110101001101100111
5
11011010111101110010011001111
127
111111111111011001111110101110
168
10111101100101110100110001111
1
100110110010101110110111011011
68
111101111110111111011110011010
49
101011111101111111111100011111
124
111101111011101110110001100101
85
11111111010110010111111111101
53
101100011010100111111100101101
155
111011110101110111111111110101
200
101100001110101111111010111111
153
101011110111011111110111111100
1
101101110111111011001110111110
131
111110110111111110111111101100
49
101110011111001110111101111011
13
111110101001101101110011011011
156
100110111110111101111111111100
5
110111000110111100111111101111
96
111101110101100111100111101111
132
1101110110111111101111111111
67
11111011101111111111011100010
35
111110001110101101110011001011
138
111101101101111001101101011101
82
111111110110111101111111011111
5
11100001111011111100010011110
11
110111110011101101111011011110
76
101111111111011011111011111010
2
11110101011011111101011111000
192
111101111111111110101110111111
106
101111011101101100110101101100
182
110100000111010011111101111100
137
111011010111010110010101010111
69
110011111111101000011110111110
113
111100000011001110111001100011
103
111111011101011111110101111110
47
111111001101010101111111011001
153
111011110110011010110110001001
176
101111010101101111001110100011
91
100111110111011110100110110100
5
111100111001111111101110111111
64
111111100001101001111111010110
54
101101101001001001111111010001
45
101111111100111111111111111001
167
111011001110111110111111111100
157
111000111111110111010011101111
59
1011101110110111001011110111
181
101010110110111010111101011100
129
1011011101111011011111101001
196
111111111111111011111011011
95
110111011110111111100111111001
12
110110111111101111100110011011
168
110101110110011111111111111011
119
11100100011011110111011111111
11
111111101101101001011111110011
15
11111101011101111111110001010
158
11110010101110110111111110111
129
111111011111010111010111111011
9
110111101111101111101101110010
159
10110111111100110111101111110
142
111110110011101110101110100110
45
111111011001101101001111011011
17
1111000011111011110101111011
113
101110100111111111001001100101
133
11100000111011101101111011111
116
100101111111010111111111100100
128
110110011111101110111101100001
69
101101110100010010101110000111
32
101110111100001101111110011011
148
101101011111101111101111111110
129
100111111001000110010111111100
194
111001101011011101011001011011
195
111111111101111011111000011111
132
10111011101111101101001011
180
1011110111111110011001001111
4
101100110011111110011111101110
76
101110001010100011100111011010
48
11111111111110111011100111101
53
111110110110010101111011111011
94
111101011111101111111110011001
87
110011110100111010110111001101
105
111111101011001111111111111010
124
111011001110110111011001110001
15
11110011011010101101110111010
95
111001011111111011111011011011
27
111111100101100111111110001111
37
101010001101011111011111110111
128
11011101001011100001001101111
66
111110111111110000101101101000
138
111111110011101111011011110101
18
110111111111001110101111110100
8
111101101111110110111111111110
163
11111011110001011111101011101
72
101101101011101100011111101
184
100110000011101110011011110111
13
101111011001101101010111101011
146
10101100101011011111111110001
193
100010101111111011011011101011
36
101111110111111111110010111111
184
11110101001101111101111001111
145
111101101110010100111101110011
126
111001001111101111110111111111
150
101011110111010111011001011011
160
111100101001011111101111111111
64
101100101111111100001101010111
122
100111110110111111011011101101
174
10101100101101101111101111011
117
100110110011010000111110110010
135
110010110111110111111000111010
103
111111011001011001011101111111
105
11110101111011111101111101111
95
101110111011101101101111111100
159
100111111110101100101111110101
151
11011101111111111111101111001
159
11100110001111111011001110011
57
10100111101110111001111111111
74
111111011101001010111111101010
18
111111110110110110111111101111
116
101111100100111111011110001110
56
101111101111011100110101001111
197
111100011000110101011100111101
187
101111111110111101001110110111
80
1110110010110110101101100111
24
11100110110111001011011110011
196
1111011111111101111001111
29
111110100111101011001111100000
150
111011011010011110111111111111
113
111111100111011110101110111010
55
111011111111111101100001001111
166
11101011111111111001001111100
21
111110110111110011011110100110
189
110011111111110011111100111111
36
111011010011010011110111011001
177
101110111111110111100011000111
10
101111111010010010111111011111
44
111110111011111101110011111011
16
11010100001011001101101011100
109
111110111100010111111011111111
48
111111010111001111110001101011
187
11111111111101111011111101111
75
100101110101110110101101111101
125
110110111101100010110111000011
52
1110010111110110101110000111
119
100111011111110011011110111101
133
110111010111111111011100101111
7
11101111100110100110101011101
151
101111110111011111011110111110
52
1111101110111111111100001110
190
110001001110101011111111111110
116
111101011010110111100100011111
85
111001101110110100111111111100
184
111110101000101100111110111110
161
111110001101001101111101000111
55
111100101011111101100111101111
184
111110011111100100101100111011
163
10111110110101111111111111101
151
11111111100111111011000101101
197
101111001011000101101110010011
159
110011000101111101101111011011
184
111011101101001110111111011011
109
11111101101100111110110110101
153
101111101111111100110001001110
118
111011101001111111111010001111
58
110010110011111011110101000101
86
11101101101110011010111010001
89
110101101001110111100000101111
63
100111111011111111101111111111
158
100101111011111111011101001101
190
11011101111111101111111011100
185
101111111111110100011000011111
61
101101111011111101111111101001
38
110100010101011011111110101010
164
101010011101011111111111111010
61
101000111010011111011000110111
2
11111111111111111111010111111
176
100011111101001101100111101111
38
110110100111111010111100010001
129
101110010100111111011011111001
188
111100001101011110011111111010
64
111111001111111111011111011001
80
111111110110011111000100000110
33
11110001110001111111110111011
178
101110011110011101011010010111
165
10101011000101111011100111111
45
111110110111110101010111111111
44
1010101101111101101110100101
99
11000101010110111011100100110
76
11110110111011010111001010101
131
111111111111011111101001111001
53
110110011111111011010001011111
40
11001101111111111101011111110
22
111111111010111010111000011111
61
1110111111111010011011011111
188
1100110011001101110100000011
35
110110101110111110010101100111
150
111111101101111001101111111110
195
101100111001110101111110101101
65
111001111110111100110101111111
101
11011001111100010011011011110
190
11111111001111011011110011111
134
111111000111011111110110000111
29
11111101010101011011111010111
7
111100100011110111100011111111
25
100011110011111111111011110011
100
11001111111101111111001101111
23
110111111111101100011100011101
138
111011101101111101111010100111
142
111011000111111111010111010111
182
111011000101111000101011111011
110
111111111101101010001011101101
73
111010110001111111101100110110
21
110101110111101100101000011011
122
111011000110011111111110011101
13
111111110111110010110110111101
166
111100111001111111111111110
30
1101110100000011111101100011
63
111011111010010010011110111010
40
111010111110010100011011101100
185
110110111111100011110111011111
79
101110100100001110111111111000
144
110011111101111011100110111110
151
11011001111110111111101101111
104
11111001011111111100111100101
72
111111101111111111010010100011
73
11100111101101011111101111111
150
111011011010011101100010111101
107
110010101110111111110111110111
179
111011111001110000111011011110
103
111010101011101111111111001101
43
110111111111101001111010100101
53
111101110101111111011100011010
46
111101011110110110011101110111
105
111111010101111001101100111111
18
10110111111111111011100101111
130
101101111110110001111111111110
27
110111101111111001000111001111
173
111100111111011010110010101111
50
111111111101100001001111110000
37
10111101011101110001011001010
196
110010000111100110101111111011
190
11111101111010111100111111111
160
110101110111110111100101110111
119
110101101111011101011010100101
175
11011101101101111111101011011
166
10111000010011011100011111101
153
101011111100011101011111011110
155
111001011111101101000100001111
12
11011110111111010011111010111
166
111101011111011111111111110111
21
110101110111001011111111101
67
101111111100110001101111110101
89
110001111011111110000110111011
99
101001110101111010110010111111
56
111111011111010111111011101111
80
111101101000110111110110100111
199
111110101011100111111011111
175
101111101111111110110111101111
83
111100111101011111111100111001
149
111011010101101111110111110111
174
111110110011011110101111111010
199
110111111110110000011011101101
143
10110001101111111011011101011
87
101111111111000110111100100110
90
110110100110100011011000111111
40
111101101111011101011111111110
45
110111111101100110111111011110
64
111101011000011111111011101011
171
110110100011001100010000111101
139
111111110011111101101011101110
154
100101011000101100011110111011
94
1111101101100101111111111110
3
111111111110111111111011111111
34
111101101101010111110111110101
169
110111111111110010110001111010
57
111010111110011111111100111111
148
111111111111011111101000011001
170
100111110011001110011111011111
32
101010101110011011111111110001
196
101101111110111111111101000101
126
110011101010011011011111000111
185
111110111110111010011111010101
82
110111000101111001110111101101
56
110011011111011110111101100011
2
101110100000111101111111111111
119
111111111011110100111111010000
25
111111001010001111110101111111
158
111111101100110101110111101111
186
111101011001111110101111111110
181
11011111110111111111110011110
2
111011110111110111111111011111
192
111011111101110101111110111111
2
1101100111100110110101001111
180
110111111111110010100101010001
102
111101011111010111011111111101
98
110111111111110111111110011110
174
101001111111110111011101110100
162
111111011110111110110111101110
101
101011111100101101101110111000
97
110011110111011111101101111011
8
1101111111111101111110010011
108
111111111110111110000011111111
20
111110111110110100101011111101
129
110110001001111100101111101111
43
100001111010101110001011100111
131
101011000011000110111001001111
101
111110110110111100111111001001
122
110101011011100011010111001111
114
111111000111111011011110010111
25
111001111101110111111101111111
86
101110101111000110011111111001
136
11101111000100011010111011100
164
101011011111101100001110110111
118
111111011101110111100111110101
170
101111101111111111110111111011
165
11011011011101110011111110110
27
11011110101001111111100010110
192
100110000111100011101011111111
72
11011111011111101101100000101
73
110111011111011101111110111111
121
100111011010101100111101001111
192
10111011111010111110111011110
115
10111011111100001110111111011
75
11101100111011111111001111011
93
101011111111101111110100011111
39
110011010011001010011101111011
22
111111010011111101000011010110
35
110110001011111101111111011001
46
11110011011110001000101111101
140
101101100101100111001101101110
105
111011100011111111001111110111
34
1101111111100011111101011111
36
110110110101111000111111110011
5
111111111000100010011111101111
96
101111101101010110110110111001
55
110111111011100111111110110111
114
10001101111001110101110111001
118
111111110111010111100011011011
156
10011011011100100100101110100
137
111110011111010100110111101010
27
110001111111101111001110011111
20
11111111001011001111111110011
160
111111100011101111111111111110
135
10111111011111101101011101
25
111110111111111101010101110000
46
111001110010111111111011010101
131
100111111111011111111000011101
168
111111101011110111110011110011
155
111111111101111101111000101100
21
111110111101110011111111111111
169
111100010111011001000101100001
20
111111111001111111110100011001
107
11111001100010111011000110111
24
11110010100111001111101111011
133
111111001111110111011101010111
144
111011100001001110111011100111
123
11001001010101011101110111011
132
101110111101111101111010100110
198
101111111101001111111001101110
173
101101111111100111101111100001
163
11110000111011111101110011101
29
111110011100010110110110111000
96
101011111001010110111011111110
121
11101111111110110010111001111
178
110001011101101011100010101100
72
101101111111110011001100111111
18
111111011011111011011111111110
152
11011111110111111110011100001
191
111011010110101000111111111100
3
1010001111111101111110110110
83
101011110011110110111001111000
114
101000101100101001101110001011
178
111010101101001111011111001011
82
110100101011101101100111111101
128
101110111001101111000001111111
60
111011011011011111110010001
92
110101111110111100101110111111
34
111111111111011101011011000100
166
111100110111111001111111101001
127
11111000111111001010111110111
110
110111111011111110111100100111
98
11110111111111111010101111111
93
111011101111111011100101100111
27
11100011011001111111011111011
128
111010011101101100111000110101
81
101010111101110100110011011111
12
101011111110110111100111101011
5
11011101110101101110011110111
123
111001111101111101110111111010
181
110011011011010011101001101101
108
1100101110101111110111111000
80
110010110111111000000111101011
88
110111010110010100000111110011
167
110000101101111111111101110110
164
111011010001111111100001011001
197
11011111111110111111101101111
50
111010101111110111011111110111
127
110111101001110010101110010001
47
110111111110010101100101111101
174
11111110111001101011101010111
45
11011001011111001111111100111
132
101100010000101111111111111010
34
111001101010100110000111011000
159
110110000100111010101111111011
39
110010111111110111011001100011
167
111111101101111111110011001101
189
110011011010001100011101101101
52
100111111111111101111110111101
187
101110111111111110111110110111
56
101110111101101011011101011010
55
111110111111111100111110011110
191
111100111111100111010111110011
184
101001011111100110011110010011
119
111100110111111100011101011011
26
111010101010110110100111110101
3
101111111110111101101111011010
104
111101110111101010111011011111
156
101110111011110111101111111011
149
100111101011110111011101111111
144
111001101111111111010010001111
74
110101111111011111101011011011
157
110011110011011111111111110100
10
1111110110111111111101001001
14
111111111111111111111101001100
185
111010110110010111111111111111
23
111111101110011110111111011010
130
10110111110111110011111111101
196
111111011011100101111011010110
41
110001111100110110001110111
194
11011100011110111000011111111
19
111110100101100000111110101101
119
110101100101101100111110101111
172
100011111111010101111011001111
168
110010100111101111100010111100
132
111110101111100111110101100001
165
101111101010011111111011111011
96
111110010111111111111111011101
109
111011111101010111001101111010
26
111100101010110111011110111110
83
11011111101011011111010111000
121
110111111110101001011001010011
178
111011001011111011111110111101
71
111000111100101011011100010011
114
110011110011111010101011111101
18
11101111110011111110010110110
193
101110001111001011010111011111
110
11001011010110101110111101
12
111001101011101101111001011110
30
11000101110000010110110111110
43
111101011110111011110111101010
188
110001001111100111101110101111
25
110111101001100110110011111110
173
111101010111110111110000111101
34
111110101110111101011110000110
37
101111110010111110111111110101
30
111111101110010111110110111111
121
110101011110111111001111111010
87
110011011111111111110011011101
39
101010000010111011101111100011
192
100011100111111111001111110110
181
111101110111011110010011000111
67
101000110111100110100110101010
31
10111010111011101011100111011
138
110010011111111101111010100110
96
110011011111110111100011011101
184
111101101100111111000111111011
45
100101011111110000111110011111
132
11001111110111001110111110111
41
1011111111101100111010111111
185
11000111111111110101101111100
184
110101111010111011111010111101
159
10100011111011101110001100010
2
10000011110111001101111101010
146
110111111111111101011011110011
14
11111100110111111111100111101
51
101111111111010011101011011111
129
11110001111000011100010010111
57
111101000110101101101111011100
20
111111011101101011101001000111
33
111101111110101111110011011111
185
111111101110011111011110101110
59
110110000101101111111111000111
182
111001110100011011111111011000
14
101111001111011111111110011111
28
111011111101110011001100111110
72
11000110101110001111010110110
108
111101110110110010111111110100
144
111010000111110111111111011110
143
11011011011010001000001101011
58
101101100011111101111110110110
195
111110110100010110101010011010
154
110110111010101010100110011110
126
11010011010111110011110111011
117
101111110111101100010101111100
62
10011111000111110101111101111
176
111011111111110111101011111001
35
110111110111011110101001100
86
101011111111110111011111111100
41
11111101101110111110111101100
160
111111011100001011110111001111
18
110011111111001111011011111111
79
11011010111111100010111001
88
101111110110010110111000001111
178
101011101111111111111111111110
98
111010101111101111111111101111
5
100011101111001100010101101010
115
11101011111111111011011111110
154
111110000101011111111001011110
94
101100111101111101101001000101
34
110010100111101001111011111111
153
11111111111011110010100100111
61
11110001101101111011110111010
124
101100011111111111101110101001
170
1001111101111101111001000111
109
1011110111111101110011111000
126
10000011111111001111111110110
196
10010011110111100110101111110
55
1110100111011111111111111101
137
101110111111010110111010010000
33
111101011110100111111111001111
183
11010011110101111011111001110
120
100111111001011111110111011010
47
10011101010101111011010111111
164
11000101001101111011111111011
84
11000101111111111110010100111
146
110100111111111101111111111101
1
101011100001101100101011110111
63
111111111101100111110111110110
182
111101111111111010011101010111
180
101100011101101011011111111111
118
111111101101111111111111111111
178
111101011111011111101111111100
50
111101111100011110110011000100
13
11110011100111111010010111111
25
111011110001101111110111110001
168
110111000100111110011010111111
197
1111000011101111100010111110
161
11101100101111011011011111101
189
10111101100111111100110011101
67
111011011111111010111101011001
39
11111111111111111011111011011
162
11111111111101111110111110101
185
101100101011101111100111100
141
110000111110110110100111100111
93
111111000101010111111101111111
173
11111100101111111101110101000
139
101011111000101110011101001100
86
101111101100111001111100101000
143
11001010111011111101100110001
25
111111111000110111011011101101
172
110100010111111001111011111010
61
110011111100110100110110110101
57
100101001011010010011011101111
65
111010111100011111010011111111
34
11110110011011111011110011
138
111101110011100111001011111111
124
10011010111111011111111001010
68
111111011101000110011111111110
113
111010100011100001110110101111
129
101000111111011110110100001011
5
111111111101101111100111111110
28
111110111110011111111111011010
158
110111011110000111011111111110
26
111111010101010111010111000001
130
11101110011101100011011010111
172
101111111111110111111110111111
64
101011101110101110111101111111
184
101111111011111101011111011101
136
111011010111111110001011110101
12
111100001011011100110100111010
58
111101111111101101111101110000
198
111011111011111110110001011110
28
100111111011100110111110110111
124
100010100111110001111010111
161
101111111101101101110111101111
136
110111101111101001100110111111
75
111111111111110001110101111111
91
11110110010101001011000111001
113
101011111010101111111111110110
135
11110111010111100110111110001
76
101010110001100110111111110101
172
111110111111110111111101101111
142
1110001001111111001111111110
116
100111001101001111010111111110
27
111110010110110000010011111110
100
101001101111110111111111111101
36
111011011110111111010110111011
151
11011001101010111110111011010
97
11011011100111001010101111111
192
110011111111110100010110111111
53
111101110111011101100001111110
5
111011111110110001111111101111
33
111101111001110101010011011111
16
111110111111101011010101111101
84
111111011111110011011110111111
12
111110101111101111011101110100
169
110000001011011111110100011101
132
110101101010010101101011101101
59
110010111110011001001101110
81
100101100000111011101110011111
80
110101101001001010111111111001
103
111111100111111001101111111110
94
10001101111001110111111110010
169
10110111111001110001100110101
68
111111111111010001101111100001
88
111111110111110111111111101111
38
11110111110110111011111111110
102
111001111101111111011110011001
8
11111110111011010000111110111
21
101111110010101101111110011111
163
101111011100101001000111101100
161
110110100111001001101101010001
105
111101100011111111110011011111
75
111100010101111100110111101101
68
100111101111011111011011101111
77
111101111111111010010011111111
81
10111011111101111101001100111
182
1111110110111000101101001101
29
111111111111101101111101111111
163
110111111111111111111001110101
190
110010010111111110001101101111
95
111110110111101011011101110101
30
11111011001011011111001111011
41
101111111111011111011111111011
175
101111111110101100111011110101
100
101101101001111101010111101101
44
111111010110011111111111001111
49
101011011011110001111110001111
187
