30 100
111011111011010111011100011101
109
100011101011111011101111000101
151
101110001101011011001101111101
4
10100101110010110010101011001
92
11111011111011001110010000111
48
111010111111111100101110111111
5
111111111111110110100101001111
145
110011101010111111001001010111
157
111011111110001011111110111111
154
100110011111111110010011111110
145
111101110111111101111101001111
112
1110011111101011111111010101
177
11110111111110101111111101110
157
111110110110011111101111111100
79
10101111101111001101111001
3
101101101101111101011101101111
129
110011011110110111100111001110
156
110101111110101011101011111100
111
111011000110111111001110010111
45
11101011111101110101010111011
96
1001101111001101100111010110
133
101111111110100111011011000111
90
101111011011110101100101011011
54
111010110110110111000101111110
157
111111101110010100011111111011
18
110011111011100001110111101111
60
111111110110111111001101100011
38
111011101111111101011101111010
67
111111110111010101100011100111
12
111111111111010110101111100011
67
11111100000011001011100111111
84
10101111101001111111011101111
117
101111100100111110110001110111
29
110011101011011110011111011011
116
110111101110000110010111110101
132
111101111010001101001001010001
73
101110111111111010110110111111
190
101011111101111111111110101111
137
110111001100101111101111101111
134
111111111011100111110101001011
144
101100010111001010110111100010
136
11111100101110101111111000111
57
111011111111101111111110011111
21
101111010000011101111011111111
14
101000010111110101011011111100
115
101011101011101101111110110111
200
110101010100101111011001111101
144
110010111100101111110111111111
150
111111001010110100111111111101
28
100111111101101101110111010111
45
111010101110101110001011110101
80
111101101111011110100010101110
67
111110010110100011111110011111
171
101100111111111111100100111111
54
101111001101111111101010100110
184
101011101111110011110001011110
126
101011101111010100110111111011
38
100011011100101111001110100101
17
100100101011011111001100101110
42
111100101111110111101110101111
106
111111011011101011010111110111
143
11101111010111011001011111001
11
110010101101111100110110110111
125
10101100000000000011111010011
139
111111011111111101001100101111
80
101111001111100111101111111110
159
101010100101111100111110111111
110
111111111111000011111101010111
3
111110011111110001110101011101
5
111111010111111011111111111010
14
111110110111110011111111011111
137
110111101101011111100111101111
92
111101011111001111101011110111
97
11111101111110111111011111011
131
11111011111111111101000010000
61
101010101011001110011101101011
124
1110111111111011111111111111
148
10000011111101011001111111101
44
101101111011010111100100011100
45
1011001111111101101010101000
131
11111100000101111111101000110
100
10101101110111100010100001101
86
111011101111100010111010110111
109
101010101011111011001111101101
81
11111110111010111010100010100
153
11111111111101110011111111111
188
111010111100011101111100111111
200
111111001011111111000111000111
69
111111110111111111000011111110
172
111010100101111111111011100001
63
101100101100001101010111111111
123
110101001111011011111110011101
161
100110110010010110001110001101
123
11011101000101011101111011111
17
11101111010001000011110101110
136
111010111101101101101011110111
48
111010011011111011111110111111
54
110010110011110110110111001111
142
110110011101100101110111111111
117
110110111011110101010011111111
197
