30 1000
1011101000010001010000010101
109
1011001000000000001
151
1100000101000011001000100001
4
1000010010000000000000
92
10001011110011001010000000100
48
10000010000001100000010011100
5
10011010101000010000000001110
145
10000100000010001001000010110
157
11111100000001000010001100
154
100010110101010010000100000
145
110101100001101101011001000001
112
10001100000001110010000000
177
10000010100000101010000001000
157
11110100110000111100100100100
79
1001100010000101010001
3
1100101000001101001100100100
129
110010000000100110000000000000
156
101101010101000001000011000
111
11000010000010000100010010
45
11001011100000100001000000010
96
100001000000000110000000
133
101100101000100000001000000100
90
11011010100100100100010000
54
100000000011000001100000
157
1000001110000100011000000010
18
100000011010000001010111100001
60
11110000000111101000000000000
38
101010101101011001100010
67
1111010010000000100000100100
12
100101010010010010101101000011
67
10100000011000000000001010
84
100001101000000000001101001
117
100011100000000000000001110100
29
10010110010010011001
116
10100100100000010000100010000
132
100101010001000000000000000
73
100111010010000000001111
190
1001110101011010111000000000
137
100011001000001010101001001100
134
110000001000100110000000000
144
1100010100000000000000100010
136
1100000000110101001110000001
57
101000001110101011001100000001
21
100000000000010001010010010001
14
1000000101010000001000001100
115
101001101000101000110000010111
200
100000000000101111011000000000
144
100010101100000000000100001110
150
1110001000000000000010010001
28
100100110001000001010110000111
45
110010101010100010000010000100
80
100101000100000010000000101000
67
111000010000000010001110000000
171
1000010010000100100100100011
54
100010000000111101100000100010
184
101011100000000011000000001100
126
101010100000000000100011100000
38
10000100100000000100100100
17
100000101001000011001100100000
42
11100000001100000000010101000
106
100110011000001000010010000011
143
1101100000010001001010010001
11
100000000100100000000000110101
125
100000000000000100000011
139
1001001011001000000000101000
80
100001000000000110000011101010
159
10000000011100010010000000
110
111011011011000011000000010101
3
100010001001000000000001010001
5
11100010100101011011010011010
14
1010100001000000000100000011
137
111101101001010100000000000
92
110000000011001101100010100010
97
1011000011010001000000010001
131
10110011011000100001000000000
61
100000001010000110000101000010
124
1101010000000011010100
148
11101001000000010101000
44
101100010000001000100001000
45
1101100100001010001000
131
11110000000100010110000000100
100
1101100100000000100001001
86
111000001010100000011000000101
109
1010101011000000000100000101
81
10010010000010000000000000
153
11010101000001000000110000000
188
11000010100011101100000000101
200
101000001001001001000111000001
69
10011000000000010000010011100
172
101000100100000100011011100000
63
1100001001010101101101
123
1000100011010101100001100
161
10000010010000000000101
123
11000000101011000001011100
17
11101101000001000001100100100
136
100000011001000100000010010100
48
10010010000010100110000010
54
110000100000010011000101
142
10100010100000000100001101010
117
10010101001010000010010011010
197
100000000000000100000100001111
169
100011000100110001101000
22
110000000000010100010100001011
3
111101010001010010101010001010
83
100010001100000000000010000010
133
10000001000000011100001000101
69
11001000100011110011001010000
130
1010001100110000000000000000
90
100101001001000000101000001010
57
10000100101111000100000110
89
1000000110000101101011000011
106
10000010100110000000
62
111101101011000010011000000
7
1110000000001000001000000101
97
100110100001100100000001110001
55
11111100110010000000000
179
10010001000010010101010001000
104
10000100000010000110100001101
44
101110100010100000001010000
11
10000010001000011010011011110
136
101001001001000000001110100111
71
10100000100010001000001
189
100011001010010010010000
146
110000100011010000011
194
10110000000011001100000010000
54
10000001000010010000101000
128
1100101001000110100001000100
160
1000100011100000110101100000
108
1101010000100010010000000
26
100001100101001000100110001010
57
100000000000000010100011000110
183
1110000000011001001100000000
78
100100001011010010000000000
111
1100010001010000011100000000
25
1111010001100110001100010000
69
10010010000110001010000001011
136
10001110000000001001000000010
147
100100000011000100000000100
54
1010000010000001101011000010
10
100000100001101000110101
198
100000011010100101001101000000
101
10001111000001000110000010
17
10101110000000001010000110
40
1000011110000111011000101
75
100110100000001010011101001010
32
1100010010101100010000000
84
11001100001000100100000010000
164
100001000010010000011000000110
16
110000011101100010100000000100
66
1001101011010000000010101000
55
1000000010000001110000000000
122
100000000110110000110000010100
6
110000000011000000000000000000
66
111000001101000000001111000100
198
1111000010000001001000110001
87
10000101001100010001000101010
121
100010010010110000010000011000
53
101101111000000000010000101100
178
100100100100100000000000001100
89
10000001001111111001010000010
21
110110100001001100001111000010
160
101000110000110101100000010110
21
100001001100010010010100000
52
100100000000000110101000001000
133
10000101110000100000000110001
154
1000110000000011000010010110
71
110000010100000101000000001
147
10010001000101000010110011001
67
100000001001000110001100101100
136
100000000000000110111000000111
34
10000100101010000010000000
57
101000010110010100001000010010
16
10001010000000000010101000000
188
100101001000110100000010010
166
1010000101001000000000100
120
10111001100010110101000010
175
110011111010010000100000000010
108
110100100100000111010000100
8
100000010000100100000100000000
189
1101010110110001100000000001
178
100100010101001001000000001010
92
110000111000110001001001001000
155
10000010100010000001001101101
39
10101000000100111101100111000
37
1100000001100010100100000000
119
10000000110000000001010101
12
100000101000000010110000011000
107
1000000000110000001010100100
179
10000000001010100101001100010
175
100100100000000010011001000100
119
10000010110000000001010010000
92
1000000000011100000000000110
175
110110101000111000010000100000
37
100011011000100001010001000010
155
100000010101010000011001000000
37
11000000000001100010001010000
141
10000000011010100000111000000
149
1011010110000000000001110110
157
100000010101011010
132
10100000010101000100
121
1000000100000101000010000010
39
10000100110010000000000000001
81
10111000000010110010000000101
118
100011100101100000100001000001
74
1100101101000000100000000011
92
10011001000000010010000000
152
110000001110000111001100000010
63
10000000100000010100000011000
117
1010000100010011000001100011
42
110000000000000101000000111000
110
100000100001100010000100000
152
10101011000011101100000011
35
11000000001000010000100100
41
1000111100011110100010001001
105
110000111101010010
21
10001000110000001001010100100
157
100011100111011010100010100010
176
100001010000010111010001000100
185
10001000000000000001010100100
9
11001000101010000000010000100
125
10000101110110000000010001000
186
100010100000001000101000000000
29
100010000010000011001000000
190
110010000010100010011001011000
128
101010101000010100110100000100
167
111010001010100000110100001000
25
100000101000000100000001
143
11100000001000010000101011010
92
1001000100010000001100010001
170
101000100101010010101110100010
31
10000100000100100110011011
3
101110000100000010011000011000
173
1100010100000000000101010000
140
10110001010000000100100100100
130
100100000000110000101000000
188
11100000110000000100000010
168
101001100110110000001010000000
108
100001000001001000001000010110
1
101010000100001001000000
92
111010011001010100000010001
12
10000011001000010010000
186
10100010100100000010110000101
159
1100000010001010010000110010
35
1010110000001000010110000101
92
10000100011010011001000100110
127
111011100001001011000000000000
105
101101001001101010000100001
162
11000100110100100100000001
63
100011100000010000000100001000
65
100101010010000010011000001000
106
1000000010011101000110
31
101100000000000001101000000010
170
11100010100010000000000010
170
1011010100011110000011010
56
100001101100101100101011010001
195
11000101000000010101010101100
168
10010001110000000000100110000
91
11010100011000101100000110000
190
1001000011000110000010001100
93
10001001010000000010000100001
25
1000010100100101000100
113
101101010111000100010000
179
101111010010000100000000100
100
10000100000101101000110011010
117
100001001010010001000000101111
156
1010110110101010001011010
183
100010001100001101101010010001
198
100000000010000000100000010101
13
1011110000000000011000000011
71
111100000011010001000011001
142
1000000100110001000011011000
147
10010001100100100101111010000
124
101000000100001100001111110001
81
10100101100111000000110010001
72
1000001100100010100011010010
185
1100111001100011011000110000
193
100010101001011010110010000010
115
100001100111001000000000100100
196
100110001000000001000100101
191
10000001000000100101010011001
41
101000110101100010001000011010
84
101111101000110000000000000
186
11100010010011000000110000001
78
11000011111010000001000000110
135
101001000000001010010
187
1000100010100010000000100001
154
1000000000000100101000010
61
110101000000101100110001101000
4
1001100101000110011010001
52
110001010000000000011000000101
86
1100101000100110001010110010
77
110000100000000000110001100010
44
1001000110101100011000111
136
11100000001000011010000010
69
1100000000110000000001011010
181
11100010000010001010100000
176
110000010000111000100000010100
178
100100000000000100100100001100
46
11001101011010000010100000100
14
101011101000000000000100001
141
11111000000101000101001000011
128
100001011000010000000011
154
100000010101010001000011010
176
11000101110101001000001
17
100010000000001100
141
10000010001001011000000000100
57
10000000100110011000010000000
47
100100001100001010000010001100
110
10100001000111010000000101
144
100001011010000000011000100000
54
110010100000000100000000100100
183
1000110101110000000000001001
73
11000000000010000000000010
160
110000000010100011010101010
30
1000000000100100000000011000
65
1101010110001101001011101010
76
100001001010101010000101001001
12
110001100010110101010110001
144
10110000011001000100000000000
146
100010100000000000000000000000
139
10000011000000100001000010
106
111011001101101000011010
119
10010011110101000000100100000
89
10000010110000110011000010100
66
100100100000001100100011111000
195
10101101010110100010001000
184
101000100100110001100010000000
128
110001010011000000001110000101
69
100010010100010100000010000101
157
100100001100000011000010110001
113
110010000011000000010000011111
22
101100000100001000010100011
55
1010000100001110110101011000
92
1110000000001100100000001010
12
1111100100001011101111101000
13
1000000011111101011010
123
100000010000101100011110000001
195
101010010000000100
44
100111000110110000001100
113
100100000100000100010010000010
44
11000000011110100010000100110
68
110000011000010010010000010
111
1111000001000000000001100010
196
101011000101010001001101
145
1000000011100100001000100100
189
10100100000110000001101
178
10000000001100001011000000000
66
100010001000000010001000100000
194
1111010100010010000001010100
85
1101000100011000000010100010
53
11111101111000000000011100001
198
100001000000000011000000000000
149
10000000000110000100100100010
59
100100110000001100001000000000
54
10011001000001001001001101000
79
100110000001000010000001000
184
100010010100101000101001001111
38
1000010011011100000000000
72
10000001001111100000001
27
10010110010000000100010110010
88
11001110001000001100000000
149
100001000100001100110000010
20
110000000000100000100010111
22
10010011001011010000000000011
181
1001001000110000000110010
154
11000100000010000100100100
27
111010100001100010000101000
75
10100001100001000101001001
169
1010100001000010010010
12
1101100010011010000001110100
40
11001000000101111000100000001
139
100100010101001000001001010110
24
101100101000110100010101000011
143
11000000000000110011001001110
70
100000010000000110000010000001
148
11110100100111001000101000110
141
1000011010000000010010010010
59
101001011001000011000001000
43
100001000000101101000110110011
41
1001000000011100010000001111
192
1110100001110000000001000100
130
111010110100001000000000010010
167
101101010010101000101000101010
33
100100010000001100000000110000
161
10000110001000000000010011000
21
11110010110010000000000000
139
11001001001010000010101000000
198
1110110001000001110010010000
83
11110000000010010010000110101
105
1001110110010010001001010
198
100000111111001111
98
11010001110000101000001010
80
1110111010100010000100000010
162
10000011001000000011
19
10000101010000001101000000
88
1001000101100111001100
9
1101000010000010001111000110
188
100011010011010101000000001000
158
1011000100000010100100010000
128
110111001110000000010100
15
1000000001001000010010100
42
1100010011010010000000100
98
100011010011100111100110100000
187
1101100100011001001110101001
30
100010001101001001011100111
157
1010000000111111101
8
100011111000000001010101010110
22
10000000000001000011010101010
198
10000010000000010010001000100
172
1001000000010110100000
62
1000010010100001100010010000
172
110010101000001100000100000000
33
100001000101110100000101101
171
100010010011010010001010000000
123
110100000000000100101100010100
109
1000100000000101000000011
178
100000000100010001011000001001
177
101000101101000101001000001
195
110000000000001000100010001
70
110000000000000100111010000100
51
100010010100000001010000010001
44
1010001000001001100000001000
189
100100000000110111111000000
103
100000001000001001111100001000
85
10100000010010111000001
187
1000011000111010000
196
100010000111000101000000000000
21
1010011111010100010001010000
5
100001000111000000011010010000
134
11000000100110100100100010100
28
101010000010011010000000100
45
10000000010100100010100110
151
1000001011001000110010000000
185
1001000000001000100010001010
28
101000100001001001000010001
199
110001010101000001100010101001
121
11111001100001101001000001010
178
100100000001011010000000101110
198
10010000000000000
95
110100000010000011000011111000
109
110011000000101001010110100100
66
10000010000010000001000101011
90
1000100000100000000010001010
71
1110000110001100000000000
181
110010000000101
89
110000100010000100110000001010
59
11100111010011000011001000010
85
100010100110001000001001100101
176
1000101000101010110000101000
157
1100000000101000010101000010
107
110010011000000100001000011000
27
101010100000001011100100010010
184
10110000000100101110101010010
21
100001111101000100000000000000
59
100010010100001101001001000101
116
101010100000100000001
193
11110011011000011100000
22
1010000010100010000010000
111
100001100001000000010000111000
24
110000110001010010001
163
100011100100000000100
27
10011000000000001001000100
24
10110011001100000010100000000
1
100001001111100100001100
32
100000010000000100000000110
199
100010010101000000010000001001
59
100100100101100000000010100100
173
100010000000001100100010000110
16
110000010010001100001010000000
189
100000010010111101100001000
38
11000001011000001110000000011
76
100010010010110000000001100100
126
1010100001001001010000000011
39
10001001000000000010000110000
61
1000000000111000110010100010
127
100010100000100001100100100001
179
11100101110110010000010101
152
10000000000000010000010000100
180
1100000000001000100001001010
28
110010011011110101100010100010
54
111100010100011000100000010000
96
1001010001100010010110001011
168
1000100010000010000000010000
37
10010010010001110000111
118
101100010001000000010010000001
93
1001001001100110000100001000
130
11101010000010000001100101000
60
1001011101111000101010101000
37
10010101100001010101000101
74
1000000000010010100000001000
200
1000111101010000000000110
31
101011100010000000001101101
102
101001001100001110110000100100
50
110000010110001000101110100101
88
100111100000100000010000001
18
10011110100010000011010000
44
110001000000101000100000010010
169
1000000011000110101001010000
181
11000110000000000000010010010
148
100100110100000001000001011
112
110010010000000000100111010101
188
11000100010010000001001000110
186
11000100011010000101111101000
20
10100110100000010010000000
89
11110110010000000010001000100
72
111001010000110100010000001010
45
11100000000010000000000
61
100001000011000101001110101110
149
10001000000000100101010000
63
10000000101011100000110100100
107
11001010111010100000101100001
7
10100110001001000011000010000
85
1100010000000110101000100000
19
10011000001000101000000110001
57
10000101010010000111
167
11101110010111000100010000101
159
10010110010010011000001000000
127
110010000100000010100001000000
94
10100000001001100100000001001
14
101000010000100010010100000001
105
10011000011000010101010000011
89
10000000000111100000011110
76
10110000110100000000110000100
155
10100110100000000000000000010
141
100100110110000000011000110
138
10011010001000001111001000000
10
10110010101000000000000101010
69
10001011001100110000000000100
51
10001101100100001000010001
86
110010100011100010000010101000
29
110111110001011010110000010001
71
110000010010101001001100110100
87
1100001000010001100001010100
24
111000101000010001100111010000
84
1100001001000111100010010110
128
101100000001000010000001011000
85
111100010011011001000000101010
155
101100000011100000000010000101
70
11100110000101011100001000001
189
110000000001000001
92
10001000000010100000101101
47
10000000001010010100010000
12
10100100010001001000010110010
182
1001101001010001000001
62
1000000000000010000000010010
148
101010001010100001010001100000
5
110011001000000111000100001010
156
1000101100010101010000001000
100
100010010010100100011001000
8
10000010100000100100011001100
156
10101000100001000000010100000
9
101000000110110000110000001
79
1010100000010100000011
160
100001000000110110000000101000
102
110001000000000000100001010101
40
10000010010000000000
59
1000000000010001000000010101
133
10000010101010001001000010
92
100010110110010110000111000000
187
101000101000101110001101
38
1000000101001101001000011000
195
100000000010000100100000000001
133
101000000010010010001000000
27
11100110000010000110000000100
134
10000110100000010000100000000
196
101010000101100000000001010001
177
1000000011000010110110010100
128
10100100000010011000110001
131
100000100000100011011110110000
106
11001000000010000100000000001
138
100000010000001001000000000
44
100010000011000001000001
159
11000001100111100010001001000
36
10010000001011000011011010000
186
101011000100000000000010001100
90
10111000000111010000011000001
52
10110011000000101000011000110
103
111111000000000000001110000000
110
10010100010000101000011000000
116
100000001000001010110100
162
101111100010001000010000001
170
11010001100010100000110101010
67
100011101001110100100010000
116
1000000000110101101000000000
181
110000000000000101000111001000
50
1100010110100001010011010000
176
11101101101000111110000111000
185
110000000000010010100000100000
50
101100100001000000010000001111
174
1001111010001000100001000010
159
10100000100000010100001
156
100010011011000100101100
134
111000111011110100100011
30
11000101001101110111000001100
67
1011010000001001000000011000
125
1100100001110010100101000010
80
100011001001111111100101100001
15
10000000101101010001001000010
36
100000110000000000101010111010
42
100100110100010100000010011001
130
10010010100100000000
93
11000010000000000011010100000
68
100100000000000110010100011000
183
100000000110000000001110100010
190
100000110000100000000100001000
147
1100010100000001010100000000
94
11001010110110001001000100000
20
1010001100000001000010010
106
100100000000000111
103
11010011000100010110010101000
51
10000000101001000010000010011
1
11000001000111100101000011
172
110000011111110000100000101001
64
100000000111000001100001110100
12
1000110001010011000100000010
93
11111000000111000000011001100
190
101101000100011100000011011010
94
111000011011000000100011000000
68
1000000001000110000100
7
100000000010000000000000010
120
100110001100100010000001000
86
10111101000001000100000110001
198
1010001000000000011000010101
107
10000000000100100000001
153
101010100010000010001100100
60
1010011000000000101111010101
60
1001101100000001010000010010
122
1000000010110
184
1000000100010000000100000
69
100000000000110000000011100000
180
110000001000110000010000100
82
10010001100011001010010
197
1101001101100010000001100000
65
110001000100010010010000110
27
10011100000000111000000000001
60
111101100001110011100001100
41
111100010010001100001000100100
177
1010000000110100011100100000
132
100000000000000010011101000100
179
10100111100000001000001
23
10000010000001010100100000
134
11000000000100100000001011100
35
100001001110000010101110000100
132
100000010011110010100001100
67
101100100100000000011100000000
116
10100000000001000000000110010
166
10000100000100001100110010000
168
1010101111100010110101010101
175
110001000000000001000001011001
176
100001010001000100001100110100
49
100010110100000100110001000101
104
1111010110110
9
100000100000000000100100010100
149
101010100010011000101001000100
173
111111100111001000010000100
102
1000000010010001010000000010
33
10101010001000001001100
184
110001100000001001001010000010
69
10101000000000010010100000000
65
1000000100000000000100111100
72
101000110100010100100110100
82
1001000000100000010010100000
154
10000001000000011010010000101
188
100100000010001000000011001
113
11000001000110110000001000
136
100000110000001110010010001001
81
10111101101000000000100
191
1000010000001001010
138
111000010101000101000110000000
107
10001000000011010011110100100
172
100001110001101100001011000101
107
100010010000101111100000001
57
10001001000110110000010101000
104
1000111000001001100001100100
185
110001001100111000001010000000
89
110000000001100111000000000011
69
110101000010100100001000100
11
10001000001010001110101110110
13
1000101010000000101000
16
100101111111000101111000100000
47
110011010000000000011010001000
32
10011100000010110000011
128
1000010101010010010011011011
144
100000000101011100000001001011
112
1000100101010000001100000001
4
101000000000000001100000000
89
101100110000001011111
180
1111110000011010000100100
36
1011100000000001000
157
110000000100000000100010000001
15
101000010110100101000000001001
54
100010101100011000
2
10010001010000000010001000
172
100001101100010100000
80
101101001000000000010000000
114
10000001000101011010101
176
100000000110010010000110000
18
1101000111000000100000000000
124
100100011010000001000110000001
142
10010110010000000010000000000
76
1000101001000110000000011101
183
101000100001010000011100000
35
10000000101010001100001010
140
110001000100011110100011000
67
101101110000000001101001000000
116
10000010101001100010000000
123
100001001100011000000010010
130
10011000010001000010101000
146
1011000000000000000000
38
101100010001010000100011000100
185
10111000010001000110010011110
192
10001001011001000001000100110
4
1010010001000100100010000000
33
10000010000001100000000
70
10110000000000010011000001000
96
100101000100001000110000011000
150
110110001000010000010000000
151
10000010011000000000000010100
57
101011010100001000000001000000
96
100010001001001001010011
168
100011001000000010101001000100
176
101000000001110110000001101100
117
100001000010000000100110000001
129
100110001101000100000001001000
140
1101100000000001000101010
146
100001001110101010101011101111
41
1000010100001001010000000101
187
110100000001000011000010010010
8
11010000111110101000001000010
170
100000011101011010001011000
92
10010100000010000000001000000
168
10000000011000100010101
122
100000000001110
90
100000000010110000000001100000
13
1000111000000000110011000100
119
100001100001000010011011110
49
10010000000010000101111010
107
110010011011000100000000011010
22
11010010000000010000110101010
49
111000010000000010010001010100
90
110001110011000000000101010
149
111010000001100011000100000000
7
100000100000001110110000000100
67
10011100000000010001000010001
106
100001000000011000001000000000
93
1001001010111000000100100
143
1110001000100010100
111
101000000001111100110001
6
101001000000110100000001010
71
11000000000101111100101
70
111100001001110000000010000000
179
1010000000000000001110010100
18
11010000000000011100001000100
115
10100011101000101001000
60
100010001000110000000101101
103
100100001010000101000001000000
75
10010111000100010000010000000
160
1000010001010001000010010
118
100001000100001111100010010
80
110010100010000011101000101001
105
101010000000000010010000000001
10
1001000010100101001100010010
20
10001000011000101101000011000
92
100000000111010000000100011001
165
110000011000010000010011011011
150
11001010010011010010110000000
20
1101000001000110001000
19
100111010000100011000011100000
176
10000011101110001101100001101
137
1000000101000001000111000001
53
10001101011000110000010011
2
11110100101001100100101110000
14
110001001111000001100000001010
185
1110000000100010000000100000
191
10001010000000000010000000
171
110000000000011000
110
1100010000100010000100
108
11010011010010000011000101101
2
110100010000101100101000010
42
100110001000100001011110101100
171
100011000100100001101000000010
171
1010100110100110001100011
40
110110010110001000011000000010
126
100010010000100101000000
131
1000000000000110001001100000
109
1010001111011001100110001110
117
1000011100110101000000
106
101000010111000100100
29
110100000000000100000000100
127
110100000001101000001011000000
148
10110101000010000000000010000
143
10100010010010000001001000110
133
110011011100010110100100
142
10000110101000101101100010
62
100000000001001001001101001
173
100001010001100010001100001000
175
100000000001001010100101100100
61
100001000100000110100001010111
139
1000010011101100010000001011
55
10110011000100010000100000
143
100001110010001100010000100
18
110000000110010100100000001000
59
1010100001110010001110011000
61
101000010101000000111001000000
1
10001011001001010001001000010
106
111110101010100000000110110010
193
10011000100100000001011100000
44
110101001101000011100000000000
58
101010010100100011110010000010
4
110001000010000010001101000001
152
100001010000110000000100100
90
10000000100100001000110011000
131
10100011000010111000000001000
165
110001000010001011000000111
88
100011000000100010100101
100
1110000010000000100000000
113
100000000100000011000001000000
89
10000010001010101000001100
1
100001100100000100010010101101
57
1000000100100001100010001
137
101100001010000011110011100000
143
100001010010000101110011101
6
11111101110001011110000001000
97
11100010100001101110001100
167
1000100011010001001000110000
175
100000000011001000000000110
167
111100100000010011000100010100
139
100100100010011000010001110000
127
10000101010001001000101000101
23
100000010111100110010
106
101010000000001000000000100000
193
10000000111010100000100000000
36
1010101010010000110000000000
40
100110010011000000010011100010
174
101100010001000000110001010
59
11000001001101010100010010011
187
110100111101001110010001110011
97
101000010100011000111110100
112
100100100000010000000100100001
2
11000100011000101001100011000
126
1000011100001000101101000000
41
10000011000010000000010000010
96
100010000010000001000
38
110011101000000000000110010
35
110101010100100100001001010001
165
11000000001000010000000000000
71
100000010001111001010000001
162
11011010011101000011000000011
91
10000001100100111001000010000
146
10100000101011100010111001
70
110101010100011110
183
1000101100000001000010010
77
1000010101001000001001000
31
1110000000010101000000
157
1010111000000000000000101000
172
1110011010010000100011
131
100010011010101110010010110000
38
10101001000000100010001000
195
110000001000100000000000010101
137
101000000100100100001110010011
114
100100001001000000000000000
175
1100100000101100010010001
184
10000100110110010101000
166
10101010010000100100
46
11110001000000000101100100
150
101001111100100010111010010111
148
10010001100101010000001000011
137
100101100010101010110100101011
137
11110001100000100000011100001
131
1100101000000001100000101000
90
100011000010001000000101000
23
100000000011100001000000100101
31
1010100100010110010001000
52
101001110011010000010010001000
91
1000010011001000000000010
32
100100100110011001100001011010
171
10000000101110101000100100000
80
100000001001110001000000000
67
10001100000010010001100001000
38
100001101000111001001010010110
102
1000001100001001001100111
55
10010000010000100000000000000
100
101000011011000110101
2
10001000000100010000
29
101000101001010000001000000000
84
10000010000000111100000010
106
11100101110011000110000101
162
100010000100001001000000000
28
1000001010111000000111
196
1001000011000000000101000
169
100101100111001101010101010010
185
101001000100100010010010011100
42
110000101111001001111100000
55
100101001011001010000110010100
26
10001010101111100001
180
110000011000001000000100001000
73
100101000001100010001000100000
173
1000000001100101000001011000
15
10011001000010001110110101001
1
110000101000010000100000000101
115
110000100000000110010100000
12
110000000001010110001000011010
95
10110000010100010000000001
122
1111000001001000010010000010
101
10000010001001001100000010
166
1011010110000010010001011010
56
110000001010101001000100000
49
1000000000010110111000011000
101
1000110010001011001101001010
12
110011000000101101101010010000
114
100100001100110000111000010011
117
110011000100010110100110101000
103
100000000100001010010011101100
118
11000000001000001000010000
86
10000100001000011001100001001
178
11000010010100010100001000001
91
100001000000000000001101100011
156
100000010000100010000100111000
120
111101010000001000010000100
161
10000000001110001111100
48
11101010001100010000000100101
151
111000101010100000111100001
76
100000101111100000100000011001
129
11000000000000000100001010101
1
10100000101010011100110110000
15
10001110000110001110001100
131
100000000000000101010111000
96
101110010100000110110000000000
142
110100110010011010001001011110
195
100000010100110011000011010001
98
1010101001000001001000000
13
100000000000100000001000000000
200
1011100001000000001100000
29
10100000000001000100010100100
52
100011001000001000101010100000
132
11001010100001001000101110
55
11110111000111010
137
1101100100100100000000000100
143
101010001000010100011000000
126
10100010011011010110000000000
155
111011100000000100011100000010
177
111010000000001000000000011001
78
100100010000001000000000100010
170
1000000000000000101000001
88
11101010010001110110100001
122
100010100100000010000001001100
18
100000010011000001100100000
31
1110100010100000001000010101
183
100010001100010000000100000001
54
100001000000000000110011000000
112
100000000001100000100000010000
134
1010110011100000000000010
130
100111000001110001100010000
17
110000001000000110000011000000
197
10011010010000101000000000100
78
10000001010000100110000
197
100010000000100000100010010100
59
101011011010010010010000100010
138
1100010000000000010000110
82
1001111100000000001000000100
81
110101000011100000011010010110
73
11010000001101000000001001000
162
10000111100111000000001
105
1101011110000100000100011110
124
100000101011011010000000001
141
1000000011111010000001000000
31
101000001010000001100000000000
187
100110000000001101011100001001
194
11100000101010000000100011001
79
101100001000010000111000000101
6
10000010100100000100000010011
93
1000000110010011010000000010
28
1001000100010100001000000100
166
10101110000001000101100010
5
10010010001001110010010001011
127
111000000000001000010010001000
168
10101001100100000000000000101
1
100000010000000110010111010011
68
101000000100000001011100011000
49
100010011100101010001100001010
124
101000010101110010000000100
85
10110000000000000000101000100
53
1000001000000110000100100000
155
11110001100011100001000101
200
1100001000101011000000011000
153
1000100010100000100110100
1
101101110000100001000000111000
131
10110010001011000001111000100
49
10011001001110111100000011
13
100100000101100000000010011
156
101010100101001001000000
5
100011000100111000011100000000
96
100000000000100000000111100110
132
1100100010100101100010011001
67
10110010101011000000000100000
35
10001010101100000000000010
138
111001000100011001001100000001
82
1011100110000101111110000011
5
10000000101010000100010001000
11
110001010000100000100001000100
76
