30 100
1011101000010001010000010100
109
1001001000000000001
151
101000001001000000001
4
1000000010000000000000
92
10001011110010000010000000100
48
10000010000001100000000000100
5
11010001000010000000000100
145
10000100000010001000000010100
157
11100000001000000000100
154
100010000101010000000100000
145
100001000001101101011001000001
112
10001100000001110010000000
177
10000000100000101010000000000
157
100100000111100100100100
79
1001000000000100000001
3
100100000000000001100100000
129
110000000000000110000000000000
156
100101010100000001000000000
111
11000010000010000100000000
45
10001011100000100000000000000
96
100001000000000110000000
133
101000001000100000001000000000
90
10001010100100100000000000
54
1000001100000
157
1000000000000000001000000010
18
10010000001010110100001
60
11000000000111101000000000000
38
1010101001011001000010
67
1010010010000000100000000100
12
101010010010000100101000011
67
100000001000000000001010
84
100000101000000000001100001
117
1000000000000000001010100
29
10000110010010011000
116
10100100100000010000100010000
132
100100000000000000000000000
73
10000010000000001111
190
1001100100011000011000000000
137
1001000001010100001001100
134
1000100110000000000
144
1000000000000000000000000010
136
1100000000100101000010000000
57
101000001110100010001100000001
21
10000010010010000
14
1000000101000000001000000100
115
101000101000001000000000000100
200
100000000000001111011000000000
144
100000101000000000000100001100
150
1000001000000000000010000001
28
100000001000001010000000011
45
110010101010100010000010000100
80
100000000000000000000000000
67
11000000000000010000010000000
171
1000000000000000100000000011
54
10000000110001100000100010
184
101000100000000001000000001100
126
1010100000000000000011100000
38
100100000000100100100
17
100000101001000011001100100000
42
1100000001100000000010000000
106
110010000001000010010000001
143
101100000010001000010000001
11
100000000000100000000000100101
125
100000011
139
1001001011000000000000101000
80
100001000000000010000001101010
159
10000000010000010000000000
110
111011011000000011000000010101
3
100010001000000000000001010001
5
11000010100100010011000001000
14
1010000001000000000100000011
137
100000000000000100000000000
92
10000000011000100100000100000
97
1000000001010001000000010001
131
10100001000000100000000000000
61
100000001000000110000100000010
124
1100010000000001010100
148
11101000000000010000000
44
100000010000001000000001000
45
100000010001000
131
11110000000000010100000000000
100
1101000000000000100000000
86
110000000000000000001000000101
109
1010000010000000000100000001
81
10010010000000000000000000
153
10010101000001000000100000000
188
10000000000010000000000000000
200
101000001001000000000011000000
69
10001000000000000000010011100
172
101000000100000000011001100000
63
100001001010100001001
123
1000100011010101100001100
161
10000000000101
123
10000000100010000001001100
17
11101001000001000001100100100
136
100000011001000000000010000000
48
10010000000010100000000010
54
10000100000010001000100
142
10100000100000000100001000010
117
10010101001010000000010010010
197
