30 100
111011111011110111111111111101
109
101011101011111011111111011101
151
101110001111111011011101111111
4
110100111110010110011101011001
92
11111111111011001110110000111
48
111010111111111111111110111111
5
111111111111110110110101011111
145
111011111010111111001101010111
157
111011111110101011111110111111
154
100110011111111110011011111110
145
111111110111111101111111001111
112
1111011111111011111111110101
177
11110111111110111111111101111
157
111110110111111111101111111100
79
101010111111101111001101111001
3
101111101101111101011101111111
129
110111011110110111100111111111
156
111101111110101011111011111100
111
111011010110111111001111011111
45
11101011111101111101110111011
96
11001101111101101111111010110
133
101111111111100111011011001111
90
101111011111110101101111111011
54
111011110110110111001101111110
157
111111111110110101011111111011
18
111111111011110011110111111111
60
111111110111111111011111100111
38
111111111111111101011111111010
67
111111110111010101100011100111
12
111111111111011111101111101011
67
11111100000111101011100111111
84
111101111101001111111011101111
117
101111100101111110110101110111
29
111011111011011110011111011011
116
110111111110000111010111111101
132
111101111010101111001001010001
73
101110111111111111111111111111
190
101011111111111111111111111111
137
110111101110111111111111101111
134
111111111011110111111101011011
144
101101010111101111111111100010
136
11111100101110101111111110111
57
111011111111101111111110011111
21
101111010100011101111011111111
14
101000010111111101011011111100
115
111011101011101111111111110111
200
110111010100101111111101111101
144
111010111100111111110111111111
150
111111101011111111111111111111
28
100111111101101111110111011111
45
111011101110111110001011110101
80
111101101111111110101010101111
67
111111010110100011111111011111
171
101101111111111111100100111111
54
101111001101111111101110100111
184
111011111111110011110011011110
126
101111101111010100111111111011
38
100011011110111111001110100111
17
100110111011011111001100101110
42
111100101111110111101110101111
106
111111111011101011011111110111
143
11111111011111111001011111001
11
111010101101111101111110110111
125
10101110100100001011111010011
139
111111011111111111101111101111
80
101111101111100111101111111110
159
101010110101111111111110111111
110
111111111111000011111101011111
3
111111011111110001111101011101
5
111111110111111111111111111010
14
111110111111110111111111011111
137
110111111101011111101111111111
92
111101011111011111111011111111
97
11111101111110111111011111011
131
11111111111111111101100110000
61
101010101111011110111101101111
124
110100111111111110011111111010
134
11111111110111111001100111101
87
110110011111111111011101011101
118
111111101101011111111010001100
138
111011011101111110101001111111
114
111111011111010101110111111111
179
101111111111101111111110111111
138
111111011101011101111001010111
93
111111111110111001111111111100
29
110101111001111011111001111110
92
111111101111111111010111101111
69
111111110111111111100111111110
172
111010110101111111111011101011
63
101100101100011101111111111111
123
110101011111011011111110011111
161
100110110011110110111111101101
123
11011101011111011101111111111
17
11101111010101100011110101111
136
111110111101101101101011110111
48
111110111011111111111110111111
54
110011110111110110111111011111
142
110110011101101101110111111111
117
110111111011110111010111111111
197
101101111101101111010111101111
169
