30 1700
101011101011010001011000011101
109
11100001111001101101000101
151
101100001101000011001000100101
4
100001010010010010000001001
92
11111011111011001110000000100
48
110010111100011100001110111110
5
11111111111000010100100001110
145
10010101000110101001001010111
157
11011111110000001110010011110
154
100100010110101010010011100010
145
111101100111101101111101001011
112
1110001100000011110110010100
177
10110010110100101110111101100
157
11110100110001111101101111100
79
10001111100111000101111001
3
1101101000111101001100101100
129
110010011110100111100001000110
156
10101111110101000001010111000
111
111011000110011110000110010010
45
11101011111001100001010111011
96
1001101001000001000110000010
133
101110101110100000001001000110
90
101011011010100101100101011001
54
110010100010010111000001110110
157
111101001110010100011111000011
18
100010111011000001110111100011
60
11110110000111111000101000011
38
100011101110111101011101110010
67
11111110110010000100000100111
12
101101110111010010101101000011
67
111100000011000000100101110
84
10100001101000100100011101001
117
101111100000100000110001110100
29
10011100010011110011111011001
116
110111100100000010000110110100
132
100111010001101000000010000
73
101010101111010010000010101111
190
101001110101111111111000100010
137
110011001000101011101111001100
134
11110111011100110110001001001
144
1100010101000010110110100010
136
11100100101110101111110000011
57
101011011110101111001100010111
21
101110000000010101010011011001
14
101000000101010101011010111100
115
101001101011101000111000110111
200
110100010000101111011000001000
144
100010101100100100000110001110
150
1111001000010000100111010101
28
100110110101001001110111000111
45
111010101010100110001011010100
80
100101101101010010000000101010
67
111100010100100011111110010011
171
101100011110011101100100100011
54
100110001100111101101000100110
184
101011101001010011110000011110
126
101010100110000100110011110001
38
100010010100100101000100100101
17
100000101001000011001100100000
42
111100100111100100000010101100
106
100110011010001011010111110111
143
11101110000011011001011110001
11
100000101101100000110110110111
125
101100000000000010100000011
139
1011011011001001001000101111
80
101011000011000111000111101110
159
101010000000011100110110100111
110
111011111111000011100101010111
3
100010011011110001110101010001
5
111111010101111011011111111010
14
101110100101000000011110011111
137
110111101101011110100000000001
92
110000000111001101100010110110
97
11111100111110111010001111011
131
10110011111111101001000000000
61
100010001010000110001101001011
124
110001111110011101011011100
148
11111101001000010101101
44
101110011010001000100001000
45
11001101110100101010101000
131
11111000000100010111101000110
100
101101110101000010100001001
86
111011101010100000011000010101
109
1010101011100011000101000101
81
10010011010111000000000000
153
11010101110001110000110001110
188
11000010100011101111100000101
200
111111001001011011000111000111
69
111111110000000011000010011110
172
101000100100001101011011100000
63
1000001100001001010111101101
123
10001001110011011101100011100
161
10010010110000110001101
123
11011000000101011101101011111
17
11101111000001000001100101110
136
100010011101101101000011110111
48
111010010011110010111110000011
54
110011100100110111000101
142
10110010101000101100011101010
117
10110111001010100010010011111
197
101001111100100100000110101111
169
111101011100100111011111110
22
111101110011111100010100001111
3
111111010101010011111111001110
83
101010001110000000101010110010
133
10101111010000011100001001101
69
11101001100011111011011110001
130
11010001100110010000101000000
90
100101111101001010101000011010
57
110010000111111111000100000111
89
1100110110000101101111010011
106
100000100110000010100110001000
62
111101111011010110111110000
7
1111000000011100001000100111
97
110110100001111100010101110001
55
100001111111100110010000010000
179
10010001000010110101011001001
104
10000110010010001110100001101
44
110101111110111100100001010000
11
10000010001100011010111011111
136
101001001111001001011110110111
71
111001011100000100110101001101
189
100011110011001111010010011001
146
10000000111000111111010001111
194
10110001001011001110001010010
54
100111100001010111110110101000
128
101100101101010110100011011111
160
11010100011110101110101101000
108
100101111111100100110010010000
26
100001110111001100100111011011
57
110110100110000011110011000110
183
1110111101011101111101101001
78
101110101111010010011110000
111
11100111001010000011110010000
25
1111111101101111101100010000
69
10011010011111101010001001111
136
10001110000010001001100000011
147
11110101100111110110100010100
54
11010100010000001101011100010
10
10011110100110001101001110101
198
100100011010100101001101111000
101
100110001111100111100110001110
17
1010101111000011011010100111
40
1100011110110111011100101
75
100111110010001110011101111110
32
11110010010101100010000110
84
111101100111011100100000110000
164
100001001010010100011001000110
16
110011011101100111100000110111
66
11011111011011001011010101000
55
111011000010110011110010000011
122
101100010110110000110100110100
6
111001010011011001000111000000
66
111001101111100110001111100101
198
1111000111110101011100110001
87
10010101001100010001000111110
121
100010011010111000010010011100
53
111111111000000000010011101100
178
100110101101101000000000001101
89
11010011101111111001010000111
21
111110111001001111001111000010
160
111001110001111111110001111110
21
1100011001100110110111101011
52
111100000000001110111100101100
133
110000101111101110111011110101
154
1110110001000011000010111110
71
111110100010110110101100000001
147
110110001001101000010110111001
67
100100001001000110011101101100
136
100000000100110110111000001111
34
110010000101101010000110000110
57
101000010110110100101000110010
16
10111011000011100011101101001
188
101101101101000110101010010111
166
11110000101011000000100101
120
10111001110010110101010010
175
110011111111010000100000010010
108
110110100101100001111010000100
8
110000011010100101010100000001
189
11101110110111001100000000001
178
100110011111111011110000011110
92
110110111111111001011001001100
155
110010011100010100001001101111
39
10111000001111111101100111101
37
101111010001100111111100000010
119
10110010000110000011101010111
12
110010111011100010110000111010
107
1010000110110000001010100101
179
110110000011010100101101100011
175
100101100100000010111001011100
119
10101111110000010001110011000
92
1111000111011101010000000110
175
110110111010111000010110100110
37
100011011001100001010101100010
155
101000011101010001111101001010
37
111000000010001100010111010000
141
11000001111010101101111000011
149
1111110110001001101011110110
157
10001101111101001110101011010
132
101011100000010101011100
121
111100000110101111110010001010
39
11000101111010001100100001001
81
10111000100010111010000101101
118
101011101111100000110101011001
74
1110101101000001110100110111
92
100110011001000011110110100000
152
110100001110100111001110000110
63
11000111100010110111010111111
117
1110000101010011000101110011
42
110000000100010111000000111000
110
100110000110001100110110111001
152
10111011100011111100100011
35
11000011001000010010100100
41
101101111101111110100010001101
105
100000111010111101010110
21
110001000110010101001111111100
157
100011100111011010110110100011
176
100001011010010111010011000100
185
111011000001010000001011110100
9
111011011111010001101011000100
125
110000101110110010001010001000
186
100010110000001000111110001100
29
10100010100011001011101010000
190
110110000110100010011011011000
128
111010101100110100111100010110
167
111110101110101000110110001101
25
101000101010000100000011
143
11111001001111010000111011011
92
1101010100011100001100011101
170
101010100101010110101110100011
31
10010000110010110110111111011
3
101110100100001110111101011100
173
1101010110110001100101011100
140
110111011110100000101100110101
130
10110100001101110000101001010
188
110011100000111000000100010111
168
111011101110111010011010000000
108
110001011001101011001100010111
1
111011101010010100111001000010
92
11111011011101010110011010101
12
10100011001101010010000
186
11100010101100001010110100101
159
1101010010011010011001110010
35
1010110110001001010110110101
92
10000100011010111011000110110
127
111011110111001111100110010000
105
101101001011111110010101011
162
1011100100111101110110001001
63
100011101100010010000100011101
65
111111110110000110111010011101
106
110011101100100010111101100110
31
101100001011000001101000001010
170
111100110100010010001001110
170
101001111010100011110100011111
56
101011101110101100101011010001
195
11001101000001110101110101110
168
10011011110000000000100110100
91
11110110011000101100100110001
190
1011000011111110101011011100
93
111101011010000001110011100001
25
1001110101100111000101
113
100101101010111000101011001
179
101111110111011100001100100
100
10000100000101111110110111011
117
100001011011010011000001101111
156
1001011110110101010001011111
183
100010101110101111111111110001
198
100000011011000000101000011101
13
1011111001010000011000000111
71
100111100101011010001000011001
142
1001000101110011110011111010
147
11010011100110100101111111110
124
101100101101111101011111110001
81
110100101100111000000110010001
72
11010011110100011100011010011
185
1100111101100011011100110010
193
100010101111111011110110110010
115
100001100111001000001000100100
196
11100110001000001001010100101
191
10001001101010101101110011001
41
101010110101100011001000011111
84
101111101010111000000110110
186
111100111011111011001110011101
78
11101111111010010001001000111
135
100100101101000110101111010
187
11010111011110011000000100001
154
100001011000100101100101101110
61
111101001110101110111011101000
4
101011100111000110011011001
52
110101010000010111111001110101
86
1100101001111110011110110110
77
111010100001000000111011100010
44
100101001000110101100011000111
136
10011111000001100111110010110
69
1100100001110010101011011010
181
11100010010010011010100000
176
111100011100111010110101010110
178
110111000101000110110100001111
46
11001111111111100010110010100
14
10101011101100000101010111001
141
111111100100111100111011000011
128
101001111001011111000111
154
110110001010101110111000011110
176
1111000111110101101011001
17
101001000111011001000101111
141
110000010011001111000110010101
57
10000001100110011000110000001
47
110100011110111010000011001110
110
10110111101111011100010101
144
111001011111100000011000100101
54
111010100101000100000010111100
183
101100110101110100001000001001
73
11000100000011000001011110
160
11110001110110110011010101110
30
1000100100100100110000011100
65
101101010110001101001111101110
76
110001001110101110001101001001
12
10110001110011111101110111101
144
10110010111001101100001000000
146
100010100110000110101000110100
139
10010110111000000111001000010
106
110111011001101101000111010
119
110110011111111001000100110000
89
10101110110000110111100010100
66
100111100010011100100111111010
195
110111111101010111101011001110
184
101010110100110001100010100010
128
110101010011100110011110000101
69
101010111110010100011011001111
157
101101001101100011000110110001
113
110011001011011000010001011111
22
10111110000100101011010100011
55
1011010101111110110101111100
92
11110000000001110110100011010
12
101111110101001011101111101011
13
1110001001000011111101011011
123
101000111000101101011110100011
195
1110110100111010010111000100
44
100001101111000110110100001110
113
100101001100010110010010000010
44
111000001011111110010000110110
68
110100011100010111010000010
111
1111010101000000011011100010
196
10110101111001101010011001101
145
101101000111110100001000101101
189
11100110111101000111100001101
178
111000000011110001011011110110
66
110011001101001011101100100000
194
11111110100010010010011010100
85
101101000100011000000010110010
53
11111101111000000001111100101
198
101011000101111111000001100100
149
110001000101110100100100101010
59
100100111001111111101110100001
54
10011101110001001011011101001
79
10100110011011101110100101100
184
100010010100101000101001101111
38
1000110011111100000000101
72
10100011001111110010011
27
111010110010010000100010110010
88
11001111111110011110100110
149
100101000100011111111011011
20
1110000110000100001111010111
22
10110011101011011000010000011
181
101111001001010111000010110011
154
111011110100010010100110100100
27
10111010101101101110011101000
75
110100001100001000101101011
169
100101001010111001110010110011
12
11101100010011010001101111110
40
111101001100101111010100100011
139
100100010101001000001001010111
24
101100111110110101110111100011
143
11101010000001110111011001110
70
100000011000000111011010000001
148
111111101100111011000101100110
141
101010111010100000111010010010
59
100111001011001100011000101000
43
100001000000101101001110111011
41
101001000000011100010011011111
192
101111100011111001010001010110
130
111110110101001001010110110110
167
111101110011101100101011111010
33
111110010000001101011101110000
161
10000110101001100001010111010
21
110111110110111110000000001100
139
11011001011110000111111100001
198
101110111101000011110010010101
83
11110010110010010010110110111
105
1001110111010011001011010
198
101011000000110011111111001111
98
111111001110010111000101011
80
101110111010100010001101000111
162
1001000011011111011100010011
19
11010010101010001101111001100
88
100101111000111110111101100
9
101101000011101110011111110110
188
100011010011010101100000011000
158
1011100100010010101110010001
128
10000110111001111000101010110
15
11010010101001001011010100
42
100101100010011010111000001100
98
111111010111101111100110101010
187
101101101111011011011110111001
30
10100010001101111101011100111
157
100100010101011100101111111101
8
110111111100000001010101010110
22
11011100000101100011010111111
198
11100010000001010010011100100
172
110101011100000110111101000
62
1011011010100011110010110100
172
110011111000001100000100101000
33
101001111101111100000101101
171
110011111111010010101011101010
123
110101000000000100101110011101
109
11001100100100010101001000111
178
100001110100010011011100101101
177
111000101111001101011000001
195
100111000100000001000100111001
70
110100010000000101111010110100
51
110011010100010001110000011001
44
1010011101001001100001001110
189
100110000000111111111101000
103
110100001011001101111100101111
85
100010010100001110010111011001
187
1100000001000011001111010000
196
101010100111000101100001010110
21
11110111111010110110011011000
5
100111100111000011011010110000
134
11100100100110101110100010100
28
101110100010011010010000111
45
111000000010110110010100110
151
11000011011101101110011101000
185
1001000010101101100011001010
28
101000100001011001100010001
199
111101111101011101110111101011
121
11111001110111101001001001111
178
101110000101111110011001101110
198
10100000000011110110010000001
95
110110001010001011011011111000
109
111011100000101101110110100100
66
11001010100010010101000101111
90
1101110011100000000010101110
71
1110101110101100010001001
181
10001001010111010000111101
89
110011100010100100110101101010
59
11110111011011001011001000010
85
110010110111011110001111100111
176
1000111000101110110000101010
157
1110000011101010110101011110
107
110110011001000100001000111000
27
111010100101001011101101010010
184
111110100000101101111111110010
21
110001111101000101000001101001
59
100010110100101111011001010101
116
101100000101011101000110011001
193
1011110011011101011101100
22
111110100010100110101010110
111
100001100001000010010110111101
24
10000000110100111001010010001
163
1110011110110000101101
27
10010011000101011001101100110
24
111111011111101011010100000001
1
100100011101111100101101110
32
11101100010110100100001001110
199
100010010101000000010101011001
59
100101100101100000000010101100
173
101010010010001110100011010111
16
110100110010101100001111100010
189
100000011111111101100001000
38
111100101011011111110100000111
76
100011010011110000011011100111
126
1011111101011011111001100011
39
11001001000000110010000110110
61
11000000000111010110010101110
127
100110100010101011100100100001
179
1111101101110110010000110101
152
111011010000011010011010100100
180
1110011100001001100001011010
28
110010011111110111100010100010
54
111100010100011110100001010110
96
101101110001110011010110001111
168
111000100011011010000000010000
37
101110011110011010001111100111
118
111111011001001100010010110011
93
1101001001101110001100001110
130
11101010000110000001100101010
60
1001011101111001101010101111
37
10010011101101001110101000101
74
101010011010011010101000011100
200
111000111111110100001101111
31
101111011101110000000011101101
102
101001111101101110110111100100
50
110110011110001000101110100101
88
10101111100001110001110000011
18
110010011110101010000011110000
44
110011000000101000110001010010
169
101011000011000110111101010000
181
111000111000000101110011010110
148
101100110100000011110001111
112
110010011000011110101111011111
188
11000100010011100001001011111
186
11000100011111000111111111000
20
111110110100110110011010100
89
11110110011101001011111010100
72
111101010000111100010010001011
45
10010011100011000011001000100
61
100001010011001111101110101110
149
1011011011001000101111010010
63
10100110101111100000111101101
107
11011110111011110010111110001
7
10110110101101000011011010011
85
1111010011000111101100100011
19
110011000001000101000101111001
57
100010101101010110000111
167
11101110010111100100011010101
159
10110110110011011000001100000
127
110010000101100110110001000100
94
10110000001111100100000001001
14
101001010000100010011110010001
105
11011111111000010101010100011
89
100010100000000111100100011110
76
110110001110100100100111000110
155
11101110111001010000010001010
141
1101111111111111001011101111
138
110011010001001011111101000000
10
10110010101100001001000101011
69
10101011001110111001100000100
51
100011111101100100011000010001
86
110111101011101011000111111000
29
110111110001011011110010010101
71
111000010010101011001111110100
87
1110001000010011101011011100
24
111000111100010001101111010001
84
1100001001001111100010010110
128
111100010101000010010101011110
85
111110010111111101110000101010
155
111110100011100010100011010101
70
11100110100101011100001011001
189
1010100000111001100101001001
92
110111011100000110100000101111
47
110001000111010010100010100
12
10101100010001001010010111111
182
1101011101011010001001001
62
11000011010000011100100110010
148
101011011010111001010001100000
5
110011001000010111101101011010
156
1001101100110111010001001000
100
100110011010010100100011101001
8
111011010100000101111011011101
156
10111101101001101000010111000
9
11101111001110110010110010001
79
100001011100000010100011011
160
100111000010110111011000111000
102
110001011001000100111001110101
40
100100000010100010011101101101
59
1100100010011001001000011101
133
10100110111010011011001010
92
111110110110010111000111000100
187
101000101111101110011101
38
1000010101011101101001111000
195
100001001010000101100000001011
133
101100000110110011001011000
27
11100111000010001110001000101
134
110001110100000110001100000001
196
101110100101100001000011010011
177
1110101011000010110110010100
128
10100101100011111000110101
131
100010100001110011011110110000
106
11001101100010010100000000001
138
1100100011101001001101000001
44
10001111010000111010001010001
159
111001001100111110110001011001
36
110010000001011010011011111001
186
111111000100000000001010011100
90
110111100001111011010111100001
52
11110011000000111100111000110
103
111111000000001101101110010100
110
110011100011101101010011000000
116
10101100101001011101110111101
162
101101111100111001000010011101
170
11010001110111111001110101010
67
100011111011110100100011100
116
111000000011110101101100100000
181
110001000101101101000111111010
50
1110110110101111010011011000
176
11101101101101111111001111001
185
110000010010010010101101110010
50
101100100101010010010001001111
174
1011111010001000110001001110
159
100011110001100000110110001
156
100000110110011011100110101110
134
1111000111011110101110011
30
111100101001101111111001101101
67
1011010001011001010000111011
125
1101111101110111100101100010
80
101011001001111111110111110101
15
10001011111111110101001101011
36
101110110000000000101010111110
42
110100110110010100000111011101
130
1101000111010110101100011000
93
111100010000000010011010101110
68
111101010000001110010111011001
183
101001000110100000011111100010
190
100000110101101001001110001011
147
101100110110010001011100111000
94
11001011111111011001001101011
20
101001011001110000001100011110
106
10001000101101001011010111
103
11010011000100010110010101100
51
111100011111001001011001010011
1
111100001011111100111100011
172
111100011111111001111001101101
64
110000011111111001110001111100
12
11000110101010111000100010010
93
111111010000111000001111111100
190
101101000100011110000111111010
94
111001011111100101110011000010
68
1000100101110110000110
7
100000110010001001000001010
120
101110101100100011000111011
86
11111111011001001110100110001
198
11110011100100000011000011101
107
1000110000000110101101000111
153
101111100011001110001100100
60
1110011001100100101111010101
60
1001101100010011111010110010
122
10010101101101000001010110
184
101010000111010000101111000
69
100100000000111011110011110001
180
10110000001000110010110001100
82
1100011010001101011001011010
197
101101001111100010000101100011
65
110001000100011110010000110
27
110011110010110111111000000011
60
111111100001111011101001100
41
111110011111001100011000101110
177
1110100000110110011100100110
132
110001001100100010011111010110
179
10010111101111100011011001111
23
11010000011010101010100100010
134
11000001110110101001011011110
35
110011011110010010101110000100
132
110000010011111010100001110
67
101100111101000110011100000001
116
111101001010001100000000110110
166
10011101010110001111110110001
168
1110101111100110110101010101
175
110001000011000011000001011011
176
101011010001000100001100110111
49
101010110100100110111101111101
104
100000100110011101111110111110
9
101100110111100100100111010110
149
101010100010011101111001100100
173
101111111110111101010011010100
102
1100000011010001010110100010
33
110000111101011101110001111100
184
111001100100101101101011100010
69
111101110100001111010100001000
65
1000010100010001000111111101
72
1101100110100010111100110100
82
1001010000100000110110100000
154
11110101011001011011011000111
188
100111100000011101000000011101
113
1011111101000110110000001001
136
100101110000001110111010001101
81
100101010111101101010001100100
191
10000001000011011101001011
138
111101010111100101000110000001
107
110001000000011010011110110100
172
100001111001101100101011000101
107
100110010100101111110001101
57
111011001010110110100011111010
104
101010111000001001111111101100
185
110001111111111110001110011001
89
110000010001110111100110100011
69
1111101000110100101011000101
11
10001000101011001110101111110
13
110001001111110000000101000
16
110111111111000111111001100000
47
110011010011000000011011001000
32
10000010011111001010111000111
128
11011110111110010010111111011
144
101000000101011101010001111011
112
101000100101110100011101000011
4
100101000001100100001100101100
89
1010101100111000001011111
180
111111111100011011001110100
36
10010000001111101000100001000
157
110000100100100000100011101001
15
111000010110100111100010001001
54
100010010001100010101100011011
2
110010101011001000111101100
172
1000010101011101110010110000
80
11101101101000000010010100101
114
11010011000101001111111011101
176
110110000000110111010001111001
18
101101000111001000110100101010
124
110101011011000101000111010111
142
11011110010000000110000000011
76
1001101001011110011011011111
183
11101000110001010101011100000
35
100011000110101110101100011010
140
110011000110011110111011011
67
111101111100000001101111000000
116
10000110111101100010000000
123
10110001101100011011001111011
130
10010011100011001110110111000
146
110111011001000001000011000
38
101100010101010100110111100100
185
110111000111001010110011011111
192
111001011111101011001010100110
4
1110010011001100100010001000
33
100000010000010000001101100101
70
11110000100101010111100111110
96
100101001110001010111000011001
150
110110001000010000111000000
151
11100010111001001100101011100
57
111111011100001111001001111000
96
1101011101001001001010011
168
110111011110000011101101010110
176
101010001101110110000111101100
117
101001010010101000100110110001
129
100111101111010111110011001001
140
11001101101010010101100101010
146
101001101110111110111011111111
41
11110110110101011110010010101
187
110100001011101011000010010110
8
111111000111111101100001010111
170
100100011101011011001011001
92
11110101000010000000101010101
168
110110010000000011001101011101
122
100010010100100100001110011110
90
111010110110111011101101101000
13
111010111010001100110011000100
119
101111100001110010111011110
49
100011110010000011010101111010
107
110010011011000110000010111110
22
11110011100000010111110101111
49
111000011110001010010001010111
90
111001110011001100100111111
149
111110000001100011001100010000
7
111100110000011110111100010110
67
110011100001101010001001010101
106
110001000000011001011100000010
93
101001101011011111000001100100
143
111000000001110001010100010111
111
100100101100100101111100110001
6
110101001010100111110000001011
71
1011000100001101111100101
70
111100001111110100000011010100
179
101010010101101100011111111101
18
11110000000010111110011000100
115
1110100011111001101101000
60
100100011001110110000011111101
103
110110001010001101001111000101
75
10010111000100010011010000000
160
10001000011101011011000011010
118
100101111101001111101010010
80
110110100010100011101000101011
105
101010000110001010010100001001
10
111001001010110101011101110110
20
110001000011000101101011011110
92
110000010111010000001100011001
165
111000011100011110110111011011
150
111011010010111010011110001000
20
110100001111100101000110001000
19
100111011010100011000011100000
176
10010011111111111101100011101
137
1000000101000001010111010001
53
1011111101111010110101010011
2
11111100101001100110101110100
14
111001101111110101101010001010
185
111110011000100010000100101000
191
10011001110000000100011001000
171
1000101110110011000001011001
110
110011011100010000100010000110
108
11010011011010000011000101111
2
1111100010110101111101111010
42
100110111000100001011111101100
171
101111110110101001101010000011
171
10001010101111100110101101011
40
110110111110001000011001000011
126
110011010000101101000001
131
1001000000110110011011110010
109
101110001111011101100110001110
117
100101000011100110101010000
106
100001101000011111100101100
29
10110110000000100101000100100
127
111110000001101000001111001000
148
11111101011011001000000110000
143
110100010010011000011001000110
133
110001111111011110011110100100
142
101010000111101000101101101111
62
110101010110001001011001101011
173
100001011001110010001100001000
175
110000000101101010100101110101
61
100111000100001111100101010111
139
1001011011111111010011001011
55
10110110011000101010101100000
143
100011110010001100010000101
18
110101011110111100101110011100
59
11010100001111011101111111011
61
101001110101010000111001101100
1
10011011001001111101101000111
106
111110101010110000001111110010
193
10011000110100011101011111000
44
110101011101010011100000100100
58
101010010100111011110011001010
4
110111011010010111001101010001
152
10100011011001110100100100100
90
10000011100100101000110011000
131
11101011001010111101010001000
165
110001010110101011010000111
88
100111110011000010100111101101
100
100111110000110011110100000000
113
100101000100000011000001100101
89
101010100010001110101000101101
1
100001110110010101010010101101
57
1000000100100101100110001
137
111100001011001011111011110000
143
10101001010010000111111111101
6
11111101110001011110000001100
97
10111100010100111101110001100
167
1000100111011001001110110010
175
111111001000011001010000001110
167
111100110001010111010101010100
139
111110110010111100010001110011
127
110111111111111111101111100111
23
101000000100000111111110110010
106
101010010000001000000101110010
193
10100010111010100001110000100
36
1010111111010000111100110001
40
100110010011101010011011101010
174
101101010011000000110001010
59
11000011001111011100110010011
187
110101111101001111011011110111
97
101101001010110011101111110100
112
110100110111011110001101101001
2
111010101011000111011100111001
126
101101111100001100111101000000
41
10100111001110111101110001011
96
101000110110000110010101010
38
110110011101000011110000110010
35
110101011100100101101101011001
165
11100011001100011100001000110
71
100101001010101111001010010011
162
111111110111101011111010110011
91
110000001101100111001100111000
146
100010101000111011110011111001
70
1000001110111010100011110
183
111110101101010001100011111
77
1111000010111111000001001110
31
10000001110001010010101000000
157
101010111100000101000000111001
172
101001011111111010010100100011
131
100010011010101111010010111100
38
100111101001000101110110001100
195
111010111010101101101011010101
137
101010000101101110111111010011
114
111110101101001000000010000
175
10001110100011111101011011001
184
10000110100101110110011111010
166
1100000110101010111001101100
46
11110001110000100101101101
150
101001111100101110111110010111
148
10010001100101111101001000011
137
110101100011101011110111101011
137
11110011100000100000011100011
131
1100101010000001100001101000
90
101110011000010011001100101010
23
100000000011100001101000100101
31
1010110110011110110011000
52
101111110011011000010011001000
91
100001001010011011001010001010
32
110100100110111011100001111010
171
10000001111110101100100101010
80
100010101001110011000100100
67
110011100001010011001101001011
38
110011101100111001001010011110
102
1000011100001101001100111
55
10110000010011100000100101001
100
10001100101100111011001110111
2
100100000011011100001100010000
29
101000101111010000001001000010
84
10010000110010000111110000111
106
11110101110011000110000101
162
100111000100011001000110100
28
11000001000101111111010001111
196
1001100111000100000101000
169
100101100111001101011111110110
185
111001000101100010010011011111
42
101110100111111101001111100011
55
101101001011001010110110111110
26
100000000011001111111111110101
180
110001111110011000101110001010
73
100101011011110111001100110100
173
11000001001111111000001011000
15
110111011100010001110110101101
1
110100101111010100100000000111
115
10110100111000000110011100110
12
110010000101010111101100111010
95
101110110111010100010100100001
122
11111010101101001110010000010
101
100110100010001001001100110010
166
111111010111000011110001011110
56
101110000001010101101000100000
49
1000010000010110111000111101
101
1001110010011111001101101011
12
110111010111111101101010010000
114
100100001100111100111001010011
117
110011000100010111110110111000
103
100100101101001011110011111110
118
111000001011000001010010110
86
110000101001001011101100001101
178
11011010010101010100001111111
91
101001110000000000001101110011
156
100001010000101010101100111100
120
11111111010000001000110000100
161
101000010000000011111001111100
48
11111110101100010100000100101
151
1111101101111100000111100001
76
100000101111111011100001111101
129
11010010000000100110111010101
1
110101000111010011100111110000
15
1011101110000110001111011110
131
100011001011010101010111101
96
101111011101100111111000000000
142
110100110011011011001011111111
195
100001010100110011101011010001
98
1010101011100001001010000
13
100011010000100001001000000000
200
1011100101100101001110010
29
110110101000001001100110100101
52
100011011010001100101110100110
132
111001110101001001000101110
55
10000000011111111001111110
137
101101100101100100010000100110
143
1101110001100110100011101100
126
10100010011111110111010000111
155
111011110101110100111100000010
177
111110111010001100011100011001
78
100101010100011000100000110010
170
100001011100110000000101001001
88
1011111010111001110110101101
122
100111101111010010000001001100
18
11100001010011100001110111011
31
1110100010110000001000010101
183
100010001101111000001111100001
54
111001110010011000110011100001
112
100000100111100000110111010000
134
11111110111101000010000011
130
110111010101111001111111001
17
110000011000010110000011110101
197
10011110010010111001010110100
78
10000010000001010100101110010
197
110110000010100001100110010101
59
111111011011010010111000110010
138
1001101010000000001110100110
82
1011111101001000011000000100
81
110111000011100100111011010111
73
11011010001101000011011011011
162
10000111100111011000001
105
1101011110000111010110011110
124
100100101011011111101000111
141
11110010011111011000001001100
31
101000001011010111100111010111
187
100110100000111101111100101001
194
111110010101011110000100111011
79
101101001001110111111011010111
6
10000010100110101100001011111
93
101011000111010111110000001011
28
11111100100010101011000011111
166
10111111010001001101100110
5
10011010101001110010011001111
127
111011101111001000111110001110
168
10101001100100000100010000111
1
100000110000101110010111011011
68
101100001110100101011100011000
49
101011111100111110111100001011
124
101101111011101110110001000101
85
10110110000110000001111010101
53
1000011000100110000100100000
155
1011110001100011111011100101
200
101100001010101011111000011100
153
1011010111011101110100110100
1
101101110111110001000110111110
131
10110110101111000011111001100
49
1110011101001110111100100011
13
10100101001101100000011010011
156
100000101110101101111101110100
5
110111000110111100011101101000
96
101101010100100100100111100110
132
1101110110110101100111111101
67
11110011101111110011010100010
35
100010001010101101000000001011
138
111101001101111001101100010001
82
11011110110010101111111001011
5
11000001111011010100010001110
11
110111110001100101101001010100
76
101011110010011010011011010000
2
11110100001001110101010101000
192
10101101111001000101100011101
106
11010101101100100100000000
182
110100000001010010111101111100
137
11001010010000000010100010101
69
100011111101100000011110111010
113
101100000010001100011001000010
103
101111010001001110100101100000
47
11011001101010101101100011001
153
101011110100010010110110001001
176
101111010100100110001010100011
91
10100011000110100110110100
5
10000101001111010101100110011
64
111110000001101001110011010100
54
101000101001001001111111010001
45
100010110100111111011111100001
167
110011001010110110101111101100
157
101000101111100011000001100100
59
1011001010110001001011110011
181
101000010110101010000101010100
129
1011011100110011000011101001
196
111111111111011010111010011
95
10010010100111011100111011001
12
100010111011000101100110011011
168
110001100010011111001101111011
119
11100100011000100111001101111
11
100011001101101000011100110011
15
11011001000101110111110000000
158
10101110000010111110011
129
11101000010000100010111111011
9
110101101111101101101101110010
159
10100011000110111101111110
142
110100110011100110100110100110
45
1101000001100100001110011011
17
1111000011101010110101111010
113
101110100100001111001001000100
133
11000000010010100101011011111
116
1011101010111100111100100
128
110110010011101100001100100001
69
101000010100010010100100000110
32
101110101000000101111100011001
148
100101011011100110101011101110
129
1001001000000010011110100
194
111001101010010100010001011011
195
111010101101010010100000000111
132
10110011101111001001001010
180
1011100111111110010001001010
4
100100110011111010000011100110
76
101100001010000011100111011010
48
11111110101110111001100111100
53
100010110010010001111001001010
94
110101011000101111111010000001
87
100011110100100010010111001001
105
111111000011000111010111111010
124
10011000110100110010001110000
15
1110011011010001100110011010
95
11001011111011011111011010011
27
111011100101100100101110001010
37
1010001101001111010111110111
128
11011000001001100001001001000
66
111110111111000000001101100000
138
110001100001101110001011000101
18
110111111100001110000101010100
8
11101001010110110101111101110
163
11111010000000010111100011001
72
100101001011101100001111101
184
100100000011101110011001100101
13
101011011001001101010110101011
146
100100001011011111111010000
193
100000001111111010011011101010
36
101110000011101101010010111110
184
11110101001101111001110001011
145
101101110010100001100100011
126
1001001101101011100110100111
150
101011000111000111010001001011
160
110000001000001111101101100111
64
101111000100001100000100
122
100111110100001111010000101001
174
10001100101101000011100010011
117
100110110011010000111110100000
135
110010100111010110110000000010
103
1111011001011001011001111001
105
10100001111001100100011101000
95
1010101001000101001110100100
159
100100110110000000101101110001
151
11001101111111111111100011000
159
11100000001111111000000010010
57
10000110001100110000111011011
74
10111011000001010011011000010
18
101111000100110100111111101011
116
11000000111101000010001110
56
111001110001000110101001111
197
110100001000000100010100111101
187
101001111100111001000110110011
80
1110110010110010100101100111
24
10100110000101000011011110011
196
1110001100111000101001101
29
111010100110101000001011100000
150
101010001010011110011111111111
113
111111100111011000000110111010
55
111011101110111101100001001100
166
11100011110011001001000101100
21
101110110111010010011100000100
189
110011011101110000011100100111
36
110011010011010011000111011000
177
1100100111100110100011000110
10
100101011010000000111010011011
44
10110011011011101110001101001
16
11000100001010000101001001100
109
110110101100010101111000101110
48
11010111000111010001001011
187
11001000101100010010110101101
75
100001100101100110101001111101
125
110110110100100000010110000011
52
10010111000000101000000111
119
100111011000100011011110111001
133
10111010111111110011000001111
7
1100011100000100110101011101
151
101101100111000111010000111110
52
1111101000111011011100000110
190
10001000110000011100111111110
116
111101011010000110100000011101
85
10001001100000100111111111100
184
11000101000001100011110111110
161
111100001001001101101101000101
55
111100101010011100100000101011
184
110000011101100100101000010001
163
10011110100101111001011111001
151
10000111000111001011000100100
197
100110001011000101101000010011
159
110011000000110100101100000011
184
101011101101001010111001011011
109
1100001101100111110110110100
153
1110101111110000110001001010
118
111001001001111011011000000011
58
100000110011101011010101000100
86
11101101001010011000101010001
89
100101101000110011000000101111
63
100011010010101000001011111
158
100101011011110011011101001100
190
10001001010110100010111001100
185
1111001110000000011000001111
61
101001110001101101011011101001
38
10100010101010010100110101010
164
101010010001000111101111110000
61
100000111010001011010000100101
2
10011110011101011010000011011
176
11111101001001100110101011
38
110110100111101010011100010000
129
101110010100111111011001001001
188
1100000101011110011111001010
64
101001001001001100011011011001
80
101111110110011111000100000110
33
11110001110001111001110111011
178
100010011010011101010010010001
165
10101001000100111010100000111
45
11110010110100101000111011111
44
1000101101101001101110000101
99
10000101000110110011000100110
76
11110110111010010111001000001
131
111011111101010001101001101000
53
110100010111101011010000010101
40
1000100101111011101010011110
22
101110110000010010111000011110
61
110111001111010010000010110
188
1100110011000101110100000010
35
110110101110111100000100000110
150
101111101100110001101111011110
195
100000011000100101101110001101
65
10000101110111100010101111111
101
1011001001000000011001011110
190
1000110001111000001100011111
134
101010000111011001110110000110
29
10010001000101011010011010111
7
110100000000100001100010110010
25
100001110011110111101011100011
100
1001111111000001011000101111
23
10111111101001100010000011101
138
111011101001010100001010000111
142
101011000011101111010011000111
182
110010000101111000101011111011
110
110111111101101010000010101001
73
111010110000011110101000110110
21
110000110110101100101000011011
122
100011000100011011111110011101
13
111011010111110010010100010100
166
111100111001011111101110000
30
1101110100000010111100100000
63
111010000010010000011110011000
40
111010111110010100010010000100
185
110110111111100010010111011110
79
101010000000000110011110101000
144
110011100101111011100100111110
151
11000001100100111111101101111
104
10111001001001011100000100101
72
110111101110011111000000100011
73
10100110101101011111101111001
150
11011001010001001000000110101
107
110010001110011111110011110101
179
101010010001110000011001001000
103
111010101010101111101111001101
43
100010110000101000101010100101
53
100100110101111111011100001010
46
10101010110010100010001110110
105
111111000101110000001000110011
18
10110010110010100011000100001
130
101101111110110000011110111100
27
110111101011011001000111001111
173
100100110101011010010010101110
50
11000011101100001001010110000
37
10111101000001100001001001010
196
100010000001100000101110101000
190
1001000111010101100111101111
160
10101010011110111100101010011
119
10101001110011101001010100001
175
11011100001001101110100010011
166
10010000000001011100001101101
153
1011011100011001010110010110
155
111001000111001100000000001111
12
1011110001111010011111000011
166
101101011111010011001010010011
21
110101100111000000111101101
67
100000100000000001001000100100
89
100000101011011110000000001011
99
101001110101001010110000101011
56
111000011111000111110011101101
80
111100101000110110110110100011
199
111110101011100111111010111
175
101011101011101010110101001110
83
1000011101000010001000101001
149
111010000001100111100111110011
174
110110010011011100101111011010
199
110000110010110000001001100100
143
10100000101111110011011100011
87
100111111111000110110000100110
90
100100100110100000001000111011
40
110100001111000100001101000100
45
110111110101100110011111011000
64
110101011000011011110011101010
171
10000100011001000010000111001
139
111001010001111100001010101000
154
1011000101100011010010001
94
1111000101000001011011111100
3
111111010110101111101011011111
34
11101101101010111010011100001
169
110111111111000000110001111010
57
100000111100011110111100011001
148
110011110000011111100000000001
170
100110000001001110010110010100
32
1010100110001011111110110000
196
101101011110011101010101000101
126
110010101010000011011011000000
185
1110111100011010010111010000
82
110100000101111000010101001101
56
110011001111011110010100000000
2
101110100000010101101011011111
119
1000110010000000000000010000
25
111110001000001101100001111101
158
1110101000110101110111001111
186
11100011001000110101111011000
181
11001111100110111111110010010
2
110010010100100000101101001111
192
110011111101110101000000001011
2
1101100011000110110101000111
180
10001111111110010100101000001
102
101100010101010011010111111100
98
110011111111110101010000011010
174
100001101110010111011001110100
162
111110011100000010100111101110
101
101001110100101101100110010000
97
100011010101011111101001110011
8
1100010011100000110110010011
108
111111101100001110000011010011
20
111010110010010100000001111000
129
110100001001101100100111101110
43
100000011010000110001011100111
131
100001000001000010101000001111
101
111110000110100100101111000001
122
10100011001000001010100000111
114
11111000111101010011010010111
25
111000111000110111010101011100
86
101110100010000010000001011001
136
11101110000100011000000011100
164
101000011110100100000100100101
118
110101011001100111100111100001
170
101111001110001110100110000001
165
11011010011101110010111110110
27
10011110001000110111000000110
192
100110000111100011001010001110
72
10011110011011001001100000001
73
110101010111010101000010111101
121
100110011000101000011001000110
192
11011101010001110111011110
115
10011011001100000100011101011
75
11001000111011001100001111010
93
1011111111100101000000001111
39
110011010010001010010001101011
22
111101010001011101000011000110
35
10010001001100101111011010001
46
11110011011110001000101111000
140
101101100001000111001101101100
105
101010000011011110001011110111
34
1101111111100000000001010110
36
110110110101111000111111010001
5
111110101000100010000011001111
96
101100101101010110010110111001
55
100011010011100111000110010101
114
1101111000110101010011001
118
111011110111010101000011011011
156
1011010000100100100110100
137
110110011111000100110111001000
27
110001111010101111001100011111
20
10111111001011001111111100001
160
100111100011101100010101011100
135
10110111011110101100000100
25
111110101111111000010101100000
46
111000100010110110111011010101
131
111101000011011111000011000
168
10101101000010101110000110001
155
11110011100110001111000001100
21
111110001101100011111101011111
169
110100010011010001000001100001
20
11001011001111111110000001001
107
11111000100010101010000110011
24
11100010100111001111101001011
133
110011000111110111011100010111
144
11010000001001110111001100111
123
1001010100010101010111011
132
1010011001011100010010100100
198
101111111101001011111001101110
173
100001111101000000101110100001
163
10000011011111100110011101
29
110100001000010100110110111000
96
1001111001010110111011010110
121
1101101110010010101000101
178
110000000101101011100000101100
72
101001101011100011000100111111
18
110011001001110011001001100100
152
10011110110111110110011000001
191
100011010010100000111111111000
3
1010001110001001111100000110
83
101011110011110010110000011000
114
100000001000001001001110001001
178
11000100101001101001111001010
82
10000101010101001100110110101
128
110011001101111000000111011
60
100011011011000111010010000
92
110000111110110100101010111111
34
111111110010011101011011000100
166
10111100001101110100000
127
111000011111000000011110111
110
110110111001111110000000100010
98
11110111010011101010100110111
93
100011101110101000100100100000
27
11000011001001111101011111010
128
11000010000100100111000010101
81
100010111001010100110000001101
12
100011011100110011100001000001
5
11001101110001100110011110011
123
111000000100111100110111111010
181
100011011011000010101001001101
108
1100101110001111100111100000
80
110000000011110000000110101011
88
10110010100010100000011110010
167
110000101001111111011101110010
164
110011010000111101100001010001
197
11011111111000110111101100101
50
10010101111110101011101010110
127
100111100001010010101000000001
47
10101001000010101100101011100
174
10010010111000101011100010011
45
11011001001011000101101100000
132
100000000101100000111111010
34
101000101010100100000111011000
159
110100000100011010101101110011
39
110010111100110110001000100001
167
101101001101111011110011001100
189
100000011010001000011100001101
52
100111111111111100111100111101
187
100010110101010110011000110101
56
101100000001101011011001001010
55
111110110011100000111110011010
191
111100111111000111000101010011
184
101001011001100110011110010011
119
101100010111011100001101001001
26
11010100000010110000100110101
3
101111011110110100001111001010
104
1100110111000010111011011110
156
101110111010100101000101111010
149
100110101011010011000000101011
144
111001100111101101010010001000
74
10001111111010111101001011011
157
10000100011011001101100100000
10
1111010110001011011101001001
14
111111101111111111011101001100
185
1010010110010111101110101110
23
100010101010001110100001001010
130
110011010010110001111001101
196
11111011011100000110011010110
41
10001101100010110000110010
194
11011100001110111000011111011
19
110110100100100000011110101100
119
10101000101101100101000000110
172
1100011010100011000001001
168
110000100100001111100010110100
132
111100000111100011100101100000
165
1010100010001110101011111001
96
11000010000011110111011010101
109
110010111101010111001101111000
26
111100101010110111000110000110
83
11011110101011011111000111000
121
111110100100001010001000011
178
11010000011011001110110111000
71
111000110100100001011100010001
114
110011110010011010001011111100
18
11101111100001010100000110100
193
100010001010000010010000011100
110
11000010010100101100111100
12
110000101011101001100001010100
30
11000000110000010100100111110
43
100100011110110000010110101010
188
100000000101000111100010100111
25
110100101001000000100011111110
173
111000010111100110000000011001
34
11100101110100101011110000000
37
1101010010110100100111110001
30
100111001110010010100100111011
121
10101010010111111001111011010
87
100011011010000110110011001100
39
100010000010011001101101100000
192
1100110101111001101000010
181
10001010110010110010011000011
67
101000110101100110100110101010
31
10111000111001101011100110010
138
10010011111000001010100110
96
110011011111010111100010011101
184
111101001100101011000110111001
45
100001011101110000111100001110
132
11001011110111001110010100011
41
11101111100100110010001011
185
11000110111011110001101101100
184
100101001010001011111000110001
159
10100011100010101110001100010
2
10000011110111001101011101010
146
10111110101010101011001010010
14
11101100100111011111100011101
51
111111111010010001001011101
129
10010001111000011100010010111
57
111101000110100100100111001000
20
11111011101101010000000000111
33
11101110110100010110011011110
185
101111101110011011001110100110
59
10110000001100011110101000111
182
100000010100001000111101001000
14
101101000111001111011110010111
28
10011111000110011000100111110
72
11000110101110001110000110010
108
101000010100110010101101110100
144
101000000100110011101111010110
143
10010001011000000000001101011
58
101101100011110101001100110110
195
101110110100010100001000001000
154
110110100010001010000110011110
126
11010010010111110001010001001
117
100100010110100100010101001100
62
10010111000011100101111001110
176
111000110011010111101001111001
35
10111100001001100001001000
86
101011011010010001011010111100
41
11100000101110010110011100100
160
110111010100001011110110001101
18
10011011111001101001001101110
79
11010010101111100000001001
88
111000010010110111000000001
178
1011001111111111100110101110
98
10101011101110111111101101
5
11100111001100010100000010
115
11101011110101001000011000110
154
110000101001110010001000110
94
101100101101100001100000000001
34
10000100111100001001001101001
153
11110011011011010010000000111
61
11110001101001011010000111000
124
100100011111111101100010100000
170
101100011100101001000111
109
11010010000001110011110000
126
1111110000011111110110
196
10010010100101100100000101110
55
1010100010010100010110100001
137
101110011101000110100000010000
33
110000011110100111010111001110
183
11010000110101110011111001100
120
100111111001011011110111011010
47
10010100010001110001010011110
164
11000100001101001001111111011
84
1000100100011111100010100100
146
110100011111011100100011110100
1
1010100001100100101011000111
63
111011111001100111110100110100
182
11101111011001010001101000111
180
101100010100101001011111111101
118
101101101101100101101010011111
178
10101011000010111101011111100
50
101100111100011100110011000100
13
1100000100111101010010110011
25
11010110000101101110001110000
168
10110000000011110011010101011
197
101000011001110100010101110
161
10101100101110011001011111001
189
10011101100111011100000011101
67
111011001101101000010100001000
39
11110011111110001011111011010
162
11101001111101101000110010101
185
1100100001000011100111000
141
10000111010110110000111100101
93
111110000001000110111001101010
173
1011000100101101101110000000
139
101001110000101110010101001000
86
101111101100110001011000100000
143
10000010101001101101000010001
25
11011111000110001011011001101
172
10100010011110001100010101000
61
110011111100100100000110010101
57
100101000001010000011010100011
65
111000011100000111010011111111
34
10110110011011011011110011
138
11100100011000011001001111011
124
10011010111110010111011001010
68
111110010101000000001111010110
113
101010100010100001110110001111
129
101000110110001000000100001011
5
101111101100001101100100100110
28
110110111010011011111110011010
158
110111011110000000011011111110
26
110011010001010110010101000001
130
10100110011000100011011010110
172
101111111111010001101110011011
64
101010001100101000111101111000
184
100111110000100000011110011101
136
11011010111101110001011100000
12
10100001011011100110000001000
58
110001010110000101110100110000
198
110011101011111100110001011110
28
100111111011100010001000110010
124
100010100111110001111010101
161
100111110001101101100010001011
136
110010101111001001100100001101
75
111000111110100001110101110110
91
10010110010000001011000111001
113
101000101010101111010101010110
135
11100111010110100110101100001
76
100010000000000010111110100101
172
11000111111110100111101101001
142
1010001000011111001101111110
116
100101001100001110010001110100
27
101010010110010000010011111100
100
100001101001110101111101010101
36
101011010110101011010100011001
151
11000001101010101010111011010
97
11010011000111000010101111111
192
110011110100110100000110111011
53
110101110011011101000001111110
5
101010110110110001011101001100
33
101101001001100101000001010010
16
111010001101101011010101101000
84
1111010111100011000010010011
12
111110000111001001001001010100
169
100000001001010111100100011101
132
100100001010010100101000101101
59
110010011110011001001101110
81
100101100000110011001110011111
80
110000101001000010100111000001
103
101101100111110001101111111110
94
101110000110111110110010
169
10010100111001110001100010001
68
111111111001010000101001100000
88
111110100111010110111000101111
38
11110111110100001011111111010
102
11000001101110101011110000001
8
11011010110011010000110010011
21
110110010000000111110010111
163
111011000101001000011101100
161
100010000111001001101101010001
105
111101100001110110110011001111
75
111100010101101100110101100001
68
100101111011111011001001111
77
11000101111011010000001100111
81
10110001111001111101001100011
182
1101110100111000101101000101
29
11011100010001100001101111110
163
100000010101111111110001110001
190
10110001100001101100111
95
11110010011100001011100110101
30
100011001011010110001011001
41
1111111001111011011110011
175
101111110110101100011010010101
100
1101101000110001000001101001
44
111011010110000111000111001110
49
101010011011010001111110001100
187
11110011110111100001110001010
170
110011010111111011100111100
28
1110100001010101101110111110
184
110111011011101101101010101
3
101011001100001011010011010010
115
11100000010000101010001000001
73
111000010001010101110000001100
123
10101011000001111010110011101
56
111011110011001100010100011110
14
11101000001110001111010100111
15
100111111011000011001000010010
47
11111000010011110111111010
184
110010010000110110110001011111
103
101111100001110010111000010011
72
110110001100011001101000101001
103
110110010110010011011010101010
148
11001011111001101100001100
111
100001011111100100110110001110
182
11000110111010001010011000110
91
100000011111101010000111111001
10
110000110110010000110111101110
84
1000110110001011011100010000
115
1001010111000011110010100010
91
10000000011110011110001110110
11
111011011110000011110011011001
152
101011101100111111101101010001
93
100010110000001100101010100100
7
111100010100010001110000101010
81
111000111001001111000011101110
70
110001011000000101001111010010
11
101000111010001000101111001011
134
11010111001111100100000101001
73
100000101000110111000100000110
88
101010100110111110111100000001
44
101111011001110001110000101010
200
1010100100000101011011011011
79
100100111111001001111000111
106
10010111011101010111010111101
13
111101011010011011100000001001
97
101010100110010010000111000110
97
100100100000001000011010010000
55
101001101011011110000101100000
130
111000111100000011100010100010
75
11011011100011101011110011001
146
11110010111011110111100011100
187
111111000010111011010100101000
25
101000011101001010100010101001
85
10110010010011000101000111010
113
11111110101001100100011000100
30
1000100100001111011011100111
24
1010100001000111100111001110
71
101101001100010111101100011001
53
100101100110110100100100000101
153
1100110010000000001111110001
172
11100001110010100000111100010
196
101000101001000011011101000111
101
100000000001001000110110101100
136
1100100100110011101100101100
86
100000001010110111001101000100
144
111011001101111000101011101000
67
1100100101101101110100000011
16
100000011111011110110111100000
20
1011110100010111010000101001
9
110000001101110101011110101001
6
11000110001100110111001001100
14
100000110011100001101110101001
112
10111101000100110111001111010
166
1100111110100000111111010000
69
111011010001111101111110000
87
100111011010000110000111101100
172
10001011011111011010011000011
188
1111001100001111010111100111
118
101001001010001011001101100001
159
101101101110000010010101001110
113
111011110111101110101110000
82
111100101111110111111000010111
2
101111101010001010101110000000
112
10110001110001111111110110010
56
100100010010100000001011111111
46
100110001011110011011011101000
32
111111011101000100111100000011
4
1101010010111010111001
184
111100111000111010100000
115
100110001001100010001000010101
128
10000001010100110010001001100
25
100011110111001011100011010010
74
10001111011101110011010001
179
111111001011101100011011000010
15
101110011110100100000110110001
100
1000110000001110101111001110
116
110111110001110110110111000
84
1101110110000001010010101001
94
111001011110110000011000110100
74
11001000001111111000000011
101
100010111111001110110111001100
95
110000001000001011011101111110
24
1000111110001010010111000010
82
11101111010011100101101111
113
101001111000010010101000111001
102
11100101111111110001101000010
163
