30 1700
111111111011110111111111111101
109
111011111111111111111111111111
151
111110001111111111111111111111
4
111110111111111110111101111111
92
11111111111111011110110011111
48
111111111111101111111111111111
107
111111110101111111011010111110
84
111111111111111111111101111110
195
11001111111111101101111111101
141
111111011111110111111110111101
41
111101111111101111111111111111
159
111111111111111111111111110001
37
111111111111111110111111101111
138
111110110111110101110111111111
136
11111111111111110111111111111
22
110111111111111111101111110101
62
101101111111111110111101111111
67
111101111110111111111011111111
20
110111111110111111111111111011
119
111111111110011101111110111110
199
111111111110111111111111111110
163
111111101111111111111111111101
157
111111111101010111111110110111
62
111110111101111101111111111111
127
111101111111110111111011111111
195
111111111111111111111101111111
176
110111111111111011100111111111
46
111111111111111111111111111111
9
111011111101111111111111111111
75
111111111111111111101111111111
84
111101111110110111110111111110
8
111011111111011111111011110111
57
111110010111111111111111111101
49
111110111111001111111011111111
109
111111111111111111111111111110
151
101111111111111111111111111101
28
111111111111111101111111111011
106
10111101111111111110110111111
178
11011101111111111101111111111
169
111110111111111101111110111111
77
11001110111111111111111111111
108
111111111111111111111011111111
93
101110111111111111011111010111
138
111111011111111011111011111111
146
111101111111101111111111110111
173
101111110111111111011111111111
100
111111111111111011111111111111
39
111010111111110111111111101101
184
111111111111001111111111111101
58
11111111011101001111111111111
63
111111111110111011110111111111
70
111111110111111111111111111111
93
111111111011110110111110111110
110
11111111101100111110111001101
19
111110111111110101111111111111
194
111111111111111111111111100111
133
111111111010111111011111111111
158
11111111111111111111111111111
47
1110011111110100111111010101
197
111111111111110111110101111101
165
101111101111111110111111111111
78
111111111110111111010111111111
112
111011111101111111111101011111
42
111101111111011111111111111111
47
111111111111111110111111111111
192
101111111111111111111111110111
174
111111111111111111011111111101
176
111110111110111111111111111111
75
111111101110111011111111111110
19
111111011011111011111111111111
14
111111111111111101010111111111
125
110111111111010101110111111111
116
111001111111101111011111111111
91
111111101011101101111111111111
32
111111011011111111111101111111
109
110101011111111111111111110111
100
111111111111111111111111110111
158
111111011011111111111111111110
43
1111111111100111111101110111
57
111111111111111111111111111011
42
111011111101111111010111110111
182
111101111111111111111111111111
111
111111111101011111111111111111
61
101111111111111111101111110111
24
11111110011111111111011111011
23
111111111110110111110101111111
45
111111111111111111011111100111
117
110001111011111110111111110111
157
110110111111111111111011110111
148
111111111111111111111101111011
56
111011111111111111111101111111
86
110111011111111111100111101111
153
111111011111111111111111111111
8
111110111111011111101111110111
64
111101111111111111101111111101
41
100111111111111111111111110111
113
111111111111111101111111111111
137
111111110111111111111011011111
100
111111111111111111011111111011
182
11011111101111111111111011110
28
111110110101111111111110111101
126
111101011111111111111011111111
72
111111111111111111111110111111
138
111111111011111111011111111110
200
110111111111111111111111111011
5
111111101111111111111111111111
22
110111111110101111111101111111
198
100111101101111111111111111111
199
111111101110111110111110110111
133
111000111101111110111100110110
126
111111110111111011011101110011
79
110111011111111111111111111100
182
111011101101101110111111111111
184
111111111110111101111110111011
200
111111111110111111111111111111
173
111111110111110111111110111111
5
110101001111111111111111101111
87
101111111011011101111111101111
14
111110111101111011111110111111
170
111011111111111111110111111111
68
111101111101111111111111110101
75
111111110111111110111111011111
145
110111111011111111111111111111
101
11101111110111100111111110111
182
111111011101111011111111101111
123
111111101111111111111111011011
166
111001111111111111111111111111
73
11111111111111111111111101101
92
111111110111101111111111111111
70
101111111011111111010111111111
50
111111111111111111111110111011
59
111111111111110011011111011111
138
100111011111111110111101110111
49
11110111101101111111111111111
64
111111111110111111101111111111
182
110111111111111111111111111111
16
111111111111111111011111111111
147
101111111111111011111011111111
55
110111111111110111111111111111
183
111111111111111111111011011111
102
111111111111111111101110111111
15
111111101111110011110111110011
33
111011100111111111111111111111
85
111111111111111111111101101111
130
1111111111101111111111110111
199
111111111111111111111111010111
86
111101111111110111111110111111
28
111111111011110011111111111011
140
111111111100111111111111111111
84
111011111011111110111111111111
62
111111111111111110111110111111
181
110111110101110111111111111011
109
111110111111111111111111111111
8
111101111111111111111111110011
65
11111110011111111111111101011
3
101011111111111111101111111111
5
111111111111111111111111111101
21
111110111110111111111111011101
106
11111111111111111101101011111
5
111110111100101111111111111011
144
111111101111111111101111111111
114
110111111011111111111111011111
1
111011111111111111111111101101
8
111111111111111011011101111111
30
111111111101101111111111111111
97
111111111111100111111111110011
112
111101111101111111110101110111
28
111111111111101111111111011111
132
111111111111111111011011111111
101
111011111111011110111111111011
146
11111111101111111111111101111
125
111011111111111111011101110111
53
11111111111110111100111111111
95
11111100110101111111011111111
173
110011111101111111111111111111
46
110111111110111011011111111111
151
110101111111111101111111111111
164
111111111111011111111111001111
81
11111111101111111111101111111
118
111111111111111111111111011111
74
111111111111111101111101111111
92
111111111101111111111111111110
27
111111011101111111111111111111
157
11111011011111110011111111011
9
111110011110111111111011111111
155
111111111111111111111011011101
142
11111111111110011111111111110
110
111111110111111111101110111111
120
101111110111101111111111110100
164
111101111111111111111101110111
194
111110110101111111110111111111
135
11011111110011101011111110101
70
111111111110111111011101110111
27
111111111110010011111011111111
84
111111100101110011111111110111
140
111011111011110111111111011111
66
111111111111011111111111111111
77
111111111111111101111111011011
11
111001111111111111011100011111
100
111111011111110111111110111111
119
111111011111111111011111110111
169
1101111101111011011111111111
50
111111011111111011111111111111
106
111111111101110111111111111111
82
111110111111111111111111111011
49
111111101011111111111101101111
49
111011111111111011111011110101
108
110011111111101011111111010111
1
111111110111111101111111111011
166
111111111011111111111111100110
122
111011101111101111111101111111
146
111111101111110111111111111110
146
111111111110011111111111111011
99
101111111110111111111101111111
180
111111111111111111011111110110
169
101111011011111111111111111111
138
111101111111111110111111111111
90
111111111010111111111111111111
50
11101111100111111101101111111
93
111111111111111111101011111111
39
111111011011111111101111111011
115
11011110111111111111111111111
189
101111111111111111111101101111
135
111011010110111111111111011101
192
100111111111111111011111111011
152
111111111111111111101011111011
153
111111111111111111111111111100
93
101111010111111011111111111011
97
111111111011111111111111111111
197
111111111111111111101011011101
158
11111111111111101101111111111
103
101111111111111111100111111101
153
101111110110011111011101111111
29
111111111111111101110111101111
195
101000111111111111111111110111
42
111111111111111111111111110011
79
111101111111111111111110111101
187
111111111111110111111111111101
1
111111101111111101110111111110
161
111111111101111111011111110111
19
111111111111111111011011101111
176
111111011111110111111111111101
40
1011111111111111111011111111
139
11111111101111111110111111101
11
111111111110111110110111110111
157
111111111111111111011101111111
164
111111111111111100111111111111
186
101110111111111011111111100111
102
111111111110110111111101111110
5
111011111111111101110111101011
20
111011111111011111111111111111
106
111111011110111111111111111111
158
101111111111111111011111111111
36
111111111111111111011111111110
4
111111110111011111111101111111
43
101110111111111111111111111101
172
110011100011111111111111111111
175
111111001111010111111111011111
163
111111111011111101111111111011
118
111111110111111111110011111110
52
110111111111111111110111011101
200
101111111111111101111111001111
49
111111111111110010111110111110
189
111111101011111111111111111111
64
111111111110011111111111110111
185
111111111110101111111111111111
165
111110111101111101111111011111
130
111111111111111101110111101011
34
11111011111111111111101111111
193
111111111011011111101111111111
49
111011111111011110011111111101
13
111111111101011111111111110111
50
111111111111110110111111111111
71
111111111111101101111100111010
139
11111111111111111011110111111
26
111011111101101111111111111101
85
111111110111101111111011111111
8
111111111111111111111110111110
36
111111111111110111111111111011
146
111110011011011011111111111111
40
11001111111111111111111111101
98
110111111101111111101111111111
197
111101111110111010111111111111
192
11111011111111111111111101101
99
111110111110111101111111011111
41
111111111111111111000111110111
39
111111111111110111111110101101
11
111111111011111111011111110111
56
11111111111111111011101111111
169
111111011111111111111011111101
175
101110111111111111111111000110
90
111111101111111111011111111111
154
110111110111111101101111111111
73
111111110111111111110111101111
123
110111111111111111111101111111
24
111111111111001011111111111111
125
111101110011111111111111111111
66
111111111110111111111111101111
161
101111111011111111011111011101
103
11111110110111111100111111111
31
111111101111111011110101111111
50
111111111111101111111101111111
169
111111111111111111111111011010
24
110011111111111111111110111111
47
111100111111111111111111111111
43
111111110111001111010111111111
14
111111111111011111111110011111
15
111111111101111111110011111100
109
111111110110101011111111111111
45
111110101110111111101111111111
93
111111110110111111111011111111
182
111110111001111111111111111111
90
111111101111111111111101111111
32
111110111111111111111011111011
89
111111110111111111100011011110
55
111111101111111111111100111110
178
111110111111111110111111111101
17
111111111111111111111111100000
116
111111111110111111111011011111
37
111111111111111111100111111111
64
111110111011111111111110111111
106
11111110111111111111111111111
53
111111101111111011111011111011
21
111111111111111110101110111111
62
111111111111111111110111101011
112
111111111111111111111111101111
93
111111111011111111111101110111
122
111111111111111111110111111111
193
101111111111111011110111111111
116
111111011101111111111111111
138
111111111111101111111111110111
9
111111011111111111011011111011
70
111101111101111110111111111111
40
101111111111111111111111101111
67
111111101111111111111111111011
58
111111101111101111011101101111
150
111110110111111111111111011111
14
111011101111111111111111111111
120
111111000101110110111111111111
124
111111111010111111111001110111
109
111111111111111011101111111110
142
101111111111111111111111111010
179
111111111110111111011111111111
144
111011111111111111011111111111
61
111111111011111111111111111110
52
111110111111110111110111111111
160
111111111111111111110011111101
33
111110111101111110111111111101
44
111111111011111101111101111100
54
111110111111111111111110111111
108
111111111111111011111111011111
70
111111111011110111111111111111
10
111111011111110111111011110101
129
111111111011111111111110110111
73
111011011111111111101111111111
129
111111011111111111110101011111
137
111111111111111011111011001111
21
111110111111111110011111101111
170
111111111111110101011111011111
117
111111110011110111111111101111
183
111011111010111101111111111111
48
11111111111101111111110101110
61
111110111111111111011111101011
9
101110111111111111101100111111
164
111111100011111101101111111011
99
1101101111101011111111111111
101
111111111111111111010111111111
120
110111111111111011111111111111
194
111111111011111111111011111111
182
111101001111111101110111111111
178
111111000111111011101111111111
50
11111011111111111101111111111
14
110110110111011111111111111111
73
101111111001111111111111111011
180
111111111010111011111111111111
169
111101011101111011111111111011
78
101011111100111111110111111111
40
111011111111111010111111110111
196
111111111011111011111111111111
74
101111111111110111111101010110
86
101111111011110111111111111111
67
111111111011010111110111111111
121
111011011111111111111111111111
19
111111011111111001111111111010
7
110111111011011011111111101111
38
111111110111111111101111111111
65
111111111101111111111101111101
18
111111110110101111111111111110
59
111111110111101011111111101111
62
111011101111111110111010101111
137
101111011111111111110111010101
185
101111111011111111110111111111
197
111111110101111111111111111111
25
111111111111111111111111011110
147
111011111111111111111111011111
63
111111011101111101111111111111
58
111111111110110111111111111101
128
101111110101111111111111111111
171
10111111111111111111110111111
14
110111111111101111111111111110
33
111110111101111111111110110111
181
111111110011111110111111011111
164
111111111101101111111010111111
46
111111011111111111111111010111
191
111111111111111111100111110111
13
111111111101111111111111111111
105
111101110111111101111111111010
60
11011111111111011111111101111
37
111011011111111111111101011111
74
111111111111111111111110011111
200
101111001111111111111111111111
31
111111111111110001000111111101
102
111101111101111111111111101111
50
111111111111111110101111111111
88
111111111111101111111111001111
18
110111011111111111110111110011
44
111111011100111111111011111110
169
111111011111111111111101111101
181
111111111101011111111111111110
148
111111111111110111011111111111
112
111111111010011111101111011111
188
111110111111111011111111111110
20
110111111111100111110011111101
89
111111110101111111101100011111
169
111111111111111101101101011111
60
111101101101111111111110111111
93
101111101110111111111111011101
166
111111111111111001111101111110
177
111101111111111111111110111110
95
111111111111110111111111111111
31
111111111111101011111111111111
169
111111111101111110101111111011
122
111111111111110111111111101011
162
110111011111111111110111011111
123
11111111011111111111011111111
131
111111011011111111101111110010
68
11111111111011111111111111111
135
111111111111111101011111101101
89
111101101111111011101001111110
22
1111111111111010111101111111
106
101101111111111101011111111111
141
111111101111110111111111111111
20
111111111101111111111101111111
120
111111011111110111111111111111
109
111111101101111111111111111111
120
111111101110111111111110111111
1
11011111111111101111110111111
137
101111111110111111111111011111
34
111110110011111111110111110101
81
111001111111111111111111111110
78
111111011111111111101111111111
154
111011111111101011111011111111
179
101110111101101101111111110111
58
11111111110111111110111011111
107
101111111111111111111111111111
89
111010111111111111111101111111
163
111111111101111110110111101101
61
111111111111100111111111110111
78
111111111111111110101111111011
76
111111110101111011101011111111
29
111111101110111111111011111001
90
111111111111111111111001111111
110
111011101110110101010111110111
124
111111111111100111011111101111
163
11111111111111111111111011101
142
110101011111111111111001110111
174
111111111110111110110111111111
91
111101111111111011111110111111
41
11110111111111101111111111111
99
111011111111111111101111111101
73
111110111101111111111111111111
86
11111110111111111111111111110
190
111111111110111011111111111111
15
100111111111111101111111111111
111
111111111111111001111111111111
167
111101111111100101111111111110
153
111011110011111111111111111111
193
111011111111101110111111111111
197
111111111111111111111010011111
5
111111011111111111111111011111
104
111111111111011111111111111101
52
111111111001101111111111111111
12
110110111111111101111111111101
50
111111111111011111111011111110
171
111111111110111111111111011111
161
111110111111111010111010111111
13
111100111111111111111110101111
40
111111101011111110011111110111
168
111111111010011011111111111111
104
111110110110011111111111111111
5
11101011111111111111111111111
29
111111111111111111111010111111
88
111111111111110101111111110111
105
111011111111111111111111101111
61
111111111111111111101111111011
198
111111101111111000111111111111
179
11011111111111111111111110111
93
111110111111111011111110111101
75
111011111111011011101110111011
20
110011111111111111111111111111
33
111110110111111111111111111111
87
111111111111111011111111111110
182
110111111111111111001111111111
64
111111011111111011111111111101
34
111110111111111011111111111011
130
100111010101111111111111111111
81
111101111010111011110011111110
83
111111111011111101011100111110
42
111011111111011111000111111111
34
111111111110110111101111111111
27
111111111101111111111101110111
121
111111111111111110111111111011
74
111101011111111111111101111111
123
11111011110111110111111111111
168
111110111111111111110110111111
138
111110110111111101011111111111
186
111111111111101011111110111111
18
110011111111111111111011111101
143
111011111001111111111111111110
59
110111111111111111110101111111
155
111011111111111011111110110110
61
111101111111111101111111111111
106
111111111101111110111110101111
69
101111110110111111011111111111
155
110111110111111111111011111111
1
111011111011111111111011111111
185
111011001111111111110111111111
23
111011111111011111111011111111
154
111111111111111101111110111111
16
111111001111111111101111011111
90
11111111111111111111111111011
91
111111111101111001111111111111
79
111001011100011111111111111011
56
111110111111110111111011111001
155
111011111111111111111110011111
76
111101111111111110111101111111
117
111111111111101100111111111111
15
111111011111111001111011111111
57
111101011111111111111111101111
1
111111111011101111111111110101
136
101101111111111111011111111111
90
111111110101111111110111101111
63
111100011011111111111110111111
166
111111111111111011010111111001
7
111011111111111111011101111110
82
1111111111111111111111100011
36
101111111111101111111111111011
112
110101111111111111111011110101
48
111111110011111111111111111111
138
110111111111110111011111111001
117
111110011111111111011111110111
14
111111000111111111111111111111
170
111111111011111111111111111101
96
111111111111011111011101111111
162
111111111111111110111111111110
9
111111101111101111111111111110
130
111111110111111111111011110101
167
111111100111111101111111111111
86
110000111101111111101101101111
110
111111111101101101111101111111
20
11111111111111101111111111010
16
111111111111111111110011111111
181
101010111111101111110110111110
14
101101111111011111111111111111
155
11111111101111110101111111111
119
101111111110111111111111111111
6
11111111111111011111111111111
81
1011111111100101111111111011
94
111111111110110111111011111111
196
111111111111101111111111111100
22
111111111111111111101101111111
105
111011111111110111111111111111
144
111101111111111011111111011101
194
111111111111111111110111111101
165
110111111011111101111111111110
104
11010100111101111111111111101
43
11111011111111111111101111100
23
111101111111111111111111111011
164
101111110110011111111111111111
196
111110111010111110111101011111
56
111111111111111110111111101011
140
11111111110011111111111111111
38
101111101111111111111111100111
101
111111111101111101011111111111
121
110111111111111100111111110111
188
111111111101111111111111100111
51
11101110111111111111111111111
177
111111111001111111111011101111
147
110111011111111101110111111111
109
110111110111111111101111111101
122
111101111111111111111101111111
123
111111110111111111111111111110
148
111110111111111111111111110011
178
11111011111111100111101111111
80
111111111110101111111111110101
26
111110001111101111111111111111
88
111101111111101111101111111111
102
111111111111110011111111111101
90
110111110011100111111011111111
85
11001111111110111111111111110
42
101111111101111111011111111011
157
111011111011011101110111111101
40
110111111100101111101111111111
109
111111110111101010111111110111
2
111111111101111111111001111111
127
111111111111111111111111001011
71
111111111111111011111110111111
48
111111101111110101111111111111
11
111111101110111111011111111111
157
111101111111111111110111111111
36
11111111110011111011110111111
12
111111111111011111111111111011
104
110111111111111101111111110111
112
11011011110111111111111111001
196
111111111110111111111101111111
27
111111111101111110110111111111
35
111111110101111111111111110011
182
111011111111111101111011011111
49
111111101111001111101001111101
17
110111111111111111110111111110
134
1101111111111111111111111011
156
111111111101111110001101111111
172
11111011111111111011111111111
66
11111101110011111111011111110
157
111111010101111111011011111111
171
111101111101111100111111011111
146
111111111001111111111111111111
191
111110111011110111111111111111
171
111111111110011011111111110111
10
111101101111111111011011101111
187
111110111011111101111111101011
140
110111111111110111101111101111
113
110111111111011111111101101110
129
110111110011101111010111101111
156
110111111111011011111101011111
170
111111111111011100011100110111
30
111111101111001111010111111111
32
111111111111101111111011111111
82
100111111111111111011011111111
200
111111111111101111111110111011
142
101111111010111111011111111111
144
111111111111101011111111111101
140
11101111111111111111111111111
29
101111111111111111110111111111
28
111110011111111111111111111111
179
111111111111011101111111011011
23
111111111110101111111011110101
180
111111101111111101011011111111
51
101101111110111110111111111111
142
11111111111111011111101101111
64
111110111101111111111111111101
75
101101011011111111111101111110
14
111101111011111111111111111111
158
111111101111101111111111111111
114
11101011111101111111111111111
168
111011011111101111100111111110
14
111110110111111111110101111101
10
111101111111111111111111111110
149
101110111111011111111110111111
181
111111111111111101101011011101
41
111101010111111111111111101111
183
1111111101111111011111011001
161
110111111111111111111110111111
107
111110111110111111111101111111
112
101111111111111011111111111111
59
111111111111101011100111111111
81
111001111111111111111111110011
150
111110111111111011111111111111
191
111111010111111111111111111110
94
111110111111111111011111110111
92
111011111111101111111111101111
108
111011011111111111111111111110
34
111111001111110111111111111111
1
110111111111111111111111110111
113
1111111101111011111111001111
61
11011111111011111110011111111
4
111111111111110011001011111111
170
111111111111111111111011111110
85
11111011011100111111111101111
139
111111111110111101111111101101
148
111111111101111111101011111111
73
111011111111111111111011110111
44
10111011110111111111111111111
138
111111110101111111011111111111
96
111011011111111011101111111101
56
111011111111111111111111111011
68
111111101110110011111111111011
28
11111111110111111111110101111
55
101111011111111010111110101111
7
111111101111111111111111101011
93
11011110101111111111111110111
13
111101111111111111111110111111
185
111111001111111101111111110111
189
10111111111111110111111110111
64
10111111111011111111111110110
126
10111111111111111111101111111
86
110111110101111111011111111111
128
1111111111111111111111111111
195
111111010111111111111011111111
51
101111111111111111111110111111
9
111111111011111111111110111011
195
111111111011111111001111111101
105
111101111111111111011111111101
169
101110111111111111111110111111
133
111100111111111111101101100111
60
111111101101111111111111101111
40
101111111111101111111101101110
134
101111111101111110111111111111
142
101110101110111110111111111111
128
11111111111111101111111011101
168
111111111011111111111111011111
192
111111111111111111101110111101
188
111101111111111111111111001111
75
111111111111111111111111101011
150
111111101111111111101111111101
54
11111111110111111110111101111
78
111101111111111101110111111111
190
111111101101111101111111111111
142
111111011111110111111001111111
6
111111110111110111101101111111
133
111111111111011111111111101111
10
111010011110111111010111111110
133
111101110111011011111110111111
153
111111111111111111011111110101
121
111111111011111011111111111110
183
111111110111111111011111111111
112
11111101111101111111111011111
112
111111111111111010111011111111
4
111110111110110101111111111111
26
111101110111111011110110111101
150
11111110111111111111110111111
163
111111111110101110111011110110
137
101101011111111111111101101111
130
101111110111101111111011111111
12
111111110111111011111111101111
70
111111111111011111111111110011
54
101101111111011110110101111111
68
111001011111111111111111111111
100
111110111101111011111111111110
166
111111101111111011101111111110
64
111110111011111101001111111111
127
111111111111110111111111011111
78
111101111111110111111111111111
69
111001110111101111111011111111
151
110111111111111101111111111111
193
111111111111011111111111011111
7
111100111110111111111111111111
116
111110101111011111101101111111
72
111111111111111011111111111101
81
111111111101111011111111101010
33
111111111111111111111111101110
159
111111111101111111110111110111
120
101111111111011111111111101111
4
110111111111111111101111111110
8
111111111111111111011011110011
177
111111110111111011101111111111
140
111101110101111111111011111111
74
111111100111011111101101111111
30
111111111011111111111111101111
192
111111111111111101101101111110
62
111110111111111110111110110111
162
111111001111111011111011111111
141
101011111111111111111111111111
5
111111111111011110110101111111
134
11011111101111111111011101111
1
101111101111011111111111111111
103
111101111101110111111111111111
146
111011011111111111111110111111
96
111111101010111111111010111111
10
111111111110101100111111111111
78
111111111101111111110111111111
125
111111011101101111110111111011
84
1101101111011101111110111111
94
111111110101111101011111011011
57
111111111111111100011111111011
164
111111111111101111101110111100
62
110101110111110111111111111110
106
111111111111101111101111011110
194
11111111111111111111110110110
57
111111011110101111111111111111
155
111111111011101111111111111111
57
110110111101111110110011010111
60
11111111011011111110111111111
13
111111111111101110111101111111
26
111111111111111111011110111111
148
111011111001110111111111111111
93
111111111110111110111111101111
39
110101111111011110101111111111
159
111011111111111111111110111111
73
111111111111111111111101111101
59
11111111101110011111111011101
19
111111111111111011010011111110
6
111111011111110011111111111111
111
111101111110011101111111111111
124
111111111111111111101110100111
40
111100011111011101101111111111
147
111111111111111111111011111101
181
111111110111111011110111111111
120
111111001111111111111111111111
185
111111101110111111111111101111
59
111111111101111111011111111100
22
11111111111000110111111111111
40
101011111111111011111111111111
153
11101111111010111011111111111
8
111111111101111111101111111111
48
11111111111111110101110111111
8
111101111111111111111111011011
59
111111111011011111111011111111
149
111011111111111111110110111111
18
110111011111111111111111111111
149
111011111111110111011110111110
91
110111111010011011111111111111
22
11111111111111110111111101101
145
101111111011010110111111111111
194
111101111111111101011001111111
195
111111111011111111111011111
133
111011111111111101111111011101
49
11101111101101111101110111111
65
111111111111110111101111111111
110
11111111111110111111111111111
155
111101111111111111111111011111
41
11011111110111111111111101111
81
110111111010111111111111111111
71
110111111111111111111011111111
13
111111111110001111111111111110
36
111011101111011011111101111111
58
111111101101111111111111110111
164
111111010111111110111111111011
153
111011111111010111111111111111
30
111011101110111011110111110101
120
11101111111110111111111111011
76
111111111011111111110101011111
163
101111111111111011101111111101
178
111111111111111101111111110111
177
111111111111011111011111111111
63
111110101101111011111110011111
165
111111111111101111111011111101
158
11011111101111111111011111111
32
111111111111111010111111111111
42
111101111111111111011110111111
117
111010001111111111111111111111
119
110110111111111111111110111111
143
101100111111111111011111111111
114
111111111111111011011011111111
60
111111111111111011001111110111
27
111111101111111111111110011110
69
11110111111101111111111111111
112
110111111111101111111111111111
145
101011111011111011111111111111
162
111011111111101111111111111001
25
111101011111111111111111111110
200
111111101111111111011101101111
103
111111011110111110111101111101
26
111111111111011011101111111011
7
111111111111111110111111110111
158
11111100111111111111111111111
144
111111111111101111001111111111
164
101111110111111111111111111111
152
11101111111111111111111110011
54
111111010111111111110111011111
121
111110111111111111010101111111
65
110110111111110111111111111111
16
111111111011111111111101011111
98
11110111111100111111011111111
67
11101111111111111111111111011
174
111110111011111111010111111111
194
111111111101111111111111111001
56
110111111111011110111110101111
134
111111111111110101111111011111
41
110111111111111111111111110011
172
111111111111110111111111111100
189
111111101111111011111101110111
8
101111111011111111111111111111
55
111111101111111111110111111111
146
111111101101011110111110001111
116
111001111011111110111111111111
114
110101111110111111111111110011
171
111001011111011111101111111111
55
111101111111010110111111011110
40
111011111011111111111110111110
125
111111111111111111101111111101
96
111011010111111111111111111101
189
111111001011111110111111110111
4
111111111111011101111111111111
25
111111111101111111011111111111
18
111111110111111111101011011111
184
101111111111111011101111111111
129
111111111111101111011111111111
169
111111111101111111011011111101
139
11011111111101110111111111111
161
11101111111101111111111011111
114
111111111111110111111111111110
39
11111111111101111011111111111
124
111111111111011111011111111101
152
111111111111110110101111111111
28
111110111111111101111101111111
24
111111111110101111011111111111
148
111011111110011111111111110111
163
111101111111111111101111111110
27
111111110111011111111111111001
92
111111111111111101110101111111
37
101111111111111111110111110111
128
111111111101111011001111111111
197
111001111111011111111111101111
71
111111111111011011111111111111
103
111111111101111011111111111111
69
111111111110011111110111111111
145
111111111110111110111111101110
17
111111110111011111111110011111
158
111101111111111011111111111111
69
111111111011011111011110111011
1
111110111011111111111111110111
125
111111011111111111110110111111
4
111110111111110111110110101101
12
111111111011101111111111101111
193
111111110111111111110111111111
166
101111111111001111111111111111
30
111111110100011111111111110011
63
111111111011111111011111111011
40
111010111110010101011111111110
185
111110111111111011110111111111
79
111111111101001111111111111111
144
110011111111111111111111111110
151
111111111111111101101110111111
34
11111111011101110111111101001
167
101011111111111111111101111111
123
111111111110011111011111111111
42
10111111111111111111111101111
177
111111111110011111101011111111
187
111011111111111110111111011111
119
111111111111001111111011111111
136
111011111100110110111111111111
173
111101101111011011111111011111
51
111111001101111111110111111011
26
111111111011111101111111111111
150
11111111111011111111111110101
101
111111111111101111111110111111
92
111111111111110111111111110111
182
11111111111000111111111111111
149
111111111110111111111110111111
171
111110111110110111111101111111
98
11111111101111111111111111110
1
111111111111111111111110110111
154
110111101110111111111111111101
108
111111111110011111111111011111
136
111011111111011111111111101111
26
101111111111110100111111111101
46
111111111011111110111111011111
148
111111111111111110111011110011
198
111111111101111111011111011111
197
111111110111011111101111110111
105
111011111111001001111111111011
49
101111110110111111111111111111
162
101111111111111111011111101011
41
111111111111101011111111111110
145
111111111001111111111111101111
67
111110110111111111111101101001
84
10111011111011111101111111111
116
111110111111111111111101110111
125
111111111111111111110111111011
17
111011111111111011111111111111
133
111111101101011111111111111111
50
111111111101011101101110111111
109
11111111111111011111111111100
67
111111111111011111011011101111
44
101110111111111101111111111111
158
110111010111111110101111111101
77
101111011111111111111111111011
129
111111111111101111111111011101
177
11111011111111111111110011111
137
111101101111110111111111110110
171
110111110111111111011111111111
128
11111111111101111111111111101
107
111111111111011111111101111111
44
111111011111111111111011111111
16
110111011101111111111111111111
83
11111011111111111010110111111
95
11111101101111111110101111111
48
111111111110011111111101111111
177
101101111111111111111111111011
43
111111101111111111111100110011
117
11111111111111111101111110111
107
111111111011111001111111110111
125
101111111111101110111111111111
119
111110111111111111111111100011
138
101111110111111101101111111111
62
111100011111101101111111111111
109
111110011111111111011011111101
172
111101111110011111101111111111
62
101111111111111111111111011111
90
101111111110111101111011101111
79
11101011111111111111011010101
198
111111011011011111101111111111
30
11110110111111111101111111101
117
111111111011110111101111111111
14
111111111111101110110111111111
71
111101011111111011111111111111
48
101111111111111111111001110111
130
11111111110111101001111011111
195
111111011111101110011111111101
2
111111111111110111111111101111
168
111111111111111111111101110111
123
111011111111111111110111111011
24
110111011011111111111111010111
66
11111111111111111111001111111
137
111111111111101111101111100111
90
111111111111111011111011111110
87
111011101110111111111111010011
20
111110110011111101101011011111
9
111111111111111111110111101110
18
11101111111111111111101111111
178
11111101110111111111111111111
158
111111111111011111101111111011
95
111111111011111111111111110111
163
101111111111111111111101111101
98
111100111111111110111111111110
92
111101111011111111111111101111
56
101111111111111010111101111110
107
101111111111110011011110101
193
111111111110011011101111111111
198
110111111110110111111111111101
169
111111111111111011110111101111
45
111111111111111111111111000111
141
111001111111111111111111011111
44
10111010100111111111111111111
192
11111110111101111100111111101
92
110111110110111011111110111111
157
11111110111110000111111111111
44
111110111111110111011111110111
38
110111111011111111111101111111
142
101111111011010111111111111111
27
111111111111111101111111101111
104
111111110111011111001111111110
1
111110111111100011111111111110
168
101110101110111011111111111111
11
111111111011111101111110111111
156
111101111011111011111110111111
133
111011111101111110101111111111
64
111111100011111110111111101111
105
111111111111111101111110111110
80
111111111101111011011110100111
149
111111111111111110111111101101
24
111111011111111111111111110111
150
111111111111111011000111110111
156
111001011110111111110111111111
109
110111111111111111111111101110
158
111111111101111111111110110101
22
110111010111111111111011110110
153
101111111111111111101111111111
42
111001110011111111111111111110
60
111101111111111111110111111011
161
111111101111111111111101110111
104
111111111011111111011111101111
28
111111111001111111111111110110
151
111110111111111110111111111111
99
111111100101111111101111111111
41
111111111011111111001111011101
65
111111111110111111110110110010
19
111111111111111111000111111111
23
111111011111111111111111111101
198
111110111111111111111110110111
121
111111111111111111111010110110
117
111001111111011001111111111101
27
111111101111111011111111100111
61
110110111111011111110111111111
32
110011100111111111111101011111
199
111111111011101111111101111110
30
11110111111001111011111111011
115
111101111101110111111011111111
47
111011111111011110011110011110
160
111111111110110111110111111111
98
111011111011111011110111011111
109
11111111111111111111111110111
78
111111111111101111111111101111
97
100011111011101111111011001111
85
111111110111111101011111111010
104
11011111111111111111101111111
97
111111101011111111011111111111
153
111110110101010111011111111111
76
101101111111001111011111111100
165
111111111101110111111110111111
29
111111111111111110111011111111
131
111111011110111011111111111111
134
111111111110111111111110111110
121
111111111111110111110111111111
49
111111111111110111111111100111
140
11111111111101111111111111111
93
110111111001111111111111111011
144
101110101001101011111111111111
14
111110111011100001111011110111
77
110111111111011111111111111111
35
11011111111111111111111111111
58
110110111111111111111111111110
118
111011111111111010111110011111
99
11111111111110101011010111111
100
11111111111111111110111111110
113
111010111011110111111111111111
96
111101011111111111111111111111
20
111111110101111101011111011111
188
111111111111110111101011111111
185
111111101111111111111111011111
177
10111111111011111110111111111
36
111111111111111011111111101011
30
11111111101110011111111111111
179
111111111111111101010111011111
91
111111110101111111111110111111
181
111110111111011111111111111111
17
111110111111111111111110101111
14
111111111110001111111111100111
95
111011111111101111111101111111
40
110001101101011111110001011111
20
11111111111111111111101111111
19
111101111111111111111111110111
152
111011110111110111111011111111
160
1111111111111111111101111111
114
111111111111111111111110101111
77
111110011111111111110111110110
22
11011011011111111111111111111
61
101111111111101111111111011111
115
111111011111111111101110101111
170
11111111111111101111111100111
109
111111111111111101111011111100
126
111111001111111111111111111011
130
111101111111101111110111100011
56
111101111111111011111111111110
118
110011111111111111111111101111
76
101011111111111111111010111111
111
11011111111111111111111111101
9
111111001111111011111111111111
134
111111110110111111111111011011
6
111111111111110111111011101111
96
111101011111101111111111111111
118
111001110111111111111011111111
87
111111111110111111111111001110
165
111101011111111111101111111111
73
111110101111111111110111111101
135
111101111101111111111011111111
189
10111111111111111101111111101
67
101111101111111011111111111011
180
111001111010111111101111111111
170
111101101111111111110111110111
72
111111110101111111101111100111
13
111111110111011111100111011110
24
101110111011111111111111111110
105
111111101110111111111111111111
26
11001011111100111111111111111
170
111111101110100111111111111111
140
111011111110111011011111111111
136
110111101111111011111111111111
7
111111111111111110111111111101
199
111111111101111111111111011111
73
110111101111111111101111111111
134
111111111111011111111111111100
53
111010111010111011101111111111
155
11111101111011110111111111111
123
111111101111111111101101111101
107
111111111011111110111111111111
161
111111011111111111111111111110
174
111111111111111101011111111011
166
111111111111101111101111111111
66
111111110111111111011111111110
176
10111011101111111111111111111
108
11111111011111111111111101111
18
111111111111111111111111011011
161
100111111111011111111111111111
42
110011111110111111110111111111
133
111111111101111111111111111100
5
110110111011111100110111111111
7
111111111011011101111111011111
4
100111111111111111111111111101
84
111111111111111111110111011111
101
111110111111111011111111111101
198
110111111111111011111111111110
48
101111110111111101111111001111
185
111111111110000011011111111110
125
11011101111101101111110111111
149
111110111101011101011111111011
33
111111111111110011111110111111
84
11111101111111111111111111111
139
110111111101111111111111111011
86
110111111111111111111100011111
102
11101111111011111011011111111
164
111111111111111111110101111111
43
11011111111101101111011111111
20
111111111111111101111001010111
194
111111011111111111110101111111
79
111111111111101111101111011011
74
111101111111111111111011111111
200
111111011011111111101111111110
5
111111111110101110111011110111
100
111111101111111111011111101101
44
111110110111111011111100111111
39
111111011111111111001111111111
170
111110110111111111011101111111
129
111110111000111111110111110111
7
110111110111011111100111111111
50
10111100010111101111101110111
58
111111111111111101111101111011
170
111010011111111111111110111111
13
111111111111111011011111111111
174
111111111101111111111110111101
130
111110011111111111011111111111
156
111111111111011111011010111111
177
111111110111111111011110111111
188
101111101111101110011101111111
42
111111110011111110111011111011
199
111010111111111110111111111111
36
111111111101111111111011101111
120
111111111101111111011110110101
71
11111111101111111111111111111
125
11111111111111110111110111111
18
110111111111010111111111011111
185
111011111110011111111111011101
155
111111101110111111011111100011
73
111110111111010111111011111111
84
101111111111111111101111101101
91
111111011001110111111111011101
161
111011111111111111101111111111
166
101111011111111111111111111101
97
111111101001111111110111111111
189
111111111111111011110111111010
188
111101111111111111111110111011
117
101111111111111111111110110111
55
111110111101110010111111111101
67
111011111111110110111111111111
106
111111111111100111111011111111
90
111111011111111111011110111111
171
1111111100111111111111111111
169
111011111101111111100111111111
37
111111111101111111011110111111
40
111111111101101100110111111110
125
110001111111111011111111101111
73
111111111111011111111011111011
120
101111011111111111111111111111
13
10011111111111111111111110111
58
111111110101011111101111111111
130
101111110111110111111101111011
161
11111111011111111011111111111
59
111011111110111110011111111111
199
111110111111111111111111111
145
111110011111111110111111111111
70
111111111111111111011001111110
114
111111101111111111111111101111
49
111111111111111101011111111111
29
111100111111111110001111111111
149
110111111101111111111110110101
183
11110101111111101111111111111
15
101111111001111111111111111111
103
111111111111111111010111011111
27
111111111111111011111111111011
82
11111101111011111111111111110
125
11110111111111111111111111100
182
111101010111011111111111111111
96
110111111111111111110111111011
193
111111111111111111111111110010
15
111110111110011111111111011101
38
11011111110101111111110100101
39
111111111011111111101110111111
89
111011110111110111111111111111
125
101111111111110111111110111111
100
111101111111011111111111110111
140
11111111111111111101111111111
90
111011111111110111110111111111
185
111111111111111111111111101100
100
111111111011111111111110111111
104
111110101111111111111111110101
189
111111111101101111011011111110
170
111111111111101111111111111011
42
110111111111111111111101101111
163
111011111111110110111111111011
146
111011111010101101101111111111
37
111111110111111111011011111111
124
111111111011011111111110101111
41
111111111111111111111110011101
74
111110111111100111110110111111
107
111111101111111111110110111101
183
111100101101111110111111111111
182
111110111111101111111111111111
184
111111010111111111111111111011
14
101111011110010011111111101111
30
111101111011111111101001111111
86
101001111111011111111111111110
99
111111010111111111111111111111
66
111101111111111111111111110110
57
111111111111111111110110101111
11
111111111111010111111111010111
159
11111111111111111110111101101
11
111110111111111111110100111111
117
1101111111111110111111110111
146
111111110100111111111111111011
110
11101111111111111111111101111
187
111011111011111111111111110101
197
111111111111111111101111110111
148
111110110111011111101111111111
24
11111011111101111011111111111
90
111111111101011011111111111111
185
101011111111111111111110111111
86
11111111111111011110011111111
164
11111111111111001011111111111
84
111111111101111101111111111111
8
110111110111111011111111111111
33
111111111111111111110111110111
143
110111111111111111111111011111
91
111111111111111101111111011110
82
111011111110111111111111101101
100
111111111111101110111011110111
15
111111101111111111010111111111
153
110111111111111111110111110101
190
111111111011101111111110110101
15
101110101011111111110110101111
159
110111111111011111110110111111
63
101111111111101110110111010111
66
11101111111101001111111110111
71
111110110111111010111100111101
148
101111111001111001111111110111
140
111111011111101111111111011101
67
111111111101111101110011111111
108
101111111111111110111111111011
70
101010111111111111111101111111
100
111101111111111111111111111001
178
111011111101111101111111111011
82
11110111111101110111111111111
192
110111101111101110111111111011
74
111111111111111101100111001111
171
111111111011011111111111110111
81
101111111110101111011111111111
160
110101111101111111111111011011
101
111111101111110111111111101011
22
111011111110111111101111011111
200
111111011111101111111111111111
112
111111111111101110111111111111
148
111111111110111111100111111011
182
111111011111111111111111111011
159
111111111011111111111101101111
69
101111110111111111111111110110
37
100111111101101111111111111100
79
1110010111101011111111111111
173
11100111111111101011111111111
55
11111111100111111111111111011
73
111111101101110111101111111111
155
111111110111101111111110111111
87
101111011111111111111101111111
112
110001111111110011111111111111
81
111111001110111110111111101101
180
111111101001111111111110101111
41
111110101101111111111011001111
124
111001011111111101100111111111
165
111111111101011110111011111111
132
111111110111111111111111110111
34
111111111111011101111111110111
66
111111111110111111101101011111
25
111111011111011111111101111111
44
11111100101111111111111111111
65
111111111011111111111111010001
78
111111111111110111110110111111
58
111111111101111111111010111111
69
11111110011111101111111111111
38
11111111111111111101011011111
45
110101111111111111111100110111
32
111111110111011111111101111001
155
111111111111010111111111111111
97
111111111011111111101111011101
116
111110111110111111110111111111
47
111111111111110111011101111111
129
111111101111111111111111101101
125
111111011111111110111101111111
101
111111111111011110101111111110
138
1111011011111101101111111111
32
111111101111111110111111011111
123
101001011111111111111111101111
21
101111111110010111111111111111
191
11001111111110111001111111101
22
111101101110110111100111110111
165
111101111111111100111011111111
172
111111111101011111110111011011
165
111110111111101111110111101111
126
111011111011111101111111111111
90
111111111101101111111111111011
126
111101111110101111111111011111
98
101111110111111110111110011111
49
111111100111111111111111111111
171
11101111111111111011111111111
117
111111011111111011111111111110
163
111111111111101111110111111111
159
110111111111111101011111001111
46
111110111111111111111011111111
167
111111111111111111010110111011
60
111011111111111111111011111111
165
11101011111110111111111111011
78
1111011111111111110111111101
62
111111111011110101011110111111
54
111111111111110111110111111011
104
111111111110111111111011111111
167
11111111001111111111111111111
184
111110011111101111111111111111
193
111100111111111111101011111111
110
111111111111011001111101111111
197
100111111110111111111011111111
75
101101111110111011011111111111
138
111001111011011111101111111101
124
111111111111011111111111110111
79
110100011011110111111111111111
59
111111111111111111001101111101
180
111111111111111110111111110011
134
111111111111110011111111111111
147
111011111010111111111111111011
122
111111111111110101111110111111
153
110110101111111110111111111111
16
111111010111111111011111110111
114
111111111111111100011111110110
36
111110111111111110111111101111
31
101011111111110111111011111111
72
111111111011111111011111111111
174
111001111111111110011111111111
161
1111111111111011111011111111
136
101101111111011011010011111111
180
111110101111111110001111101101
186
11111111111111111111111100101
52
101111101111111001111111111111
27
11111111111110101110111101111
40
111110111101011111111111011111
197
111111111111111111110110110011
99
111111111110111011011110011111
35
111101111111111111110110111011
58
111111111111111111111110111101
152
111101111111111011111111111100
45
101111011011111110011111111111
151
111101111111111111011111111111
69
111111011111101111111110111111
1
111011111011111111111111111111
60
111111111111101101111110111111
141
111111111111111110110111110111
95
101111111111110111111111111111
193
111111111101000111111111110111
186
111111111111111111111111001111
19
111111111111110110111010011111
133
111101111111101110111101111111
30
110110111111111111111111111101
63
111111111111111011111011111111
131
111111110011111111101111111111
38
111111111111111101101111011111
33
111111111011111011111111101111
81
111011111011110111111111111111
46
101111011111111111011111111111
111
110110111111111111111111101111
96
101111011110111111111111010111
155
11111110011111111100111111111
94
111111111111011101111110111111
199
111011111111111101111111100101
54
111111111011111111111110011111
14
111111111111111011101111011111
119
101111111010111111110111111111
178
101101011111111111111111111111
45
11110111111111110110111111111
31
111111101111111111011110111101
95
110111111111111110111111101111
31
110011111111111111111011111011
142
110111011111011111111111111111
139
101111110111111111011011111111
82
110111111111111111111111010110
112
11011111111111111111110011101
55
11111010111111111110011011111
60
111111111101101010101110101111
108
111111111111101111111111011011
136
111111111111111101010111110111
126
111011111111001111111111111011
93
101111111111111011011111111111
20
111011110110111111111111111111
47
101111111011011111111111111101
118
111111111111111011111110111011
28
111110111111111111111111111101
23
11111101111101110111111111111
80
111111101011111111001101101111
195
101111111111111111101111111110
139
101111111111111110101111111011
131
110111011101011111111111011111
184
111111111111101011111011111001
184
111011111101010111100100111111
9
111101111111111011111101111111
43
111111111111111111011111101111
157
111111111011111110111111101111
62
11111111110111111111111111101
152
111011110110111110110101111111
108
111001111111111101111111110101
90
111111111100110101111111111111
174
111111111110111101111111110111
94
111101110111111111111111111111
51
111101101111111111110011111111
95
111111111111111111111111100011
80
111111111111111111011111011111
28
111111111011111101111011110111
87
110111111101111111111111011111
103
111101111111101111111110111101
64
111111111111111111101101101111
199
101111101111110111111111101111
85
111111011110111111101101111110
88
111111111110111111011111111101
48
110111111111111111111111110110
49
110010111101111101111111011111
65
110100101111111111111111111101
151
11011111110110111111110110101
128
111111111110111111111111110111
130
111111111111111110101111111110
51
111101111110111001111111111110
166
110110110101111111111111101111
161
101111111101111111111111111111
112
111111101111111111011001011111
117
111110111001111110111111111111
108
111101110111111111110111110011
27
110111111101111111111010110111
125
111111110111111111011101111111
37
101111101001111110111110111111
115
111111111111111101101111111111
150
111111111100100111111111011111
198
111010111111111111111111111111
33
111011111111111111110111111101
51
111111111111110110111100101111
78
111110111111011110111101111100
48
111101111111110111111111111110
54
11101111101101111111111111111
187
111111111101111111111111001111
17
1101111011111111011111111111
96
111110111111111111111101101111
102
101101111111111111110101111101
162
110111101111111111110111111111
36
111011111111110111111111111011
69
111111111111101011111011111101
170
11111111111111111001101111111
198
111101111111101111110101111011
53
111111111110110111111111111111
187
110111111110111111111111110110
90
111110111111111111111111101111
170
111111110111111110111111101011
131
101110111111011111111111101101
26
11110111111111011111111111011
90
101011111101101111110111111111
167
111101011111111111111100111111
171
11111111111111101110111111111
196
110111110111101111101111011111
95
111111101111011111011101101111
84
111111111101111111100111011111
144
111111111111011110111101111011
127
111111111111111110011111111111
194
110111111111111111011111110001
25
111111110111101101110111101111
106
111101010101010111111110111111
109
111101111101100101101111111111
11
101100111111011111111110111011
102
111111111111111001111011001111
9
111111111101111111101111111
152
111100110111101110111111001101
173
11110111111101111111111011111
156
111111111101111111011101111011
32
111111111111111111101011101110
174
110110111111111111011110111111
71
110111011101101111100110111111
193
11111110111101111111011111110
184
110101100111001111111101111111
158
111111011011011100011010111101
4
11111111111111011101011111111
101
111101100111110111111100111110
115
101011111111110111111111111111
62
111111101111111111111111100001
176
11111111111011111111110111111
120
111111111111111011111101111111
63
111101111111011011111111111111
105
110110101011111111111110111111
134
110111111001111111111101100111
182
111111111011111111111111110101
125
111010101111111111101101111011
101
101111111111111111011111111011
74
11011101110111111111110111011
87
101011101011111111111111111111
193
111111111111101011111100111111
187
111011111111110111111110101111
96
100111111111111111111111111111
118
111110101111111111101111101101
17
101110111001111011111111111111
65
111111111111101111111011101101
27
111111111110111011111111111110
96
111111111011110111110111111111
91
111111111111111111111011111011
5
111111111111111111101111101101
52
111011111101111111011111010111
134
11111111111011011111110111111
167
111110111011111111111110101110
149
111110111111111111110111111111
13
11111101111111111111011111111
105
111101111111010011011100011111
152
111111101001111110111111111111
113
111111111011111011010011011111
1
110011111111011111111111111111
55
11111011111111111111111011011
85
111101111111111111111111111101
47
111101111110111111111111111111
74
111111100111111111011111111111
57
101101111111111111111111111111
39
111110011111111111111011111111
44
11111111111110111111100111111
111
111011111111111110011111111111
150
111111111101111101111111011111
123
111101110101101100111111011101
141
111110011111111111110001111111
133
101111111111110101111111111111
103
111011111111011111111011101111
100
10110111101011111101111111111
47
111111011011111111110111111111
50
111011111101110111111111111111
47
111011111111101111111111011111
117
111011111011111111011111111111
73
111111111111111110111111011111
80
101110111011111111111111111111
50
111111111011111111111111111011
149
111110111110111111010111111011
66
111111111111010010111111101111
47
101111111111101111111111111111
9
111111011111111111111111101111
79
111111111111111101111101011111
16
101111101111111111111111111111
112
111111101110111111001111101111
113
111111110111111111111111001111
199
101111111100011111111111111110
46
111111101111111101111011111101
49
110111011111111111010111111111
14
101111101111011111111010111101
142
111111101110111111111100111111
98
110111111111111101111111110110
200
111111101111110111111011011111
122
111111011111111111111111101101
123
111101111110111111111101111111
86
111111110110101110111111111101
197
111101110111111111111110111111
112
11111111101110111111111111111
131
111110111011101111111111111111
23
111111111110111111111101111110
64
111011111110111111111111111111
62
111111101111110011111111111111
169
111110111111111101111111111111
141
101110111111111111111111111111
166
111101111111111110111111111101
44
111111111111111111011110101111
115
111111110111101111111101011111
93
111111111110111111110111101111
68
111011110111111101111111111111
117
111111111111101010111111111110
36
111111111111111111100111001111
150
101111010111111111111110111111
4
111101111111111111111111101110
77
101111111111101111011111011111
149
101111111111001111111111111101
100
101111111011110111011101111111
83
111100111111011111110111111110
81
111001111110011111111111111111
12
110101111101111011101011111111
77
111101111111101111111100111111
64
110111111011111100011111111111
47
101111111111111110111111111111
190
111001111111110011111111110111
79
111101111111011111111111101111
121
111111101111111111111111011101
109
111111101111011111111111111111
160
111101101111111111111101111001
27
11111111101111111110110111111
110
11110110111111111011111111111
72
111111110110111111011111111110
133
111111101111101111101111110111
76
110011011111101111111110111011
149
111111111111101011111111110111
123
110011110011111010111111011111
183
111101101011111111110011111111
126
10111111011110111111111111101
177
11111110111110111111111111101
106
111101110111111111110111111111
103
111111011111111111110111111111
148
101111101111111111111111011111
66
111111111111110101111111111111
67
111010111111011111111111110111
6
11111111101111101111011111011
97
111111111111111000100110101111
143
111111010011011111111111111001
128
111110111111110011111011111111
194
111011011111110101111111111110
76
11111111011111111111111001111
156
111110110011111111111111011111
32
111101111110111011101101111111
39
111111111111111110011110111111
25
111111111111101111110101111111
119
101110101111111111110111111110
108
111111111110011111101111111111
21
111111101111111111111110011111
156
111111111110111001111011111111
145
11111110111001111111111111001
93
111111111111011111110111011111
179
111101011111111111110111111111
130
111111111111110110111011111111
78
11110111111110011111111011110
93
111111110011111011110111111111
32
101110101101111111011101111111
192
11011111111111111111110011111
42
101111111111111011111110111111
175
