30 1000
101011111011010001011000011101
109
11100011111001101111000101
151
101100001101010011001101100101
4
100101010010010010101001001
92
11111011111011001110010000110
48
110010111101011100101110111111
5
11111111111010010100100001110
145
110010101000111101001001010111
157
111011111110001001110110111110
154
100100011110101110010011111110
145
111101100111101101111101001111
112
1110011101001011111111010100
177
11110111110110101111111101110
157
111110110110011111101101111100
79
10001111100111001101111001
3
101101101000111101011100101110
129
110011011110110111100101001110
156
10101111110101001001010111000
111
111011000110011110000110010110
45
11101011111001100101010111011
96
1001101001001001100111010010
133
101110101110100100001011000110
90
101011011011100101100101011001
54
111010100010110111000101111110
157
111101101110010100011111010011
18
100010111011100001110111101011
60
11110110010111111001101000011
38
110011101110111101011101110010
67
11111110110010001100001100111
12
111101111111010010101111100011
67
1111100000011000011100101110
84
10101111101001111101011101101
117
101111100100101110110001110101
29
10011101010011110011111011001
116
110111101100000010000110110101
132
1100111010001101000000010001
73
101010111111011010010110101111
190
101001110101111111111000101010
137
110011001000101011101111001110
134
11110111011100111110101001001
144
101100010111001010110110100010
136
11110100101110101111111000111
57
111011111111101111111100011111
21
101110000000010101111011111101
14
101000010111010101011010111100
115
101001101011101000111110110111
200
110101010100101111011000011000
144
110010111100101110000111011111
150
1111001000010100111111010101
28
100111110101001001110111000111
45
111010101010100110001011010100
80
111101101111010010000010101010
67
111100010100100011111110010111
171
101100111111011101100100100011
54
100110001100111111101010100110
184
101011101001010011110000011110
126
101011101111000100110011111001
38
100011010100101101000100100101
17
100100101011011111001100100010
42
111100100111110111001010101111
106
101111011011101011010111110111
143
11101111010111011001011110001
11
110000101101101100110110110111
125
101100000000000010111000011
139
111011011111001101001100101111
80
101011000011100111100111111110
159
101010100100111100111110100111
110
111011111111000011110101010111
3
101110011011110001110101011101
5
111111010111111011111111111010
14
101110110101000011111110011111
137
110111101101011111100011100111
92
111101011111001111101010110111
97
11111101111110111110011111011
131
11111011111111101101000000000
61
101010101011001110011101101011
124
1110001111110011111111111101
148
10000011111101001001011111101
44
101101111011010111100100001000
45
11001111111100101010101000
131
11111100000100011111101000110
100
10101101110111000010100001001
86
111011101111100000011010010101
109
101010101011110011000101101101
81
11110110111010111000100010100
153
11011101110101110010110011110
188
111010110100011101111100100111
200
111111001001111111000111000111
69
111111110100011011000011011110
172
111010100101011101011011100000
63
1000001100001001010111111101
123
10001001110011011111110011101
161
110010010110001110001101
123
11011101000101011101111011111
17
11101111010001000011100101110
136
100010011101101101001011110111
48
111010010011111011111110110011
54
10110011110100110111000101
142
110110011101000101100011101010
117
110110111001010100010010011111
197
101101111101101111000111101111
169
100111101011101100111011111110
22
111111110011111100010100001111
3
111111010101010011111111011110
83
101010001110000000111010110010
133
10101111010000011100001011111
69
111101001100011111011011110001
130
11010001110110010010101001000
90
101101111101001010101100011110
57
111011000111111111000100010111
89
1100110110000111101111010011
106
100001100110000010100110101000
62
111101111011010110111110001
7
111111000010011100111001100111
97
111110110001111100110101110101
55
100001111111100110011010010000
179
10010101010011110101111001001
104
110000110010010001110110001101
44
110101111110111100100001010000
11
110000110001100011110111011111
136
101011001111001001011110110111
71
111101011100010110110101011111
189
111111110011001111010010011101
146
10101010111110111111110001111
194
10110001001011001111001010110
54
100111110101010111110110101000
128
111110101101110110100011111111
160
111010100011110101110111101001
108
100101111111100100110110010000
26
100001110111101100100111011011
57
110110100111000011110011000110
183
1110111101011111111101101011
78
111110101111011010011110101
111
11100111001010001111110010010
25
1111111111101111101100010011
69
111011010011111101010001001111
136
10011110100011001001100000011
147
11110101100111110110100010111
54
111010100010010001101011101010
10
11011110100111001101001110101
198
100101111010100101101101111000
101
100111001111111111100111101111
17
1011101111000011011010110111
40
101001100011111110111011110101
75
111111110010001110011101111110
32
10111110010011101110010001110
84
111101100111011110110010110000
164
100101001010010101011001000110
16
111111011101100111100000111111
66
111011111011011001011110101010
55
111011000010110011110010000011
122
101100010110110100110100110110
6
111101010111011001000111101000
66
111001101111100110001111100101
198
101111010111110111011111110001
87
10110101001100010001000111110
121
110011011110111000010010011110
53
111111111000100000010011111110
178
100110101101101000000000001101
89
11111011101111111001011000111
21
111110111011001111001111010011
160
111101110001111111110001111111
21
1110011001100110110111101011
52
111110000000101111111101101100
133
110000111111101111111011111101
154
1110111111100011100010111111
71
111110100010111110101100000101
147
110110001001101000010110111001
67
100110001101000110011111101101
136
100110000111111110111001001111
34
110011000111101010100110000110
57
101000011110111100101000111010
16
10111111101011101011101101101
188
111101111101100110111010011111
166
100011111000111111001000100101
120
10011111001110010110101010010
175
111111111111110000100000010010
108
110110100101110001111010000100
8
111000011010110101010100010001
189
11101110111111101100000010011
178
100110011111111011110000011111
92
110110111111111111011001001110
155
111010011100010110001101101111
39
111111010001111111111101111101
37
101111011001110111111100100011
119
11111010001110000011101010111
12
111111111011100010110101111110
107
1011000110110000101010100101
179
110111100111010100101101100011
175
111101101101101010111101011100
119
10111111110010110101110011000
92
1111000111011101010001100111
175
110110111011111001010110100110
37
100111011001110001010101100010
155
101000011101010001111101001110
37
111000100010011100010111011000
141
11101101111010101111111001011
149
1111110110001001101111110110
157
10011101111101011110101011011
132
101011100000010101011110
121
111100010110101111110011101011
39
11000111111011001111100001011
81
11111000100010111010000101111
118
101011101111100000110111011001
74
1111101101011001110100110111
92
100110011001010011110110100011
152
110100001110101111101110110110
63
111000111110011110111010111111
117
1110000101011011011101111011
42
110101010100010111000000111000
110
100111000110001100110110111101
152
1110111011101011111100110011
35
11100011011000010010101100
41
101111111111111110111111001111
105
100000111010111101010111
21
110001100110010101001111111110
157
101011100111011110110111100011
176
100011011010010111110111000100
185
111011000001010000101011110100
9
111011111111010001101011100100
125
111001101110110010001010001001
186
100010110000001000111110101100
29
10100010100111001011101010001
190
110110000110100011011011011000
128
111010101100110100111100010110
167
111111111110101000110111001101
25
1000101000101010000100000111
143
11111001101111010001111011011
92
11111110110111110001100011101
170
111010100101011110101110101011
31
110010011110010110110111111011
3
101110100100101110111101011100
173
101101110110110011100101111100
140
110111011110100000101101110101
130
11110100001111110000101001011
188
110011100000111000001110010111
168
111011111110111010011010000100
108
110011011011101011011101010111
1
111011101010010100111111000010
92
11111111011101110110011010101
12
100001011100011011101010010000
186
11100010101100001010110110101
159
1101010011111011011101110010
35
1010111110001001010110110101
92
10010100011010111011010110110
127
111011110111001111100110010000
105
101101001011111111010111011
162
111011100111111101110110001011
63
111011101100010010000100011101
65
111111110110010110111110011111
106
111011101101100011111101100111
31
101110001011010101101100011110
170
101111100110100010011001001110
170
101001111010100011111101011111
56
101011101110101100111111010001
195
11001101010011111101110101110
168
10011111110100001001100110101
91
11110110011001111110100110001
190
101011100011111110101011011100
93
111101111010001101111111100001
25
10000001011110101100111010101
113
100100101101010111010101011101
179
101111110111011100101100100
100
111011111100101111110110111011
117
100111011011010011000001101111
156
1001011110110101010001011111
183
100110101111101111111111111101
198
100010011011000011101000011101
13
101011111101010000011011000111
71
110111110101011110101000011011
142
11101000101110011110111111110
147
11011111110110101101111111110
124
101101101101111101111111110001
81
110100101110111011010110010001
72
11110011110100011100011010011
185
11100111101100011011100110010
193
100110111111111011110110111010
115
110001100111101000001000100100
196
11100110001000101001010100101
191
10001001111110101101110011011
41
101011111111100011001000011111
84
101111101010111000000110110
186
111111111111111011001110011101
78
11101111111010111001011001111
135
111100101101101111111111010
187
11010111011110011000000110101
154
100001011000110101100101101110
61
111101001110111110111111101000
4
101011100111010110011111001
52
110101110001010111111001110111
86
11100101001111111011110110110
77
111010101101000010111111101010
44
110101101010110101100111000111
136
10011111000101100111110010110
69
101100101011110010101011111010
181
1011111010010011011111100101
176
111110011100111010110101011110
178
110111000101000110110110011111
46
11001111111111110010110010100
14
10101011101100000101010111001
141
111111100110111100111111000111
128
11000101001111111111111110111
154
110110001010101110111010011110
176
110001111000111110101101111101
17
11111011100111011101011101111
141
110001110011001111001110010101
57
10000101100110011100110001001
47
111100011110111011010011101110
110
110110111101111011100110111
144
111101011111100011111000100101
54
111010110111000110010010111100
183
101110111111110110001000001101
73
100011010100000011000001011111
160
11110001111111111011110111110
30
101101110100110100110010111100
65
101101010110011101001111111110
76
110001001110101110101101001101
12
10110001110011111101111111101
144
10110010111011111100011000101
146
100110100110010111101000110101
139
10010110111000011111001110010
106
1110111011001101101000111111
119
110110011111111101000111110000
89
10101110110110110111110010100
66
101111101011011100111111111010
195
110111111101110111101011001110
184
111010110100110001100010100010
128
110101010011100110011110000101
69
101110111110010100111011001111
157
101101001101100111000110110001
113
110111001111011000110001011111
22
10111111000101101011010101011
55
1111010101111110110101111100
92
111110000000001111110100011110
12
101111111101011011101111101011
13
1110001001000111111101011011
123
111100111010111101111110100011
195
101110110100111010111111110100
44
100011111111000110111100001111
113
110101011100010110110110001010
44
111101101011111111010010110110
68
1111100011100010111011010010
111
1111010101000010011011110010
196
10110101111111101010011001111
145
101101100111111110011000111101
189
111100111111101010111110001101
178
111011010011111011011011110110
66
110011001101011011101100100000
194
11111111110010110010011111100
85
111111001110011000000110110010
53
11111101111100110001111100101
198
101011100111111111000001100101
149
110001110101110100100101101010
59
100100111101111111101110100001
54
110111101110101001011011111001
79
11110111011011101110101101100
184
100110010100101101111001101111
38
1001000111011111100000000101
72
1010100011001111111010011
27
111011110010010000110010110010
88
100011011111111110011110101110
149
10101111010110011111111011011
20
11110000110010100101111110111
22
11110011101011011010010000011
181
111111001101011111001010110011
154
111011111110010010110110101110
27
10111111101101101110111101001
75
111100001101001010101101011
169
100101011010111011111111110011
12
11101110110011110001111111110
40
111101001100101111010101100011
139
100100010101011000001011010111
24
101101111110110101110111100111
143
111101010000011110111011001110
70
100100111100000111011010000001
148
111111111100111111000101110110
141
101010111010100000111011010010
59
111111101011001101111000101000
43
101011110010101101001111111111
41
101001100100111101011011111111
192
101111111011111001010001011110
130
111111110101001001011111110110
167
111111110011101110101011111010
33
111110010000001101011101110011
161
110010111111001100001011111111
21
110111111111111110000000001100
139
11011011111110001111111100011
198
101110111101000011110010010101
83
11110010110011010010111110111
105
10001001110111011011001011011
198
101011000101110011111111011111
98
111111101110011111101101111
80
101110111010101110011101000111
162
101001010011011111111110010011
19
111010010111011001111111101100
88
11101111111000111110111101100
9
101111001011111110111111110110
188
101011010111110101100010111000
158
11011101100110010101111010001
128
11000110111001111001101010110
15
111010110101001001011011101
42
100101100010111011111000001101
98
111111010111101111100110101011
187
101101101111111111011110111011
30
10100011101111111101011100111
157
100100010101011100101111111101
8
110111111100001001010101010111
22
11111100000101100011011111111
198
11100010000001010010011100100
172
110101011100000110111101100
62
1011111110100011111010111111
172
110011111000011101000110101110
33
101101111101111101000101101
171
110111111111011111101111101010
123
110101011010000100101110011101
109
11011100100101010111001000111
178
110101110100010011011111101101
177
1111000101111001101011110001
195
111111000100000001000100111111
70
110100011100110101111010111110
51
110011010100010001110000111001
44
1011011111001001110011001110
189
10100110010000111111111101010
103
110100001011001101111110101111
85
110010010100001111010111011001
187
1110000001000011001111110000
196
101110110111001101100001110110
21
11110111111010111110011011110
5
100111110111000011011010110000
134
11100100100110101110100010100
28
1101110100010011110011100111
45
111000010111110110010100110
151
111010111111101101110011101000
185
11001000010101111100011001010
28
101001100101111101100011001
199
111101111101011101111111111011
121
11111001110111111011001001111
178
101110001101111111011001101110
198
10100101000011111110010000001
95
110111001010001111011111111000
109
111111101100101101110110100100
66
11011010100011011101000101111
90
1101110011110000000010101110
71
1110101111111100010001101
181
100010001101111111110010111101
89
110011100010101110110101101110
59
11110111011011001011001000011
85
110010111111111111011111110111
176
101100111000101110111000101111
157
11110000011111010110111011110
107
111110111001000101001010111010
27
111011100101101011101101010010
184
111110100000111101111111110011
21
111001111101011101000001101101
59
111010110100101111011101011101
116
101100000101011101101110111001
193
1011111110011011111011101100
22
111110100010100110101010110
111
100001100001010011010111111111
24
11001000111100111101011011001
163
1001110011110110111101101
27
11111011111101011001101110110
24
111111011111111011010100000101
1
100101100011101111100101101110
32
11101100010110110110001001110
199
100011010101000000010101111001
59
100101101111100001000010101100
173
101110010010001111110111010111
16
110110110010101100001111100010
189
100100100011111111111111011000
38
111100101111011111110110001111
76
100011010011110011011011110111
126
1011111101011011111001100011
39
111001101100000110011000111110
61
11100010010111010110011101110
127
101110100110101011111101101001
179
1111101101110110010000110101
152
111111010100011011011011100100
180
1110011101101001100101011010
28
110010011111110111100011100110
54
111111010100111110100001110110
96
101101110011110011010110101111
168
111000100111111010000000010000
37
111111011110011010001111100111
118
111111011001101100010110110111
93
101101101001101110001100101110
130
11101110100110000001111101010
60
11001011101111001101010101111
37
110010011101101111110101001101
74
101010011010011010111000011111
200
100111000111111110101101101111
31
101111011111110001000011111101
102
101101111101101110110111101101
50
110110011111111010101111100101
88
11101111110001110001110000011
18
110010011110111011100011110000
44
110111010000101000110011010010
169
101111000011000110111101110000
181
111100111000001101110011011110
148
101100110110011011110101111
112
110111011000011110101111011111
188
11100100010111101001101011111
186
11100101111111000111111111000
20
111111110100110110011010101
89
11110111011101001011111010100
72
111101010000111100110010001011
45
110011011111011010011001000100
61
111011011011001111111110101110
149
101011011011001100101111110011
63
10100110101111101000111101101
107
111111110111111110010111110001
7
10110110101101000011011010111
85
1111010011000111101100100011
19
110111010101010111000101111001
57
100010101101010110000111
167
11101110110111100100011110111
159
10110110110011011000001110000
127
110010001101100110110111100101
94
11111000111111100100000001001
14
101001010000100110011110110001
105
11011111111100010101010100011
89
100010100010101111100100011111
76
110110011111110101100111000111
155
11101110111001010100110101010
141
1101111111111111001011101111
138
110011010001001011111111000000
10
10111010101101011001100101011
69
10101111101110111001110000101
51
100011111101110100011100010011
86
110111101011101011000111111001
29
110111110001011011110011010101
71
111110111010111011001111110100
87
11110011000111011101011011100
24
111101111101010001101111111001
84
1111111001001111110110110110
128
111101010101100010010101011110
85
111110010111111101110011101110
155
111110100111100010100011011101
70
111100110110101011110101111011
189
1010100010111001100101101001
92
111111011100010110100000101111
47
10110001001111010010100010110
12
10101100010001001010010111111
182
100001101011101011010101101101
62
11000111110101111101100110011
148
101011011010111011010001110100
5
110111001000010111101101011010
156
1101111110110111010101101000
100
110110011010010101100011111001
8
111011010100011101111011111101
156
10111101101011101000111111100
9
11101111101110111110111010011
79
100011011100000010100011111
160
100111000010110111011100111010
102
110001011101000100111001110101
40
100100000010100010011101101101
59
1100100010111001001000011101
133
1011101110111010011011001010
92
111110110110011111101111010101
187
111100101111101110011101
38
1000010101011101101001111010
195
100001001010000101101000111011
133
101100001110110011101011000
27
11110111000010001110001100111
134
110001110100100111001100000001
196
101110111101101001101111010011
177
1110101011100011111110010110
128
10100101110011111000110101
131
101010100001110011011110110000
106
111001101100010011100000000001
138
1111100111101001001101000001
44
11111111110000111110111110001
159
111001001100111110111001011001
36
110011000001011010111011111001
186
111111100110000000001010011101
90
110111100001111011110111110001
52
11110011110100111100111111111
103
111111100001001111101110010110
110
110011101011101101110011000000
116
10111100101011011101110111101
162
111101111110111101000010111101
170
11010001110111111001110101010
67
101110011111011111110101011101
116
111000000011111101101100110001
181
110001100111101111000111111010
50
11110110110101111111011011010
176
11111101101101111111001111001
185
110010011010010011101101110010
50
101110100101110010010001001111
174
101111111010111010111001101110
159
101011110001100000111110011
156
100000110110011011110111101110
134
1111000111011111101111111
30
111100101001101111111101111101
67
11111010001011001011000111111
125
1101111101110111111101111010
80
101011011001111111111111110101
15
10001011111111110101011101011
36
101110110100110001101010111110
42
111110110111010100000111011111
130
1101100111011110101100011001
93
111110010100000110011010101110
68
111101011010001110010111011001
183
111101000111100000011111100010
190
100000110101101001001111001011
147
101101110110010011011100111011
94
11001011111111011001011101011
20
111001011101110001001100011110
106
101110001100101101001011011111
103
111010011000100010111010101100
51
111100011111001001011001010011
1
10111100001011111101111100011
172
111111011111111001111101101111
64
111000011111111001110001111101
12
11000110111010111000101010010
93
111111010000111110001111111101
190
101111000100011110000111111110
94
111111011111100101110011000010
68
101000111010101101111111000111
7
1101101111010011011000001010
120
10101111101101100011101111011
86
11111111011001001110101110011
198
11110011100111001011000111111
107
1000110000000110101101000111
153
101111101011001110001100111
60
1110011111100100101111011101
60
1101101100010011111010111011
122
110010101111101000001010110
184
1101010000111010000111111000
69
111100010000111011111011110001
180
10110000001001111110110011110
82
1100011010001101011001011111
197
111101101111100010000101110111
65
1110001000100011110011000110
27
110011110110110111111000000011
60
10111111100001111011101001110
41
111110011111101100111000101110
177
1110100000110110011110100111
132
111001001100100010111111011110
179
110110111101111100011011001111
23
111011011011011101010100100010
134
11010001111111101001011011111
35
110011011110010010101110001101
132
110001010011111010100011111
67
101100111101000110011101001101
116
111101001010001101000010110110
166
10011101011110011111110110001
168
11110101111100110110101010101
175
111001000011010011000001011011
176
101011011001001110001100110111
49
111110111110100110111101111101
104
100011100110011101111111111110
9
101100110111100101110111010110
149
101010110011011101111001101100
173
101111111110111101010111010111
102
1110110011010001010110100011
33
110000111101011101110001111100
184
111001110110101101101011110110
69
111101110100001111011100001000
65
1000010100010001000111111111
72
1101101110100010111100110110
82
1001011000100000111110100001
154
11110101011001011111011000111
188
101111110001011101000000011101
113
1011111111100110110000001001
136
110101110010001110111010001101
81
100101010111111101010001100110
191
10011101001001111011101001111
138
111111011111110101000110000001
107
110001000000011010011110110100
172
100001111011101111101011010101
107
111110010100101111110011101
57
111011001011111110100111111010
104
101010111101011001111111101110
185
110001111111111111001111011001
89
110100010001110111100110100011
69
1111111010110100101011010101
11
10001011101011001110101111110
13
10110001001111110100000101010
16
110111111111001111111001100001
47
111011010011000000111011001000
32
10000010011111101010111000111
128
11111111111110010010111111111
144
101010000101011101010011111011
112
101010110111110100011101001011
4
101111001001100100011100111100
89
100101010101100111001001011111
180
111111111111011011001111100
36
110010101011111101000100111000
157
110000100100100001101011101001
15
111000110110100111101010011011
54
111110010001100110101101011011
2
110010101011001101111101101
172
1100010101011101110010110001
80
11101101101000010110110100101
114
11010011000101001111111011111
176
110111000000110111110001111001
18
111101000111001110110100111010
124
110111111011101111001111110111
142
11011110011000000110000000011
76
1001101001011110011011011111
183
11101000111001010101011100000
35
110011000110101111111100011010
140
10111111000110011110111011011
67
111101111110000001111111011010
116
10000111111101100110100100
123
10110101101100011011001111111
130
11010011100111001110110111100
146
110111011001000001000111100
38
111100010101010100110111101100
185
110111101111001010110011111111
192
111101011111101011001010100110
4
11110010011011100100010011000
33
100001110010010000001101110111
70
11110100110101010111100111111
96
100101001110001010111000011011
150
110110101000011101111000010
151
11110110111001001111111011101
57
111111111111101111001001111000
96
1011111011101011001001010011
168
110111011110000011101111010110
176
101010001111111110101111101101
117
101001010010101010111110110001
129
100111101111010111110111011111
140
11111101101010010101110101110
146
101001101111111110111111111111
41
11110110110101011110010011101
187
110100001011101011101011011110
8
111111100111111101100001010111
170
101110110011101011011001011111
92
11111101001110100000111110101
168
110110010000000011001101011101
122
110110010101100101101110011111
90
111110110110111011101111101000
13
111011111010001101110011100100
119
110101111100001110010111011110
49
110011110010110011010101111011
107
110010011111110110000110111110
22
111110011101100110111110101111
49
111000111110001010011101010111
90
111101111111011101101111111
149
111110000001100111001100110001
7
111100110000011110111101010110
67
110011100011111011101011111101
106
110101010000011111111100100010
93
101001101011011111100001100100
143
111000010001110111010100010111
111
110100101110100101111100111001
6
110111001010100111110010001011
71
100001111100100001111111110111
70
111110101111110100000011010101
179
101110110101111101111111111101
18
11110000000011111111011001110
115
101110100011111101101101000
60
101100111001110110010011111111
103
110110011110001101001111100111
75
10010111000100010011011000010
160
10001000111101111011001011111
118
110100101111101111111101110011
80
110110100010100011101000101011
105
101010000111011011010100001101
10
111101001110111101011101110110
20
110001000011001101101111011110
92
110001010111011000001100011001
165
111101111101011110110111011011
150
111011010010111010011110011000
20
110101001111100101101110001010
19
111111011010100111000011100100
176
10010011111111111101110111101
137
1010001101100011011111010001
53
1011111101111010110101010111
2
11111101101001101110101111100
14
111101101111110101101010001010
185
111110011000100010000110101000
191
10011001110000010100011001000
171
1000101110110011010001011001
110
110111111110011001110010000110
108
11010011011010000011100101111
2
1111100010111101111101111110
42
101110111001110001011111111100
171
101111111110101001101010000011
171
10011011101111101110101111011
40
110110111111001101111101100011
126
110011010000101101000011
131
1011000000110110011111111010
109
101110011111011101110110001110
117
100111010011100111101010001
106
100001101001011111110101101
29
10110110000010100101010100100
127
111110000001111000001111001000
148
11111101011011001000000110000
143
110101010010111000011001001110
133
111111111111111110011111101100
142
111110000111101000111101101111
62
110101010110001011011001101011
173
101101011001111011011110001000
175
110000001101101010110101110101
61
110111100101011111100101010111
139
1001011011111111010111101011
55
110110111011000101111111100000
143
100011110110001100010000111
18
111101011110111100111111011101
59
11010100011111011101111111011
61
111001111111010010111001101100
1
10011011001001111101111000111
106
111110101010110000111111111111
193
11011001110110011101011111001
44
110101011101010011111000110110
58
101011010100111011111011001010
4
110111011010010111001101011001
152
10110011111001111100100100100
90
10000011110100101000110111000
131
11101011001010111111110111010
165
110001011110101011011000111
88
111111111011000010100111101101
100
100111110001110011110100010101
113
101101010101010011101101110101
89
101010100110001110101100101111
1
100011110110011101010011101101
57
10001100000100100101100110001
137
111101101011001011111011110000
143
10101001010010101111111111101
6
11111101111001111110000101100
97
10111100010100111101110001111
167
1000100111011011001111110010
175
111111001001011011011100101110
167
111100110011110111010101010100
139
111110111011111110010001110011
127
110111111111111111111111100111
23
101000000100100111111110110010
106
101011010000001000000111110010
193
10100010111010100001110001101
36
1011111111010001111101111001
40
100110011011101010011011101010
174
111111010011100001110001010
59
111000011101111011100111010111
187
110101111111001111011111110111
97
101101001110110011111111111110
112
110100111111011111001101101101
2
111010101111010111011100111001
126
101111111111001101111101010011
41
110100111001110111101110101111
96
10101010110110100111010101010
38
110110111101100011111111110010
35
111101011101110101111101011101
165
111110111011110011100011000110
71
100101001011101111101010010011
162
111111110111101011111010110011
91
110100101101100111001100111110
146
101011101001111011110011111101
70
110001000001110111010100111110
183
10111111101111010001110011111
77
1111101010111111110001001110
31
10000111110111010011111100110
157
101010111101011101000000111011
172
101001011111111010010100100011
131
110010011010111111010011111100
38
100111101001001101111111001101
195
111110111010111101101011010111
137
101010000101101111111111010011
114
1111110101101011000010110001
175
110001111100011111111111011001
184
10000110110101110110011111010
166
11100110110101010111101101110
46
11110001110010100101101101
150
101011111100101110111110010111
148
10010101100101111101001000011
137
110101100011101011110111101011
137
111110111100100100101011100111
131
1100101110000001100001101000
90
101111011010010011001110101110
23
100010001011101001101101101101
31
100001010110110011110110011000
52
101111110011111000011011001100
91
100001001010011011101110001011
32
110100100110111011100001111010
171
10101001111110101101100101110
80
101010101001110011010100110
67
110111100011010011001101001111
38
110011111100111011111110011110
102
111100011110001111101100111
55
11111000011011101100100101101
100
11111110101100111011111111111
2
100101000011111110001100011000
29
101010101111010000001001000010
84
10010001110010000111111000111
106
11111111110011110110000101
162
100111100101011001000110100
28
11100001000101111111011001111
196
101011001100111001100001111000
169
100101100111001101011111110110
185
111101100101100110110011011111
42
111110110111111101011111100011
55
111101011011101010110110111111
26
101000100111101111111111110101
180
110101111110011000101110001010
73
110111111011110111001100110100
173
11010001101111111000111011000
15
110111011100110001110111111101
1
111111111111010100110010010111
115
10110100111000100110111100111
12
110010011101010111111100111011
95
111110111111011101010110100011
122
11111010101101001110010000011
101
100110111010001111111101110010
166
111111010111001011110101111110
56
101110001001010101101001110010
49
11000011000110110111010111101
101
1111111011011111001111101011
12
111111110111111101101010011101
114
101100101101111101111001010011
117
110011100100010111110110111000
103
101110101101001011110111111110
118
111010001111000011010110110
86
110010101001101011101100011111
178
11011110011111110100011111111
91
101001110000010000001101110011
156
100001011000111011111100111111
120
11111111010000001000110000100
161
101000011010010111111001111100
48
11111110101101010100010100111
151
11111101101111100010111101111
76
100000101111111011100001111101
129
11010011000000110110111010111
1
110101100111010111100111110010
15
11011101110000110001111011110
131
100011001111010111010111101
96
101111111101110111111110000000
142
110100110011011011101011111111
195
100011010110110011101011010101
98
11001010101011110001001011000
13
100011010000100001101001000000
200
10011111100111100111101111010
29
110110101100111011101111110111
52
101011011110001100101110100110
132
111001110101101001000101110
55
1010001000111111111001111110
137
101101100101100101010010100110
143
1101110011100110100011101100
126
10100010011111110111010001111
155
111011110111110110111111000010
177
111110111010011100111100011001
78
110111110100011100100000110010
170
101001011100111000001101011001
88
1111111010111101110110101101
122
100111101111011110011001011100
18
111101101111011100001110111011
31
101111111010110000011000110101
183
100010011101111000011111100001
54
111101110011011100111011100011
112
100000100111111000111111010110
134
111011111110111101011010000011
130
110111010101111101111111101
17
110000011011010111000011110101
197
10011110010010111001011110100
78
10100110000011010100111110110
197
110110000110100001100110010101
59
111111111011010010111010110010
138
1011101010100000001110100111
82
1011111101001000111000000100
81
111111000011110100111011011111
73
11011010001101000111011011011
162
10001111101111011010111
105
1111011110000111010110111110
124
101100101011011111111000111
141
11110010111111011101001001101
31
101000101011011111100111010111
187
101111110001111101111100101011
194
111110011101011110100110111011
79
101101001001110111111011010111
6
10000010110110111110011011111
93
101011000111010111110010101011
28
111111110110010101011000011111
166
10111111010001001101100110
5
11011010101001110010011001111
127
111011111111011001111110101110
168
10101001100100110100110000111
1
100110110010101110010111011011
68
101100011110100101011100011010
49
101011111100111110111100011011
124
101101111011101110110001100101
85
10111111010110000001111011101
53
1000011010100110111100100100
155
111011110001100111111011110101
200
101100001110101011111000111101
153
101011110111011101110110110100
1
101101110111110011000110111110
131
11110110111111010111111101100
49
101110011111001110111100100011
13
110110101001101100110011011011
156
100100111110101101111101110100
5
110111000110111100011101101010
96
111101010101100101100111100111
132
1101110110111101100111111111
67
11111011101111111111010100010
35
110110001110101101100001001011
138
111101001101111001101100011001
82
11011110110111101111111001011
5
11000001111011110100010001110
11
110111110001100101101011010100
76
