30 100
101011101011010001011000011101
109
11100001111001101101000101
151
101100001101000011001000100101
4
100001010010010010000001001
92
11111011111011001110000000100
48
110010111100011100001110111110
5
11111111111000010100100001110
145
10010101000110101001001010111
157
11011111110000001110010011110
154
100100010110101010010011100010
145
111101100111101101111101001011
112
1110001100000011110110010100
177
10110010110100101110111101100
157
11110100110001111101101111100
79
10001111100111000101111001
3
1101101000111101001100101100
129
110010011110100111100001000110
156
10101111110101000001010111000
111
111011000110011110000110010010
45
11101011111001100001010111011
96
1001101001000001000110000010
133
101110101110100000001001000110
90
101011011010100101100101011001
54
110010100010010111000001110110
157
111101001110010100011111000011
18
100010111011000001110111100011
60
11110110000111111000101000011
38
100011101110111101011101110010
67
11111110110010000100000100111
12
101101110111010010101101000011
67
111100000011000000100101110
84
10100001101000100100011101001
117
101111100000100000110001110100
29
10011100010011110011111011001
116
110111100100000010000110110100
132
100111010001101000000010000
73
101010101111010010000010101111
190
101001110101111111111000100010
137
110011001000101011101111001100
134
11110111011100110110001001001
144
1100010101000010110110100010
136
11100100101110101111110000011
57
101011011110101111001100010111
21
101110000000010101010011011001
14
101000000101010101011010111100
115
101001101011101000111000110111
200
110100010000101111011000001000
144
100010101100100100000110001110
150
1111001000010000100111010101
28
100110110101001001110111000111
45
111010101010100110001011010100
80
100101101101010010000000101010
67
111100010100100011111110010011
171
101100011110011101100100100011
54
100110001100111101101000100110
184
101011101001010011110000011110
126
101010100110000100110011110001
38
100010010100100101000100100101
17
100000101001000011001100100000
42
111100100111100100000010101100
106
100110011010001011010111110111
143
11101110000011011001011110001
11
100000101101100000110110110111
125
101100000000000010100000011
139
1011011011001001001000101111
80
101011000011000111000111101110
159
101010000000011100110110100111
110
111011111111000011100101010111
3
100010011011110001110101010001
5
111111010101111011011111111010
14
101110100101000000011110011111
137
110111101101011110100000000001
92
110000000111001101100010110110
97
11111100111110111010001111011
131
10110011111111101001000000000
61
100010001010000110001101001011
124
110001111110011101011011100
148
11111101001000010101101
44
101110011010001000100001000
45
11001101110100101010101000
131
11111000000100010111101000110
100
101101110101000010100001001
86
111011101010100000011000010101
109
1010101011100011000101000101
81
10010011010111000000000000
153
11010101110001110000110001110
188
11000010100011101111100000101
200
111111001001011011000111000111
69
111111110000000011000010011110
172
101000100100001101011011100000
63
1000001100001001010111101101
123
10001001110011011101100011100
161
10010010110000110001101
123
11011000000101011101101011111
17
11101111000001000001100101110
136
100010011101101101000011110111
48
111010010011110010111110000011
54
110011100100110111000101
142
10110010101000101100011101010
117
10110111001010100010010011111
197
