30 100
101011111011010001011000011101
109
11100011111001101111000101
151
101100001101010011001101100101
4
100101010010010010101001001
92
11111011111011001110010000110
48
110010111101011100101110111111
5
11111111111010010100100001110
145
110010101000111101001001010111
157
111011111110001001110110111110
154
100100011110101110010011111110
145
111101100111101101111101001111
112
1110011101001011111111010100
177
11110111110110101111111101110
157
111110110110011111101101111100
79
10001111100111001101111001
3
101101101000111101011100101110
129
110011011110110111100101001110
156
10101111110101001001010111000
111
111011000110011110000110010110
45
11101011111001100101010111011
96
1001101001001001100111010010
133
101110101110100100001011000110
90
101011011011100101100101011001
54
111010100010110111000101111110
157
111101101110010100011111010011
18
100010111011100001110111101011
60
11110110010111111001101000011
38
110011101110111101011101110010
67
11111110110010001100001100111
12
111101111111010010101111100011
67
1111100000011000011100101110
84
10101111101001111101011101101
117
101111100100101110110001110101
29
10011101010011110011111011001
116
110111101100000010000110110101
132
1100111010001101000000010001
73
101010111111011010010110101111
190
101001110101111111111000101010
137
110011001000101011101111001110
134
11110111011100111110101001001
144
101100010111001010110110100010
136
11110100101110101111111000111
57
111011111111101111111100011111
21
101110000000010101111011111101
14
101000010111010101011010111100
115
101001101011101000111110110111
200
110101010100101111011000011000
144
110010111100101110000111011111
150
1111001000010100111111010101
28
100111110101001001110111000111
45
111010101010100110001011010100
80
111101101111010010000010101010
67
111100010100100011111110010111
171
101100111111011101100100100011
54
100110001100111111101010100110
184
101011101001010011110000011110
126
101011101111000100110011111001
38
100011010100101101000100100101
17
100100101011011111001100100010
42
111100100111110111001010101111
106
101111011011101011010111110111
143
11101111010111011001011110001
11
110000101101101100110110110111
125
101100000000000010111000011
139
111011011111001101001100101111
80
101011000011100111100111111110
159
101010100100111100111110100111
110
111011111111000011110101010111
3
101110011011110001110101011101
5
111111010111111011111111111010
14
101110110101000011111110011111
137
110111101101011111100011100111
92
111101011111001111101010110111
97
11111101111110111110011111011
131
11111011111111101101000000000
61
101010101011001110011101101011
124
1110001111110011111111111101
148
10000011111101001001011111101
44
101101111011010111100100001000
45
11001111111100101010101000
131
11111100000100011111101000110
100
10101101110111000010100001001
86
111011101111100000011010010101
109
101010101011110011000101101101
81
11110110111010111000100010100
153
11011101110101110010110011110
188
111010110100011101111100100111
200
111111001001111111000111000111
69
111111110100011011000011011110
172
111010100101011101011011100000
63
1000001100001001010111111101
123
10001001110011011111110011101
161
110010010110001110001101
123
11011101000101011101111011111
17
11101111010001000011100101110
136
100010011101101101001011110111
48
111010010011111011111110110011
54
10110011110100110111000101
142
110110011101000101100011101010
117
110110111001010100010010011111
197
