30 100
101011101010010001011000010101
109
100001011001001101000101
151
101100000101000011001000100101
4
100001010010010000000001001
92
10101011110011001110000000100
48
110010010100001100000010011100
5
10011011101000010100100001110
145
10000101000110101001001010110
157
1011111110000001010010011100
154
100100010110101010010010100000
145
111101100111101101011001000001
112
1010001100000001110110000000
177
10100010100100101010110101000
157
11110100110000111100101111100
79
1011100011000101110001
3
1101101000001101001100100100
129
110010000010100111000001000110
156
10101101010101000001010011000
111
101011000110010010000110010010
45
11001011101001100001000001010
96
1000101001000000000110000000
133
101100101010100000001001000100
90
11011010100100100100010000
54
10000100010000011000001100110
157
11100001110000100011101000011
18
100010111010000001110111100011
60
11110100000111111000001000001
38
10101110101101011001100010
67
11111010010010000100000100111
12
100101010010010010101101000011
67
110100000011000000100101010
84
100001101000000000001101001
117
101011100000000000100001110100
29
10011000010011110010110011001
116
10101100100000010000110010100
132
100101010001000000000000000
73
100111010010000000001111
190
101001110101011111111000100000
137
110011001000001011101001001100
134
10110100011000100110001000000
144
1100010101000010000000100010
136
1100000101110101101110000011
57
101001001110101011001100000011
21
100100000000010001010010011001
14
1000000101010000001000111100
115
101001101000101000110000110111
200
110100000000101111011000000000
144
100010101100100000000100001110
150
1110001000010000100111010101
28
100110110101001001010110000111
45
111010101010100110001011010100
80
100101000100010010000000101000
67
111100010100100011101110000000
171
1000010110010101100100100011
54
100110001100111101100000100010
184
101011100000010011010000011100
126
101010100110000100110011110001
38
10000100100000000100100100
17
100000101001000011001100100000
42
11100000011100000000010101100
106
100110011000001010010011100011
143
1101110000011001001011110001
11
100000001101100000100110110111
125
100000000000010100000011
139
1001001011001001001000101000
80
101011000000000111000011101110
159
10000000011100010010100111
110
111011111011000011100001010101
3
100010011011100000010101010001
5
111111010100111011011011111010
14
1110100101000000010110000111
137
100111101101001010100000000000
92
110000000111001101100010100010
97
1111000111110011010000111001
131
10110011111110101001000000000
61
100000001010000110001101001011
124
10001101010000001011010100
148
11111101001000010101000
44
101110010010001000100001000
45
10001101100100101010101000
131
11111000000100010110100000100
100
101101100100000010100001001
86
111011101010100000011000000101
109
1010101011000000000100000101
81
10010011010111000000000000
153
11010101010001110000110001010
188
11000010100011101111000000101
200
101111001001001011000111000111
69
111111110000000010000010011110
172
101000100100001100011011100000
63
1000001100001001010101101101
123
1000110011011101100011100
161
10000010010000010000101
123
1011000000101011000001011101
17
11101111000001000001100100100
136
100000011001100100000011110110
48
10010010110010111110000011
54
110011100100010111000101
142
10100010100000001100001101010
117
10010111001010100010010011010
197
