30 200
101011101010010001011000010101
109
100001011001001101000101
151
101100000101000011001000100101
4
100001010010010000000001001
92
10101011110011001110000000100
48
110010010100001100000010011100
5
10011011101000010100100001110
145
10000101000110101001001010110
157
1011111110000001010010011100
154
100100010110101010010010100000
145
111101100111101101011001000001
112
1010001100000001110110000000
177
10100010100100101010110101000
157
11110100110000111100101111100
79
1011100011000101110001
3
1101101000001101001100100100
129
110010000010100111000001000110
156
10101101010101000001010011000
111
101011000110010010000110010010
45
11001011101001100001000001010
96
1000101001000000000110000000
133
101100101010100000001001000100
90
11011010100100100100010000
54
10000100010000011000001100110
157
11100001110000100011101000011
18
100010111010000001110111100011
60
11110100000111111000001000001
38
10101110101101011001100010
67
11111010010010000100000100111
12
100101010010010010101101000011
67
110100000011000000100101010
84
100001101000000000001101001
117
101011100000000000100001110100
29
10011000010011110010110011001
116
10101100100000010000110010100
132
100101010001000000000000000
73
100111010010000000001111
190
101001110101011111111000100000
137
110011001000001011101001001100
134
10110100011000100110001000000
144
1100010101000010000000100010
136
1100000101110101101110000011
57
101001001110101011001100000011
21
100100000000010001010010011001
14
1000000101010000001000111100
115
101001101000101000110000110111
200
110100000000101111011000000000
144
100010101100100000000100001110
150
1110001000010000100111010101
28
100110110101001001010110000111
45
111010101010100110001011010100
80
100101000100010010000000101000
67
111100010100100011101110000000
171
1000010110010101100100100011
54
100110001100111101100000100010
184
101011100000010011010000011100
126
101010100110000100110011110001
38
10000100100000000100100100
17
100000101001000011001100100000
42
11100000011100000000010101100
106
100110011000001010010011100011
143
1101110000011001001011110001
11
100000001101100000100110110111
125
100000000000010100000011
139
1001001011001001001000101000
80
101011000000000111000011101110
159
10000000011100010010100111
110
111011111011000011100001010101
3
100010011011100000010101010001
5
111111010100111011011011111010
14
1110100101000000010110000111
137
100111101101001010100000000000
92
110000000111001101100010100010
97
1111000111110011010000111001
131
10110011111110101001000000000
61
100000001010000110001101001011
124
10001101010000001011010100
148
11111101001000010101000
44
101110010010001000100001000
45
10001101100100101010101000
131
11111000000100010110100000100
100
101101100100000010100001001
86
111011101010100000011000000101
109
1010101011000000000100000101
81
10010011010111000000000000
153
11010101010001110000110001010
188
11000010100011101111000000101
200
101111001001001011000111000111
69
111111110000000010000010011110
172
101000100100001100011011100000
63
1000001100001001010101101101
123
1000110011011101100011100
161
10000010010000010000101
123
1011000000101011000001011101
17
11101111000001000001100100100
136
100000011001100100000011110110
48
10010010110010111110000011
54
110011100100010111000101
142
10100010100000001100001101010
117
10010111001010100010010011010
197
100000011100100100000100001111
169
10101011100100111001111100
22
110000000010111100010100001111
3
111111010101010011111110001110
83
101010001100000000000010100010
133
10000111000000011100001001101
69
11101001100011110011011110001
130
11010001100110010000001000000
90
100101001001001000101000001010
57
110010000100101111000100000110
89
1100010110000101101111010011
106
10000010100110000000
62
111101111011000010011010000
7
1110000000011000001000100101
97
110110100001101100010101110001
55
1011111100110010000000000
179
10010001000010010101011001000
104
10000100000010000110100001101
44
110101110100010100000001010000
11
10000010001100011010011011111
136
101001001011000000001110100111
71
111000010100000100110101001001
189
1110011001110010010010001
146
111000110111010000111
194
10110000001011001100001010000
54
10100001000010010010101000
128
101100101001010110100001000100
160
11000100011100100110101101000
108
1101010100100110010010000
26
100001110101001000100111001010
57
100010000100000011110011000110
183
1110010001011101011101100000
78
100100101011010010000010000
111
11100111001010000011100010000
25
1111011001100111101100010000
69
10010010011111101010001001111
136
10001110000010001001100000010
147
110100100111010110000010100
54
11010100010000001101011100010
10
11110100110001101000110101
198
100100011010100101001101011000
101
10001111100101000110001010
17
1010101110000011001010000111
40
1000011110000111011100101
75
100111100010001110011101101010
32
1110010010101100010000110
84
11001100011001100100000110000
164
100001001010010000011001000110
16
110010011101100111100000110111
66
11011111011010000000010101000
55
1011000010010001110010000000
122
100000010110110000110100110100
6
111001000011000000000101000000
66
111000001101000010001111100101
198
1111000010010001001000110001
87
10010101001100010001000101010
121
100010011010110000010000011100
53
111101111000000000010001101100
178
100110100101100000000000001101
89
11000011001111111001010000011
21
110110100001001111001111000010
160
101001110001111101110000110110
21
1100001001100110010010100010
52
101100000000001110111100101100
133
110000101110001110001011110101
154
1000110000000011000010111110
71
10110000010110100101100000001
147
10010001000101000010110011001
67
100000001001000110001101101100
136
100000000000000110111000001111
34
10000101101010000010000000
57
101000010110110100001000010010
16
10101010000001000011101000001
188
100101101101000110100000010010
166
1110000101011000000000101
120
10111001110010110101000010
175
110011111010010000100000000010
108
110110100100100001111010000100
8
100000010010100100010100000001
189
1101110110111001100000000001
178
100100010101111001100000001110
92
110100111101110001001001001100
155
10010011100010000001001101111
39
10111000000110111101100111000
37
101100010001100011111100000010
119
10010010000110000000101010111
12
110010101000100010110000111000
107
1000000110110000001010100101
179
110100000011010100101001100010
175
100101100100000010111001011100
119
10100111110000010001010010000
92
1011000100011100000000000110
175
110110111010111000010110100000
37
100011011001100001010001000010
155
100000011101010001011001001000
37
111000000000001100010011010000
141
11000000011010101101111000011
149
1011110110001001101001110110
157
10001001011101000010101011010
132
101011100000010101011100
121
