30 2000
1011101000010001010000010100
109
1001001000000000001
151
101000001001000000001
4
1000000010000000000000
92
10001011110010000010000000100
48
10000010000001100000000000100
5
11010001000010000000000100
145
10000100000010001000000010100
157
11100000001000000000100
154
100010000101010000000100000
145
100001000001101101011001000001
112
10001100000001110010000000
177
10000000100000101010000000000
157
100100000111100100100100
79
1001000000000100000001
3
100100000000000001100100000
129
110000000000000110000000000000
156
100101010100000001000000000
111
11000010000010000100000000
45
10001011100000100000000000000
96
100001000000000110000000
133
101000001000100000001000000000
90
10001010100100100000000000
54
1000001100000
157
1000000000000000001000000010
18
10010000001010110100001
60
11000000000111101000000000000
38
1010101001011001000010
67
1010010010000000100000000100
12
101010010010000100101000011
67
100000001000000000001010
84
100000101000000000001100001
117
1000000000000000001010100
29
10000110010010011000
116
10100100100000010000100010000
132
100100000000000000000000000
73
10000010000000001111
190
1001100100011000011000000000
137
1001000001010100001001100
134
1000100110000000000
144
1000000000000000000000000010
136
1100000000100101000010000000
57
101000001110100010001100000001
21
10000010010010000
14
1000000101000000001000000100
115
101000101000001000000000000100
200
100000000000001111011000000000
144
100000101000000000000100001100
150
1000001000000000000010000001
28
100000001000001010000000011
45
110010101010100010000010000100
80
100000000000000000000000000
67
11000000000000010000010000000
171
1000000000000000100000000011
54
10000000110001100000100010
184
101000100000000001000000001100
126
1010100000000000000011100000
38
100100000000100100100
17
100000101001000011001100100000
42
1100000001100000000010000000
106
110010000001000010010000001
143
101100000010001000010000001
11
100000000000100000000000100101
125
100000011
139
1001001011000000000000101000
80
100001000000000010000001101010
159
10000000010000010000000000
110
111011011000000011000000010101
3
100010001000000000000001010001
5
11000010100100010011000001000
14
1010000001000000000100000011
137
100000000000000100000000000
92
10000000011000100100000100000
97
1000000001010001000000010001
131
10100001000000100000000000000
61
100000001000000110000100000010
124
1100010000000001010100
148
11101000000000010000000
44
100000010000001000000001000
45
100000010001000
131
11110000000000010100000000000
100
1101000000000000100000000
86
110000000000000000001000000101
109
1010000010000000000100000001
81
10010010000000000000000000
153
10010101000001000000100000000
188
10000000000010000000000000000
200
101000001001000000000011000000
69
10001000000000000000010011100
172
101000000100000000011001100000
63
100001001010100001001
123
1000100011010101100001100
161
10000000000101
123
10000000100010000001001100
17
11101001000001000001100100100
136
100000011001000000000010000000
48
10010000000010100000000010
54
10000100000010001000100
142
10100000100000000100001000010
117
10010101001010000000010010010
197
100000000000000000000100001111
169
100010000100000001000000
22
110000000000010100000100001011
3
11001000001010000101010001010
83
100000000100000000000010000010
133
10000001000000001100001000001
69
1001000000011010010001000000
130
1010001100010000000000000000
90
101001001000000000000001010
57
10000000101111000100000010
89
1000000100000100101000000011
106
110000000
62
110101001001000000011000000
7
1000000000001000001000000101
97
110100000000000000001000001
55
1111000010010000000000
179
10010001000010010100010001000
104
100000000000010000001101
44
1110100000100000001000000
11
11000011011110
136
1001000001000000001110100111
71
10100000000010000000001
189
10001010010000010000
146
110000100001010000010
194
110000000001001100000010000
54
10000000000000010000001000
128
1000101001000110000000000000
160
1000100011000000010101100000
108
101010000100000010000000
26
100000100001001000100100000010
57
10000010000110
183
110000000010000001100000000
78
100100001011000000000000000
111
10001010000001100000000
25
100010001100100001000000000
69
10010000000010001000000000010
136
1100000000001000000000000
147
100100000011000000000000000
54
1010000010000001001001000010
10
100001101000000000
198
100000001000100001001101000000
101
10000111000000000110000010
17
10000110000000001010000010
40
11010000101000000000
75
100100000000000010011101001000
32
1100010000100000010000000
84
11000100000000100100000010000
164
1000000010000001000000010
16
100000001100100010000000000100
66
1001101011010000000010101000
55
1000000000000001110000000000
122
100100000010000010100
6
11000000000000000000
66
101000001001000000000110000100
198
11000000000001001000110000
87
10000101001100010001000101000
121
100010010000110000010000001000
53
100000000000010000100000
178
100000000100000000000000001000
89
1000111111001000000000
21
100110000001000100000111000010
160
100000110000000100100000010010
21
1001100010010000000000
52
100000000000110101000000000
133
10000001100000100000000110001
154
1000110000000011000000000110
71
100000000100000100000000001
147
10010001000101000010000001000
67
100000000001000100000100100100
136
110000000000110
34
100000000000010000000
57
110000000001000010010
16
10001010000000000010101000000
188
1000110000000010010
166
1000000101001000000000100
120
10111001000010010001000010
175
10011011000010000000000000010
108
11010000100
8
100000000000100100000100000000
189
100010010110001100000000001
178
100000000100000001000000001000
92
110000111000010000000000001000
155
10000010100000000001000001000
39
10001000000100111001000111000
37
100000001100010100100000000
119
110000000000010100
12
100000100000000000110000001000
107
1000000000100000000010100000
179
1010100101000000010
175
100000100000000010010000000100
119
10010000000001000010000
92
1000000000011100000000000010
175
110100101000111000010000100000
37
100001010000100001010001000000
155
100000010101010000011001000000
37
11000000000000000010001000000
141
10000000010010000000111000000
149
11010010000000000001010000
157
100000000100000000
132
10100000010100000100
121
1000000100000101000000000010
39
10000000010010000000000000000
81
10101000000010010010000000100
118
10100100100000000001000000
74
1000000101000000100000000000
92
10001000000010000000000
152
100000001110000100001100000010
63
10000000100000000100000011000
117
1010000000000010000000100011
42
10000000000000100000000110000
110
100000100001000010000100000
152
10101010000011101000000000
35
11000000001000010000100100
41
1100010100100010000000
105
110000011001000000
21
10001000100000000000010100100
157
100011100100001010000010100000
176
100001000000010001010001000100
185
10000000000000000001010100000
9
1001000100010000000010000000
125
101110000000000010001000
186
10100000001000100000000000
29
100000000010000011001000000
190
100010000010000010011001011000
128
100000101000000000110100000100
167
110000001010100000010100001000
25
100000100000000100000000
143
10000000001000000000001010000
92
1001000100000000000100010000
170
100000010010001110100010
31
10000000000100100110000010
3
110000100000000011000010000
173
10100000000000000010000
140
10110000010000000100100100100
130
100100000000110000100000000
188
11100000010000000100000000
168
101000000110010000001010000000
108
1000000001000001000000000
1
1010000000000001000000
92
1010011001010000000010000
12
10000010001000010010000
186
10100000100000000000110000100
159
10001010010000010010
35
1010110000000000000110000101
92
100011010001000000100110
127
1001000000001010000000000000
105
100101001001100010000000000
162
11000100110100100100000000
63
100001000000010000000000001000
65
100101000010000000011000001000
106
10011101000100
31
100000000000000001101000000000
170
11000010100010000000000000
170
1010010100001110000001000
56
100000101100001100101000000000
195
10000101000000000101000101000
168
10010001110000000000000100000
91
10000100000000001100000110000
190
1000000001000110000010001100
93
10001001010000000010000100001
25
1000010100000101000000
113
100000010110000100000000
179
1111010000000100000000000
100
10000000000101000000010010010
117
100001001010010001000000101110
156
1010010110001010001001000
183
10000000001001100010000001
198
100000000000000000100000010101
13
1011100000000000001000000011
71
110100000011010001000001001
142
1010000
147
10001000000000101001000000
124
100000000000001100001111110001
81
100101000110000000110010000
72
1000001100100010100010010010
185
100110001000011011000010000
193
100010100001011010010000000000
115
100001100011001000000000100100
196
10001000000001000000101
191
10000000000000000101010001000
41
1000000101000000001000001010
84
101111000000100000000000000
186
11000000010010000000110000001
78
10000011001010000001000000110
135
1001000000000010010
187
1000000000100010000000100001
154
100101000010
61
10001000000100100110001101000
4
1000100101000110000000001
52
110001010000000000011000000100
86
1100100000000110001010100010
77
110000000000000000010000100010
44
110100000001000111
136
1100000001000001000000010
69
110000000000011010
181
100000000000001010100000
176
110000010000111000100000010100
178
100000000000000100100000100
46
11000101011000000000000000000
14
100001000000000000000000000
141
11110000000100000000000000010
128
100000011000000000000011
154
100000010101010000000011010
176
10000100110101001000000
17
100010000000000100
141
1000011000000000100
57
10000000100110001000010000000
47
100100001100000000000000001000
110
10100001000111000000000001
144
100000011000000000011000100000
54
110000000000000000000000100000
183
110100110000000000001001
73
10000000000010
160
110000000000100011010101010
30
100000000000011000
65
1001000110000001000001100000
76
1010101010000101001000
12
10001000000110001010100001
144
10000000001001000100000000000
146
100000000000000000000000
139
10000000000000000001000010
106
101010001101100000000010
119
10000010001000000100100000
89
10000110011000010000
66
100100000000001000100010111000
195
1000010010100000001000
184
101000000000100000000000000000
128
110000010011000000000110000000
69
10010100010100000000000001
157
100000000000010000000010001
113
100010000011000000010000000111
22
101100000100000000010100001
55
1000000100001100010101011000
92
10000000001100000000001010
12
1101100100000000000010101000
13
1000000011101101001000
123
101100010000000001
195
10000000000
44
100011000110000000001100
113
100000000000000100010010000010
44
1000000011110100000000100110
68
110000010000010010000000010
111
1101000001000000000001100010
196
1001000101000001001000
145
1000000011000100001000100100
189
100100000010000000001
178
10000000001100001011000000000
66
100000001000000010001000100000
194
1011010100000010000001000100
85
1101000000011000000000100000
53
11110101111000000000010100001
198
1000000000011000000000000
149
10000000000010000100100100000
59
100000000001100000000000000
54
11001000001000000001100000
79
100110000001000010000001000
184
100010010100101000001001001111
38
1000000011011000000000000
72
10000001001100100000000
27
10010010000000000100010110010
88
10001110000000001100000000
149
100001000100000000000000010
20
110000000000000000000010101
22
10011000000010000000000001
181
1000000010000000010000
154
11000100000010000000000100
27
101010100001000010000101000
75
10100001100000000000001001
169
1010100001000010000010
12
1000100010011010000001110100
40
10000000000101101000000000001
139
100100000100001000001001000110
24
101100101000110000010100000001
143
11000000000000000000001000010
70
100000010000000110000010000000
148
1110100100111001000101000010
141
1000010000000000010000010010
59
1001011001000001000000000
43
100001000000101100000100010011
41
1001000000011000010000000100
192
1000100001010000000001000100
130
10010100000001000000000010010
167
101000010000101000000000100010
33
100100000000001100000000100000
161
110000000000000010011000
21
11110000010000000000000000
139
11001001001000000010101000000
198
1100110001000000110000010000
83
100101
105
1001110010010000001000000
198
100000100111001100
98
10000000110000001000000010
80
1000100010000000000100000010
162
11001000000011
19
10000001000000001001000000
88
1001000101100011001100
9
1000000010000000001111000000
188
100000000000010101000000001000
158
1011000100000000100000000000
128
110101001000000000010100
15
1000000000001000010000100
42
1100010011010000000000100
98
1000011100011100110100000
187
1101100100011000001000101001
30
100000001100001001011100111
157
1010000000011111101
8
100001111000000001010000000010
22
10000000000001000010000000010
198
10000000000000010000000000000
172
1001000000010110100000
62
1000010010000001100010010000
172
110010001000001100000100000000
33
1000100100100000101101
171
100000010011000010001000000000
123
100000000000000100101100010100
109
1000000010
178
100000000100000001011000000001
177
100000100001000101000000001
195
110000000000000000100010001
70
10000000000000100000000000000
51
10000100000001010000000000
44
1010000000000001100000001000
189
100000000000100101111000000
103
100000001000001001010100000000
85
100000010000000000001
187
1000010000001010000
196
100010000111000101000000000000
21
1010011111000100010001010000
5
1000011000000000000010000
134
1000000000010100100000000000
28
100010000000011010000000100
45
10000000010100100010000000
151
1000001000001000110000000000
185
1000000000001000100000001010
28
101000100000001001000010000
199
110001010101000001000000101000
121
1010001100001001000000001010
178
100000000001011010000000101100
198
10010000000000000
95
110000000000000011000010000000
109
100010000000000000010100000100
66
10000010000000000001000100000
90
100000100000000010001010
71
1100000100000100000000000
181
100010000000000
89
10000000010000100000000001010
59
1000100010011000010000000010
85
10100110000000000001100100
176
1000101000001010100000100000
157
100000000001000010001000000
107
100010011000000100000000001000
27
101010000000001011100000010010
184
10110000000100101100101010000
21
100000110101000100000000000000
59
100010000000001001001001000100
116
101010000000100000000
193
10010000010000000100000
22
1010000010100010000010000
111
100001100001000000000000111000
24
100000010001000000001
163
100011100100000000000
27
10001000000000001000000100
24
10010000001100000010100000000
1
100001001111100000001100
32
100000000000000100000000110
199
10010101000000000000000001
59
100100000000010100100
173
100010000000000100000010000010
16
10000010010001000000000000000
189
100000000000011101000001000
38
10000000000000000000000000010
76
100010000010110000000001000100
126
1010000000000000010000000011
39
10001000000000000000000000000
61
111000100000000010
127
100010000000000001000100100001
179
1000001100100000000000101
152
10000000000100
180
1100000000001000000000000000
28
10010001001010001000000000010
54
100100010100001000100000000000
96
1010000100000010000001001
168
1000100010000000000000010000
37
10000001110000101
118
1100000000000000010000000001
93
1001001000100100000100001000
130
11001000000000000000000000000
60
1001001101001000001010101000
37
10010001100000010000000101
74
1000000000010010100000000000
200
1000001100010000000000110
31
1001000010000000001100101
102
1001001100000110100000100100
50
10000000110001000001110000000
88
100111100000100000010000000
18
10011010100010000011000000
44
10001000000101000100000010010
169
1000100101001010000
181
1000010000000000000010010000
148
100100110100000001000001011
112
110010000000000000100010010101
188
10000000010000000000000000000
186
10000000001010000001011101000
20
10000010100000000010000000
89
10010110000000000010001000000
72
111001010000110000010000001010
45
11000000000010000000000
61
100001000001000101001000100100
149
10000000000000100101000000
63
10000000100011100000110100000
107
11001010011000100000101000000
7
100000001001000010000010000
85
101000000000
19
11000001000101000000010001
57
10000101000010000100
167
100010110000100010000101
159
10010100010010011000001000000
127
100000010100000000000
94
100000001001100100000001001
14
100000010000100010000000000001
105
10001000010000010101010000001
89
101000000011100
76
10010000110100000000010000100
155
100010100000000000000000010
141
100100100110000000010000010
138
10011000000000000010000000000
10
110010000000000000000001010
69
10001011001100010000000000100
51
10000101000000001000010001
86
110010100011000010000010001000
29
100110110001011010100000010001
71
10000000010100001001000010100
87
1100000000000001100001010000
24
111000100000000000100011010000
84
1100001000000010000010010010
128
101100000001000010000001011000
85
110000010000010000000000101000
155
100000011100000000010000001
70
100000000001010100000000001
189
100000000000000001
92
10001000000000100000000101
47
1000010100000000
12
10100100000001000000010100000
182
1000101001010001000001
62
10000000010010
148
100000010000100000
5
110001000000000100000000000010
156
1000101100010000010000001000
100
100010010010000100001000000
8
10000000100100011001000
156
10100000100001000000010100000
9
1000000110010000000000001
79
1010100000010000000010
160
10010000000101000
102
110001000000000000000000010100
40
10000000000000
59
1000000010001
133
10000010100010001001000010
92
100010010100000100000110000000
187
1000101010001100
38
1100000000000000
195
100000000000001
133
101000000000010010000000000
27
100010000000000000000000100
134
10000110000000000000000000000
196
1010000100000000000001010001
177
1000000011000000000000000100
128
10100000000010011000110001
131
100000100000000011001110110000
106
1001000000010000100000000001
138
10000001001000000000
44
100010000011000001000001
159
11000001000111000000000001000
36
10000000001011000000010010000
186
1000100000000000010000100
90
10111000000111000000011000001
52
10100011000000101000000000000
103
11110000000000000001110000000
110
10000000010000101000010000000
116
100000000000001010010100
162
1110000010000000010000000
170
11000000100000000000110101000
67
11101001100100000010000
116
1000000000100100001000000000
181
10000000000000100000111001000
50
10110100001000011010000
176
10101001101000011110000110000
185
100000000000000000100000100000
50
100000100000000000010000001110
174
1001111000001000100001000000
159
100000100000000100000
156
10011000000000100
134
11000110011000100100000
30
11000100001101110111000001100
67
10000000001000000001000
125
1100100001010010100001000010
80
100011001001101111000100100000
15
10000000000101010001000000010
36
110000000000101010011010
42
100110100000100000010011001
130
10000010100100000000
93
1000010000000000011010100000
68
100100000000000110010100001000
183
110000000001110000010
190
100000110000000000000100001000
147
1000010100000001010100000000
94
1001010110010000001000100000
20
1000000100000000000010010
106
100000000000000111
103
10000000000100010110010100000
51
100000000000000000000
1
11000001000110000101000010
172
110000011111100000100000001001
64
100000000110000001000001110000
12
1000000001000011000100000010
93
10000000000001000000001001100
190
101000100001100000001010010
94
110000001011000000100001000000
68
1000000000000000000000
7
100000000000000000000000010
120
100100000000100010000001000
86
10001101000001000100000110000
198
10001000000000011000000100
107
10000000000100100000001
153
1010100010000010001100100
60
1010011000000000101111000101
60
1000101000000001010000010010
122
1000000000000
184
100010000000000000
69
100000000000110000000001000000
180
10000001000000000010000000
82
10000100001001010010
197
1001001100010000001100000
65
110001000100010010010000010
27
10100000000111000000000000
60
101100001010011100001100
41
10000010000000100001000100100
177
10000000010100001100100000
132
100000000000000010001101000100
179
10100111100000001000001
23
10000000010100100000
134
11000000000000100000001010100
35
100000000110000000100110000100
132
100000000011110010000001100
67
101100000100000000010000000000
116
10000000000001000000000010000
166
10000100000100001000110010000
168
1000100001100000110101010001
175
110000000000000001000001011001
176
100001000001000100001000010100
49
100010010100000100100001000001
104
1001000110010
9
100000100000000000000000010100
149
100010100010011000001001000100
173
1011100100000000010000100
102
1000000010010000000000000010
33
1000100
184
110000100000001001000010000000
69
10000001000000000001001111000
133
1010001001000101001000101000
177
100100000010000000001000000000
142
100000001101001000000100
47
1001000000000010000000110000
173
100000000011011000000100000
160
11000000011000000000100100
81
1001110010100000000010001
126
10000100000010010100
154
100000001010001000001100000000
184
100000001000001111000010000
9
10100001010000010010001010
8
1000100100001010010000000010
158
100000010001101000000100010000
69
10000000011000010001000
74
110001001000011000001000000000
89
100000000001000110000000000001
69
110001000010000000001000000
11
1000000000001110101010010
13
1000101010000000101000
16
100001111111000001110000100000
47
110011010000000000001010001000
32
11100000010110000010
128
1000010100010010010000001010
144
100000000001011100000000001011
112
1000100101010000001100000001
4
1100000000
89
101100110000001011110
180
1110100000011010000000100
36
1001000000000001000
157
100000000100000000000010000001
15
101000010110000101000000001001
54
100010101000001000
2
10010001000000000010000000
172
1101000000100000
80
101100001000000000010000000
114
10000001000101011010001
176
100000000010000010000010000
18
1000010000000100000000000
124
100100011010000001000000000001
142
10000100010000000000000000000
76
1000000001000000000000010101
183
100000100000010000010100000
35
10000000001010001100000010
140
100000000000011110000011000
67
101100110000000001100000000000
116
101001000000000000
123
100001001100011000000010010
130
1000000001000010101000
146
1010000000000000000000
38
1100000000000000100001000100
185
11000010001000100010011010
192
10000001000000000001000100110
4
10010000000000100010000000
33
10000000000001000000000
70
10010000000000010011000000000
96
100101000100000000010000011000
150
100000000010000010000000
151
10000000001000000000000010000
57
101000010000001000000001000000
96
10000001001001010001
168
100011000000000010001001000100
176
100000000000110110000001100100
117
100000000000000000000100000001
129
100000001100000100000001001000
140
1100100000000001000001010
146
1000110101010101011101111
41
1000010000000001010000000101
187
1000011000010010010
8
11010000110110001000001000010
170
100000011100011000000011000
92
10010100000000000000001000000
168
10000000011000100010100
122
100000000001110
90
100000000010010000000001000000
13
1000101000000000110010000100
119
100001100001000010010011110
49
100111010
107
110010011011000100000000011010
22
11010010000000010000110101010
49
11000000000000000000001000000
90
100000100001000000000101010
149
111000000001000001000100000000
7
100000100000000000110000000100
67
10000100000000010000000010000
106
100000000000011000001000000000
93
1001001000000000000000100
143
1110001000100010100
111
101000000001110100000000
6
1001000000110100000000000
71
1000000000100010100101
70
111000000001110000000000000000
179
1000000000000000001110000100
18
11000000000000011000000000100
115
10000001101000101000000
60
1000010000000000101
103
100100001010000100000001000000
75
10010011000100010000000000000
160
10001010001000000000
118
1000000001010100010000
80
110010000000000011001000101001
105
1000000000000010010000000001
10
1000010100101001100000010
20
10001000011000000101000001000
92
100000000101000000000000000001
165
110000010000010000010010011000
150
11001000010001000010010000000
20
1001000001000100001000
19
100100000000000011000000000000
176
10000001101100001101100000101
137
100000001000111000001
53
10001100000000010000010010
2
100100101000100000101010000
14
100001000101000001100000001000
185
1010000000000010000000100000
191
10001000000000000010000000
171
100000000000001000
110
100010000000
108
1000010010000000011000000101
2
110100000000101100101000010
42
1000000001010000100100
171
100100001100000000010
171
100100100110001100001
40
100110010010001000001000000000
126
10010000000001000000
131
1000000000000000001000100000
109
1010000111011001100110001100
117
11000100101000000
106
1000000111000000000
29
100000000000000000000100
127
110100000000100000001000000000
148
10100100000000000000000010000
143
100010000010000001000000110
133
10001011000010110100100
142
110101000001100100010
62
100000000001000001001001001
173
1000001100000001100000000
175
1000100000000100
61
100000000100000110100001010101
139
1000000001100100010000001001
55
10000011000100000000000000
143
10000000100010000100
18
100000000110010100100000001000
59
1010100000110000001100010000
61
100000000101000000001001000000
1
10000011001001000001001000010
106
101110001000100000000100110010
193
11000100000000000000000000
44
101000011100000000000
58
100000000100100011110010000000
4
1000010000010001101000000
152
100000000000100000000100100
90
1000110000000
131
10100010000000100000000001000
165
100000000010001011000000111
88
100011000000100010100100
100
10000000000000000000000
113
100000000100000011000001000000
89
10000000000010001000001000
1
100100000100000000001001
57
100100001000010001
137
1100001010000011100001000000
143
100001010000000001100011000
6
110001100001011010000000000
97
100010100001100010001000
167
100011010001001000110000
175
100000000000001000000000100
167
11100100000010001000000010100
139
100000000000011000010001100000
127
10000100010000001000001000000
23
100000000011000100000
106
101010000000001000000000000000
193
111000100000000000000
36
1000101000010000110000000000
40
100010011000000010001100000
174
100000010000000000110001000
59
11000001000101000100000010011
187
100100111100001100010001000000
97
101000010000011000011100100
112
100000000010000000100100000
2
10000100011000100001100000000
126
1000011100001000001000000000
41
11000000000000010000010
96
100010000000000000000
38
110000100000000000000100010
35
110101000000100100000001010000
165
1000000000000000000
71
10001011000000000001
162
10000011001000010000000001
91
10000001100100010000000010000
146
100000101011100000110001
70
110100010100001110
183
101100000001000010010
77
1001000000000000
31
1110000000010101000000
157
1010011000000000000000001000
172
1110011010010000100011
131
100000011000001010000010010000
38
1000000100010000000
195
100000001000000000000000010100
137
100000000100010011
114
1001000000000000000
175
100000100100010010000
184
10100010101000
166
10101010010000100100
46
1100000000000000000000000
150
1001110000100000111000010010
148
101010000001000011
137
101100010000010100100100010
137
10110000100000100000001100000
131
1100101000000001100000101000
90
1000010000000000101000
23
100000000000100001000000100101
31
1010000000000110010001000
52
100000010001000000000010001000
91
1000000011001000000000000
32
100100100000011001100001010010
171
10000000101110001000100100000
80
100000001001010001000000000
67
10001000000010010001000001000
38
100001100000101001001010010100
102
1000001100000000001100001
55
10010000010000000000000000000
100
100000011011000010101
2
10000000000100010000
29
101001000000000000000000
84
10000000000000111000000000
106
100101100011000110000001
162
10000100001000000000000
28
1000001010100000000111
196
1000000001000000000101000
169
100100100001001001000101000010
185
1001000000100010010010011100
42
110000100010000001111100000
55
100101001010001000000110010100
26
10001000100111100001
180
100000010000000000000100000000
73
100000001000010001000100000
173
1000000001100001000000011000
15
11001000010001110010101000
1
10000001000010000100000000000
115
10000100000000010000100000
12
10110001000010010
95
10010000010000010000000000
122
1111000000001000010010000000
101
10000010001000001000000000
166
10010110000010010001011010
56
110000001010101001000100000
49
10110111000011000
101
1000010000001011001100001010
12
110000000000001101001000010000
114
100000001100110000011000010010
117
110010000000000100000100100000
103
100000000000001000010011100100
118
1000001000000000
86
10000100000000011001000001000
178
1000010000100000100001000001
91
100001000000000000001101100011
156
100000000000000010000100110000
120
11000010000001000010000100
161
10000000001000001001100
48
101000001100010000000100101
151
110000101000100000101000000
76
1100000000100000011001
129
10000000000000000100000010101
1
10100000101010001000110010000
15
10001110000110000100000100
131
101010101000
96
101110010100000100110000000000
142
100100110000011010001001011000
195
100000010100000011000000000001
98
1000101001000000000000000
13
1010000001000000001000000
29
10000000000001000100000000000
52
100001001000001000101010100000
132
10001010100001000000100010
55
10100000101010
137
100100100000000000000000
143
1000010100000000000
126
10100010001000000000000000000
155
10011000000000100011100000010
177
111000000000001000000000011001
78
100100010000001000000000000000
170
101000001
88
11100010000001110110000000
122
100010100000000010000000001100
18
100000010011000001100100000
31
1100000000000000000000000001
183
100000000100010000000100000001
54
1000000000000000001000000
112
100000000001100000000000000000
134
10010011100000000000010
130
100111000001010001000000000
17
100000000000000110000010000000
197
10000000000100000000000100
78
10000001000000100110000
197
10000000000000100010010000
59
101011011000010010000000100000
138
1100010000000000010000010
82
1111000000000001000000100
81
110101000011100000011010010110
73
11000000001001000000000000000
162
10000111100010000000001
105
1000110000000000000010100
124
100000000001010010000000001
141
11110000000001000000
31
1000000000100000000000
187
100110000000001101001100001001
194
11100000101000000000000001001
79
100100001000010000110000000100
6
10100100000100000010010
93
1000000110010001010000000010
28
1000000100010000000000000100
166
101100000001000100000010
5
1000110010010001011
127
111000000000000000010010000000
168
10100000100100000000000000101
1
100000010000000110000111000000
68
100000000000000001011100010000
49
10011100100010001100000010
124
1000000101110010000000100
85
110000000000000000101000100
53
1000000000000010000100100000
155
1000001000011100001000001
200
1100001000101011000000010000
153
1000100010100000100010100
1
101000000000000000000000110000
131
10110010001001000000110000100
49
10011001001110101000000001
13
100000000101000000000010001
156
101010000101001001000000
5
100011000000110000010000000000
96
100000000000000000000010100100
132
1000000000100101100010010001
67
110010101000000000000100000
35
1010101100000000000010
138
101001000000011001001100000000
82
10100100000101111110000010
5
10000000101000000000010000000
11
10001000000100000100001000100
76
1000000011010000010010000
2
110000010101000
192
101001011000000000000000001
106
1101000000000000000
182
10000000001000000010100000100
137
1000010000000000010100010100
69
11000000000000100010000
113
1100000010000000010000000010
103
1000000001100000000100000
47
1001100010000000100001001
153
1001000100000010110010001000
176
1011000100100000001000000011
91
10000001000000000010000100
5
1100010100100000001
64
11010000001100000010000010100
54
100000100000000000101000010000
45
100000100000001100010001000001
167
100000000010100110001111101000
157
101000001001100011000001100000
59
1100011
181
1000010000001000000100010000
129
1010000100000000000000001000
196
10010000110000000001000000
95
10000101000000111000000
12
10000010000100000100001000
168
10000000010001000000000100000
119
1000000011000000110
11
11000000001
15
1000100100110000000000
158
10100100000000100010011
129
10001000000000000010110001010
9
1001111100101001001010010
159
100000000110010101000110
142
100000000100110100010000110
45
100000001110000010
17
110000000001000000100110000
113
11000001000000
133
11000000010000100001000011010
116
10100010011100100000100
128
110000010100100001000000001
69
100000010100100000000
32
100000000000000001010000010001
148
100011000000100100011101110
129
1001000000000010001010000
194
100001101000000000000000001001
195
10010100000000100
132
10010000101000000000001000
180
10000001011100000001001000
4
100000011001000000010000000
76
1000000010000000100110001000
48
10001010000010101000000010100
53
10110000000000111001001000
94
10100000000001110100000000001
87
1110000000000000011001000
105
100101000000000100000010100000
124
10001000000
15
100010001000000100000000010
95
10000010111000010010
27
10000100001000000100000000010
37
1010001000000010010000000100
128
10001000001001000000000000000
66
10110101000000000001001000000
138
10000000001001010000010000100
18
11000000000100000001000000
8
1001001010010010100101101100
163
10010000000000000000000000000
72
100001000001000000110000
184
10100000000000100000
13
1010000001000000000110000001
146
100000000000000100001000000
193
101011000001011000000
36
101110000000000000000000100010
184
100000000000100001110000001
145
100001000010000000000000000
126
100000000010000010
150
1010000000000000000000000010
160
10000001000001100100100000000
64
100000000100001000000100
122
100010000100000100010000101000
174
10000100100000000001000010011
117
100000000000111000100000
135
10010010110000000000
103
101000000001001011001110000
105
100000010001000000010100000
95
1010001001000100000100000100
159
100100110100000000100100010000
151
1000110010100010100000000
159
10100000001010001000000000000
57
100010000100011000
74
100000000001010000001000000
18
100000000000100100110000000001
116
1000000001001000000001000
56
100000000001000000100000001
197
10000000000000000000000000000
187
100001100100110000000000010010
80
1010000000000000100100000101
24
10000001000000010010010
196
10001100000000000001000
29
10000100000101000001011000000
150
1000000000011100000000101000
113
1100111010000000000000010
55
11000000000000000100000001000
166
10000010010011001000000001100
21
100000000000000000100
189
100010011000000000000000000011
36
10011000000000010000011001000
177
110100000001110000110001
186
1000101100000110000000100001
185
100000000000001000001000101
42
10000100000001000001
163
110001000000010100010000000000
104
100100000
78
1000100100010000000000100000
126
100010100100000000000000000010
155
10010011000000100000000001000
100
1000000000000010000000000
130
111010101001110000000001101000
165
10000000000000010001011010
70
10001010000100000000100100000
37
1000000100100001000001000000
55
100000010100111111010001
154
100010000000000000000000101000
57
100100011000000000
104
100000100000000001010000000000
70
10010000000010
40
101001000000100000000000010100
74
11000000000001000000000
163
10100001010001000001001
151
10000101000000000000000100000
197
101100000000000
159
10001000000000000100100000011
184
100001000000000000001011
109
1000000000000111000010110100
153
110001001000000100001000000
118
1000011010000000000000
58
110001101001010000000000
86
1001000000010000000000000000
89
100001000000000010000000000000
63
1000110
158
1010001100001000101000000
190
10000001010010100000100000100
185
11000000000000011000000100
61
100001100000100000000010101001
38
10000000100100000
164
10000001000001000000110000
61
10010000000010000000000
2
10000001100010010000010010
176
10010100001001000000101000
38
10000100100000000001000000000
129
100110000100110010011001000001
188
1000000001001010000100000000
64
101000001001001100001010010000
80
101010100110011110000000000010
33
10010001100000111001010001010
178
11000000100010000000000
165
101001000100010000000000000
45
10000000000100000000111000011
44
101001001001110000001
99
10010000100000
76
11100010111010000110000000000
131
110010110100000000000001101000
53
10000010100001000010000000000
40
100001101001101010000010
22
100100000000000000000011000
61
111000100010010000000100
188
1010000000000
35
110000000010001000000100000100
150
100000001000100001100001000110
195
11000000001000010000100
65
10000101010010000010100000101
101
1010001001000000011001001110
190
1100011100
134
1000000000001000000010000000
29
10010001000100010010011010101
7
10000000000100001100000000000
25
1000011100010100000000001
100
1010011000000001000101000
23
10001101000000010000011000
138
1000101000000100001010000001
142
11000001100001000001000010
182
10010000100000000101010100000
110
100010000000001000000010000001
73
111000010000001010101000110010
21
110000010010000000001000000001
122
10000000001000010110011001
13
100000000000010000000100010000
166
11000110001010010101000000
30
101000000000010000000100000
63
10010000000010000000100001000
40
1010001110000100000010000000
185
10000000000000000000011010000
79
100000000000000110011000001000
144
100101011001000000110100
151
100000010001100100100
104
110001000001000000000000001
72
100000100100010100000000000001
73
100100100000000100000000000
150
1010000010001001000000100101
107
10000001000011101100001000000
179
100010010000000000001001001000
103
100000100010000101001010000001
43
100000100000101000100010000000
53
100100110101000000000000000000
46
10000010010000100010000000110
105
10000000000000000000000000001
18
10010110000100001000000000
130
1001111000000000000010001100
27
110011101000001000000100000101
173
10000001000
50
10100100001001000110000
37
101001000001100000001001010
196
100010000001000000001000001000
190
1000000010010100000000000001
160
10100000100000000010
119
10100001000001100001010000000
175
11000000000000001010100000001
166
10010000000001010100001100001
153
1001001100011000000000000000
155
110001000010001100000000000101
12
1001010000001010000001000000
166
101001000001000001001000010001
21
10101100111000000110001100
67
100000100000000000000000100000
89
10000000000001000
99
100000110000000000010000101001
56
100000011100000110110000101100
80
100100000000100100000100100011
199
100100000011000111000010111
175
11001001101000110100001000
83
1000000101000000000000101001
149
101000000001100100100110010010
174
100010001000000100011011010
199
1001011000110010000010
123
110000000000000001000
79
1000000000000000000110000
3
10000000000001000001000
64
1001001001001100010100000000
17
10000010100100000010000
41
10000000011011000000000010000
16
10100001010000110100100000
166
1000010100000000000100110000
129
1000001000001000100000111010
20
10000000001000110000100
7
1000110000000001000010110000
21
1111000011100010000000010
68
11000000010010000000000000
76
100000000001110000000000000
32
100100001001101000010000
196
1000000010001100000001000000
126
100000000010010011000000
185
10000001010000101000000
82
100000000000010000000101001001
56
100000000001011000000000000000
2
100010000000010000000000000000
119
10000000000000000000001110001
55
11000010001001000001000010000
104
10100100010000
181
10000101100000000010000000010
2
10000000000000000100000100
192
100010001100100001000000000001
2
1001000010000100100000000110
180
1100100010010000100000000
102
100000010001000001010000001000
98
110011111000010100010000010000
174
100000001000000111001001010000
162
100000000000000000000010000010
101
100000110100001001100110000000
97
11101100001000010
8
1100000010000000000000010001
108
10010100100000110000011010000
20
101000110010000100000000000000
129
10000000001000000100010000110
43
10010000110000001000010
131
100000000000
101
110110000010100000101010000000
122
10100000000000000010000000001
114
10000000100000000000000010110
25
101000010000100000000000000000
86
100010000000000001000000
136
10001100000100010000000011000
164
101000011010100000000000100001
118
10000000100000001100001
170
1000000000000100100000000000
165
1000000001000010000100000110
27
1110000000100110000000000
192
100000000001100001000010000000
72
10011100001000000001000000000
73
110101000010000100000000110000
121
1000000000000000000100
192
1100010000000011010000
115
1100000000001001000
75
10001000001000001100001110000
93
110000101000000000001
39
1010010001000010000100000
22
100000010000001101000000000000
35
100100000000000
46
110010001100001000100000000
140
101000000000000101000100101000
105
1001000001000010010
34
100111111000000000000000100
36
100010010100110000100100010000
5
101000000000000000000011001011
96
100100000100000000000100001000
55
100011010010000001000000000000
114
1100110000000001000001000
118
10010100000100000011010000
156
1000000000000000100110100
137
10011101000100100001001000
27
110000011010100100000000001001
20
10111100001001000101000000000
160
100100000000001100010001010000
135
100110000100100000000100
25
11010001010101000000100000000
46
100000100010000110101001010001
131
101000000000011100000010000
168
1001000010001000000110000
155
10100010100100001001000001000
21
100010001100000011101101010010
169
110100010000010001000001000001
20
10001000000000011100000000001
107
10011000100000000000000110010
24
10000010100000001001000001010
133
1000011000100001000010101
144
10000000000000100001000000001
123
1001000000010100010011000
132
1000010000000010000000
198
100101001001000011000000001000
173
100000011000000000101000000001
163
1100000000000101
29
100000000000100110100010000
96
1011001010110000001010110
121
1001100010000010101000100
178
100000000100100011000000001100
72
100001001001000000000000011001
18
100001001000110000000001100000
152
1100110100100110000000001
191
1000010000000101000110000
3
1000000100001001001000000100
83
100000110010100000000000000000
114
10001000
178
1000100001000000001001001000
82
10101001000100000000
128
100010000100100000000001010
60
10010010000110000000000
92
100000001000110100100010101010
34
10000010000000000001000000
166
110000001001000000000
127
1000000100000000000100111
110
100000001001111100000000100000
98
10000000011000000100010011
93
1100000101000000000000000
27
11000011000000110000010011010
128
10000010000000000000000000101
81
10111001000000010000000000
12
1001100100011100000000000
5
1000100100000100000000100000
123
10000000100000000000010001010
181
10011000000000000001001001
108
1000000000000010000011100000
80
10000000010100000000000100001
88
10000000000000010000010
167
100000101001110101001000000000
164
100011000000010101100001000000
197
1010110010000000111001000000
50
101010000011101000000
127
100001100000000000000000000000
47
10000001000000101100100001000
174
10010010101000100011000010011
45
10010000001000000000000000000
132
100000000101010
34
101000101010100000000010000000
159
10000000001110011
39
10101000100000001000000000
167
1000000000100010110001001000
189
11000000100
52
111010110001100001000001001
187
100000010000000100010000010000
56
100010011000000010
55
101100100001000000100100000000
191
111000000000000000000100000000
184
1000011001100110001000000000
119
100100000000001000001101000000
26
11010000000010100000000000100
3
101011000110010000001100000000
104
10101000010100010000000
156
100000001000000000000000111000
149
10100001000001000000000010
144
10000100100001001000010001000
74
10000101000000110000000010000
157
10000000001000000101000100000
10
1101000010000011011000001000
14
10001000111001010011001000000
185
1000000000000010000100101100
23
10100010001100000000000010
130
10000010010010000010001001
196
100011000100000110001010110
41
100000000010000110010
194
1000010000000000010
19
100000001110001000
119
10000000000100100000000000000
172
10010000000000000001
168
111000010100000
132
10100000010000000000100000000
165
101010011000
96
11000000000011000000001000100
109
100100000110000000000000
26
101000000010010011000010000100
83
10001001010000000111000
121
10010100100000010000000011
178
10001110110100000
71
100000010000100000000000000001
114
10000100000011000000000010000
18
1100100000001010000000000000
193
11100
110
10000000010000000000111100
12
1001001000000000000
30
10000000010000000100100011010
43
100010100010000000110101010
188
100000111000010000011
25
1001000000000000001000
173
1000000010000100000000001001
34
100100100000001100000000
37
1000010000100000000000010001
30
100010001000010010000000101000
121
101001101000000
87
100000001010000100010010000100
39
10000010011000000000100000
192
1000000000110000001000000
181
110000110010010000000
67
101000000000000110000010101010
31
1000001000000010100000000
138
1001000001000000000
96
10000001101000000100010001101
184
1001000100000000000110001
45
100110000010000000000
132
111000100010100011
41
10100010000100010000000001
185
10000110100010010001000000100
184
1000000001000000000010000
159
10000010100010001010000100010
2
10000111000101011000010
146
1000100010101000000000000
14
100000100010011000000010001
51
101001000000000000000001000
129
10000000001000000100010010100
57
111101000000100000000011000000
20
11100100000000000000001
33
10000000100000010000000000010
185
1011001000000001000000100000
59
110000001000000110000000110
182
100000000100001000000000000000
14
1000000010000101001110000110
28
1001000010000000000101010
72
10000000101100001100000000000
108
1000010100110000000100110000
144
1000000000100000000010000010
143
10000000001000000000000000000
58
101001100001000000001100100110
195
1010010000000000001000000000
154
110000000000000000000000010110
126
10000010010010000001000001001
117
100100010000000000000001000000
62
10000101000001000100011001110
176
10000010000010111000000010000
35
10000001000100001001000
86
101000001010000000010010001100
41
1100000101110000110000100000
160
100111010100000000000000000100
18
10010011101000000000000001110
79
1010000100101101100000000010
105
1001000111000001000010100110
98
100011100110100000101000
5
1000000001000000000000010
115
11101010110000000000010000110
154
10000100000000000000000110
94
1000101000000001000000000000
34
10000000111100000000001101001
153
11000011000000000000001010000
181
100011110010001000000000
130
1010
186
1001001000000000001101000000
135
111001000000111010010000
94
100100001000000000000000000
197
1000001001000000011010000000
113
110000010000000000000000
125
11010000101010100011000
184
1000000000100001001100010010
66
11100000000000010000001001000
151
1000000000100000001001111000
78
10000000001000000001111110010
139
10000000000000110000000000000
125
100000000100000001000001001000
4
10000000011000000000000001001
104
100011110010001010100000000000
1
1000100000001000001000000001
180
101100000100101000010001111101
118
1101001100100001001010011111
178
10100000000010001000011000100
50
101100010000001000010010000100
13
100000000001101000000100000
25
11000100000100000100000110000
168
110000000010010011010000000
197
100000100000
161
101000001000001000001000000
189
11100100001001100000011000
67
11001000000000000000000000
39
1100000001100001001101001010
162
10000000001100000000010000100
185
100000000010000011000
141
1010010100000001100101
93
110110000000000100101000001000
173
10000000000001101000000000
139
1001000000101100000101000000
86
1010100100010001011000000000
143
10001000001101000010000
25
11001000000010000000010001000
172
10000000011000001100010000000
61
11001100100100000110000101
57
1000000000000000000000000
65
1000000100000101010011010010
34
110000001001010011010010
138
11100100001000001001000000010
124
10000100000101001000010
68
10010010001000000000110010110
113
100000100000100000010010001001
129
1000000000000000000000000000
5
1100000000000101000000000100
28
100100110000010011010010011000
158
100000010000000000010000000000
26
100001000001010100000100000000
130
100110010000100010000010010
172
1011000000000001000010000010
64
100001000110001011000
184
100110000000000000000000000101
136
1000000011101100001000000000
12
1000
58
10000000110000001100000110000
198
11000000000000001110
28
1101001100000001000000010
124
10100000111010101
161
110000001001100010000001
136
110000001011000001100000000101
75
1000101100100000100001100000
91
110010000000001000010001
113
101100000000000110
135
110000010000100000000000
76
10000000000010101100000000
172
1000001010000100010001000000
142
1010000000010001000100011000
116
100100001000001000000000100000
27
10100010000000011010000
100
100000001001110101101000000100
36
101010000100000001010100001001
151
100000101010010001000
97
11000000000001000010001001100
192
11000100100100000010011000
53
110101110010001000000001100100
5
1000100010000001001000001000
33
1001001000001000000010010
16
101000001101100010000101000000
84
1000000000001000000010010
12
100000010001001000001000100
169
1000000000100100000000
132
100001000000000100000000101
59
10000000100000
81
1000000010001000100000011
80
100000000000000000000001000000
103
1100001010000001010110100
94
1100000010000110110010
169
100000000010000000000000
68
110011010001000000000000000000
88
11000000010000001010
38
10110110010000000001000011000
102
10000001100000000
8
110000000000110010001
21
10000000011000000010
163
100001000000100000
161
100010000011000000001100010001
105
100100000001000100100011001010
75
11000000001000100010000100001
68
110010000011001001110
77
1000000000001010000001000010
81
10010000001000100100000000000
182
1001000100000000000000000000
29
10000010001000000100011100
163
10001001011110001010001
190
10100001100000001000101
95
10010010010000000000100100000
30
11000010010100001000001
41
10111001101010001100010
175
101010110101000010000000101
100
1100000000001000000000001
44
100000000000000000110
49
10011001010000111010001000
187
10010000011100000000000000
170
100010000101110010100010000
28
1010100001000000000100011100
184
10100010000100000001010001
3
1001000001000010001010000
115
10001011000000010000
28
1010000000010100001000000000
131
100011100010011000101000001000
66
110010000000100001000100000101
101
101010100000000010000100001
14
101000000100000100001110000
115
100000000000010000010000001100
103
100000100001100000101000000010
72
100001000000001001000001000
103
10100010110000010011000100010
148
1001011010001100100001100
111
1010001000100000110000000
182
11000000010000001000010000100
91
100101010000010011000
10
100000000100010000010100001000
84
10000000100000000000100000000
153
110000100000001001000
133
10100100000000001100000000001
174
101010000000000110000100000100
94
10000000010000000010000001
142
1010000000100000010100010
16
100001100100101000000010001000
17
100100000000000010001000000
42
1000000000000100000001111
138
101000100100010000000010100000
43
10100001000000000000011000
93
100000010000010000110000000001
180
1010000010000100000001000000
41
10000000000001100000001100
118
10000001101100100000100000000
172
111000001010101010110100000
122
100000000001011100000001000100
61
10100110000000000010000100001
78
100100000000000000010010000010
103
11000010000101100000000
171
1110000000111000100000000001
89
10010010000000000000
188
1000111011000000000000000
74
110000000000100001001000000001
167
1000100001000001000100111001
98
1000100000000010000000000
62
100000000100000001000010000000
62
11001001010000110100
128
10000000010010001000001010000
68
100001000100000000000000000
138
10011010010000000000100011
84
100101000001001
83
11100101000000001000100001
74
100000000001000000000111011
34
1000000000000100000
173
1000011010000011000000
60
10000000000000000
119
10010011100001000010000000000
139
1000000010011001000000110100
53
100111001000001000001001
128
11100000101000100000010011000
160
101101000001000
149
100011001001000010010001100
150
1000000000000000101010001000
142
10001000000010000000100100
1
10000000100001000000010
174
100000000000001010000100000000
186
100001000010000000000010000001
30
10010100100000000101000
87
11000000000011000100000000010
68
10001000000100100001000
39
100000010000010000001000100000
45
1000000000001000000100000000
177
1000100101011100000100000000
64
1000000000101010000000001011
194
110000110000010011000000011
22
1000010000000
129
100000000001010000001001
59
1000000000001110000001110000
28
110100000001000000100010010
116
1101000000001000000000000000
179
10001000100001000100000
54
1010001001000000000000000
144
1010100001010001001000010000
17
11001110000000001000000000
52
110000011010000110010000100000
74
10100000000001100000011100
181
10000000000010100000010000000
87
11011000100000000010100000010
39
100010000000000000000100000000
92
100000010000001100001000000000
125
1000000000000001000
59
10100000010011011000010000000
27
100100001000000110000010100000
156
100010011100100000000000100
44
11000010010101000111001000000
5
111110110000001000000010000
158
100101000001000000000000100
169
100000000101010000010100010000
13
100000000010010001100101100010
185
110000001001010000000100100100
100
10111000010100010000111000
116
1000010000010100000000010100
20
100000000000000000000001001
173
100001000000010000010000110010
183
1001100000011000000000
50
1000000001000010000000000000
158
1000000000000100001011000
119
100001001000000000000
133
1001000000001101110000000000
112
110000111010100001000001000000
91
1110000000100000000000000
25
100010000010000000000000000
106
1100000101010000100000
192
10000000000000101010000000010
94
1000010000000000000
156
100110100010000001100001000000
168
1001001000100000000100
35
100000010000000000000000000000
61
10100000000000000011000000000
134
1000010000
115
1000000110100001001001000
50
10000001000000000000
67
100001101000001000000000100
46
100010100100011001000000000000
97
1000000100100100010000000
155
1000000000000000000010000000
182
110000001000000100001001000110
53
100000000000001001000010
21
10100000010000001000000000000
155
10100001001000001010000
162
100000000001000010000010000100
137
101000000001001001000001001000
146
11000100100100100100100000
129
10000000000100100100100000
9
10000000
163
1001100000000000000000010
140
1100000100000010100000000000
99
100
79
10000100010010100010001
103
1000000100
143
10001000100000101100100010
6
1000000000101011000011
76
10110000001000000000
53
100000010101000000000000001001
200
1000000000000101000100100
65
1001000001000000010011100000
77
101001001000000100000001000000
165
100000100001100000001100000000
171
100001000100000010000000000001
136
1000001100000100000000001000
116
1101011000101010100100000000
14
10000100010010
34
100000001100001101000000010000
162
100000100000001000010000000
77
100000000000000100000000
142
1000010000000100100010000100
3
10000000100000001100001000
93
100001011001010000011000001
107
100101110000000101000011
121
10010010000001000000000100000
127
10000000010010000000100000
160
10000010010100010001000000000
92
11000001000000001100000000
120
10001000000000001000000000000
92
10100100001101010000
128
101000001000001000101000
48
1000100010000010000001110001
133
10001000000000000010010101
59
1000000000000000000001000
97
101001100
176
100000010000000001010100000000
89
10001011010001110100000
114
110000000100000000010000000
178
10000001100100001010110000
54
1000011000010100001000000001
194
10000101000000000000000101
26
1010000000000100001010000010
82
1001000011100100000000001001
131
10010000001100000100010000000
151
100000001100100001011000000001
47
1101000110000001110
184
110100001100000000001
139
110010010000111000000001010000
84
1000001000000010000000110010
31
110001010001000000001010110100
112
111000000011011000000010100
115
1001000100000000000010000000
171
100000000000011000011001010
174
100000000100000100100
112
100001100100000010000000000
17
10000010000010010000101000000
40
11000100001010000101000100011
195
11001000000111000001101
113
100000000110100000000000010011
85
1000000000110
13
1000000010100001010101000001
35
10011100000110000000000000010
52
100000000000000000001000000100
4
100000000000101000000000000010
69
100000000001010000110010010
77
100000100100000011010000000000
152
110010000000000100000001011010
198
1000001010001011010000010000
128
100000010100000000000000
98
1000001000000000101000000
149
110000000001000000000010010
160
1010000000000010101000
137
100000000000000100100000110010
155
1000000110000001000000000000
87
10010000000100101000010
112
10000010001111110000000
185
10000000000000000000
81
11101001011000000001001011
106
100001000000010000000
80
110001100001
187
1111000010001010010000000100
5
10000001000000000110000000
41
100000000000000000001000001
136
110100001000010001000000000010
105
10010010010000000000010
5
11001000000
107
111001000100000000001000
103
1010000100000100000001000000
19
110001000000000110100010
98
1100010000001000100000000
51
100001000001000100000111
159
110011000100000010000001
159
1000000001100010010000010000
14
10000000010000000
28
10001000100010000010
64
11000000100000110000010000001
184
111100000010000000000000000000
184
110000000100000100000000010
70
10101000010000001100100000000
165
10100000000000000000000110
148
100000000010100000000000111000
16
100100001101000000000001001
41
10000000100001000010000110000
50
100000000000000101010000010000
134
100100000110000001001000100001
84
100000000000000001000000000
94
10000000100000000000000001
23
10010001000010011001000101110
135
10000110000001010010110000
40
110000010000000001001001101000
132
10100000000000000000
129
110000100000000000
192
100001001000000000101010000000
92
100000001000000100100001000010
186
10100010000100100111000
37
11000100000100
175
100010000000000000000000000010
194
11001100000100100000
192
10110100000000010000000000000
163
111000000000010100101000001000
200
10100101000000001000010001100
100
11100110000010000000111
149
1010101110000110100000100000
44
1001100010100101000001001000
26
110000011000001001110000001001
72
10110000000000110000001
195
100000100010100100010000001001
191
1000100000000001
12
110101001010000000010001100
89
110000000000000000000000000000
105
1000000001010100
3
110000101001110001000000000
182
1010100000010101100100000001
21
1011001001100110000000000000
90
10001100100000100010000001000
8
110101100000000000110010000101
101
10000000001000010100100000000
193
1001010001001000000000010000
198
100000000000010000001
68
10000101010000001000011001100
132
100100001000010001000000100000
150
1000000000000010000000
94
110100010101000000
36
1010000100000000000
70
11000000100000010000001000010
153
1000010001000000000001010
101
10010000010000100010000000110
146
101000110100000000000000000
115
110100000000000000000000000
146
1100000000110000000000000010
118
11000011100000000111001000000
173
10000000001000000000110000101
72
100000001100001011000100001100
118
11000101000000101000000000000
60
100000100000010
127
100000000010000000100000000
14
10000000000110011000001100000
55
1001100001001110000101010010
109
110000000000000000000000010100
150
10000001000100010000100000000
158
100100000000100000000
4
100001000000001010000000100110
187
101000000010000100001100000100
77
10000010000000110100110000010
36
101100010000000000101000000
28
1100001001000000110010001000
73
1001101000100000010000000000
166
10000110000101000
142
11100101000000001000011
137
10100000101000000100011000
22
1000110000010010
16
100100100000001000
2
1010100000000000010010111000
149
1100010000010000100110011
57
100000100110000000100000000
104
10000010001000000110100000000
136
100010000100000000000100000100
172
11001000000000100000100000001
5
1000000000000011010100
14
100000100000000001000
150
100001000000000000100010000010
51
10000101000010001010110000
190
110110000100000000010000101100
79
10000010000010100110000000000
190
10000001010000010000000
186
110000000000001100001000000000
92
100000011000100001001000000000
168
101010001000000000001000110
83
101100110000001000000000000
107
1000100001110011010110001000
26
100000011010100001100000001000
58
10010010001000010100000101
65
100000100000100
38
100000110101000000010101110000
1
1100001010000100000110000010
191
100000001010100001010000000000
128
1000000000000000001010
103
101010010000000
157
10001010001000011100000100010
152
1000000000000001000000100
112
100010010010000000
154
100100001000001000010000000
145
1010100000100000100001
129
10000000000110000110001000101
196
1000001000000001111100000000
114
11001000010101100000100
131
11000100011100010000000000
187
10010010000111010000000001101
134
10010000000010001001000000
42
1000000000001100100000000
25
1000010000010010000001
36
101000001000110110000100000110
139
100100000101000000000000000
97
100000000010101000000000010000
189
10010001000001000001000000000
40
10000001001010100000100000010
200
11000100000011000000010001
188
110001010001100010100
129
100000000100100101000010
6
10000000001000000100100010000
70
1010100010000
152
100000011000000000000000000
180
1001000000111100001000001
125
100000101100001000100000
27
100100001000000000010100000
7
101111000100000000000000000
77
110100100100000010100001100001
57
111001100001001010001000
176
11000000010000000000000100010
41
1001010100000
141
1000010000010010010000000010
44
100101000000100000001000111000
20
100000110000101000001101000000
52
100010000000000000100000001000
3
1001001000000000110010
159
100100001001010000000000000010
132
10010110010000000000000010
82
10100101000000010001010000000
197
1000000000100010000110000101
88
1000000000000000001001000000
188
101011000010000000000001
52
11000000001001010000000
109
100001000010000010000000000000
191
1000000010110000001000010000
71
1010000100001000000100
85
1100001100000101000000000
158
10111000001000000100000
72
10001000100000000100
29
1100000100000000000000000000
21
10010000010000010001001110000
25
1000000100010000000000000101
73
1010000100000101100000000
123
10000000000000000100100000001
100
11000000001100001001000
7
10100000100000000001000110000
95
10000011100000000001010000001
41
11000010000010010000101001000
119
1100000001000010000100000
178
1000000000000000100000000000
45
1100100000000000
31
10000100010010001100000000
167
10010001000000000000110000
37
100000100010
103
10100000010001100000100
32
100011000010000000000000010
2
1000001100000100000000000000
8
110
15
1000000101001110010101000110
34
1000001110000000000000001001
33
10000101100000001
45
1101010000000100
180
11000010000000100001000000111
36
