30 2300
111011111011110111111111111101
109
101011101011111011111111011101
151
101110001111111011011101111111
4
110100111110010110011101011001
92
11111111111011001110110000111
48
111010111111111111111110111111
5
111111111111110110110101011111
145
111011111010111111001101010111
157
111011111110101011111110111111
154
100110011111111110011011111110
145
111111110111111101111111001111
112
1111011111111011111111110101
177
11110111111110111111111101111
157
111110110111111111101111111100
79
101010111111101111001101111001
3
101111101101111101011101111111
129
110111011110110111100111111111
156
111101111110101011111011111100
111
111011010110111111001111011111
45
11101011111101111101110111011
96
11001101111101101111111010110
133
101111111111100111011011001111
90
101111011111110101101111111011
54
111011110110110111001101111110
157
111111111110110101011111111011
18
111111111011110011110111111111
60
111111110111111111011111100111
38
111111111111111101011111111010
67
111111110111010101100011100111
12
111111111111011111101111101011
67
11111100000111101011100111111
84
111101111101001111111011101111
117
101111100101111110110101110111
29
111011111011011110011111011011
116
110111111110000111010111111101
132
111101111010101111001001010001
73
101110111111111111111111111111
190
101011111111111111111111111111
137
110111101110111111111111101111
134
111111111011110111111101011011
144
101101010111101111111111100010
136
11111100101110101111111110111
57
111011111111101111111110011111
21
101111010100011101111011111111
14
101000010111111101011011111100
115
111011101011101111111111110111
200
110111010100101111111101111101
144
111010111100111111110111111111
150
111111101011111111111111111111
28
100111111101101111110111011111
45
111011101110111110001011110101
80
111101101111111110101010101111
67
111111010110100011111111011111
171
101101111111111111100100111111
54
101111001101111111101110100111
184
111011111111110011110011011110
126
101111101111010100111111111011
38
100011011110111111001110100111
17
100110111011011111001100101110
42
111100101111110111101110101111
106
111111111011101011011111110111
143
11111111011111111001011111001
11
111010101101111101111110110111
125
10101110100100001011111010011
139
111111011111111111101111101111
80
101111101111100111101111111110
159
101010110101111111111110111111
110
111111111111000011111101011111
3
111111011111110001111101011101
5
111111110111111111111111111010
14
111110111111110111111111011111
137
110111111101011111101111111111
92
111101011111011111111011111111
97
11111101111110111111011111011
131
11111111111111111101100110000
61
101010101111011110111101101111
124
110100111111111110011111111010
134
11111111110111111001100111101
87
110110011111111111011101011101
118
111111101101011111111010001100
138
111011011101111110101001111111
114
111111011111010101110111111111
179
101111111111101111111110111111
138
111111011101011101111001010111
93
111111111110111001111111111100
29
110101111001111011111001111110
92
111111101111111111010111101111
69
111111110111111111100111111110
172
111010110101111111111011101011
63
101100101100011101111111111111
123
110101011111011011111110011111
161
100110110011110110111111101101
123
11011101011111011101111111111
17
11101111010101100011110101111
136
111110111101101101101011110111
48
111110111011111111111110111111
54
110011110111110110111111011111
142
110110011101101101110111111111
117
110111111011110111010111111111
197
101101111101101111010111101111
169
110111111111111100111111111111
22
111111110011111101110110101111
3
111111011101110011111111111111
83
101011011111000110111011110010
133
10111111010101011101011111111
69
111111101111011111111111110001
130
111111011110110110111111011011
90
101101111101111111101100011110
57
111111010111111111010111111111
89
101110111110001111111111110111
106
110111111110000011111110111101
62
101111111111111110111111110001
7
111111011110111111111101110111
97
111110111111111100111101110101
55
100111111111110110011110110011
179
111011101011011111101111111101
104
111001110011011001111111001101
44
111111111111111111110001010011
11
110010111001100111111111011111
136
111111001111111001011111110111
71
111101011110111111110101011111
189
111111110111111111011110111111
146
110111011111111111111110011111
194
11110111101011001111101110110
54
100111110111110111110111111111
128
111110111101110111111111111111
160
111111101111111101111111101101
108
111101111111111110111110010100
26
100101110111111100101111011111
57
110111100111001011111111010111
183
111111111111011111111101101011
78
110111111111111111010111110111
111
11111111011111101111111111011
25
101111111111101111101101111011
69
111011010011111111011011101111
136
111011110110111111001100011011
147
11111111101111110110101011111
54
111010111011011101111011111111
10
111011111110111111101101111111
198
111111111011101101101101111000
101
100111101111111111111111101111
17
1011111111010011111111111111
40
111111111111111110111011110111
75
111111110011011111011111111111
32
11111111110111101110111001110
84
111101100111111111111011110001
164
100101111011011101111111010110
16
111111011101100111110100111111
66
111111111111011111111111101011
55
111111111011111011111110001111
122
111110010110110111111111110111
6
111101011111111101101111111011
66
111011111111110111011111111111
198
111111010111110111111111111101
87
110111111001110011011000111111
121
110011111111111001110111111110
53
111111111100111010110011111110
178
111111101111111110010110011111
89
111111111101111111101011100111
21
111111111011011111011111011111
160
111101111001111111111101111111
21
11111111111111110110111101111
52
111111001111111111111111111100
133
111110111111101111111111111111
154
101111111111101011101111111111
71
111110101110111111101100011111
147
110111101111111010111110111111
67
101110111111010110111111101101
136
110111111111111111111011001111
34
111111000111111111110110101111
57
111010111111111101111111111110
16
10111111111111111011111111111
188
111111111111111111111011111111
166
111111111101111111111111110101
120
110011111001110111111101010110
175
111111111111111101100011111111
108
110110100101111101111111001101
8
111001011110110101111101111011
189
111111111111111111101110111111
178
111110111111111111110100111111
92
110111111111111111111011001110
155
111011111100010110011111111111
39
111111011011111111111101111111
37
111111011001110111111100111111
119
11111011111111100011101111111
12
111111111011101111110111111111
107
1011111110110100111111100111
179
111111101111011111111101110111
175
111111111111101011111101011101
119
110111111110111111101111111110
92
111111001111011111011001101111
175
111111111111111001011111110110
37
101111111001110001010101111111
155
101010111101111001111111111111
37
111001101011111110110111011011
141
11111101111010101111111011011
149
101111110111011011111111111111
157
111111111111101111111111011011
132
1101111110101110111011110
121
111111111111111111110111101111
39
111110111111011111111111001011
81
11111011100111111110001111111
118
101111111111110010111111011111
74
111111111111111101110101110111
92
110111111111111011111110100011
152
111111111110111111101111111111
63
111001111110011111111111111111
117
101111010111011111111101111111
42
110101010110110111000100111110
110
100111000110001111110110111111
152
1111111111111111111110110111
35
10111111111011100110111111101
41
111111111111111111111111111111
105
1101110000111011111101110111
21
111101111110110101111111111110
157
111011100111011110110111110011
176
101011111011010111111111011100
185
111011010101110010101011110100
9
111111111111110011111011101110
125
111101111111110010011111001111
186
100111110001001000111111111101
29
111110011110111001111111010101
190
110111111111111111011111111000
128
111111101110110111111111111111
167
111111111111111110111111001101
25
111000101101101011001110001111
143
111111001101111010111111011111
92
11111111110111111101111111101
170
111110101111011111101111101011
31
110011011111011110110111111111
3
111111100100101110111111011111
173
111101110110110011101101111101
140
111111011111100111111111110101
130
111110111011111111101111011011
188
111111110100111111011110010111
168
111011111111111011111010010101
108
110011111011101011111101010111
1
111111101111111110111111110110
92
11111111011111110110011110101
12
111111111110011111101011110000
186
11101110101110011111110110111
159
1101110111111011111111111011
35
101110111111001101011111111101
92
10011101111010111111110111110
127
111011110111111111100111111001
105
110101101011011111111110111111
162
111011110111111101110110101111
63
111111101111010111110111111111
65
111111110111010111111111111111
106
111011101111100111111101101111
31
101110011011010111101100011111
170
111111100110110111111001111110
170
101101111011101111111101111111
56
101011101111111111111111011001
195
11001101011011111101111101110
168
10011111111111101001101110101
91
11110111111111111110101111101
190
111111111111111111111111111100
93
111111111011101111111111100101
25
110101101011110101111111011101
113
110101101101111111111101011101
179
11111111111111011100101101110
100
111011111101111111110111111111
117
110111111011111011010011111111
156
101001011110111101011001111111
183
100111101111111111111111111111
198
110010111011000011101110011101
13
111111111111011010011011110111
71
111111111111011110111010011111
142
11101000111110111111111111110
147
11011111110111111111111111110
124
101101101101111111111111110111
81
110110111111111111011111011101
72
11111011110100111110111011111
185
111110111111110111111100110111
193
100111111111111111110111111110
115
110011111111111111111101100110
196
111101110001111111001111101101
191
10001001111111111101111011011
41
111011111111101111001010011111
84
110101111111110111100000111110
186
111111111111111011111111111111
78
111111111111010111111011101111
135
111111111111111111111111111010
187
11110111111111011110011111111
154
101111011001111111100111101111
61
111101011110111111111111111101
4
111011111111010110111111001
52
111111111011110111111001110111
86
111111111001111111011111110111
77
111110111101000110111111111111
44
111101101111111111100111001111
136
110111111101111101111111011110
69
111111111111111110111111111011
181
111011111110110011011111110101
176
111111011100111110111111111110
178
110111100101000111110111111111
46
11111111111111110011111111100
14
10101011101100110101011111111
141
111111111110111110111111001111
128
111111101111111111111111110111
154
110111001111111110111111111110
176
110011111101111111111111111101
17
11111011100111111111111101111
141
110111110011101111111110111111
57
111111111111111111101110001011
47
111111011110111011010111111110
110
111111111111101111111100111111
144
111111011111111111111110101111
54
111110110111010110011010111100
183
111111111111111111101010101111
73
101011110101011111101111111111
160
111110101111111111011111111110
30
111111111110110111110011111111
65
101101111111111111001111111110
76
110001011110101111101101101101
12
111111101110111111101111111101
144
10111110111111111111111110101
146
100111100111010111101100110111
139
111010110111000011111001111110
106
111111111011101101101101111111
119
111111011111111111101111110110
89
110111110111110111111111011100
66
111111111011011111111111111111
195
110111111101110111101111001110
184
111111110100110111100110110010
128
110111111111110110011111100111
69
101111111111011101111011011111
157
111111111101101111101110110111
113
110111111111111101110101111111
22
110111111101111111111111111111
55
1111111101111111110101111100
92
111110001010001111111110111111
12
101111111101011011111111111111
13
101110001011101111111111111011
123
111100111010111111111111111011
195
111111110100111010111111111111
44
101111111111000110111111001111
113
110111011111111111110111011011
44
111101101111111111011111110110
68
111111110011100011111011111010
111
101111111101111111111111110011
196
10111111111111111010111011111
145
111101111111111111111111111111
189
111110111111111111111110001111
178
111011110011111111011111111111
66
111011001111111111101100110011
194
11111111110011110111111111101
85
111111111110011111101111111110
53
111111101111101110101111110111
198
111011100111111111110111100101
149
111001110101111110101111111011
59
100111111101111111101110110011
54
110111111111101101011011111111
79
11111111111011111111101111111
184
111110111100111111111001111111
38
1111010111111111111010011111
72
10111111110011011111111111011
27
111111110011111100111111111011
88
101011011111111111111110111110
149
11111111110111111111111111011
20
11110110111011111101111111111
22
11110111101111011111111101011
181
111111101101011111001111111011
154
111011111110110111111110101110
27
11111111101111101111111101011
75
111111110001101111011101101111
169
101111011111111111111111111011
12
111111110110011111011111111111
40
111111001100111111010111111011
139
101111110101011000001011010111
24
101111111110110101111111110111
143
111111011001011111111111001111
70
111110111101101111111010111111
148
111111111100111111101111110111
141
101010111110111110111011010010
59
111111101011101111111100111001
43
111011111110111111111111111111
41
111111111100111101011011111111
192
101111111111111011111111111110
130
111111110111001101011111111110
167
111111111011111111111111111110
33
111110111001111101111111110011
161
110111111111111101111011111111
21
110111111111111111100000101110
139
111011111111110001111111110011
198
101111111111010111110111110101
83
111111110110111010111111110111
105
11011001111111011011011011011
198
111011011111110011111111011111
98
101111111101111011111101111111
80
101111111110111110111101101111
162
111101111111011111111111011011
19
111011010111011001111111111110
88
111101111111110111110111111100
9
111111101111111111111111110110
188
111011011111111111111110111011
158
11111111100111011111111110001
128
11101110111111111011111010110
15
10111011111101101001011111111
42
101111100111111011111011111111
98
111111110111111111100110101011
187
111101111111111111111110111011
30
10110011101111111101011111111
157
111101110101011100111111111111
8
111111111100101111010111010111
22
11111101000111111011011111111
198
111110011110111110011111101101
172
101111101111111010111111111100
62
111011111110111011111110111111
172
110111111011011111011110111110
33
11101111111101111111111101101
171
110111111111111111111111101111
123
110101111110111110111110011101
109
111011110101111010111101011111
178
111101110100010111011111101111
177
111111011111111101111111111001
195
111111010101111101010110111111
70
110111111101111101111110111111
51
110111110110011111111111111001
44
11011111111111011111011111111
189
11100110111011111111111111111
103
110100001111011111111110111111
85
110110111111101111110111111111
187
111111011001011111001111110011
196
111111111111111101110001111111
21
11110111111111111111111111111
5
100111111111010111011110110000
134
11110100111110101110111011100
28
111111110110011111110011100111
45
11111011011111110110011100111
151
111010111111111111111011111100
185
111011100010101111110011001011
28
110101101110111111111110111111
199
111101111101111111111111111011
121
111111101110111111011101111111
178
101110011101111111011011111110
198
11110101011111111110111000001
95
111111011011111111111111111000
109
111111101100101111111110110111
66
11011110110111011101100101111
90
11101111011110010110110111110
71
100001110101111111100011001101
181
101011001111111111111110111111
89
111011100111111111110111111110
59
111110111111111101111011011111
85
111111111111111111011111110111
176
101100111000111111111100111111
157
111110001011111010110111111110
107
111111111001011111111010111010
27
111111111101101011111111011010
184
111110110010111101111111111111
21
111111111101111101000101101111
59
111010110101111111011111111101
116
101110010101111101111111111101
193
101111111111011011111011111110
22
101111110100011110111101011110
111
111101100101111011110111111111
24
11001011111100111101111011001
163
11011111111111110110111101111
27
111111111111101111111111110111
24
111111011111111011010101011101
1
101101101011101111111111101110
32
11101100010110110111011111110
199
100111110111011100010111111111
59
100101101111110011001010101100
173
101111111111111111110111110111
16
111110111110111101011111110111
189
110110111011111111111111111010
38
111110101111111111110111011111
76
111111011111111111111011110111
126
11111111111111111111001111011
39
111001101111001111011110111111
61
111111010110111111111111101111
127
111110100110111011111111101101
179
111111101111111110110010111101
152
111111111101011111111111110101
180
1110011111111101100101011110
28
110010011111110111101011101111
54
111111110100111111101011111110
96
101101110011111111111111101111
168
111100101111111011011100011100
37
111111111111111011001111101111
118
111111111011101110111111111111
93
111101101111101110001100111111
130
11101110111111101101111111010
60
11011011101111001111111101111
37
110010011111101111111101011101
74
111111111011011111111110011111
200
101111001111111110111111111111
31
111111011111110001000011111101
102
111101111101111111110111101101
50
110111011111111110101111111111
88
111111111111101111011110001111
18
110010011111111111100011110010
44
111111011000101101110011010110
169
111111010111100111111101111101
181
111100111101011111111111111110
148
100111111110110111011110111111
112
111111111010011110101111011111
188
11101111011111111111101011111
186
11110101111111010111111111100
20
110111111110100111110011111101
89
11111111011101111011111111111
72
111101011010111101110110001011
45
111111111111011111011011010111
61
111111011011001111111111101111
149
101011111011101111101111110011
63
110101111101111101000111101101
107
111111110111111111111111110011
7
10111111101101111011111110111
85
1111010111001111111110111111
19
110111111111110111010101111101
57
111111111111101111110100111
167
111101111111111111101111111111
159
11111110111011111011111110111
127
110010011111101110111111101111
94
11111000111111100101001111001
14
111001010111111111111110110011
105
11111111111110010111111111011
89
110110100111111111110110111111
76
111111011111111101100111010111
155
111101111111001011110110111010
141
11111111111111111011011101111
138
111111111001111011111111010011
10
111111110101101111011110101011
69
110101111111111111011110111111
51
100111111111110110011101011111
86
110111101111101011101111111111
29
111111111111111011110011110101
71
111110111110111111111111111111
87
111111111111111011101111111110
24
111111111101110011101111111001
84
111111111011111111110110111111
128
111111011101100110010111011111
85
111111011111111111111011101110
155
111111111111100110100011011111
70
111111110111111011111111111111
189
1010111010111011111111101111
92
111111111100010111101100111111
47
110111111111111110011111111111
12
110111110111001111010011111111
182
101011111111101111010111111111
62
111110111111101111101101110111
148
111011111011111111010111111101
5
110111011101011111111111111110
156
11101111111111111010101101011
100
111111111110110111111111111111
8
111011010100011111111111111101
156
10111101111111111100111111100
9
111101111101111111110111111111
79
101110011011110110010101011111
160
110111100110111111011111111111
102
111001111101100101111101111111
40
110111001011110110011111101111
59
11110111010111111111111011111
133
1111111110111010011111011110
92
111111111110011111111111011101
187
111010111101111111111110011101
38
1101010101011101101011111110
195
110011001010010111111110111011
133
101111101001110111011111111100
27
111111111010011001110011101111
134
110111110110110111111100101011
196
111110111111101111101111111011
177
101110111111111011111110011110
128
110111110101110111111111111111
131
101011101001111011011111111111
106
111111111101010111100101100001
138
101111111111111101011111000111
44
11111111111110111110111110011
159
111011101111111110111101011111
36
111011010001111111111111111011
186
111111110111100110111110011101
90
111111100111111011111111111011
52
11111111111110111100111111111
103
111111100001101111111110111110
110
110011101111101111110111010110
116
110111110101011111101111111101
162
111101111111111101000111111101
170
11111111111111111001111111111
67
101111011111011111110101111111
116
111001000111111111111111110111
181
110001100111111111101111111011
50
11110110110111111111011111110
176
111111111101111111111101111111
185
110110111110110011111101110110
50
101110111111111111011111111111
174
111111111010111010111111111111
159
1111111111001100101111111111
156
101010111110011011110111111110
134
10111111101111011111101111111
30
111101111011111111111111111111
67
111111010011011011011111111111
125
111111111111111111111111111110
80
111011011001111111111111111101
15
10101111111111111101111101111
36
111110111100111111101010111110
42
111110111111010111110111011111
130
101111110111111110111110111011
93
111111110100111110111111101111
68
111111111011101111111111111011
183
111111011111110001111111111010
190
110111111111101101101111101111
147
101101111111110111111101111011
94
11011011111111111011011101111
20
111111111111111101111101011110
106
101110001110111101011111111111
103
111110111111110110111011101110
51
111100111111111111111111011111
1
11111101101111111101111111011
172
111111111111111001111111101111
64
111101111111111101110001111111
12
11111111111011111111101110111
93
111111111001111110001111111111
190
101111000101111110101111111110
94
111111011111111101110111100111
68
101100111010101111111111011111
7
111111101111010011011110011110
120
111111111111011111101011100111
186
111110111011110010110001111110
161
111011111010011011111111011110
131
111111110101111111110111111100
116
111111111111110110111101111111
123
111111111111101111101111101110
158
111111011111110110010111111111
118
111010110011111100111111111110
192
111111101011111111111111101111
194
111111101111111111111111111111
67
111001111001110111100101111110
136
111011111111110101011011101110
52
11101110001000111100111001101
97
110111111101101111110010101111
52
111111111011011111111011111111
190
111101111110110111100010111010
21
111101001101111101111101111111
180
100100110011101011111111111001
54
101101111011111001111110111111
88
111110110111111010111111110101
173
101101111111110110101111111101
11
111101111001111010111011111110
197
110011111011111111111011111011
150
101111101000111011101101111100
195
111010110111010011101101111111
44
11111011111011111110110101111
99
111110111111111011111101011101
85
111011010110110110100011110111
169
11111110110011111011111101111
186
111111111110111111111111111111
83
11110111111110111111111111111
101
110111011111010111111101111111
163
111110011011111111011111111011
36
111111111111111101111101111110
159
111011001111001101111010001111
108
11011110101111111110111111011
69
110011101111111111010111111101
165
110111111111111101111001111111
37
110011111001001100011111111111
113
111110111010001011110011011010
155
101111110011110111111110001110
142
111111111101111111111110111100
47
11111111110111110001100111111
173
111111111110111011100001110111
160
10111111010111111101001111100
81
10101011111110111011110111011
126
101111010010111110111110111111
154
111111111111101010111101001010
184
100110100001101011111011111011
9
111011110111011111110110101111
8
1111110101011111111110111011
158
111110010111111111001111111111
69
111111111011111111111111111111
74
111011111111111111111111111011
89
110100110111111111100111101111
69
11111111010111111101111110101
11
10001011111111001110111111111
13
110110111011111111101011101011
16
111111111111001111111111101101
47
111111111011000011111011111100
32
11100011111111111110111000111
128
11111111111110011010111111111
144
101111100111111111110011111011
112
111110111111111110011101111011
4
111111101001101111111110111110
89
101111010101111111011111011111
180
1111111111111111011101111111
36
110110111111111111000110111011
157
110011110111100001111011101111
15
111011111111101111111011011011
54
111110110101110111101101011011
2
100111111111011111101111111101
172
101101111101111101110111111001
80
111111111101101010110111100111
114
11111111110101101111111011111
176
111111001110110111110001111001
18
111111111111011111110101111111
124
110111111111101111011111110111
142
111011111111011100110010111011
76
11101101001111111011011111111
183
111111100111001011111111100100
35
111011011111101111111110111111
140
111111111001110011111111011011
67
111101111111001111111111011111
116
111011011111111101101111110101
123
10110101111111011111001111111
130
11010111111111111111111111111
146
10111111011101011001110111101
38
111101011111110100110111111101
185
110111111111111011111111111111
192
111101111111101111011011100111
4
11110111111011101101010011110
33
101111110110110010101111111111
70
11110110111101010111100111111
96
110101111111101111111011111111
150
11110110101011011101111110110
151
111110111111001001111111011101
57
111111111111111111011101111000
96
1011111011111011101001010011
168
111111111111100111101111111111
176
101010011111111111101111101111
117
111001111011101011111110110101
129
100111111111111111110111111111
140
111111111101110010101110111111
146
101011101111111111111111111111
41
11111111110111011110111011101
187
111100111011111111101111111110
8
111111101111111101111101110111
170
101111111111101011111001011111
92
111111111011110110010111111101
168
111111111110101011011101111101
122
110110111111111101111110011111
90
111110111111111111101111101001
13
111011111110011111110011110100
119
110111111101111110011111111110
49
111011110011110111110111111011
107
111010111111110111000110111110
22
111111011101110111111111111111
49
111001111111011010111101111111
90
1111101111111111111101111111
149
111111001001101111011111111101
7
111101110011011110111101110110
67
110011100111111011111111111111
106
111101110101111111111110100010
93
111101111111011111110001100100
143
111011011101110111111100010111
111
111100101110100111111101111101
6
110111001010111111110011111011
71
111101111110111001111111110111
70
111111111111111101000011110101
179
101110110111111101111111111101
18
11110100011111111111011101111
115
100101110111111111101101101110
60
111111111001111111111011111111
103
110111011111001111111111111111
75
110011111111111010111111101010
160
111101000111101111011101111111
118
110111101111111111111101110111
80
111111110010101011111010111111
105
101011001111011111111100111101
10
111111001111111101011101110110
20
111011011111101101111111111110
92
111101011111111111111100011111
165
111111111111011110110111111011
150
111011110011111010011111011011
20
111101111111110101111111101110
19
111111011110111111101011100110
176
11111011111111111111110111111
137
11111011111100011011111010001
53
11011111111111011110111111111
2
111111101101111111111111111101
14
111111111111111111111110001010
185
111110011000101010101110111000
191
10111111111000010111111001001
171
111010101111111011011101111011
110
110111111111011011110010111111
108
11011011011110000111100111111
2
11111110011111111111101111110
42
111110111001110101111111111111
171
111111111111101011111110011111
171
11111111101111101111111111111
40
111111111111001101111111110011
126
1110110011011111101101110011
131
1111101110111110011111111010
109
101110111111011111111110001111
117
101100111111111110111101011101
106
110100111111111011111110101101
29
110110111010011101111010110101
127
111110100111111001011111101001
148
111111111011011001100001110001
143
111101010110111000111101001111
133
111111111111111110111111101111
142
111110011111111101111101101111
62
110111110111101011011101101111
173
111101111001111011011111011101
175
110010001101101011111101111111
61
110111110101011111111111011111
139
11101111011111111010111111111
55
110110111011110111111111101000
143
100101111110110011111010110111
18
111111011110111110111111011101
59
111011110111111111111111111011
61
111111111111010111111101101100
1
11011111001101111111111101111
106
111110111110110011111111111111
193
111011001111111011101111111001
44
111101111111110011111001110110
58
101111010100111111111111001110
4
110111111111111111111101011101
152
111111111111011111101111100100
90
111001011110101101011110111110
131
111111011011011111111110111010
165
110111011011111101011011011111
88
111111111111001010110111101101
100
111111110001111011110101111101
113
101111110111110011101111111111
89
111011101111111111101110101111
1
100111111110011101010011101111
57
11001100010111101101110110111
137
111111101011111111111111110110
143
110101001010011101111111111101
6
11111101111001111110010101100
97
111111101111100111101111111111
167
1010100111011011101111110110
175
111111011101111111011111111111
167
111101110011110111110101111101
139
111111111011111110010101111111
127
110010011001001111111111110101
199
111111100010110001111111001111
193
11111011101011010111111111111
172
111111111010111111101111101101
23
110011111111111011111111111110
126
11111101001111010111101111010
132
111101111111101110011101111111
3
110100111011011111111111111011
127
11111111111111100110111111111
169
110111111011111011110111001111
34
111111111111101111111111111111
16
101111001110111101110111111110
131
111110111111101111111111010111
131
110111101111111111111110111111
124
101111101111101111101111101111
88
111111101111111110111101111111
47
110110111111111111111101101111
131
111111111111010111111111100111
73
111011111111001111111011111111
78
10111110011111111100111111110
54
100011000011111110101001111101
89
110111111101111011011110111111
77
101111111111111111111111111111
31
11001111110111011011111111110
157
111011111111011101100010111011
172
101001011111111011010101111011
131
110010011011111111110111111101
38
101111101101011101111111011111
195
111111111010111101111011111111
137
101110001111111111111111011111
114
1111110111111111100010111011
175
110011111101111111111111111001
184
111100110110101110111111111111
166
111101111111111011111101101110
46
100011110011111011111101111111
150
101011111110101110111111110111
148
11010111110101111101011101011
137
111111110011101011110111101111
137
111111111101110101111011110111
131
101110111110110001100101101000
90
101111011111011011101110111110
23
110011011111101101111111111101
31
101101110111111011110110111001
52
111111110011111110011111101101
91
100001101111011111111110101111
32
110110111111111111101001111111
171
111101011111110101101110101111
80
10101111101011110011110101111
67
111111110011110011111111101111
38
111111111111111011111110011111
102
10111101111111011111101101111
55
111111010011111111111110101101
100
111111111101111111011111111111
2
101101111111111110001101111000
29
111110101111110000111111000111
84
10110111111010100111111011111
106
110111111111111011110110111111
162
1111111111111011011000110101
28
11110101111111111111011011111
196
111011011101111011111011111111
169
110111110111111111111111111111
185
111101100111111110110111011111
42
111110110111111101111111101011
55
111101011111101011111111111111
26
101010101111101111111111110101
180
111111111110011111101110111010
73
110111111011111111101110110111
173
111110111111111111100111111110
15
111111011100110101111111111111
1
111111111111111110110011010111
115
110111101111101110111111111111
12
110111011111111111111111111111
95
111110111111011111111111100011
122
111111011101111001111110110111
101
101111111111001111111111111010
166
111111110111011011110101111110
56
101111001111011101101011110111
49
111110111010110110111011111101
101
1111111011011111001111111111
12
111111110111111101111110011111
114
101110101101111101111011010111
117
110111110111010111110111111001
103
111110101111101111111111111110
118
10111010011111000011111110111
86
110011101001101011111100011111
178
111111111111111111110111111111
91
101001110101011101101111111011
156
110111111010111111111100111111
120
11111111011001111101110101111
161
111111111110011111111101111111
48
11111111111101011110010110111
151
11111101111111101010111111111
76
100111101111111111101011111101
129
111011111110011111111111011111
1
110101110111111111111111110011
15
111011111110110111111111011111
131
1110011101111010111110111111
96
101111111111110111111111100011
142
111101110111011011111111111111
195
101111011111110011101011010111
98
11011110111011111101011011110
13
101111010101110011101111100011
200
10011111111111110111111111111
29
110111101100111011101111110111
52
111011011110101101111110101110
132
10111111110101101011111101111
55
11011011001111111111011111111
137
111101101111100111010010110111
143
1101110011110111110011101101
126
110100111111111111111011001111
155
111111111111110110111111101111
177
111111111111011101111100111011
78
111111110110111100101100111111
170
101001111110111000011101011011
88
1111111110111111110110111101
122
111111111111111111011101011110
18
111111101111111111001111111111
31
111111111111111111111001111101
183
110011111111111010011111111001
54
111111110111011100111011100111
112
111111101111111001111111111110
134
111011111110111111111111110111
130
100110111010111111101111111111
17
110011011111111111000011110111
197
11111111110111111101011110111
78
111101110100011111101111111110
197
111111001110110111101110011101
59
111111111111011111111011110011
138
111011111011110000111110100111
82
111111111111011110111111011111
81
111111011011111111111011111111
73
111011111011101001111111111011
162
1001110001111101111111111111
105
111111111110001111111111111111
124
1101101111111111111111011111
141
11111011111111011111011011101
31
111101101011111111110111010111
187
111111111011111101111100101011
194
111110111111011110110110111011
79
101101001111110111111111111111
6
110010110110111111110011011111
93
101111001111010111111011101011
28
111111111110011101111110011111
166
101011111111111101101101110111
5
11011010111101110010111011111
127
111111111111111001111111111110
168
10111101100111110100111001111
1
111111110110101110110111111011
68
111101111111111111011111011010
49
101011111111111111111110111111
124
111111111111101110111001101101
85
11111111110110010111111111101
53
101110011010110111111100101111
155
111111110101110111111111110101
200
101100111111101111111011111111
153
101111110111111111111111111101
1
101111110111111011111110111110
131
111110110111111111111111101100
49
101110111111001110111101111011
13
111110101001101101110011011011
156
110110111111111111111111111101
5
110111000110111110111111101111
96
111101111101100111100111101111
132
1111111110111111101111111111
67
11111011101111111111011100011
35
111110111110111101110011001011
138
111101101101111101101101011101
82
111111110110111111111111011111
5
11100001111011111100111111110
11
110111110111101101111111011111
76
101111111111011011111111111110
2
111110111011111111111111111001
192
111111111111111110111111111111
106
101111011101101100110101101110
182
111100100111010011111101111101
137
111111010111010110110111010111
69
110111111111101110011111111110
113
111100101011011111111101100111
103
111111011111011111110111111110
47
111111001101010101111111011011
153
111111110110011010110110001001
176
101111111101111111001110100011
91
101111110111111110101110110100
5
111110111001111111101110111111
64
111111110001101001111111010111
54
101111101001101001111111011111
45
111111111101111111111111111101
167
111111001110111111111111111110
157
111111111111110111010011111111
59
1111101110110111101011110111
181
101110111110111010111101011110
129
111011011101111011011111101011
196
111111111111111011111111111
95
110111011111111111100111111101
12
110110111111101111100110011011
168
110101110111011111111111111011
119
11110100011011111111111111111
11
111111111101111011011111110111
15
11111101011101111111111001010
158
111110111101110110111111110111
129
111111111111010111011111111111
9
110111101111101111101101110111
159
11110111111110111111111111110
142
111110111111101111101110101110
45
111111011001111111011111011011
17
1111000011111111110111111011
113
101111100111111111001001100101
133
11100011111111111111111111111
116
100101111111011111111111100100
128
110110011111101110111101101001
69
101101110100010110101111001111
32
101110111100011101111111011011
148
111101111111111111111111111110
129
101111111011010110011111111101
194
111001101111011101011001111011
195
111111111101111111111011011111
132
10111011101111101111101111
180
1011110111111110011001011111
4
111101110111111110011111101110
76
101110101110100011110111011110
48
111111111111111111111101111111
53
111111111110010101111011111011
94
111101111111101111111110011001
87
110011111101111110111111111101
105
111111101011011111111111111011
124
111011011111110111011111110001
15
11110011111010111111110111010
95
111011011111111011111111011011
27
111111100111100111111110011111
37
101010001101111111111111110111
128
11111101111111100001101101111
66
111111111111111011101111101000
138
111111111011101111011011110101
18
110111111111001111101111110111
8
111101101111110110111111111111
163
111111011111101011111101011111
72
110101101101111111100011111111
184
100111001011101110111011110111
13
101111011101111101110111111111
146
10101100101111011111111110101
193
110111101111111011111011101111
36
101111110111111111110110111111
184
11111101101101111101111101111
145
111101111110010110111101111011
126
111101001111111111111111111111
150
111011110111011111011001111111
160
111101101001011111101111111111
64
101101111111111110111101010111
122
110111110110111111111011101101
174
111111111111101101111111111011
117
100111111011010001111110110110
135
110011111111111111111010111110
103
111111011011011011111111111111
105
111110101111111111101111111111
95
101111111111101101111111111100
159
100111111111101100111111111111
151
11111101111111111111101111001
159
11100110101111111011101111011
57
111110111010011101111111010111
103
111111101101101111111111011111
194
111111110011111101111100111111
139
111111111111110011010110111111
123
111011110001101010111001111011
77
101111111110111101101111110111
80
101110110011111110101101111111
24
11100111110111111111011111111
196
101001111011111111101111001111
29
111111100111101011011111101101
150
111011011010011110111111111111
113
111111111111011110101110111010
55
111011111111111111110001011111
166
11101011111111111111101111100
21
111110110111110011011111110110
189
110011111111110011111100111111
36
111011011111111111110111111001
177
111110111111110111100111010111
10
111111111010010010111111011111
44
111110111011111101110011111011
16
111010101001011111101101011111
109
111111111100010111111011111111
48
111111011111001111110001101011
187
11111111111101111111111111111
75
101101110101110111101101111111
125
110111111101111111110111000011
52
1111010111111111101111000111
119
100111111111110111011110111111
133
111111010111111111011101101111
7
11101111111111100110111011101
151
111111110111111111011111111110
52
11111101110111111111111011111
190
110111101111101011111111111110
116
111101011110110111110100111111
85
111011101110111111111111111100
184
111111111001101100111111111111
161
111110111101011101111101111111
55
111110101011111111100111111111
184
111110011111101100101101111111
163
110111110110111111111111111101
151
11111111101111111111101111101
197
101111011111000101101111111011
159
110011001101111101111111111011
184
111011101111001110111111011111
109
111111101101101111110111111101
153
101111101111111100111101001110
118
111011101001111111111110001111
58
110010110111111011110101000101
86
11111111111110111110111010111
89
110111111001111111100111101111
63
100111111011111111101111111111
158
101111111011111111011111101101
190
11011101111111111111111111100
185
101111111111111111011001111111
61
101111111011111111111111101001
38
111101011101011011111111101010
164
111111011101011111111111111010
61
101001111011111111111010111111
2
110111111101001111110111101111
38
111110100111111110111101011111
129
111111010100111111111011111011
188
111100001101111110111111111010
64
111111101111111111011111011011
80
111111110111111111001100101110
33
11110001111011111111111111111
178
111110111110011101111011011111
165
11101011000101111011101111111
45
111111110111110111010111111111
44
101010101101111111101110111101
99
111000111010111111011100111111
76
11111110111011110111101110101
131
111111111111111111101111111001
53
110110011111111111011001111111
40
111101101111111111101111111111
22
111111111010111010111100011111
61
1111111111111010111011111111
188
101100110011001111111100110011
35
110111101110111111010101111111
150
111111101101111001111111111110
195
101100111011110111111111111111
65
111011111111111100111101111111
101
11111001111101010011111011111
190
11111111101111111011111011111
134
111111000111011111110110001111
29
111111111010111111011111110111
7
111101100011111111100011111111
25
111111110111111111111011110011
100
11011111111111111111001111111
23
110111111111101100011110011101
138
111111101101111101111011101111
142
111011000111111111111111011111
182
111111001101111101111111111111
110
111111111101111110101111101111
73
111110111001111111101100110111
21
110101111111101110101101011011
122
111011110111011111111111011101
13
111111110111110111110111111111
166
1111100111001111111111111110
30
11101110100001011111101100011
63
111111111010111111011110111011
40
111010111110010101011011111110
185
110110111111110011110111011111
79
111111111101001111111111111110
144
110011111101111111101110111110
151
111011001111110111111101111111
104
111111101111111111100111110101
72
111111111111111111011010101111
73
11110111101111011111111111111
150
111011111110011101110111111101
107
110110101111111111111111110111
179
111011111111110001111011011110
103
111010101011101111111111011101
43
110111111111101001111110100111
53
111111110101111111111100011010
46
111101011110111110011101110111
105
111111110101111001101101111111
18
10110111111111111011101101111
130
101111111111111101111111111111
27
110111101111111101110111101111
173
111100111111011011110110101111
50
111111111111110001011111111001
37
10111101111111110011111001110
196
110010100111111110111111111111
190
111111101111110111101111111111
160
110101110111111111110111110111
119
111101111111111111111011110101
175
11111101101111111111101011111
166
11111000011111111100011111111
153
111111111100011111011111111110
155
111111011111101101101101011111
12
11011110111111010011111010111
166
111101011111011111111111110111
21
110101111111101111111111101
67
111111111101111001101111110111
89
110101111111111110000110111111
99
101011110111111010110010111111
56
111111011111010111111011111111
80
111101111001110111111110100111
199
110111110101011110111111111111
175
111111101111111110111111101111
83
111100111101111111111100111111
149
111011111101111111111111110111
174
111110110011111111101111111011
199
111111111111110110111011101101
143
111110011101111111011111101011
87
101111111111100110111100100110
90
111110100110101111011001111111
40
111101111111011111011111111110
45
111111111101110110111111111110
64
111111011010011111111011101011
171
110110100011101111010001111111
139
111111110011111101101111101110
154
110111011110101110011110111011
94
1111101111111101111111111111
3
111111111110111111111011111111
34
111111111101110111111111110111
169
110111111111110010110001111111
57
111011111111011111111110111111
148
111111111111011111111000011001
170
111111110011101110011111011111
32
101010101110111111111111110101
196
111111111111111111111101001101
126
111111101010111011111111010111
185
111110111110111010011111110101
82
110111010101111001111111111101
56
110011011111111110111101101011
2
111110110000111101111111111111
119
111111111011110110111111011110
25
111111001010001111110111111111
158
111111111101110101110111101111
186
111111111001111111111111111111
181
11011111110111111111111011111
2
111011110111111111111111011111
192
111011111111111111111111111111
2
101101110111100111110111011111
180
110111111111110110110101010011
102
111101111111111111011111111101
98
111111111111111111111110011110
174
101001111111110111011101110111
162
111111011110111110111111111110
101
101011111110111111111110111011
97
110011110111011111101101111111
8
101101111111111101111110010111
108
111111111110111110001111111111
20
111110111110111100101111111101
129
111110011011111101101111111111
43
100111111110101111101011111111
131
101111010011001111111011101111
101
111111110111111111111111001101
122
110111011011100011011111011111
114
111111100111111011011111111111
25
111001111111110111111101111111
86
101110111111100111111111111101
136
11111111100100011110111111100
164
111011011111101100111110110111
118
111111011111111111101111110111
170
101111101111111111111111111011
165
11011011111111111011111110110
27
11111111101011111111100011111
192
100110010111100011101011111111
72
111011111011111101111110001101
73
1110110111111001111110011111
189
111111111110101111111110111101
142
111111111111101011111111111111
139
111011101111111111110011110111
196
111111111110111111010011111110
132
1111011100101011111111111111
42
111101101111110111111101111111
34
111101101111110111111111100111
48
111111101111100101010111110111
65
110110011111011110110110111000
152
101110001111111101111111111111
109
110111111111101111110101111111
145
11011010111100011111111101110
59
111111111110011101111110111111
40
111110110101011011011111100111
134
11111101111011111111111011111
105
111111110111111111011101111
195
111110111111111100011011111111
51
11011011110100100101110101011
118
110111111010100111111101010001
98
101111111101111111111011111111
136
111111111111011111111110011111
81
111100011101111111111111110011
105
11111111011111101101011101011
143
110111111111101110101111110111
29
101110010111111111111110101111
74
111111111111111111100011101011
155
111111111111011111001111001110
37
111111111111110111110111111101
10
111011110111001111111111111111
74
111000101110110111101111010011
20
111111111111111111111101111011
101
111111011001101110110001101111
157
111100111111111011111011110111
135
111110111111101110111110111110
78
110111011011111111111111011110
179
100100101010101110111011101111
107
111111110111110111111011011000
173
111111110101111111110110111010
150
11011111111001111111111011111
19
11110000111111111101110111111
29
111110011110011111111110111010
96
101011111111011110111011111111
121
11101111111110111010111101111
178
110001011111111111100010101100
72
101111111111110011011101111111
18
111111011111111011011111111111
152
11111111111111111110011101101
191
111011111111111000111111111100
3
101010101111111101111110110111
83
101111110011111110111111111010
114
111000101110101001101110001011
178
111110101111001111011111001111
82
110101101111101101110111111101
128
111110111101101111000001111111
60
100111111011011011111110010111
92
110111111111111100101111111111
34
111111111111011101111011100110
166
111100110111111001111111111101
127
11111001111111001010111110111
110
110111111011111111111100101111
98
111110111111111111010111111111
93
111011101111111011100101100111
27
111101011111001111111011111111
128
111011111101101100111000110101
81
101110111101110100110011011111
12
101111111110110111101111101011
5
111011101111111101110111111111
123
111001111101111101110111111010
181
111111111011010111101101101101
108
101100101111101111110111111000
80
110111110111111000000111111011
88
111111011110110110010111110111
167
110000101101111111111101111110
164
111011010011111111101111011011
197
11011111111110111111101101111
50
111010101111110111011111111111
127
111111101011111011101110010001
47
110111111110010111101101111101
174
111111111111111101111101010111
45
11011101111111101111111101111
132
101100010100101111111111111010
34
111101101111111111101111111001
159
111111110100111010101111111011
39
111011111111110111111001101011
167
111111101101111111110111111101
189
110111011110001100111101111101
52
100111111111111101111110111101
187
111110111111111111111111110111
56
101110111111101011111111011110
55
111111111111111100111111111110
191
111100111111100111011111111011
184
101101011111111111011111011011
119
111100110111111110111111011011
26
111011101010110111100111110101
3
101111111110111111101111011110
104
111111110111101010111111111111
156
111111111011110111101111111111
149
100111101111110111011111111111
144
111001111111111111110010001111
74
110101111111011111111011111011
157
110011110011011111111111110100
10
101111111111111111111101001111
14
111111111111111111111101001100
185
111010110110010111111111111111
23
111111101110111110111111111010
130
10111111110111110111111111111
196
111111111011100101111011110110
41
11110001111110110110101111111
194
11011111111110111111011111111
19
111110111101101010111110111111
119
111101100101101101111110101111
172
100111111111010111111011101111
168
110010111111101111100111111100
132
111110111111101111110101101011
165
101111111010011111111011111111
96
111111010111111111111111011111
109
111111111101010111101101111110
26
111111111110111111011111111110
83
11011111101011111111011111010
121
110111111110111111011001010011
178
111011011011111011111110111101
71
111001111101101111011111011011
114
110011110011111110101111111111
18
11101111110011111111011110110
193
101110001111001011011111011111
110
10011011011011110101110111111
12
111001101011101101111101111110
30
11111111111011010110110111110
43
111101011110111011110111111111
188
110001001111100111101111111111
25
110111101001100111111011111110
173
111101011111110111110001111101
34
111110101110111101011110100110
37
101111111010111111111111110101
30
111111101111010111110110111111
121
110111111111111111101111111010
87
110011011111111111111011111111
39
101010111011111011111111110011
192
100011110111111111001111110110
181
111111110111011111111011011111
67
101010110111100111101110111011
31
10111010111011111011110111111
138
110010011111111111111011111111
96
110011011111110111100011111101
184
111101101100111111011111111011
45
110101111111110000111110011111
132
111011111111111101110111111111
41
1011111111101100111011111111
185
111111111111111110101101111100
184
110101111111111111111011111101
159
10100011111111101110001100010
2
10000011110111001101111101110
146
110111111111111111011011110011
14
11111101110111111111110111111
51
111111111111010011101011011111
129
111110001111000111111010010111
57
111101000110101111111111011100
20
111111111101101011101001100111
33
111101111110111111111011011111
185
111111111110011111111110101110
59
110110100111101111111111010111
182
111001110101011011111111011010
14
101111101111011111111110011111
28
111011111101111011101111111110
72
111111111101110011111111110110
108
111101111111111011111111110101
144
111110011111110111111111011110
143
11011111011011011101001101011
58
111101100011111101111110111111
195
111111110111110111111010011111
154
110110111110101011101111111110
126
11010111010111110011110111111
117
101111110111111111111101111101
62
110011111001111111101111111111
176
111011111111110111101011111001
35
110110111111111011110101011100
86
111111111111111111011111111111
41
11111101111111111110111111100
160
111111011100001111111111001111
18
110011111111011111011011111111
79
11011010111111100010111101
88
101111111110010111111001001111
178
101011111111111111111111111110
98
111011111111111111111111101111
5
100011101111001110010111101110
115
11111011111111111011011111110
154
111111001111111111111001011111
94
101100111111111111101011001101
34
110010100111111101111111111111
153
11111111111011110010100110111
61
11110001101101111011110111111
124
101101011111111111101110101001
170
1011111101111101111011100111
109
101011111111111101110011111100
126
11110011111111011111111111110
196
111010111110111100111111111111
55
11111100111111111111111111101
137
111110111111110110111011010001
33
111111011110111111111111011111
183
11110011111111111011111111110
120
100111111001111111110111111010
47
11111101010111111011111111111
164
11000111001101111111111111011
84
111000101111111111110110100111
146
110110111111111111111111111111
1
101011100001101100111111110111
63
111111111101101111111111110110
182
111111111111111011111101010111
180
111101011101101111011111111111
118
111111111101111111111111111111
178
111101011111111111111111111100
50
111111111100111110111111101100
13
11110011101111111010010111111
25
111111111101101111111111110001
168
111111010101111110011011111111
197
1111000011101111110011111110
161
11101110101111111111011111101
189
10111111100111111100111011101
67
111011011111111010111111011101
39
11111111111111111011111111111
162
111111111111111111110111110101
185
100111110111111101111110111100
141
110100111110111111100111100111
93
111111001101010111111101111111
173
111111101101111111111110111100
139
101111111100101110011101101100
86
101111101100111011111100101011
143
111101110111011111111101111111
25
111111111101110111111111101101
172
110110010111111001111011111110
61
110111111101110100111111110101
57
100101011011010011011011101111
65
111110111100011111011011111111
34
101011111111111011111111110111
138
111111110111111111111011111111
124
11011010111111011111111101110
68
110101001111011111101101011111
11
110001111111111111101000011110
176
111111111110111110111111111011
179
111111110011111111111111011111
112
111111111111111011111111110011
132
111010101010111010111010001111
94
101111011111101111011010111011
107
111111111111011111111011111101
135
111110111011111011110111111111
160
11111111111111010111110111011
171
111101011111111000111111010101
186
111001011111100110110111010111
99
111111111111101111101110000111
100
111111111111111011000111111011
175
111111011100111111110111111111
125
110110100111110101111010111110
121
111111110111111111011110111101
125
111111111110100110011011111101
180
111111111111011111111111111111
7
110111010101011111010111001111
89
111111010101111111111110111101
42
110111110111101110111111011010
56
111111101100110111111110101111
101
111011111111111111111110111111
46
111011101111111100111111111001
133
11110110111111101111111111110
141
111111011011000001001111111011
83
100110111111011111111111110111
189
11111110111111110110111011110
17
111111101110111110111011010011
198
110111101111111101111111111011
134
111111111111101110111111111011
184
111101110111011000011111111110
2
111101111111101001101111111110
158
11111110101101010111111111111
60
101111111001111111011111111111
48
10111111111111110111011011111
41
110111111111101100111111111
152
11010100101011111111111110110
186
101011111011100100110111011101
172
110000111011101110011111110011
13
101111101111111111111101111010
90
100111111101111111111111111010
169
11110111111111111110101111111
37
111111101111001100110111010101
129
111111110001111111101111101011
26
110111110111111111101111111111
86
111110110111111111111111111111
155
111101111111011111011001101111
81
110111011010001111111111111100
38
110010111101111111011111111111
93
101110111100100011110110111111
35
111111111111111111110111111011
82
11010111111111100110111111110
184
1010111111011111111110111111
190
101111111111011011111111111111
93
111111111111010011111111111011
194
111111011111010011001111111101
114
110110111110101101101101111111
171
111111011111111011111111011111
46
111111111111111001110111111111
95
111111111111010110111111111111
178
110111111011011101111101111011
151
11011011111111001111111111111
94
111111111111011111111011111111
38
111111010111011101111010111111
52
110110111110101011110110111011
184
11110111111111111001111110110
52
11011111101111110001111111111
103
101111111110000111111111110111
181
111111011111111110111111011111
47
111101101011110111111111111011
1
101111111111111111110111111011
60
111011011111111101110111111111
136
111011100001011111011111011101
66
11100010101111100001011111111
140
11110001011110111110111011111
28
111110110111110111000111101010
143
110000111110111111111001111111
58
111111111101110110111100111111
47
111110101100111111111110111101
130
111110011111110110011111111101
156
111111101111011111011010111111
177
101011110110111111011110111101
188
111011111111111100101110011111
14
111111101111111110011111111011
10
11011101001111011100111011101
131
111111111101111111111100110111
154
11111111110011111110111011001
122
111111111101111111111011111111
101
111111100001111111111101111110
157
10011111011111010111111110111
199
111111010111110111111101101010
77
111100111111111101111111011111
43
111001101100101111111101111111
134
11111011001111001111011110111
98
111111011111001011111110111110
153
11001100101011111010111111111
5
111111011101111111001011111010
181
111111111011011001111010101111
35
110001111111101100111101011111
185
111011111111110011000111101101
166
101111111110110111010111111011
72
111110111111101111101111111111
126
111111100111111111111110111111
83
111111101011101111111111111111
4
111101101111010111111110111111
55
111011101110111100011111111110
175
111101110111111011000110111111
184
110111101101011101101101111101
131
11010111100111101110111111111
78
1111110111110111111111110111
80
111111111111101111000011111111
80
110111111010101111111111111110
136
101001011101111111101111111101
188
110111101110101110111111011111
130
111111011011111011101111110111
183
101111111101110111110111111101
157
101111110111111111011110111001
147
111011111111111100110111111001
198
110101110111011111111110100111
146
111011011111111101011111111111
122
111111011111111011111111111001
186
110001111111100111101110011111
192
1110111111111101111110110110
46
110111101100101111011110100001
149
111111101111101111111110110110
95
111011111011111000011111111101
9
111101110111100111111101100110
168
111111101111001111011111101111
95
101111101001010011111111111111
187
10111111111110111010111111111
69
11011110110110111110101011111
108
11111111010101111110111110111
130
11011111111101111110101111111
149
1101111110101101111111011011
36
11111111111100001111101111111
107
101100101111011111100111111111
90
111111110011010111111111111111
4
111111111111111101010111111
157
111111111111011111111110111
27
111111011010101111001111111110
184
111111110101110001110110111111
146
111111111101110111100011101111
72
101011101111111010111110010111
119
101111111110110111110111111111
143
101111111111111111111111101111
164
111111111111010111111101010111
63
11111111001011111101111001111
116
111101110111110111111111011111
81
111111111011100100111010111101
124
110110011111111101111010111111
169
111111110110111111110111111111
8
111111011111100111111000101110
112
111111111111101111100111110111
103
111111011011110010110111111111
28
111100100111111111111111111101
127
111111111111101111111111101111
134
1111111110111100100111011011
139
10011111011101001100111011111
136
110101111111110100101111111011
137
1111111101110111111101101111
180
11101111111111011111111111110
153
111110111111111111110110111111
196
111101011100101111111101011010
134
1111111111111110111001111111
4
101011111111111110110111011111
2
111111111101101111111011110111
5
110101110111111011111101111111
104
11111111110111111100111011111
103
111111101111101111111111100011
57
111101111101111111100100111001
200
111110111101111111111111110111
13
111011111111111110111111111111
88
110111101111111110111111111101
133
111110101111110111010111111
186
111111111110111111010111101011
53
101111011011110100111110101111
53
111111111101111011111111010111
27
10111111111011101101111111111
47
11111101111110111110110011011
22
111111111101011111101110111111
91
111101100111111111111011111011
15
11101110110111011011111111101
93
111101011101010110110011111111
120
111111111011111111101101111110
116
111111111101101110111011010101
134
111101111111111101101111001110
22
110111111111111111110111111111
65
111111101111111001101101101111
153
11111001001011111101111101111
78
110110111111111110110101111101
192
10111110111111101111110111111
74
111111111101011111111111111111
88
111110111101111001000011111110
182
11111011111111111011111110111
48
110110110110101111101110100111
67
111110100111111101011110111111
64
110101111100011011110110111101
147
101111110111011111111111111111
163
111110010111011011110110110101
116
110011110111111010011101111010
141
101111111111001111111111010111
106
110101111111111111111011011110
11
110001011110101111111010011111
98
111011101011110111111101111111
124
111111111111111111011111011111
148
110111111111010111011111100010
106
111011000110101010111111011111
71
101111111111111010011010111111
43
11010101110111111111111110111
65
11101111110111110111101101111
11
101101110111111111111111111101
62
111101111111110110001011111101
111
111011111011111011101100111001
68
110111110111111111101011011111
56
11110111110101111111011111111
149
111111111101111010111101101111
68
111111111110111111111111110010
6
111011011111101101111011111011
144
11111011111101111101111110011
15
110111011101111111101111111110
127
111110111111111101101111111111
178
111101111011001111111011101111
90
100110110111111111011111111010
82
111110101111110111111101111111
40
111011001111101111111011111111
171
111111110000111111101111111001
81
101001110110110110111110111111
149
111111111111111111111111110111
111
101011111111011111010101111111
93
111011010000101111111011111011
10
11111101101011101111111111110
127
111101101011111011101111011101
11
111101101111110101110001011111
85
111111111110111100100101111011
25
10110011010011001111111110111
53
111111101110111100110111111110
116
100110111111001111111111111110
192
10011100111001100110111111010
128
1101110110111011111011011111
54
101111110111111010111001100101
71
111111110101010111111010011111
155
101101011111111111111110111111
196
110111001110111111111111011111
175
111111111111101111011111110011
53
110011111111101111011111001111
163
111111111110101110111111111111
86
111111110111111111111111111111
28
101111011111100111010101111110
198
111110111111111011110011110111
148
10011111011010111101101110111
52
111011011110111111101011111101
74
101110110111111111010111111101
83
111011011111111010001011011011
125
111011101111111100101111011111
169
111100110011100111111101111011
103
110110110111111111010111111111
164
110111111111111101110111011101
150
100010100111111111111011110111
23
10111111111100110110101111111
117
111101111101111010111110101111
83
101110111011110111111111001100
52
111101111011111111111111011111
21
111111111111111101111111011110
60
111010111011111111111111111111
106
111111110111111111101101111111
1
111101111111001111110111111111
86
11111111011110111011010101111
68
111011111111111100101111010111
106
110111111111110111110110111111
185
111011001011111111111001101111
60
101111010101111110011111100111
158
11111011111011111101111001110
23
111101110111101111111111111101
132
1111111111010001101001111101
35
111101001111110111011110111000
200
111110111101111111111111010001
58
111010011101111011111100100011
127
111101111011111111101111110111
142
10101101111011101011111111111
115
100111111111111111111111111101
57
1111111110011011101111111111
146
11111101111100011111111111110
181
111001100011010111110001101111
198
110101000110111101110101111111
55
110100100011111111011001111111
178
11011111011111111101111111111
18
1011111111101100111111111111
55
111110111111111111111001101111
176
111011111111111001110111111011
192
101101111111110111111111111111
60
110011111111111000110101111111
29
101010111101011110011011111011
132
111111111001101101110111101010
19
110111101111010100111111110111
66
111111111110111111101101011111
25
111111101111110111111100111111
96
101111101111101011011110011111
87
101111110010111111111111111111
120
111111111100111111111111101000
112
111111011010111111110011111110
42
111111101010111101111111111110
171
111111111011111010111101111111
88
111111100111110110111110110111
93
111110111111101111111111010011
124
111011111110011011001111111111
64
101111111111111101111111100111
39
111101111111111101111110101101
146
1111010111101111111101010011
81
111011101111001101111111110111
134
101111110011111100011011111111
183
111111110111011111011101110011
178
111111111101111111011101101111
143
111111111111111111101111111110
28
111111100100011111101101111111
50
1111101111111011101101111111
165
111111111011111110110110011011
176
11111111101011101111111101101
30
111111111111110111111111011011
30
111110001111111111110110011101
167
11011111101111111001011010111
76
11111101110101101111101111011
6
11111011111101111111011111110
131
111101111111111011111111011110
127
111111011111111101111111111111
96
111111101111111100110111000011
16
111001110011110010111111011011
108
111110111101111101111111111110
58
11011110111111111110111111101
188
111011011111111010111111111101
80
111101111111111110111111011011
43
111111111100100101101111111111
11
100111010110111101111001011111
146
10111011110110010111111101110
146
110101111111111011011101101111
192
101111101111111001101111111001
55
110111011011111111111101111111
116
111111110111111110111110101111
108
11111111111111111110111111111
5
111110110101111111110111111111
84
111110101111110111111011111110
20
111010011111100101011111001111
116
100111111011110111111101111011
31
111101101111111111110010011000
109
101111111110011011111101111101
61
101111111111011111111110111010
150
111110011111110111110110111111
132
111111010111001111111110111111
180
111111011011111111110101110011
173
111011101111111111111111111101
102
111001101111101101110111110011
18
111100111111101111010110011111
28
11101011111111101101111110110
6
100111111010101111111011111101
125
111110011011011110110100101111
104
11111111111111010111101111101
152
111111011010111010011111111111
26
111111111011110111111111110111
48
101101111111000100111010111110
93
101111110110111011111111111111
49
11101111111110111111110111101
3
111011101111111111110111101
39
110111101101111101111111011011
179
111101111010101111011111110011
96
111110101111100110111111111110
178
11111111011111011111101111111
186
111110111111011011001101111111
176
111011111111101111110101111110
1
101111111111110110111101111111
40
111111111001111011011101111111
23
110110001111111111111110111111
42
111111111111011111111101101101
86
10100111111010111111111101111
32
110100111101111111101011111111
110
111111111011011001111100111111
197
100011111110111111111011111111
75
111110111011111111111111010111
25
10110111101000100101111111000
182
101110111101111110011111101111
135
101011100010111111111110111101
188
110000111101101111110011111100
40
111111111001101111111011111011
79
111010001101011011111011111111
62
111111111011111111100110110110
36
1111011111111111100101111111
185
111110110110111111111101111100
167
1111111011011111001111111100
11
111110011111011111111111111111
151
111111111111101101111110101111
55
11010111111111111001110111111
39
111111100111101011101011111111
97
111011111111111110010111111011
193
110101111111111111101011111111
159
111111111111111101101110110111
88
11111101100011111111101110111
66
11011101110101111111110101111
119
111111111111010101111000111111
50
1111011100101111111111111001
68
110111111110111111011110111111
90
11111100010111111110111011011
183
110111111111111110111101111111
170
111111111111110101111110110111
74
111101111001111111111110011011
48
111001111111111101110111011111
43
101111100011110111011110111110
180
101110110010111111101100101001
187
111110101111111111111011111011
141
111011001111111010111111111111
126
111100101111110100011111110001
29
111111110101101111111100110111
176
111011111101101101111111001100
181
101111010111011111111001011101
122
100100111111101111010001111111
2
100111111111111111111111111110
139
111111111111111111100111011011
79
100111011011111111111111111111
169
101111011011101011111011101110
186
101110011111111110111100111111
83
111111111111011001111110110011
84
100110111111101111111011111111
154
111111111110111111111111111110
142
11111111011111111101101011111
43
1111111111111111111111111111
59
10111110111111111110111111110
152
11110100001000111101101100101
115
111110011110110100111101111011
164
111100101111101111011011101010
63
111101111111110011111011111101
23
101111001110011111111111101100
28
111111111111101111110101111100
181
111010011111011110111111101111
133
101111010111111100111011111111
32
110101100111111011001110100011
38
11111011111111111110001111111
38
101110100101111100111110111111
99
101101011111110111111101111010
199
111111101110111101011111111011
16
111101111111111101101111011111
33
110111101111100111111111111110
78
110111101111111110111100111111
147
11111110111111111111101011111
8
111011111111111101111110111110
128
1111111110111110101110111101
176
101111100110111101111111111111
128
111111111111011011010111111011
185
101011111111111101101011011111
14
101001111111111111111011100011
90
111111111101111111111111111011
70
111110111111111111011011111111
57
111111111101011111111111110100
10
111110001111101101011110111101
178
111111100111111101110111001111
140
110111111111111111110110101000
113
111010011101111111011111111110
149
11111101101110111011111111111
78
101110101111110010011111111111
9
111001101111111101111110111111
162
111110101111111111011101111111
31
111001101111100111110101011111
159
110111111111011110011111111111
5
111110011101111011011101111111
41
10011110110111111111111111101
63
111011111111101011111110111110
64
11011111011011011111111011010
46
111111111111111001111110111101
63
11110111110101100011011110111
172
111111100111011111111111111111
167
111111011111110111101110101111
70
111101001111110111111111111000
167
101111111101111110111111111101
25
111111101010110111101111111111
170
111111110011111111111111110111
54
111111111111111011111011110011
16
101111111111111010111011011001
4
101111101111111110111001111111
108
111111011111110111111111101101
103
11101111111010100111111111101
191
111011111111101101101011011011
111
111111111100111111000110111101
85
11111101111011111111111010110
52
100101111101111100110111111111
138
11011011010101011101011101011
93
111111001111111011111111111111
65
111111111101111111111011011101
133
11111101111101010111010110011
4
11111111001101111111101011111
133
11110111111111110101111011111
124
100111111111111111111011110110
147
11110111111110100111111111111
71
110111101101001111111111011111
2
111101111111111101111111111111
44
111111011011001110111111101
118
111111111111101011110110111010
28
101100111111111111111111111101
23
11111101111001110111110111111
80
111111101111111101110111101111
47
111111110101111111100110110110
111
101101011111110111111111111111
130
110101111111111101111101011111
3
111111101111110111111111111111
54
101111111111101111011111111111
131
11101011111111101111101010111
44
110111101110100010111111110110
56
111000011111111101111110111101
194
101111111101111111101001111011
155
111111110101111100101010110010
167
111111111111111111001110111111
22
101111011111111100111110110111
149
11111111111011111111110111111
91
111111110111111101111011110011
128
100101111111101111111100000111
178
111101111111111111111111110011
54
111101110001111111011111111101
143
110111110111111101111111111011
70
111011111111110110111111111111
124
111111101111101111111111110111
149
101100111111111111111101111111
141
111111111110111111110101101000
3
100101101101100111101111101110
195
11010111111111110000111111011
103
111111111010111110111101101111
200
110111011110111100111111111110
3
111111111111110111111111011111
152
11101111101111111111111001101
139
101111111111101111111111010111
122
111100010111101111101010100111
76
110111110111111011101101111111
15
111111111100010111011101111101
58
11011111111111111011111111111
69
11101111101111111111110111111
94
100111101110011110111111111111
53
111101111101101111111011110111
69
11111011111111110101011011001
137
11111111101111011011111011111
82
111111011011011111111001111111
120
110111111111101111111111101110
143
111010111111110111110111110111
194
101111101111111110111111010111
96
110111111111111111111011111010
76
101111111011001010101111111110
166
11111101111111110111111010101
62
111110111111111010011111111111
80
111110111111101111110101010111
156
111111111111111111110000001110
118
11111011101111101001111111011
93
111111111111111111110110000101
155
110110111111110110101111000111
142
111111110101111011110101101111
86
11011011111101011011111111111
185
110111100101111111110001111111
74
10111001111111111110101111110
87
10101101110111100111110110011
88
111011111111111101011011101101
23
11111111110110010011111101111
39
110011111101111111011101111111
105
101011111101101111100111111110
109
11101101111111101111111111101
17
111001111101101000010110111111
129
110110111111011101011111111011
49
101001101100111110101111111111
42
11111111101101111001110100011
189
111001001101111110111110111111
173
110011111111111111111101111111
32
111011111111101011111011111000
51
110111100101111000010011111011
46
101110111101111011010001101111
5
111110111011111101111011111110
38
110111111101111111111111110011
29
111111111011111111111111011111
152
111111111111001111111100111111
52
111101000010111111111110101101
167
11111011011111111111111111111
93
110111101111111110110000111010
199
11110001111110001101101111111
109
101111110111110110011011111001
108
11111111111101001011110011110
41
111100111110111110111111011101
156
11111111110111011111111001111
56
10011101101000011011011101101
96
111111111100111100110111111111
88
111111111010110100111111111110
57
11101110111100111110101011011
53
111111101110110111111111110111
187
10110111111111111111111111101
52
111111110110101110111011111111
68
101111111111011111111111101111
187
111001110110101111111111111001
192
111111001111111101111011101111
164
111111001111111111101111110111
191
1111111011111111011111110101
90
111111001111011111111111110111
50
11111100111111111111111111111
85
111001110111111001111111111101
167
110011101011111010111011111110
192
101111011100111111110111110111
116
111010011111011011110001111101
95
111101111100111110011111111111
107
111111110100111111110111110011
10
11110111111111111111011101011
149
11111110111110001101011100111
101
110111111111001111010010010101
159
100110111111111101101111100111
126
110111110111101101011110111101
47
110001111111111110111010011011
111
111111111011011111111111001111
32
110101111011111011111111101101
167
11111111111011110111101011101
166
110111111011111110100011111111
186
111111101001111010110110111010
42
11101111111011111111110111101
18
111111111111010101010101101111
9
111111111110010011011001011011
2
100110111111111111111110111111
54
111111111101100111111011111111
28
10001111111011011110101111111
199
11111111111111111011001001111
142
110010010000111111111101111110
181
10101111111000101111011101010
25
11110110011110111111101101101
50
11111011111111111101111110011
8
11100010100111011111101111101
78
111001111111111011111111110110
47
11011111111101101111111111010
154
100111111100101110011011011111
125
11101111111011111110110101110
163
110101111010110101100001001110
155
10111110111111111011011010100
79
110111111011011111110111111011
97
111100101100111110110111110111
168
111111110111110101100101110111
81
100110111111111101111001111111
138
111111100001110101101111101011
43
110110001111111111010111111111
69
111100110111110110110111100111
28
111110011011111111101100111110
108
111110011010111111011111100010
38
11110010011101101101000110110
188
111011111010111011011100111111
13
110111101110111111111110111111
119
110111111111111111111111111111
61
111101101111011111111111101010
119
101010111011011111000010111110
37
111011101101111110110111110111
94
111101111011101110111111111111
124
111101110111111010110111011101
38
111111001111101010110010111
130
111111111111111111011111101111
175
110111111110101111100101101010
1
111111010110011011100111111111
84
110111110101111111111110101111
44
111111110111101111011101111010
190
110010111111111111011111111110
7
111111001101101110011010000
175
110111111111111101111011110111
100
101111101110101111111111111110
99
111011111011110111111111111011
36
111111111011001011111101110111
35
111111101111101101100111111101
186
111111111110101111110111111011
42
101111011011010111111111001111
174
110111111101001100111011111101
150
111111111110101110001111111111
83
111111010111100110001111011001
142
111011011101111101111110011011
30
10111101110111010111111111111
8
110111111110111111011111111101
23
10100100111000111101010110001
47
11111101111111111100011101111
159
1010111101111111101110110101
161
111110110100110111111101111111
154
111111101111111111111111101111
167
110111101111101111011110110011
109
111111111011111111111110011111
127
1111101101101101111110011111
143
111111111001011111111111011011
24
111011111111001111110011001101
105
111000111011010111111010010101
144
111111101010111110111111111011
85
100111111111011111110110111111
63
1111111111111111111111011011
164
111111011111111111110110111111
151
101111100110111101111111011111
28
110111101101111011111111111010
177
111111001111011111111110101111
121
11011111000111111111111011111
113
111110011111100101101011111110
129
101111111111101101111111111111
123
11011111111111111111111111111
117
100110111111101111111011010111
104
101110011111111111111001011111
44
11111111111110111111100110111
111
111010111011111010011111111111
150
111111111111111001111111111101
4
111111111111111011111111111010
106
111111110011111101111111111111
80
11110111111101111101111111011
65
110111101110001101100101111011
24
100111110001011111111000001111
10
11101111111110110101110111111
24
111111011011110011101111011101
97
111010110111101011111101111011
91
111101111011011111111110111001
116
111101111111011110110111111111
32
111111101001110111011111111100
31
101111101011111110111111111101
164
111111111111111111101111000111
47
110111000111000101111000101111
13
110111111111111111111000111101
82
1110101011001111111111111111
90
11011111111001111110111111111
85
111111111011111011111101011101
119
111111101110110111111111111110
160
11111011010111000100100001001
3
11111011111111111011111111111
153
111110101110111111111111111111
95
110101111111011111001111110110
145
101111010111011011111101111101
163
101110011111011100111101111111
173
101111110111111110010011111111
157
110111111011100111100011101
149
101011111111101011110111111110
23
11110111110111101011101111111
168
111111101111111100001111111010
106
111011011111101011111111111011
197
111101011111111111111110111111
11
111110110111010111111100011101
32
111101111011101111111111101011
156
111011000111110111101111101001
161
101101111111101110111111111000
140
11111100110010111011101101110
138
100101101111110111111000110101
101
111110111110101111111110011111
120
111001111110011111011111111110
136
10111111110111011010111011110
23
111111111111011101111111111011
74
101110000111111111011101111111
14
111111011111101110111011111111
187
111111111111011111011101101110
121
101101101101110111011110111111
67
111111110111110111111001111111
101
111111111111011011111111111111
119
111110110110100111111111101111
91
101110110111111111101111011110
183
11111101110111111111111111
16
111011110111111101111111011111
128
111010010110111011111111101101
110
10101111111111111110101111110
41
11100110111111111101111011111
73
111100111111101111111001111111
111
101111111111110111101101111011
50
111111111111111111111110110111
53
110110110110111111110100111111
147
111110111111111110101111110100
128
101111111001101111111111101110
135
111001110011111001111111111011
127
111111101011110111111111101011
177
11111110111011011110101111111
106
1101001001111111011111111111
134
11011011110001001110111111001
129
101010111110111011111101110011
90
111011110111011011101110111101
122
111001011111011111001110110111
75
111111111010111111011111111111
190
11111111111111111101111111111
118
111011111111111011110011100111
20
11101011111111111100111111000
72
111111110111111111001101111111
109
101111111111111101111101111001
173
111111110011011111111011111111
194
11001111111111110110111111100
110
110111110110011101111101111111
50
11111101111111110111111111111
57
111100101111111111111111111111
113
111110111010011100111011111111
12
11111000111101111101111011101
197
111110011110111111111001111110
35
111100100111111101111010111111
16
