30 200
101011101011010001011000011101
109
11100001111001101101000101
151
101100001101000011001000100101
4
100001010010010010000001001
92
11111011111011001110000000100
48
110010111100011100001110111110
5
11111111111000010100100001110
145
10010101000110101001001010111
157
11011111110000001110010011110
154
100100010110101010010011100010
145
111101100111101101111101001011
112
1110001100000011110110010100
177
10110010110100101110111101100
157
11110100110001111101101111100
79
10001111100111000101111001
3
1101101000111101001100101100
129
110010011110100111100001000110
156
10101111110101000001010111000
111
111011000110011110000110010010
45
11101011111001100001010111011
96
1001101001000001000110000010
133
101110101110100000001001000110
90
101011011010100101100101011001
54
110010100010010111000001110110
157
111101001110010100011111000011
18
100010111011000001110111100011
60
11110110000111111000101000011
38
100011101110111101011101110010
67
11111110110010000100000100111
12
101101110111010010101101000011
67
111100000011000000100101110
84
10100001101000100100011101001
117
101111100000100000110001110100
29
10011100010011110011111011001
116
110111100100000010000110110100
132
100111010001101000000010000
73
101010101111010010000010101111
190
101001110101111111111000100010
137
110011001000101011101111001100
134
11110111011100110110001001001
144
1100010101000010110110100010
136
11100100101110101111110000011
57
101011011110101111001100010111
21
101110000000010101010011011001
14
101000000101010101011010111100
115
101001101011101000111000110111
200
110100010000101111011000001000
144
100010101100100100000110001110
150
1111001000010000100111010101
28
100110110101001001110111000111
45
111010101010100110001011010100
80
100101101101010010000000101010
67
111100010100100011111110010011
171
101100011110011101100100100011
54
100110001100111101101000100110
184
101011101001010011110000011110
126
101010100110000100110011110001
38
100010010100100101000100100101
17
100000101001000011001100100000
42
111100100111100100000010101100
106
100110011010001011010111110111
143
11101110000011011001011110001
11
100000101101100000110110110111
125
101100000000000010100000011
139
1011011011001001001000101111
80
101011000011000111000111101110
159
101010000000011100110110100111
110
111011111111000011100101010111
3
100010011011110001110101010001
5
111111010101111011011111111010
14
101110100101000000011110011111
137
110111101101011110100000000001
92
110000000111001101100010110110
97
11111100111110111010001111011
131
10110011111111101001000000000
61
100010001010000110001101001011
124
110001111110011101011011100
148
11111101001000010101101
44
101110011010001000100001000
45
11001101110100101010101000
131
11111000000100010111101000110
100
101101110101000010100001001
86
111011101010100000011000010101
109
1010101011100011000101000101
81
10010011010111000000000000
153
11010101110001110000110001110
188
11000010100011101111100000101
200
111111001001011011000111000111
69
111111110000000011000010011110
172
101000100100001101011011100000
63
1000001100001001010111101101
123
10001001110011011101100011100
161
10010010110000110001101
123
11011000000101011101101011111
17
11101111000001000001100101110
136
100010011101101101000011110111
48
111010010011110010111110000011
54
110011100100110111000101
142
10110010101000101100011101010
117
10110111001010100010010011111
197
101001111100100100000110101111
169
111101011100100111011111110
22
111101110011111100010100001111
3
111111010101010011111111001110
83
101010001110000000101010110010
133
10101111010000011100001001101
69
11101001100011111011011110001
130
11010001100110010000101000000
90
100101111101001010101000011010
57
110010000111111111000100000111
89
1100110110000101101111010011
106
100000100110000010100110001000
62
111101111011010110111110000
7
1111000000011100001000100111
97
110110100001111100010101110001
55
100001111111100110010000010000
179
10010001000010110101011001001
104
10000110010010001110100001101
44
110101111110111100100001010000
11
10000010001100011010111011111
136
101001001111001001011110110111
71
111001011100000100110101001101
189
100011110011001111010010011001
146
10000000111000111111010001111
194
10110001001011001110001010010
54
100111100001010111110110101000
128
101100101101010110100011011111
160
11010100011110101110101101000
108
100101111111100100110010010000
26
100001110111001100100111011011
57
110110100110000011110011000110
183
1110111101011101111101101001
78
101110101111010010011110000
111
11100111001010000011110010000
25
1111111101101111101100010000
69
10011010011111101010001001111
136
10001110000010001001100000011
147
11110101100111110110100010100
54
11010100010000001101011100010
10
10011110100110001101001110101
198
100100011010100101001101111000
101
100110001111100111100110001110
17
1010101111000011011010100111
40
1100011110110111011100101
75
100111110010001110011101111110
32
11110010010101100010000110
84
111101100111011100100000110000
164
100001001010010100011001000110
16
110011011101100111100000110111
66
11011111011011001011010101000
55
111011000010110011110010000011
122
101100010110110000110100110100
6
111001010011011001000111000000
66
111001101111100110001111100101
198
1111000111110101011100110001
87
10010101001100010001000111110
121
100010011010111000010010011100
53
111111111000000000010011101100
178
100110101101101000000000001101
89
11010011101111111001010000111
21
111110111001001111001111000010
160
111001110001111111110001111110
21
1100011001100110110111101011
52
111100000000001110111100101100
133
110000101111101110111011110101
154
1110110001000011000010111110
71
111110100010110110101100000001
147
110110001001101000010110111001
67
100100001001000110011101101100
136
100000000100110110111000001111
34
110010000101101010000110000110
57
101000010110110100101000110010
16
10111011000011100011101101001
188
101101101101000110101010010111
166
11110000101011000000100101
120
10111001110010110101010010
175
110011111111010000100000010010
108
110110100101100001111010000100
8
110000011010100101010100000001
189
11101110110111001100000000001
178
100110011111111011110000011110
92
110110111111111001011001001100
155
110010011100010100001001101111
39
10111000001111111101100111101
37
101111010001100111111100000010
119
10110010000110000011101010111
12
110010111011100010110000111010
107
1010000110110000001010100101
179
110110000011010100101101100011
175
100101100100000010111001011100
119
10101111110000010001110011000
92
1111000111011101010000000110
175
110110111010111000010110100110
37
100011011001100001010101100010
155
101000011101010001111101001010
37
111000000010001100010111010000
141
11000001111010101101111000011
149
1111110110001001101011110110
157
10001101111101001110101011010
132
101011100000010101011100
121
