30 2800
101011111011010001011000011101
109
11100011111001101111000101
151
101100001101010011001101100101
4
100101010010010010101001001
92
11111011111011001110010000110
48
110010111101011100101110111111
5
11111111111010010100100001110
145
110010101000111101001001010111
157
111011111110001001110110111110
154
100100011110101110010011111110
145
111101100111101101111101001111
112
1110011101001011111111010100
177
11110111110110101111111101110
157
111110110110011111101101111100
79
10001111100111001101111001
3
101101101000111101011100101110
129
110011011110110111100101001110
156
10101111110101001001010111000
111
111011000110011110000110010110
45
11101011111001100101010111011
96
1001101001001001100111010010
133
101110101110100100001011000110
90
101011011011100101100101011001
54
111010100010110111000101111110
157
111101101110010100011111010011
18
100010111011100001110111101011
60
11110110010111111001101000011
38
110011101110111101011101110010
67
11111110110010001100001100111
12
111101111111010010101111100011
67
1111100000011000011100101110
84
10101111101001111101011101101
117
101111100100101110110001110101
29
10011101010011110011111011001
116
110111101100000010000110110101
132
1100111010001101000000010001
73
101010111111011010010110101111
190
101001110101111111111000101010
137
110011001000101011101111001110
134
11110111011100111110101001001
144
101100010111001010110110100010
136
11110100101110101111111000111
57
111011111111101111111100011111
21
101110000000010101111011111101
14
101000010111010101011010111100
115
101001101011101000111110110111
200
110101010100101111011000011000
144
110010111100101110000111011111
150
1111001000010100111111010101
28
100111110101001001110111000111
45
111010101010100110001011010100
80
111101101111010010000010101010
67
111100010100100011111110010111
171
101100111111011101100100100011
54
100110001100111111101010100110
184
101011101001010011110000011110
126
101011101111000100110011111001
38
100011010100101101000100100101
17
100100101011011111001100100010
42
111100100111110111001010101111
106
101111011011101011010111110111
143
11101111010111011001011110001
11
110000101101101100110110110111
125
101100000000000010111000011
139
111011011111001101001100101111
80
101011000011100111100111111110
159
101010100100111100111110100111
110
111011111111000011110101010111
3
101110011011110001110101011101
5
111111010111111011111111111010
14
101110110101000011111110011111
137
110111101101011111100011100111
92
111101011111001111101010110111
97
11111101111110111110011111011
131
11111011111111101101000000000
61
101010101011001110011101101011
124
1110001111110011111111111101
148
10000011111101001001011111101
44
101101111011010111100100001000
45
11001111111100101010101000
131
11111100000100011111101000110
100
10101101110111000010100001001
86
111011101111100000011010010101
109
101010101011110011000101101101
81
11110110111010111000100010100
153
11011101110101110010110011110
188
111010110100011101111100100111
200
111111001001111111000111000111
69
111111110100011011000011011110
172
111010100101011101011011100000
63
1000001100001001010111111101
123
10001001110011011111110011101
161
110010010110001110001101
123
11011101000101011101111011111
17
11101111010001000011100101110
136
100010011101101101001011110111
48
111010010011111011111110110011
54
10110011110100110111000101
142
110110011101000101100011101010
117
110110111001010100010010011111
197
101101111101101111000111101111
169
100111101011101100111011111110
22
111111110011111100010100001111
3
111111010101010011111111011110
83
101010001110000000111010110010
133
10101111010000011100001011111
69
111101001100011111011011110001
130
11010001110110010010101001000
90
101101111101001010101100011110
57
111011000111111111000100010111
89
1100110110000111101111010011
106
100001100110000010100110101000
62
111101111011010110111110001
7
111111000010011100111001100111
97
111110110001111100110101110101
55
100001111111100110011010010000
179
10010101010011110101111001001
104
110000110010010001110110001101
44
110101111110111100100001010000
11
110000110001100011110111011111
136
101011001111001001011110110111
71
111101011100010110110101011111
189
111111110011001111010010011101
146
10101010111110111111110001111
194
10110001001011001111001010110
54
100111110101010111110110101000
128
111110101101110110100011111111
160
111010100011110101110111101001
108
100101111111100100110110010000
26
100001110111101100100111011011
57
110110100111000011110011000110
183
1110111101011111111101101011
78
111110101111011010011110101
111
11100111001010001111110010010
25
1111111111101111101100010011
69
111011010011111101010001001111
136
10011110100011001001100000011
147
11110101100111110110100010111
54
111010100010010001101011101010
10
11011110100111001101001110101
198
100101111010100101101101111000
101
100111001111111111100111101111
17
1011101111000011011010110111
40
101001100011111110111011110101
75
111111110010001110011101111110
32
10111110010011101110010001110
84
111101100111011110110010110000
164
100101001010010101011001000110
16
111111011101100111100000111111
66
111011111011011001011110101010
55
111011000010110011110010000011
122
101100010110110100110100110110
6
111101010111011001000111101000
66
111001101111100110001111100101
198
101111010111110111011111110001
87
10110101001100010001000111110
121
110011011110111000010010011110
53
111111111000100000010011111110
178
100110101101101000000000001101
89
11111011101111111001011000111
21
111110111011001111001111010011
160
111101110001111111110001111111
21
1110011001100110110111101011
52
111110000000101111111101101100
133
110000111111101111111011111101
154
1110111111100011100010111111
71
111110100010111110101100000101
147
110110001001101000010110111001
67
100110001101000110011111101101
136
100110000111111110111001001111
34
110011000111101010100110000110
57
101000011110111100101000111010
16
10111111101011101011101101101
188
111101111101100110111010011111
166
100011111000111111001000100101
120
10011111001110010110101010010
175
111111111111110000100000010010
108
110110100101110001111010000100
8
111000011010110101010100010001
189
11101110111111101100000010011
178
100110011111111011110000011111
92
110110111111111111011001001110
155
111010011100010110001101101111
39
111111010001111111111101111101
37
101111011001110111111100100011
119
11111010001110000011101010111
12
111111111011100010110101111110
107
1011000110110000101010100101
179
110111100111010100101101100011
175
111101101101101010111101011100
119
10111111110010110101110011000
92
1111000111011101010001100111
175
110110111011111001010110100110
37
100111011001110001010101100010
155
101000011101010001111101001110
37
111000100010011100010111011000
141
11101101111010101111111001011
149
1111110110001001101111110110
157
10011101111101011110101011011
132
101011100000010101011110
121
111100010110101111110011101011
39
11000111111011001111100001011
81
11111000100010111010000101111
118
101011101111100000110111011001
74
1111101101011001110100110111
92
100110011001010011110110100011
152
110100001110101111101110110110
63
111000111110011110111010111111
117
1110000101011011011101111011
42
110101010100010111000000111000
110
100111000110001100110110111101
152
1110111011101011111100110011
35
11100011011000010010101100
41
101111111111111110111111001111
105
100000111010111101010111
21
110001100110010101001111111110
157
101011100111011110110111100011
176
100011011010010111110111000100
185
111011000001010000101011110100
9
111011111111010001101011100100
125
111001101110110010001010001001
186
100010110000001000111110101100
29
10100010100111001011101010001
190
110110000110100011011011011000
128
111010101100110100111100010110
167
111111111110101000110111001101
25
1000101000101010000100000111
143
11111001101111010001111011011
92
11111110110111110001100011101
170
111010100101011110101110101011
31
110010011110010110110111111011
3
101110100100101110111101011100
173
101101110110110011100101111100
140
110111011110100000101101110101
130
11110100001111110000101001011
188
110011100000111000001110010111
168
111011111110111010011010000100
108
110011011011101011011101010111
1
111011101010010100111111000010
92
11111111011101110110011010101
12
100001011100011011101010010000
186
11100010101100001010110110101
159
1101010011111011011101110010
35
1010111110001001010110110101
92
10010100011010111011010110110
127
111011110111001111100110010000
105
101101001011111111010111011
162
111011100111111101110110001011
63
111011101100010010000100011101
65
111111110110010110111110011111
106
111011101101100011111101100111
31
101110001011010101101100011110
170
101111100110100010011001001110
170
101001111010100011111101011111
56
101011101110101100111111010001
195
11001101010011111101110101110
168
10011111110100001001100110101
91
11110110011001111110100110001
190
101011100011111110101011011100
93
111101111010001101111111100001
25
10000001011110101100111010101
113
100100101101010111010101011101
179
101111110111011100101100100
100
111011111100101111110110111011
117
100111011011010011000001101111
156
1001011110110101010001011111
183
100110101111101111111111111101
198
100010011011000011101000011101
13
101011111101010000011011000111
71
110111110101011110101000011011
142
11101000101110011110111111110
147
11011111110110101101111111110
124
101101101101111101111111110001
81
110100101110111011010110010001
72
11110011110100011100011010011
185
11100111101100011011100110010
193
100110111111111011110110111010
115
110001100111101000001000100100
196
11100110001000101001010100101
191
10001001111110101101110011011
41
101011111111100011001000011111
84
101111101010111000000110110
186
111111111111111011001110011101
78
11101111111010111001011001111
135
111100101101101111111111010
187
11010111011110011000000110101
154
100001011000110101100101101110
61
111101001110111110111111101000
4
101011100111010110011111001
52
110101110001010111111001110111
86
11100101001111111011110110110
77
111010101101000010111111101010
44
110101101010110101100111000111
136
10011111000101100111110010110
69
101100101011110010101011111010
181
1011111010010011011111100101
176
111110011100111010110101011110
178
110111000101000110110110011111
46
11001111111111110010110010100
14
10101011101100000101010111001
141
111111100110111100111111000111
128
11000101001111111111111110111
154
110110001010101110111010011110
176
110001111000111110101101111101
17
11111011100111011101011101111
141
110001110011001111001110010101
57
10000101100110011100110001001
47
111100011110111011010011101110
110
110110111101111011100110111
144
111101011111100011111000100101
54
111010110111000110010010111100
183
101110111111110110001000001101
73
100011010100000011000001011111
160
11110001111111111011110111110
30
101101110100110100110010111100
65
101101010110011101001111111110
76
110001001110101110101101001101
12
10110001110011111101111111101
144
10110010111011111100011000101
146
100110100110010111101000110101
139
10010110111000011111001110010
106
1110111011001101101000111111
119
110110011111111101000111110000
89
10101110110110110111110010100
66
101111101011011100111111111010
195
110111111101110111101011001110
184
111010110100110001100010100010
128
110101010011100110011110000101
69
101110111110010100111011001111
157
101101001101100111000110110001
113
110111001111011000110001011111
22
10111111000101101011010101011
55
1111010101111110110101111100
92
111110000000001111110100011110
12
101111111101011011101111101011
13
1110001001000111111101011011
123
111100111010111101111110100011
195
101110110100111010111111110100
44
100011111111000110111100001111
113
110101011100010110110110001010
44
111101101011111111010010110110
68
1111100011100010111011010010
111
1111010101000010011011110010
196
10110101111111101010011001111
145
101101100111111110011000111101
189
111100111111101010111110001101
178
111011010011111011011011110110
66
110011001101011011101100100000
194
11111111110010110010011111100
85
111111001110011000000110110010
53
11111101111100110001111100101
198
101011100111111111000001100101
149
110001110101110100100101101010
59
100100111101111111101110100001
54
110111101110101001011011111001
79
11110111011011101110101101100
184
100110010100101101111001101111
38
1001000111011111100000000101
72
1010100011001111111010011
27
111011110010010000110010110010
88
100011011111111110011110101110
149
10101111010110011111111011011
20
11110000110010100101111110111
22
11110011101011011010010000011
181
111111001101011111001010110011
154
111011111110010010110110101110
27
10111111101101101110111101001
75
111100001101001010101101011
169
100101011010111011111111110011
12
11101110110011110001111111110
40
111101001100101111010101100011
139
100100010101011000001011010111
24
101101111110110101110111100111
143
111101010000011110111011001110
70
100100111100000111011010000001
148
111111111100111111000101110110
141
101010111010100000111011010010
59
111111101011001101111000101000
43
101011110010101101001111111111
41
101001100100111101011011111111
192
101111111011111001010001011110
130
111111110101001001011111110110
167
111111110011101110101011111010
33
111110010000001101011101110011
161
110010111111001100001011111111
21
110111111111111110000000001100
139
11011011111110001111111100011
198
101110111101000011110010010101
83
11110010110011010010111110111
105
10001001110111011011001011011
198
101011000101110011111111011111
98
111111101110011111101101111
80
101110111010101110011101000111
162
101001010011011111111110010011
19
111010010111011001111111101100
88
11101111111000111110111101100
9
101111001011111110111111110110
188
101011010111110101100010111000
158
11011101100110010101111010001
128
11000110111001111001101010110
15
111010110101001001011011101
42
100101100010111011111000001101
98
111111010111101111100110101011
187
101101101111111111011110111011
30
10100011101111111101011100111
157
100100010101011100101111111101
8
110111111100001001010101010111
22
11111100000101100011011111111
198
11100010000001010010011100100
172
110101011100000110111101100
62
1011111110100011111010111111
172
110011111000011101000110101110
33
101101111101111101000101101
171
110111111111011111101111101010
123
110101011010000100101110011101
109
11011100100101010111001000111
178
110101110100010011011111101101
177
1111000101111001101011110001
195
111111000100000001000100111111
70
110100011100110101111010111110
51
110011010100010001110000111001
44
1011011111001001110011001110
189
10100110010000111111111101010
103
110100001011001101111110101111
85
110010010100001111010111011001
187
1110000001000011001111110000
196
101110110111001101100001110110
21
11110111111010111110011011110
5
100111110111000011011010110000
134
11100100100110101110100010100
28
1101110100010011110011100111
45
111000010111110110010100110
151
111010111111101101110011101000
185
11001000010101111100011001010
28
101001100101111101100011001
199
111101111101011101111111111011
121
11111001110111111011001001111
178
101110001101111111011001101110
198
10100101000011111110010000001
95
110111001010001111011111111000
109
111111101100101101110110100100
66
11011010100011011101000101111
90
1101110011110000000010101110
71
1110101111111100010001101
181
100010001101111111110010111101
89
110011100010101110110101101110
59
11110111011011001011001000011
85
110010111111111111011111110111
176
101100111000101110111000101111
157
11110000011111010110111011110
107
111110111001000101001010111010
27
111011100101101011101101010010
184
111110100000111101111111110011
21
111001111101011101000001101101
59
111010110100101111011101011101
116
101100000101011101101110111001
193
1011111110011011111011101100
22
111110100010100110101010110
111
100001100001010011010111111111
24
11001000111100111101011011001
163
1001110011110110111101101
27
11111011111101011001101110110
24
111111011111111011010100000101
1
100101100011101111100101101110
32
11101100010110110110001001110
199
100011010101000000010101111001
59
100101101111100001000010101100
173
101110010010001111110111010111
16
110110110010101100001111100010
189
100100100011111111111111011000
38
111100101111011111110110001111
76
100011010011110011011011110111
126
1011111101011011111001100011
39
111001101100000110011000111110
61
11100010010111010110011101110
127
101110100110101011111101101001
179
1111101101110110010000110101
152
111111010100011011011011100100
180
1110011101101001100101011010
28
110010011111110111100011100110
54
111111010100111110100001110110
96
101101110011110011010110101111
168
111000100111111010000000010000
37
111111011110011010001111100111
118
111111011001101100010110110111
93
101101101001101110001100101110
130
11101110100110000001111101010
60
11001011101111001101010101111
37
110010011101101111110101001101
74
101010011010011010111000011111
200
100111000111111110101101101111
31
101111011111110001000011111101
102
101101111101101110110111101101
50
110110011111111010101111100101
88
11101111110001110001110000011
18
110010011110111011100011110000
44
110111010000101000110011010010
169
101111000011000110111101110000
181
111100111000001101110011011110
148
101100110110011011110101111
112
110111011000011110101111011111
188
11100100010111101001101011111
186
11100101111111000111111111000
20
111111110100110110011010101
89
11110111011101001011111010100
72
111101010000111100110010001011
45
110011011111011010011001000100
61
111011011011001111111110101110
149
101011011011001100101111110011
63
10100110101111101000111101101
107
111111110111111110010111110001
7
10110110101101000011011010111
85
1111010011000111101100100011
19
110111010101010111000101111001
57
100010101101010110000111
167
11101110110111100100011110111
159
10110110110011011000001110000
127
110010001101100110110111100101
94
11111000111111100100000001001
14
101001010000100110011110110001
105
11011111111100010101010100011
89
100010100010101111100100011111
76
110110011111110101100111000111
155
11101110111001010100110101010
141
1101111111111111001011101111
138
110011010001001011111111000000
10
10111010101101011001100101011
69
10101111101110111001110000101
51
100011111101110100011100010011
86
110111101011101011000111111001
29
110111110001011011110011010101
71
111110111010111011001111110100
87
11110011000111011101011011100
24
111101111101010001101111111001
84
1111111001001111110110110110
128
111101010101100010010101011110
85
111110010111111101110011101110
155
111110100111100010100011011101
70
111100110110101011110101111011
189
1010100010111001100101101001
92
111111011100010110100000101111
47
10110001001111010010100010110
12
10101100010001001010010111111
182
100001101011101011010101101101
62
11000111110101111101100110011
148
101011011010111011010001110100
5
110111001000010111101101011010
156
1101111110110111010101101000
100
110110011010010101100011111001
8
111011010100011101111011111101
156
10111101101011101000111111100
9
11101111101110111110111010011
79
100011011100000010100011111
160
100111000010110111011100111010
102
110001011101000100111001110101
40
100100000010100010011101101101
59
1100100010111001001000011101
133
1011101110111010011011001010
92
111110110110011111101111010101
187
111100101111101110011101
38
1000010101011101101001111010
195
100001001010000101101000111011
133
101100001110110011101011000
27
11110111000010001110001100111
134
110001110100100111001100000001
196
101110111101101001101111010011
177
1110101011100011111110010110
128
10100101110011111000110101
131
101010100001110011011110110000
106
111001101100010011100000000001
138
1111100111101001001101000001
44
11111111110000111110111110001
159
111001001100111110111001011001
36
110011000001011010111011111001
186
111111100110000000001010011101
90
110111100001111011110111110001
52
11110011110100111100111111111
103
111111100001001111101110010110
110
110011101011101101110011000000
116
10111100101011011101110111101
162
111101111110111101000010111101
170
11010001110111111001110101010
67
101110011111011111110101011101
116
111000000011111101101100110001
181
110001100111101111000111111010
50
11110110110101111111011011010
176
11111101101101111111001111001
185
110010011010010011101101110010
50
101110100101110010010001001111
174
101111111010111010111001101110
159
101011110001100000111110011
156
100000110110011011110111101110
134
1111000111011111101111111
30
111100101001101111111101111101
67
11111010001011001011000111111
125
1101111101110111111101111010
80
101011011001111111111111110101
15
10001011111111110101011101011
36
101110110100110001101010111110
42
111110110111010100000111011111
130
1101100111011110101100011001
93
111110010100000110011010101110
68
111101011010001110010111011001
183
111101000111100000011111100010
190
100000110101101001001111001011
147
101101110110010011011100111011
94
11001011111111011001011101011
20
111001011101110001001100011110
106
101110001100101101001011011111
103
111010011000100010111010101100
51
111100011111001001011001010011
1
10111100001011111101111100011
172
111111011111111001111101101111
64
111000011111111001110001111101
12
11000110111010111000101010010
93
111111010000111110001111111101
190
101111000100011110000111111110
94
111111011111100101110011000010
68
101000111010101101111111000111
7
1101101111010011011000001010
120
10101111101101100011101111011
86
11111111011001001110101110011
198
11110011100111001011000111111
107
1000110000000110101101000111
153
101111101011001110001100111
60
1110011111100100101111011101
60
1101101100010011111010111011
122
110010101111101000001010110
184
1101010000111010000111111000
69
111100010000111011111011110001
180
10110000001001111110110011110
82
1100011010001101011001011111
197
111101101111100010000101110111
65
1110001000100011110011000110
27
110011110110110111111000000011
60
10111111100001111011101001110
41
111110011111101100111000101110
177
1110100000110110011110100111
132
111001001100100010111111011110
179
110110111101111100011011001111
23
111011011011011101010100100010
134
11010001111111101001011011111
35
110011011110010010101110001101
132
110001010011111010100011111
67
101100111101000110011101001101
116
111101001010001101000010110110
166
10011101011110011111110110001
168
11110101111100110110101010101
175
111001000011010011000001011011
176
101011011001001110001100110111
49
111110111110100110111101111101
104
100011100110011101111111111110
9
101100110111100101110111010110
149
101010110011011101111001101100
173
101111111110111101010111010111
102
1110110011010001010110100011
33
110000111101011101110001111100
184
111001110110101101101011110110
69
111101110100001111011100001000
65
1000010100010001000111111111
72
1101101110100010111100110110
82
1001011000100000111110100001
154
11110101011001011111011000111
188
101111110001011101000000011101
113
1011111111100110110000001001
136
110101110010001110111010001101
81
100101010111111101010001100110
191
10011101001001111011101001111
138
111111011111110101000110000001
107
110001000000011010011110110100
172
100001111011101111101011010101
107
111110010100101111110011101
57
111011001011111110100111111010
104
101010111101011001111111101110
185
110001111111111111001111011001
89
110100010001110111100110100011
69
1111111010110100101011010101
11
10001011101011001110101111110
13
10110001001111110100000101010
16
110111111111001111111001100001
47
111011010011000000111011001000
32
10000010011111101010111000111
128
11111111111110010010111111111
144
101010000101011101010011111011
112
101010110111110100011101001011
4
101111001001100100011100111100
89
100101010101100111001001011111
180
111111111111011011001111100
36
110010101011111101000100111000
157
110000100100100001101011101001
15
111000110110100111101010011011
54
111110010001100110101101011011
2
110010101011001101111101101
172
1100010101011101110010110001
80
11101101101000010110110100101
114
11010011000101001111111011111
176
110111000000110111110001111001
18
111101000111001110110100111010
124
110111111011101111001111110111
142
11011110011000000110000000011
76
1001101001011110011011011111
183
11101000111001010101011100000
35
110011000110101111111100011010
140
10111111000110011110111011011
67
111101111110000001111111011010
116
10000111111101100110100100
123
10110101101100011011001111111
130
11010011100111001110110111100
146
110111011001000001000111100
38
111100010101010100110111101100
185
110111101111001010110011111111
192
111101011111101011001010100110
4
11110010011011100100010011000
33
100001110010010000001101110111
70
11110100110101010111100111111
96
100101001110001010111000011011
150
110110101000011101111000010
151
11110110111001001111111011101
57
111111111111101111001001111000
96
1011111011101011001001010011
168
110111011110000011101111010110
176
101010001111111110101111101101
117
101001010010101010111110110001
129
100111101111010111110111011111
140
11111101101010010101110101110
146
101001101111111110111111111111
41
11110110110101011110010011101
187
110100001011101011101011011110
8
111111100111111101100001010111
170
101110110011101011011001011111
92
11111101001110100000111110101
168
110110010000000011001101011101
122
110110010101100101101110011111
90
111110110110111011101111101000
13
111011111010001101110011100100
119
110101111100001110010111011110
49
110011110010110011010101111011
107
110010011111110110000110111110
22
111110011101100110111110101111
49
111000111110001010011101010111
90
111101111111011101101111111
149
111110000001100111001100110001
7
111100110000011110111101010110
67
110011100011111011101011111101
106
110101010000011111111100100010
93
101001101011011111100001100100
143
111000010001110111010100010111
111
110100101110100101111100111001
6
110111001010100111110010001011
71
100001111100100001111111110111
70
111110101111110100000011010101
179
101110110101111101111111111101
18
11110000000011111111011001110
115
101110100011111101101101000
60
101100111001110110010011111111
103
110110011110001101001111100111
75
10010111000100010011011000010
160
10001000111101111011001011111
118
110100101111101111111101110011
80
110110100010100011101000101011
105
101010000111011011010100001101
10
111101001110111101011101110110
20
110001000011001101101111011110
92
110001010111011000001100011001
165
111101111101011110110111011011
150
111011010010111010011110011000
20
110101001111100101101110001010
19
111111011010100111000011100100
176
10010011111111111101110111101
137
1010001101100011011111010001
53
1011111101111010110101010111
2
11111101101001101110101111100
14
111101101111110101101010001010
185
111110011000100010000110101000
191
10011001110000010100011001000
171
1000101110110011010001011001
110
110111111110011001110010000110
108
11010011011010000011100101111
2
1111100010111101111101111110
42
101110111001110001011111111100
171
101111111110101001101010000011
171
10011011101111101110101111011
40
110110111111001101111101100011
126
110011010000101101000011
131
1011000000110110011111111010
109
101110011111011101110110001110
117
100111010011100111101010001
106
100001101001011111110101101
29
10110110000010100101010100100
127
111110000001111000001111001000
148
11111101011011001000000110000
143
110101010010111000011001001110
133
111111111111111110011111101100
142
111110000111101000111101101111
62
110101010110001011011001101011
173
101101011001111011011110001000
175
110000001101101010110101110101
61
110111100101011111100101010111
139
1001011011111111010111101011
55
110110111011000101111111100000
143
100011110110001100010000111
18
111101011110111100111111011101
59
11010100011111011101111111011
61
111001111111010010111001101100
1
10011011001001111101111000111
106
111110101010110000111111111111
193
11011001110110011101011111001
44
110101011101010011111000110110
58
101011010100111011111011001010
4
110111011010010111001101011001
152
10110011111001111100100100100
90
10000011110100101000110111000
131
11101011001010111111110111010
165
110001011110101011011000111
88
111111111011000010100111101101
100
100111110001110011110100010101
113
101101010101010011101101110101
89
101010100110001110101100101111
1
100011110110011101010011101101
57
10001100000100100101100110001
137
111101101011001011111011110000
143
10101001010010101111111111101
6
11111101111001111110000101100
97
10111100010100111101110001111
167
1000100111011011001111110010
175
111111001001011011011100101110
167
111100110011110111010101010100
139
111110111011111110010001110011
127
110111111111111111111111100111
23
101000000100100111111110110010
106
101011010000001000000111110010
193
10100010111010100001110001101
36
1011111111010001111101111001
40
100110011011101010011011101010
174
111111010011100001110001010
59
111000011101111011100111010111
187
110101111111001111011111110111
97
101101001110110011111111111110
112
110100111111011111001101101101
2
111010101111010111011100111001
126
101111111111001101111101010011
41
110100111001110111101110101111
96
10101010110110100111010101010
38
110110111101100011111111110010
35
111101011101110101111101011101
165
111110111011110011100011000110
71
100101001011101111101010010011
162
111111110111101011111010110011
91
110100101101100111001100111110
146
101011101001111011110011111101
70
110001000001110111010100111110
183
10111111101111010001110011111
77
1111101010111111110001001110
31
10000111110111010011111100110
157
101010111101011101000000111011
172
101001011111111010010100100011
131
110010011010111111010011111100
38
100111101001001101111111001101
195
111110111010111101101011010111
137
101010000101101111111111010011
114
1111110101101011000010110001
175
110001111100011111111111011001
184
10000110110101110110011111010
166
11100110110101010111101101110
46
11110001110010100101101101
150
101011111100101110111110010111
148
10010101100101111101001000011
137
110101100011101011110111101011
137
111110111100100100101011100111
131
1100101110000001100001101000
90
101111011010010011001110101110
23
100010001011101001101101101101
31
100001010110110011110110011000
52
101111110011111000011011001100
91
100001001010011011101110001011
32
110100100110111011100001111010
171
10101001111110101101100101110
80
101010101001110011010100110
67
110111100011010011001101001111
38
110011111100111011111110011110
102
111100011110001111101100111
55
11111000011011101100100101101
100
11111110101100111011111111111
2
100101000011111110001100011000
29
101010101111010000001001000010
84
10010001110010000111111000111
106
11111111110011110110000101
162
100111100101011001000110100
28
11100001000101111111011001111
196
101011001100111001100001111000
169
100101100111001101011111110110
185
111101100101100110110011011111
42
111110110111111101011111100011
55
111101011011101010110110111111
26
101000100111101111111111110101
180
110101111110011000101110001010
73
110111111011110111001100110100
173
11010001101111111000111011000
15
110111011100110001110111111101
1
111111111111010100110010010111
115
10110100111000100110111100111
12
110010011101010111111100111011
95
111110111111011101010110100011
122
11111010101101001110010000011
101
100110111010001111111101110010
166
111111010111001011110101111110
56
101110001001010101101001110010
49
11000011000110110111010111101
101
1111111011011111001111101011
12
111111110111111101101010011101
114
101100101101111101111001010011
117
110011100100010111110110111000
103
101110101101001011110111111110
118
111010001111000011010110110
86
110010101001101011101100011111
178
11011110011111110100011111111
91
101001110000010000001101110011
156
100001011000111011111100111111
120
11111111010000001000110000100
161
101000011010010111111001111100
48
11111110101101010100010100111
151
11111101101111100010111101111
76
100000101111111011100001111101
129
11010011000000110110111010111
1
110101100111010111100111110010
15
11011101110000110001111011110
131
100011001111010111010111101
96
101111111101110111111110000000
142
110100110011011011101011111111
195
100011010110110011101011010101
98
11001010101011110001001011000
13
100011010000100001101001000000
200
10011111100111100111101111010
29
110110101100111011101111110111
52
101011011110001100101110100110
132
111001110101101001000101110
55
1010001000111111111001111110
137
101101100101100101010010100110
143
1101110011100110100011101100
126
10100010011111110111010001111
155
111011110111110110111111000010
177
111110111010011100111100011001
78
110111110100011100100000110010
170
101001011100111000001101011001
88
1111111010111101110110101101
122
100111101111011110011001011100
18
111101101111011100001110111011
31
101111111010110000011000110101
183
100010011101111000011111100001
54
111101110011011100111011100011
112
100000100111111000111111010110
134
111011111110111101011010000011
130
110111010101111101111111101
17
110000011011010111000011110101
197
10011110010010111001011110100
78
10100110000011010100111110110
197
110110000110100001100110010101
59
111111111011010010111010110010
138
1011101010100000001110100111
82
1011111101001000111000000100
81
111111000011110100111011011111
73
11011010001101000111011011011
162
10001111101111011010111
105
1111011110000111010110111110
124
101100101011011111111000111
141
11110010111111011101001001101
31
101000101011011111100111010111
187
101111110001111101111100101011
194
111110011101011110100110111011
79
101101001001110111111011010111
6
10000010110110111110011011111
93
101011000111010111110010101011
28
111111110110010101011000011111
166
10111111010001001101100110
5
11011010101001110010011001111
127
111011111111011001111110101110
168
10101001100100110100110000111
1
100110110010101110010111011011
68
101100011110100101011100011010
49
101011111100111110111100011011
124
101101111011101110110001100101
85
10111111010110000001111011101
53
1000011010100110111100100100
155
111011110001100111111011110101
200
101100001110101011111000111101
153
101011110111011101110110110100
1
101101110111110011000110111110
131
11110110111111010111111101100
49
101110011111001110111100100011
13
110110101001101100110011011011
156
100100111110101101111101110100
5
110111000110111100011101101010
96
111101010101100101100111100111
132
1101110110111101100111111111
67
11111011101111111111010100010
35
110110001110101101100001001011
138
111101001101111001101100011001
82
11011110110111101111111001011
5
11000001111011110100010001110
11
110111110001100101101011010100
76
101111111111011011111011110010
2
11110100011011110101011101000
192
110101111111011000101100111101
106
1011011101101100110100101100
182
110100000101010011111101111100
137
111011010011000100010101010111
69
110011111111101000011110111110
113
101100000011001110111001100010
103
101111010001001110110101110000
47
11111001101010101101110011001
153
111011110110011010110110001001
176
101111010101101111001010100011
91
100011110011000110100110110100
5
10100101001111011101100111011
64
111111100001101001110011010100
54
101101101001001001111111010001
45
101111110100111111011111100001
167
110011001110110110101111111100
157
111000101111100111000001101111
59
1011101010110111001011110111
181
101010110110111010111101010100
129
1011011100111011011011101001
196
111111111111111011111010011
95
10010011100111111100111011001
12
100110111111100111100110011011
168
110001110010011111011111111011
119
11100100011001110111011111111
11
110011001101101000011111110011
15
11111101011101110111110001000
158
11100010101110010111111110011
129
11101010011010111010111111011
9
110101101111101111101101110010
159
110110011100110111101111110
142
110110110011101110100110100110
45
1111010001100100001110011011
17
1111000011101011110101111011
113
101110100100101111001001000100
133
11000000010010101101011011111
116
1111111010111101111100100
128
110110010011101100111101100001
69
101101010100010010101110000111
32
101110111000000101111100011001
148
100101011111100111101111111110
129
100101101001000000010011111100
194
111001101010011101010001011011
195
111110101101111011110000011111
132
10110011101111101001001010
180
1011100111111110010001001110
4
100100110011111010001011100110
76
101100001010100011100111011010
48
11111110101110111011100111101
53
100010110110010001111001111011
94
110101011001101111111110010001
87
110011110100111010010111001001
105
111111100011001111110111111010
124
11011000110110110010001110001
15
1110011011010001100110111010
95
111001011111011011111011010011
27
111011100101100110101110001111
37
1010001101001111010111110111
128
11011001001001100001001101100
66
111110111111100000101101101000
138
111001100001101111011011010101
18
110111111110001110000101110100
8
11101101011110110111111111110
163
11111011000001010111100011001
72
100101101011101100011111101
184
100100000011101110011001110101
13
101011011001001101010111101011
146
10100100101011011111111110001
193
100010101111111010011011101010
36
101111110011111101110010111110
184
11110101001101111101111001111
145
101101101110010100001101100011
126
1001001111101111110110100111
150
101011000111010111011001001011
160
110100001000001111101111111111
64
101000101111111100001100010110
122
100111110100001111011010101101
174
10101100101101001011101011011
117
100110110011010000111110110000
135
110010110111010110110000010010
103
101111011001011001011101111111
105
10110001111011110101011101001
95
101010101001100101001110111100
159
100100110110001000101111110101
151
11001101111111111111100011000
159
11100000001111111001001010010
57
10000111001110110000111011011
74
11111011100001010111111101010
18
111111010110110100111111101111
116
101011100000111101010010001110
56
111101111001100110101001111
197
110100001000100101011100111101
187
101001111100111101001110110011
80
1110110010110010100101100111
24
10100110000101001011011110011
196
1110001101111000111001111
29
111110100110101001001111100000
150
111010001010011110111111111111
113
111111100111011000101110111010
55
111011111111111101100001001110
166
11100011111111001001001101100
21
111110110111010010011100100110
189
110011011101110000111100100111
36
110011010011010011110111011001
177
1110100111100110100011000111
10
100111111010000000111110011011
44
111110111011111101110001101011
16
11010100001010000101101011100
109
110110111100010111111000111110
48
100011010111001111110001001011
187
11011011101101011011111101111
75
100001110101100110101101111101
125
110110111101100000110111000011
52
10010111110000101110000111
119
100111011101110011011110111101
133
10111010111111110011000001111
7
1101011100000100110101011101
151
101101110111001111010100111110
52
1111101010111011011100001110
190
10001001110100011101111111110
116
111101011010100111100100011101
85
10001101100010100111111111100
184
111100101000001100111110111110
161
111100001101001101101101000101
55
111100101011011101100000101011
184
111000011111100100101100111011
163
10011110100101111111111111101
151
11001111000111101011000101101
197
100110001011000101101010010011
159
110011000000110101101100000011
184
111011101101001010111111011011
109
1111101101100111110110110100
153
1110101111111000110001001010
118
111011001001111011011000001111
58
110000110011111011010101000100
86
11101101001110011000101010001
89
110101101000110111000000101111
63
101111010010101000111111111
158
100101011011110011011101001101
190
11001001111111101011111001100
185
1111001110010000011000011111
61
101001111011101101011011101001
38
10100010101011011101110101010
164
101010010101001111111111111010
61
100000111010001011011000100111
2
11111111111101111011010011011
176
100011111101001001100111101011
38
110110100111101010011100010001
129
101110010100111111011011111001
188
111100001101011110011111101010
64
111111001011001100011111011001
80
101111110110011111000100000110
33
11110001110001111001110111011
178
101110011010011101011010010011
165
10101011000100111010100110111
45
11110110110100101000111011111
44
1010101101111001101110000101
99
10000101010110111011000100110
76
11110110111010010111001010101
131
111111111101010011101001111001
53
110100010111101011010001010101
40
1001100101111111101010111110
22
101110111010110010111000011110
61
1110111101111010011001011110
188
1100110011000101110100000011
35
110110101110111100000101000111
150
101111101101110001101111011110
195
100000011000110101111110001101
65
11001101110111100110101111111
101
11011001011100010011001011110
190
11101110001111011011100011111
134
111110000111011101110110000111
29
10011101000101011011111010111
7
111100100000110011100011111010
25
100011110011111111101011100011
100
1001111111101101011000101111
23
10111111101001100010100011101
138
111011101101110101111010000111
142
101011000111101111010011000111
182
110010000101111000101011111011
110
110111111101101010001011101101
73
111010110000111111101000110110
21
110000110111101100101000011011
122
100011000100011011111110011101
13
111111110111110010110100010100
166
111100111001011111101111000
30
1101110100000011111101100011
63
111010001010010010011110011000
40
111010111110010100011010000100
185
110110111111100011110111011111
79
101110100100000110011110101000
144
110011101101111011100110111110
151
11001001100100111111101101111
104
10111001001111011100000100101
72
110111101111111111010010100011
73
10100110101101011111101111111
150
111011011010001001100010110101
107
110010101110011111110011110101
179
101011010001110000111001001110
103
111010101011101111101111001101
43
100111111101101000111010100101
53
111101110101111111011100001010
46
110101011110010110011101110110
105
111111000101110001101000110011
18
10110111110010110011000101001
130
101101111110110001111111111110
27
110111101011111001000111001111
173
101100110111011010010010101111
50
111010011101100001001011110000
37
10111101011001100001011001010
196
110010000011100100101110111010
190
1101000111010111100111101111
160
10101110011110111100101110111
119
10101101111011101001010100101
175
11011100101101111110101011011
166
10011000010011011100001111101
153
101011111100011001011111010110
155
111001001111101101000000001111
12
1011110111111010011111010011
166
111101011111011011001010110111
21
110101110111000001111101101
67
101110101100000001001000100101
89
110000101011011110000110011011
99
101001110101111010110000101011
56
111111011111000111110011101111
80
111101101000110110110110100111
199
111110101011100111111010111
175
101011101111111110110101001110
83
101100011101011111111100101001
149
111011000101101111100111110111
174
110110110011011110101111011010
199
110011110110110000001011101100
143
10110001101111111011011100011
87
101111111111000110111000100110
90
110110100110100010001000111011
40
111101101111000100001111110100
45
110111110101100110111111011000
64
110101011000011011111011101010
171
10110100011001100010000111001
139
111101110011111100001010101010
154
1011000101100011010110011
94
1111101101100101111111111100
3
111111111110111111101011011111
34
11101101101010111010111100001
169
110111111111010000110001111010
57
110000111100011110111100011001
148
111011111000011111101000011001
170
100111100001001110010111010100
32
101010100110011011111110110001
196
101101011110111101010101000101
126
110010101010001011011011000111
185
101110111110011010011111010101
82
110101000101111000110111001101
56
110011011111011110110100100010
2
101110100000110101101011011111
119
101000111010110000100001010000
25
111111001000001101100101111101
158
11111101100110101110111001111
186
111101011001101110101111111100
181
11011111100110111111110011110
2
110011110100110011111111001111
192
110011111101110101010000001111
2
1101100111000110110101001111
180
110111111111110010100101010001
102
101101010111010111011111111100
98
110011111111110111111000011110
174
100001101111010111011101110100
162
111111011110010110100111101110
101
101001111100101101100110111000
97
100011010101011111101101111011
8
1101111111110100111110010011
108
111111101100111110000011111111
20
111110110010110100000011111000
129
110110001001111100100111101111
43
100001011010001110001011100111
131
100011000011000110111000001111
101
111110010110111100111111001001
122
10101011001000011010100001111
114
111111000111101010011110010111
25
111000111101110111110101111100
86
101110101011000010011011111001
136
11101110000100011010110011100
164
101010011111101100001110110111
118
110101011101110111100111110001
170
101111001110111110110111100001
165
11011011011101110011111110110
27
11011110101000110111100010110
192
100110000111100011001010011110
72
10011111011011101001100000101
73
110111010111011101111010111101
121
100110011010101000011101000110
192
10111011101010111110111011110
115
10111011001100000110111101011
75
11101000111011111111001111011
93
101011111111100101010000001111
39
110011010010001010011001111011
22
111111010001111101000011000110
35
110010001011101101111111010001
46
11110011011110001000101111001
140
101101100101000111001101101110
105
101010000011111111001111110111
34
1101111111100011101001010110
36
110110110101111000111111010001
5
111110111000100010010011001111
96
101101101101010110010110111001
55
100111010011100111011110010101
114
10001101111000110101010011001
118
111011110111010101000011011011
156
10011011011100100100100110100
137
110110011111000100110111001010
27
110001111010101111001110011111
20
11111111001011001111111100011
160
110111100011101101110101011100
135
10111111011110101101001100
25
111110111111111101010101100000
46
111001100010110110111011010101
131
111111110011011111000011101
168
110111101010110111110011110001
155
111110111100111101111000101100
21
111110011101100011111101111111
169
111100010111010001000101100001
20
11001111001111111110000001001
107
11111001100010111010000110011
24
11110010100111001111101001011
133
110111000111110111011101010111
144
111010100001001110111001100111
123
1001001010100011101010111011
132
1110011101111101110010100100
198
101111111101001011111001101110
173
100001111101100100101111100001
163
10010000011011111100110011101
29
111100001000010100110110111000
96
1001111001010110111011011110
121
101111101110110010111001101
178
110000000101101011100010101100
72
101101111011100011001100111111
18
110111001001110011001011100100
152
10011110110111110110011100001
191
101011010110100000111111111100
3
1010001111111101111110110110
83
101011110011110110110000111000
114
100000101100101001101110001001
178
11010100101001101001111001011
82
110100101010101001100110110101
128
100110011001101111000001111011
60
111011011011000111110010001
92
110000111110110100101110111111
34
111111111110011101011011000100
166
11000110111101001111111100000
127
1111000011111001010011110111
110
110110111001111110010000100010
98
11110111011011101010100111111
93
111011101110111000100101100010
27
11000011001001111101011111010
128
111000010101101100111000010101
81
100010111101010100110001011101
12
100011111100110111100001101011
5
11011101110001100110011110011
123
111000010100111101110111111010
181
100011011011000010101001001101
108
1100101110101111110111100000
80
110000110011110000000110101011
88
10111010110010100000111110010
167
110000101001111111111101110010
164
110011010001111111100001011001
197
11011111111110111111101101111
50
11010101111110111011111010111
127
100111101001110010101110000001
47
10101001110010101100101011100
174
11110110111001101011101010111
45
11011001001011000101101100110
132
101100000000101101111111111010
34
101001101010100100000111011000
159
110100000100111010101111111011
39
110010111100110111011001100001
167
111111001101111111110011001100
189
100010011010001000011100001101
52
100111111111111100111100111101
187
100010111101010110011100110101
56
101100101001101011011001001010
55
111110110011101100111110011110
191
111100111111000111000101110011
184
101001011011100110011110010011
119
111100010111111100011101001011
26
111010101010010110100110110101
3
101111111110111100001111001010
104
1101110111101010111011011110
156
101110111011100101101101111011
149
100111101011010111000001111111
144
111001101111101111010010001111
74
10101111111010111101011011011
157
110001100011011001111111110100
10
1111010110101111011101001001
14
111111101111111111111101001100
185
111010010110010111111110101110
23
110011101010011110101011001010
130
10110111010011110011111111101
196
11111011011100001110011010110
41
10001101100010110001110111
194
11011100001110111000011111111
19
111110100101100000011110101101
119
110101100101101100101000100110
172
100011111111010100111000001011
168
110000100101101111100010111100
132
111110101111100011100101100000
165
1010101010011110111011111011
96
111000010100011110111011010101
109
110010111101010111001101111010
26
111100101010110111001110111110
83
11011110101011011111000111000
121
111110110101001010001010011
178
11010000011011001111110111001
71
111000110100101001011100010001
114
110011110010111010101011111100
18
11101111110001111110000110100
193
101110001011001010010011011100
110
11001011010100101100111100
12
111000101011101001100001010100
30
11000101110000010100100111110
43
100100011110111011110111101010
188
100001000101000111101010100111
25
110110101001000110100011111110
173
111000010111110110100000111001
34
111100101110101101011110000100
37
1101010010111100100111110101
30
111111001110010010100100111011
121
110101011010111111001111011010
87
100011011110000111110011011101
39
101010000010111001101111100011
192
11100111111111001101000010
181
10001110110010110010011000111
67
101000110111100110100110101010
31
10111000111001101011100110011
138
10010111111001101010100110
96
110011011111010111100010011101
184
111101001100111011000111111011
45
100101011111110000111110011110
132
11001011110111001110110100111
41
11111111101100111010111011
185
11000110111011110101101111100
184
100101011010001011111000110101
159
10100011101011101110001100010
2
10000011110111001101011101010
146
110111111101110101011001010010
14
11111100110111111111100011101
51
100111111111010010001001011111
129
10110001111000011100010010111
57
111101000110100101100111011100
20
11111011101101011000000000111
33
111101111110101010110011011111
185
111111101110011011011110100110
59
110110000101101111111101000111
182
101000110100001001111101011000
14
101101001111011111011110011111
28
10011111100110011000100111110
72
11000110101110001111000110010
108
101000010100110010101111110100
144
111000000111110111101111011110
143
11011011011010001000001101011
58
101101100011110101101100110110
195
101110110100010100001000011000
154
110110110010101010000110011110
126
11010011010111110011110111011
117
100100110111100100010101001100
62
10011111000111110101111101111
176
111010110011010111101001111001
35
10111100101011100001001100
86
101011111011010011011010111100
41
11110001101110110110011100100
160
110111011100001011110110001101
18
10011111111001111001011111111
79
11010010101111100010011001
88
111000010010110111000000011
178
1011101111111111111110101110
98
1010101011101110111111101101
5
11101111001100010101101010
115
11101011111101001011011100110
154
1110000101001111010001011110
94
101100101101110101101001000001
34
10000100111100001101011101011
153
11110111011011010010100100111
61
11110001101001011011100111010
124
101100011111111101100010101001
170
1000111101111100111001000111
109
11010010011001110011110000
126
10000001111110000111111110110
196
10010010110111100110100101110
55
1010100010010111111111110101
137
101110011111010110110010010000
33
110100011110100111110111001110
183
11010000110101110011111001110
120
100111111001011011110111011010
47
10010100010101111011010011110
164
11000101001101101001111111011
84
1000101111111111110010100101
146
110100111111011101110111110101
1
1011100001101100101011000111
63
111111111001100111110101110100
182
111101111011001010011101010111
180
101100011101101011011111111101
118
101111101101101101101111111111
178
110101011101011111101011111100
50
111101111100011100110011000100
13
11100000100111111010010111011
25
111011110000101101110111110000
168
110110000000011110011010101111
197
1111000011101110100010101110
161
11101100101110011011011111101
189
10111101100111111100100011101
67
111011001101101010111101011001
39
11111011111110101011111011010
162
11111011111101101000111010101
185
1100100001100011100111100
141
10000111010110110100111100111
93
111110000101000110111001101111
173
11011000100111111101110101000
139
101011110000101110010101001000
86
101111101100111001111000101000
143
10001010101001101101000110001
25
11111111000110101011011101101
172
10100010111111001100011101000
61
110011111100100100110110010101
57
100101000001010010011011100011
65
111000011100011111010011111111
34
11110110011011111011110011
138
111100100011000011001001111011
124
10011010111110010111111001010
68
111110010101000000001111110110
113
101010100010100001110110001111
129
101000111111011110000100001011
5
111111111101001111100101101110
28
110110111110011011111111011010
158
110111011110000100011011111110
26
111111010001010110010111000001
130
10100110011000100011011010110
172
101111111111010001111110011011
64
101011001110101010111101111001
184
101111110011101101011111011101
136
11011010111111110001011110101
12
110100001011011100110100111010
58
110101010110100101111100110000
198
110011101011111100110001011110
28
100111111011100110011100110010
124
100010100111110001111010101
161
101111110001101101100011101111
136
110010101111001001100100001111
75
111101111111110001110101110110
91
11010110010000001011000111001
113
101001111010101111110111010110
135
11100111010111100110111110001
76
100010100000000110111111100101
172
111110111111110100111101101001
142
1010001001011111001101111110
116
100101001100001110010001110110
27
111010010110110000010011111110
100
100001101001110101111111010101
36
101011011110111111010110111001
151
11000001101010101010111011010
97
11010011000111000010101111111
192
110011111110110100010110111111
53
111101110111011101100001111110
5
111010110110110001011101001101
33
101101001001110101000001011111
16
111110111101101011010101101000
84
111111010111100011011110110111
12
111110100111001011011001010100
169
110000001011011111110100011101
132
100101001010010101101000101101
59
110010111110011001001101110
81
100101100000111011001110011111
80
110001101001001010110111010001
103
111101100111110001101111111110
94
10001101110000110111111110010
169
10110100111001110001100010001
68
111111111111010000101011100000
88
111111110111010110111001101111
38
11110111110110001011111111110
102
11001111101111101011110000001
8
11011110111011010000111110011
21
101111110010000101111110010111
163
100111011000101001000011101100
161
110110000111001001101101010001
105
111101100001110110110011001111
75
111100010101111100110111100001
68
101101111011111011011001111
77
111101111111111010010001111111
81
10111001111001111101001100011
182
1101110110111000101101000101
29
11011111110101101101101111110
163
100101011101111111110001110001
190
110010010111001100001101100111
95
111110110011100001011100110101
30
111011001011010111001011001
41
100001111111001111011011110011
175
101111111110101100111010110101
100
101101101001110001000011101101
44
111011010110000111101111001110
49
101010011011010001111110001111
187
111111011111111100001110001010
170
100111011010111111011100111100
28
101110101001010101101110111110
184
1110111011011111101101011101
3
101011001101001111010011010110
115
111110101110000101010001010001
73
111000110001010101110000101101
123
10101011000001111011110011101
56
111011111011011111011100011110
14
11111000001111001111110100111
15
100111111011100011011000010010
47
1011111000010011110111111010
184
110011010001110110110011111111
103
101111111001111010111000010011
72
110110001110011001101000111011
103
110110110111010011011011111011
148
10111011011111011101100001100
111
101001011111100101110110011110
182
11000110111010011010111000110
91
100001011111111010111111111001
10
111000111110010000111111101110
84
1000110111111011011111010101
115
11001010111000011111010110010
91
10000000011110011110001110110
11
111111011111000111110111011001
152
111011101100111111101101011001
93
101010110000001100101010101101
7
111100011110010001111001101011
81
111000111111001111000011101110
70
110001011000000101001111010011
11
101100111010011000111111001011
134
11010111011111100100000101101
73
110010111000110111000110000110
88
111010111110111110111100000001
44
101111111001111011110010111010
200
1111100110001111011011111011
79
100111110111111001001111000111
106
10110111011111010111011111101
13
111101011010011011100101001001
97
101010101110111011001111000110
97
100100100001001110111011010000
55
101011101011011110110101100000
130
111100111100001011100010110110
75
11011111100011101011110011001
146
111111010111111110111100111100
187
111111000110111011010100101000
25
101000111101001010100010101001
85
110110111010011010101000111010
113
11111110101111100101011000100
30
11000100101001111011011101111
24
1110100001000111101111011110
71
101101001110110111101100011001
53
100111101110110100100101001111
153
101110110010001010001111110001
172
11100011110010110000111100010
196
111000101001100011011101001111
101
100000000011001100110110101100
136
1101101100110111101100101111
86
111010101011111111001111000100
144
111011001101111000111011101000
67
1101101101101101110100000111
16
100000011111111110110111100011
20
1011110110010111110100101001
9
110000001101110101011111101001
6
11010111011100110111001001100
14
100000110111100011111110101001
112
11111101000100110111011111010
166
1100111111100110111111010100
69
100111111110001111101111110000
87
100111011010110110000111101100
172
10101011011111011110011000111
188
101111001100001111110111100111
118
111001101010001111101101100101
159
101101101110010110110101011110
113
111011110111101110101110000
82
111100101111110111111000110111
2
101111111110101010101110101000
112
10110011110001111111110110011
56
100100010110100100011011111111
46
100110001011111111011011101000
32
111111011111000111111100001111
4
10000001101111110111010111011
184
10000111100111001111010100000
115
110110111001110110001000111101
128
10000001010101110010001011110
25
100011110111011011101011110011
74
110010001111011101110111010001
179
111111001011111100011011010010
15
101110011110110100000111110001
100
1010110000101110101111001110
116
110111110001110110110111000
84
1111110110000001010011101001
94
111001011110110000111000110100
74
101011001000001111111001110011
101
100010111111001110111111111100
95
111000101100001111011101111111
24
1000111110101011010111001010
82
11011101111110011100111101111
113
111001111000011010101100111111
102
111110111111111111001101000010
163
100011001011011000010001011101
42
101111100011001111111010010111
5
100100111000101111110001110101
72
111111011011001110101110001011
174
111110111110111101011110011101
147
111111011001111101110101011011
176
110101111100110100001010100110
1
10110101001000011110001110010
41
101110101001110101110010001111
200
111100101111101011000011010100
61
11110111101010110101100111011
110
100100100111010110011011001101
95
1111011101101101110000
93
110111110011111111101001010101
99
11111110011111101100101001111
158
100100111111010101010100111010
26
1010110000111100011101010110
122
110110101010011111111011111001
190
1011101111011011001
130
11101101111111011010111111001
125
110110110010101100101110111011
198
1101000111100011111100010
37
111100111101011011101011111101
158
10110110110110110010000111000
107
110101111111101101111111111101
52
11111111111000111000101111101
73
11010101111111001101000010
156
11110110011101100111101110000
176
1001011001111011111101101
166
11011101011001000100101011111
172
110111001101101000010010100100
133
101110110011010100010001101111
199
100110101101110000101011111110
131
101011010011110001011001101111
88
101010100010000101001110001000
1
11011110000010111101100111111
51
10000011111010011111110011110
61
100111101011000001110010011111
109
111001110001101100000111011111
123
11100010011011011100110100101
127
111001111011001101110101011101
62
110101100100100011010101010
26
111000111110101101001101101001
66
101100011101001010110011110100
169
111101011001100111100011110111
93
11111011101100010110111111111
187
11100101110011111111101100010
158
100101110110101110110000100001
39
111111111101110101001011111010
57
10101100111100101101011101110
177
10010111111111010011100000110
56
111010101111111001010110011111
180
110101011011111101100111010
80
111101010111001011001101001011
178
1001100110111011110000001111
66
10111110101101111111011011011
61
110101111001100010001010011011
170
101111001101100101111110010111
105
110111110001011011101110111010
77
100001110110010111011110110100
85
1101111111100000011011101110
22
101100001000010110100100111000
177
110101111111011111111011111111
183
1100101111111101001101010101
185
1101011010000101101110011111
81
10011011001001001100011011000
103
101000101001011101001101000011
79
1011101100111100001110000001
182
11001011100100111001000011000
92
10000000110100100011111111101
128
1110111011101111001000111110
48
1001101011010011011101111001
133
110010011100011000100110110111
59
11001101000110001011011011011
97
111101111100111001010101001100
176
100111111001000101111110000110
89
110010010011111110101111101001
114
11110110001110110110011101011
178
101110101101111100011010110010
54
111110011100011100011011101001
194
111111110101010100110000101111
26
101111101010011111111110101110
82
111101111011111100001010101001
131
110010101001100101100111000111
151
101101001110101101011110110101
47
110101101111001110110101111
184
111101000110111111111010011111
139
110110011010111101000001011011
84
1010011101111010100101111011
31
111011110011001010011111110101
112
110111011011011011111001011111
115
11101100101101101101011100110
171
111100001000010111111011101110
174
10010100111111100100100101111
112
1111101111100011010110110100
17
11101110101010010001111100001
40
11011101111011111111000110011
195
100001011111011001111000111101
113
111111111111111011001100011011
85
100110010100010111011110011111
13
11101111110110111111101101111
35
111111101101111000001110101110
52
111001001110001010111010010100
4
110110011101101111100001111010
69
110100111011101110001110110111
77
101101100100101111111111100110
152
110010010101010111100001111110
198
11011111010001011111101110001
128
10111101110111101011001101011
98
1001011101101010001101001011
149
111100000001100110010110011
160
1101001010100111111110111101
137
111011100000010111101111110010
155
1001010110101111111110100110
87
100001010010110001110101100011
112
101110011100111011111111010010
185
100001111111100011010100110111
81
11111001011100011001101111
106
11100100110001101011111000100
80
10010001010001101111011100011
187
11111010010001011111000100111
5
110110010101110111101111011011
41
111110010101000110011001000101
136
110111111001111111011111110011
105
10111010010110010000001100111
5
101011110010001100111011111010
107
1001111001111101111100011000
103
101010010101011100001101001000
19
110000111011110100110110111011
98
110011110011100101100110101101
51
1101110001100011110100000111
159
10101111111000111100011011011
159
1111111101110011111101110111
14
11010111001111001010010110010
28
100001011111000101010011011
64
111111001111000111001011101001
184
111110111111100101000100110001
184
11111110001101010101101110011
70
110101111010101001111101001100
165
100011101100000001000110000110
148
100010111010110111000011111111
16
1111111001101100011010001101
41
10011000101101011111101110001
50
100000111101000101011101011010
134
100111001111000001101111111001
84
100100111011101111001101011111
94
110011100000110011111000000011
23
110111011001010011001101101110
135
111010001110001001011111110101
40
111101110100111101111011111011
132
111100111110111001000110010011
129
100010100000111011111110111011
192
101011001111111100111011101001
92
100110111011011110100001001110
186
1110111111110001111101111111
37
110001100110100011101110011101
175
110110110110011101011111010010
194
111001110011011111100101111111
192
111110101110110011010110011110
163
111100010111011111101011011011
200
111100101000011011100111001110
100
1011011100111101011011111111
149
101111111110010111101001101100
44
1001100011100111100101101100
26
110111111001111011110010001011
72
11000010111100111111111000111
195
101011100010101111110101101111
191
111101110101001111111011100101
12
10111101111010010010110011111
89
110000001100010010010111000101
105
1001011100111010001001010110
3
100110000111111111001100000100
182
101110100110111101100110010011
21
101011001101100111011010110111
90
111011100110000111011011111000
8
111101100111101111110111001111
101
110111011001010010101110010011
193
11111110101111110010111011110
198
101100100111001000010110110001
68
11000111110111101001111011110
132
101111011010011011111100100010
150
11001011111100000111111001110
94
1010100011110101010101000100
36
101111000101011001100100100101
70
111111100101010011101111101010
153
100111111011001111111110101110
101
11010101110111100010111110110
146
111101100110101000110110001011
115
110111110011111100111100011000
146
101101110101111101110000111111
118
11000011111101000111111101011
173
10111110011011001010110100101
72
110000001101011111010110101101
118
11010111001000111010011011111
60
1001011011011110010111011010
127
11100001111110000100110010010
14
11101011110110111011111111101
55
11001100111011110101111010111
109
111000110000000100100010110101
150
11110011101100111101110110001
158
110111110110100000111100101001
4
101101111010101110011010101111
187
101001000011001110101101110110
77
10101011101111110110110001010
36
101111101010110110001111010101
28
11111001111010110110110001101
73
101101111111111001010001011101
166
10110101000010101110111111000
142
1111111111111000000011010011
137
101110101001101110101110111011
22
111000101001011011111100010111
16
111010000100110110110011011000
2
101111100010100110111110111011
149
10001111110111011001111110111
57
1101010100111101000100101001
104
111000010011011010111111001001
136
111010000100110000001101111111
172
111001101000000110100110101001
5
110110111111010100010111111100
14
10111100000110000000111100
150
101101101110110101100111110011
51
111110000111101110111111110000
190
111110010111010001011111111100
79
111111010010110110110100110011
190
100010011111001011000011010111
186
111101101111111111101000000110
92
111111011010100111011101000110
168
100101110101001000010111010110
83
101111100110111001100000101100
107
101100100101111111011111101001
26
100111111110101111101001101010
58
1111011110101000010111011101
65
10010010001100110001101001110
38
100001111111011101010101111000
1
1111001111001100101111001110
191
101010101011110101111010100101
128
11110011111000101111100001010
103
10010100110111111111110110101
157
10011111111111011101010101111
152
1011110010111100111111011111
112
101110100000101111110010011001
154
10100110111000001111011001101
145
110110111011101100100111111011
129
111111100001110000111111111111
196
101000101110000011111110100001
114
10010111101001011101101000111
131
110011001110111101011011111100
187
10111011110111110011000001101
134
10111010101111010111000100001
130
111101101100100101110101111010
100
110110100100010110111011001011
20
110111001101101111011101111100
173
111010001001110110100100100110
139
100111101101111001011101010100
97
100011110010111110110110111011
189
110110001110001000111111110001
40
10000101111111111011101000011
200
101011100100100111101101110011
188
101110101111111011101111011110
129
111001110001101110111111111010
6
111110010001110101101111010010
70
110010100101110101111100111100
152
101101000011101000010001111001
180
10100001111001101010010011110
30
111101001011111011110010
53
100100010111011111110100011110
176
111100110001100010001011101101
7
110111111100111110100001111000
77
111110101110100110110111100011
57
10001111011110101111111001110
176
11101110010000011101000100111
41
101111100110101011101011111000
141
11000010110010010010110001111
44
111101110010101100001001111110
20
101011111100101001101111010101
52
110111011110010111111110011001
3
11111111001111001101001110110
159
101110101001011000011101100111
132
10111010110111001010101110111
82
11100101110101111001111010000
197
11111000010101110001111010111
88
111101100011110001101101010111
188
1110111111101110100000100001
52
110001111000101111101011010010
109
111101111010010111101111111100
191
101010101111111100011111110011
71
10000111011010101111111101100
85
11101111111110110101101110111
158
100010111111000111000100101110
72
100001111011001101101010101
29
111111001101011111111111010101
21
110011001110000110001111110101
25
101101110100110011011001110111
73
111011011101011101100100011
123
11101011110001010111110011101
100
1011111110101111111111001
7
11110110101000100111000111110
95
10111111110111010111011110001
41
111111011011110010001111011010
119
101001101010001000110111111110
178
101101011110111011111000001100
45
10110110110111110110010111010
31
111011111111111111111110000101
167
100011101101011111010010001100
95
101011111010101001100010011011
93
11110001100011010111100010001
109
100001001111101001011110111011
104
100111101100101111110010011001
183
111010011111101100010000111101
8
11000011101111111001000001111
15
11011000101101111111111000110
34
1100111110010010110010101001
33
101001100000111100111100100001
45
100010101000011101111110011100
180
11011010000101111001010100111
36
100101101010000111111110100110
139
111010100111101111100001101100
96
111101011101001110101101110101
149
10101011000010011110011000000
164
101100111010001010010101011100
128
101011110000001011111000110
197
11001001110111111011011111100
86
1100110011111011111010101100
131
1011100101110110001011110101
89
111001000111001111001101100011
122
111110101000111111111101111100
186
10111101100011111111010000111
58
10111110010100000000110010111
40
100001111100100100101100110100
79
11010000011110101001000111001
163
111011011101011011101011110110
99
111011001100111011010001011111
108
111011111101101001010111110
105
100001100111101111111001100010
191
111001101100100010110111000101
76
111101001010111110101111111110
52
110111101010111111111010101010
45
111111100110010110101110110111
125
11100011110111111011010110111
71
11010011010100111111011101000
108
110111101001011101000101111100
171
101011100001111111010111111001
39
1001111111000111011010001
43
111101010111001011111001000101
101
101101111101101111111111000000
182
111101011100010110111001111100
31
110010101111000111110110101
95
10000101101000011011011110011
132
111001010100111010111110000
15
111001000001000110010111111111
89
100010110001100001110111011111
18
101011100111010110001101010101
77
101110111011110111110110001001
163
111101101011011101001011011101
23
1011001111111100111111001
141
111011101111011101101111001011
156
10101001000011011001111001110
28
11100000000111111111110000100
8
111110111001100010101010111101
169
1011110110001010101100111111
133
10010111111111101010111101111
154
1000001100101101011010111110
132
111000101101111110101111101010
186
111010111110101101111101111
89
111011001100010110001110101000
76
111011110111010011111001001101
79
1111101100111100010111001101
95
111111011011101011010111011110
24
111011011100111101110111101100
24
1101100111100110011110101101
23
110011111101101001101111111011
131
111110011010010111101100101011
134
111101000000110101101001011001
116
10000011111011001000111111001
109
101110010111110101100111111101
2
10010111000101111110110110111
84
100010110111100111011111011011
97
11110111010111100011011111101
105
101010010100011101000100000001
112
10011110111110011011111001110
187
101100100001111111101001101
37
1110001110011111100110011010
171
110010111011011100110100110000
1
1011010000011001111101001110
133
1110011100010110101011110110
144
11010010000111111100010100111
195
111111001101100001110011100011
187
11001101001011110100001110111
90
111011001111000011111101100011
42
1110101010011101011111101011
98
110010101011001101011001111101
198
111101000111100111000000001010
117
1101111111111001001000110000
69
100001001110100101001101110010
80
101000001011110110111000001010
73
110100100110111000110010110110
195
110001001111100001000010110001
169
111100000111110011000101110110
98
111010011001001011101011101011
95
10111110011011000011100000
59
101010001001101110110110110011
107
101000111111111010101110111
24
1111001110111100101111101101
73
101101011100010111000000001100
169
1001100111100101011010001001
128
1111110111010111100101001110
134
111110011111100111111011111110
128
111110011011111101111110011
183
111111010001100011011111001111
135
110111010000101111110111100011
29
101010101001000101111111110100
159
111110110101100011100010000111
17
1001000001111000010110011
96
110010111010011111010001101110
102
101100110101011100000101001001
162
110101000111100110010111011011
36
11011001110010011011111011000
69
111010010100000000011000000101
170
11011101110001001000001101111
198
101111111101001010001011101010
48
101100011011110011111000101100
53
100001110101010011110101111011
157
110100101111111101010111111111
100
110010011101001001000110011101
28
10011011111100111101111011011
135
10110000110110101101000011111
105
11100111100111001000011001110
190
10111011100111011110110110110
72
11110001010110111111110101110
1
11111111110001110001111111111
108
110110011101001110100111111111
111
111001010011000111000011011111
23
100010010011101010111000000001
22
111000111001110011011110001
97
111110001101110110111100011011
163
101111110101001001101100101000
28
11111011101110010010111111111
19
111001101001011111001111100011
193
101011101101111010011010111010
94
100001001111010111111111100001
122
10101001101111011111000110001
186
1110110111111111001110010010
68
110010000000110011111101100100
198
101111101100001010000010011101
117
1001100001110011011101110000
149
100110111111010110101110101010
168
10111000111001110101111111110
34
111110111011111010011101110010
39
110000010111111011101100100001
184
101011011111001001111010000110
33
11011001101110101000100011110
167
1011111011011110100010100000
6
110111111111110100100010100010
92
101110000100111111011111111000
112
11010101111000000000111110111
12
10110100001011110110100101010
151
111100011011111101011111011001
54
100010110010010000111011001100
8
1101101000111101100010111100
2
100011101111011000111010100110
85
101101100111100111111101010101
200
101101001100010000011011101001
54
110001011000100011110011111100
105
110100010011001111101100111111
157
1100100111011000101010000011
72
1110010001011111011111110110
117
10100001010011101011010110000
10
110010101011100001110110101101
26
110111011010111101000101111011
58
110011101000000010000111011011
141
111111111110011101101101011001
192
101000010011011111110110001100
93
11110111011100000111010100110
37
100011101011000011110110100011
107
101100101010010001110011011001
144
100000010110001000111111110010
28
110010101111000101010110000110
148
11110001111001001110110010100
147
11111110110111110001100110111
23
11111100101110011101011111111
100
110101010001101110111111111101
7
10000001111011000110001101110
40
110011111010101110010100110000
123
111111111110010001011111101101
63
100110101111001010011011001100
25
11110111001101100100100000
111
100111100000010110001101010101
95
11000100111111101010111100111
119
11101111010101010110101111100
187
110100111111111100111111111111
117
101011111111011000100011010100
26
10110101110110110101101101100
33
10111010010011100111100101011
12
11010000111001011110100111101
151
101111010100011111000100000111
28
101101101001101111111110111011
126
111111001101011111010101011011
29
110001000111000111100111000111
43
11101110110111110010110010111
138
101110111101111011011011001
90
111110011111101010111010101111
106
111011111100101111001011010101
134
1001110011011010101100100010
167
11010110001100011010010101010
149
110100110110011110000111100110
13
10001011111100011011001101101
197
101110110110101111000101100001
122
1011000011001111111001110110
130
1100000010101001000110001101
132
11000010000011111011101101010
157
111011110100010001110011111100
1
111111001010111110010100100101
47
11010110001011011101110111111
57
111110001001011011110011110011
9
11110011111011101101101011001
123
111110011011000101010010110100
173
100010011011110100001001010111
20
110100101010100011101110001111
79
11011110110001000010011010111
110
101101101111101111001010111110
88
111110010011100111101011001101
82
10100111111001111110110111111
188
110110110110111101010100011110
185
100011100011001000000100011010
14
10001011011100011000011110111
39
111010111100111110001111010101
161
1111110000110110010001101001
134
101110011101111100101001001001
1
1011011100011111111111011011
60
101101010100100001101100111101
19
100101010101001101111111001110
25
110011000111001100111111111001
103
11110101000011111101111101111
45
111011110101110101110111110000
70
10110101011011111101111100010
163
1110111000111011111010101011
198
111010111100111110000111100111
120
11110001010000111110001110101
96
11111100011101110000101100
139
101011011100111000001011110111
92
10011001000100111111010010001
79
10000110110111011011110011101
11
101110011111010110111100011011
120
101110000101000111011011100000
95
11111001101101111111011100010
172
101110111011101000011101110101
96
110000001010100010001101101110
183
10101111111111111101111011010
189
110100111011100011100010110100
140
111111111011001101111111011100
62
101111100110010101100011111101
118
10000101101001110100101000011
17
111110010011111100111000111010
197
10000011101101110000001111111
130
110111011111011010111000100100
100
111110011111011011110111010111
98
101101111110101110101101100111
63
111010110101111001011110001110
29
10011101111000110011011100101
107
111111110010000011100110001000
127
1110100011110001001100100000
176
110110000010011101100110011110
73
111111100101001111110101000011
101
111101001001011110000010001100
34
101100101100011001011110000001
186
1111010001101011010100111101
89
1010111011000110111111111101
140
110100111111101100000001111111
186
1011100111101110111111111
102
11100011101000010111011100011
162
101010010010010110010101000111
122
110101001111110011001010101110
131
11110000010100111011011111100
186
11100111100001100101111111110
69
110100001001101110011101011010
148
110111010111111110100011000111
12
111111110100001010011101011101
60
1001101100000001111110011100
169
1111110101101001101110001
123
110110101110101111011111011101
83
111011101000101100110111011010
74
10100111100110101010110101001
187
111100011111011010100110110100
156
111011111101001101001010011000
24
110111011100101011001011011110
178
10110000110110000101111101001
88
100001010110001001111001010010
177
100011100001011011101111111000
190
111000001011100000111000001101
112
111001100100111010111100110011
81
11000101111101011101001111
158
101001111100101110111101101011
108
111010111101111111111111110110
176
1001001000001010111101001111
149
1111101111111111100010011100
102
1000111110001000110101011010
96
100100010000111110011111111110
69
111101110010110000111111111010
67
10001111110111011000100001111
108
10000101001001111111011011101
195
100010110110100010010100111110
4
110010100110101000111111010000
157
101110011101110100101011101110
69
10110010110110101110011101101
101
110111111000101011010000010111
50
110010100010111110111001111110
41
1111011000010111001110011000
191
110111010100111111100001111110
42
101101111111110101110101111101
61
10110001100011111111001000111
136
101001101111111111100011100111
95
110011101111001001111111100000
122
111100000011111011101101101001
167
1101011011011000110011110011
180
101001011101010110000110111111
116
110111100101010111100110111111
98
11011100101010001000110011111
188
111010001101011111001110011
127
111101110010010011100110001111
200
111101001001111100010110101111
41
111101111100111100011011110011
168
101101000011110010101011110010
18
110110101010111100110111101111
149
111101010111101101101101100111
152
100111111111100111000101111111
147
110011111110111110111111111011
131
110001001001001100101000011101
43
111111101101001111001110010110
169
101101011110101011011011011010
168
11011111100111101101010101101
168
101111001011101100100000111100
35
1000111010011101011101111001
156
111010111000110111110111111111
99
1011011011110001110111111001
193
10111101100011100111100100010
188
101010101110100111000101011010
4
1111100010001000111101111011
49
111110101111001001101110000111
75
100011111011010011111110010011
169
110011001100011111011010110101
46
110101110110110111110101010110
71
10110110001110110110101001110
142
10100101110110010111001010
125
101011111101111011010111000101
61
100110111100111101010001100101
35
11101010101111111110111100
23
110111000110010100111100110100
56
101011001011101111101111111100
188
101111100011110001110101001011
157
111000000011011110111110111111
118
111101010101111110010000110011
197
11010101010001001101001001001
91
101111110001110010001111010011
120
1010011011000010000111001000
110
111011111110100011110110111010
120
11011111101001011000101111011
142
111010011111011101111110101100
54
111010011110000100111101110100
76
110110100101011011010100100011
193
1001101001101001111011001101
156
110001000110010011101101010
180
10111110100110110111111000100
116
11010011011110011010101111001
28
11011001000011011111111110100
81
11011001111101010101011001110
165
110110111110101101001011111110
58
110010001110110101111111101101
161
11101101111111111000101100111
75
111111111011100111010101101001
80
100011011001010101110000001111
134
100001010100010111110110011111
60
101111011011000011101101110111
177
101110011010000111111111000011
135
101010111110001110001100111011
160
110000001101010011111100001010
19
10101101110100011101001110111
192
101010010101110100001101110111
163
111011110111101001011001011111
148
101011011011111001010111001101
134
1110110000111011101110111101
178
101111111000001101101011111111
183
1010101101011111000101010111
192
11110111000001010111111010111
48
101100011011011000101101111110
105
100111011101011101110101111100
123
111101111011001100101111000000
54
101101101100011101101111010001
193
110110011000100101111111111111
75
111110111110111010001011110011
64
101110010001101001101010111111
97
11000111011101110011101000101
96
110010011111001011101001101100
107
10111010111111111100111001100
71
110110011110010111110001101111
150
111100110110000101000111001111
174
111111011111011011100001111110
66
11111101010010001110111011100
42
100010000111101111000110010101
197
111111110110110001010101111000
94
1011111100001101001000000011
194
101101011111100101111011011110
162
111101100100011000000110110110
139
101100011001101001101011011100
47
101111111110110111111111110101
166
101100001101101000110001111011
111
110110011011101000010111011111
75
110111101000100011101010110111
59
11011011010010001110111011001
139
100110101011010100001100001001
130
11111001001011010011110010011
62
1111011101110000110111011101
50
110110010001110001111111100011
89
101001011011001111111110111
145
110101011111100110101111011110
157
10111111111110111010011111001
119
101011111100011111111001111110
88
11011001111000101010111100011
66
110011110111110000110010111011
64
111011101011000000101001011101
124
1111100101101100001011110101
90
1110000111001101001110100100
147
100011101110110011011011110111
121
101010111001110000000000110011
25
11110010101101011110100010111
153
101111010111011000010110101100
98
100010111111001010100111100100
46
101011000100101010111100000111
61
100100100110101111111100010100
49
111101110101100111110011011
7
100110100001010101011110001111
37
111011100111100110011011001011
119
110110011111101111001111001110
69
111101111011001101111110100
35
100111111111110111011011110011
64
101111110110100010111101111011
54
1110001101100000011000011000
68
10111111010010101100011110110
198
110001111100110110101100110110
199
11010101111110111000010000101
171
11100110100100001001000101000
198
100001101101100100000110100100
109
111010011110111011111011110
37
100101001111011110110111010111
120
110011111110001111110000111111
165
11101001000100110111001111110
35
11101000001101110000111011111
59
101010011101010101011111110101
35
101110111110110010011011011001
78
100000101010010100111011100111
101
10011010111111101111101110000
161
110110001011111111110100001
144
101110001011011110100101011111
163
10100011100011100001111110000
166
110000101000111010011111101011
104
10111010101011100111011010111
14
1101011010010100110011111111
145
11100011001101111101010011
84
1101111111100011011111001100
74
100111101010101010111100011011
188
110100111011000010000111011
173
110111100011111101111111101011
120
11101111001011110100001100101
149
11000000111101101110111101001
65
11101111111111011111000111000
165
11101100101111010010111010110
99
111101110110110111110100101011
171
111011010011000111110111000011
23
110011111011110111110111100010
97
101101111010110111111101101111
73
101111110100001110010111111011
147
100100011101001101011001111100
32
1000000010001011110111001111
149
111101011010001101011111110
114
100101100110110111111001101100
137
110111001101110111101111111010
178
101111001000100010111000110111
196
10111101001111101101011
170
110110111100001011010111110110
173
100101011111101101111011101101
81
111110101100011111100110110101
35
1011100100101101101010111111
54
110001100111101111110011011111
153
10111100101011110011010000111
88
110111100001010111110011110111
7
111101101110101010111001111110
35
111101101111010100100011110111
45
101101000110111000011001101011
178
1101100100011010110110010100
33
110111111001101101001110011111
32
111110010111100011111000001000
114
101011011111100110010101010010
101
100100001011111111001010100111
197
10111101011011101111111011110
27
11110001110111000101111001011
100
111001100101111110000110011011
155
110111101001111111000110110000
145
11010001111100111011001001100
21
110010010111000111110011010001
84
10011110111010100111111100010
19
10101110111110100111011011110
84
1111001101110101110110100001
193
11111011011001111001001001110
92
10010110011111110110111010100
83
111110110101010001101111110101
194
1011101100101001010110101010
104
10100111010110100101110100111
153
101010111011001000001111011111
131
1111111011101111101001000111
110
110110001011110010110101110111
31
110011111111111001001001011
112
10011010000011001111011000010
43
111110011101101010110101111
102
111011011111010010111011110111
88
110111011101110101111111101101
132
10111010101101100010001100111
176
110111111011000110111110111111
157
111011001011110110101111111110
114
10010011101100000000011111101
142
111110110011110000100001001010
84
101111110111111110101111111110
75
101111100001011111111011101111
101
101011101011111111001110011011
8
1010111111010011101010111001
70
11110010111001100110101110111
43
110110000101011001100101011000
37
101011000111111011011010001011
47
111011111110101101111111111110
66
101101011111111100100110010101
171
101010111001001101101011111100
58
11001010011001000010111111101
35
111010101111111001101111111011
164
10011111001010101100101010011
25
110111011010110101111110111100
6
111001111101001011100110010100
99
100010001101101011111011101001
160
110111111101011111001111111001
190
101011010111111101100101110100
184
1110001010011101110111010000
161
1111011011110010111101110100
94
100010111110001010100101101000
15
101100100111010101101110010010
88
110100101011110111000001111111
99
11001110110110000010010111011
136
110010100000111000111111110111
11
111110011101111000100000100111
19
11001011011110111011111110111
15
100111111000000011111100011011
114
11000111101101000101011010101
38
1100110110011100101011101001
59
111110000110010101001100001100
94
11101111111111000001111111110
71
10111011111111100001011111111
47
1000111110011010110111011101
105
10111101111010011010010111111
99
101000110000110111111001111
24
111010111111110101001110101
21
11111100111100000110001100111
5
100110111100011100011010110010
188
111010001000011011101001111101
72
110011100100111100001010001101
196
111110011111010100111110111010
40
11101110101111111110101101010
20
101011010110110000011001001
6
110101111111011101110111111000
147
111001101111101111010110111010
164
100011110010001001000011111101
85
100011111101100000010101001011
103
101010011110001111011110101100
12
100001101011100011000010000011
147
110000101111010110000101010
100
110101001000100111111111010111
104
100111110111001001011111111110
97
110011100000011111111011101010
56
100100111100110110110111011111
38
101101011110011011011110111011
152
100000111111110111100000111101
69
111110100101110111001101110
183
10001111111111101001110101101
126
100101111011110111011010101
3
110101011100111111110001101111
41
100101111110111101011101011011
4
100110101101111010111101110011
112
10000011111110111101110010101
180
110010111001111110101110011100
46
100110110111101111011111011110
57
110011111111110101100011011110
139
111111001101101001110111111
52
11100110101011110111111010100
188
1101010011100110011001001000
58
101110101111010101110100000001
39
100101111101101101001100101010
38
10100111010011100110011101101
51
100100010110011111100111110110
197
101001011110111100001100110011
198
10111111010010011101010000110
92
100001010001111010101111100111
168
10101011001001100011110001001
163
110101111000011011001001110100
91
10101100111111011100110110011
69
11111011001101011111110011101
82
110101101101010011100010101001
129
1111101110010001101001010100
7
1111101011100101101100100000
35
10001000100010001111110000110
38
111000111100100110110010111
74
111110001000111110111100111000
123
100001101110100010011001111010
67
1100101001011001010101101100
4
11001100111100111101011100101
18
11110111001111101000101011111
24
101101111111011111111011100111
105
101100011111010011111111001100
76
100101101001101110101101000111
127
110011011010101000010111100110
17
1001010100110010011011111111
81
101110110111000110101010111010
7
101101100100001000111111111101
191
10111010010001011111100011110
143
10101101101011001111100000111
78
1100011110000011101010010111
159
11110001111011101111100001
52
111111000011000111001100101101
41
100100111111011101100110101100
106
100111111101011001111000100111
158
110101011011010110010111011100
143
101011111010010010111110111110
174
101110101111010110111010011101
22
101111011110111010000011001100
137
101110010111111101111001111000
36
111100100111110100111111010010
38
10101111011110000011001111000
72
111111110110110110110101111110
74
1011110100100110111110111111
78
111100000001100001011111010011
86
111010101100111111011010111111
150
10111111011000111011111010101
150
100110110111000111011011010011
73
101111111111010111111101100111
191
10111111100011001010001011101
144
111111111010101010111000111110
87
111111100000110000110111111011
197
110011010111001100011100111101
22
111111111001110011111101000110
161
100010010001110100111101111011
86
101101101101011111110101111011
80
101001101110101110111000111110
9
100010011110110111010111011010
187
11110101110101111111110110011
127
101111100110111110000001101101
167
1000001101001010100001110011
124
110000110100111111000011000011
157
11101101110111001111110110100
92
110110111111011110111001010010
194
10010101100111001111011010010
164
11110101011100001011001001010
66
100001011110100101010110011011
102
101101100100100110101001011101
199
1111100111110001001001111011
170
100111001110111011001010110111
22
100110101011110011110011111001
61
1111000000110111001011100111
184
110000001111101011111110111011
82
101110110100010111111110110110
177
100011110101111110001111011110
99
10011110001111000111110100011
69
1101111111111110011111000
77
111100110001110101110110001000
56
111001001010001011011101011010
99
110010000111011010000110110101
167
111100010011110110100001100000
149
111011011111111011010001010101
168
10011000101111100100110010100
156
101110100111001011011111011101
7
100000111110011001111100111011
60
101001101111000011010000010111
183
111101101011111111010100101110
88
110110111111110001101111101010
29
100100111010100010001011101000
121
11101000001010000001101101111
50
111011110101101100111110101001
105
100111011111111100010101110010
182
1110101111001111010101100010
169
101100111101001101001101111110
63
11000111110000001011011111110
76
101101010111100011010100101101
188
111111110101101110101110010111
103
111011000100110100100100101101
124
100010011011111011110001011100
152
101111101100000111001111011101
112
111111110111101110110111011
28
10100010111110000011100010111
104
111010111011011111101010010110
144
111000000011111001110000001110
70
101101110000100100100101110111
25
101111111101101100111101001001
60
101101010011110111001111000110
121
100111010011000011110001110001
57
11110111101001110111011111111
135
110111010001111110111101101100
143
11000111001100110101101110000
72
110111100101101011110101101110
104
11110011011110110110110111011
7
100011110000010111011101100010
81
100111110111001111011111011100
152
100101111111000010111110010010
50
1111000111111011001111010111
185
111100010110111110001111101011
124
11100010101111010111010100001
50
101110101110111101110101000110
199
10100111101111101101011110111
75
1110001011011111011011001110
21
110111111110101110110111001110
100
11011101101010111100111100111
189
1110001001011101010010001100
133
101110001100101100111111111111
162
1011010101101111111000000110
194
100110101101000101011001110101
8
111111111000010011111100111110
92
110111010111111001000011110010
76
101010111000101000111111110110
91
1010101110111000000001100101
108
101110101111011111100111100111
75
11100110111000110101001010101
127
111111011110110111110110110011
196
100001011100111101111100000100
65
11011010101011101110001111111
130
100111111100100111001100110011
131
111001001101111111010100100001
52
111110111110101111011001010101
108
11110010111011011011110111110
122
100000001101101001011100101111
48
10111001010101100101010011100
88
100011110111100110111111101111
188
111101111011100011110111100001
63
1011101110110111111011000110
155
10111000100100001010000011101
176
110011111010111111000011110101
182
111111001011110011111011101011
120
101001111110100110101111010111
164
101111101011110100101101111111
65
101111011011010101111110111100
196
111111111111100111010110111100
100
110001111010010101011001010001
88
110101001100001100111001100
173
100111100011111000111010111000
164
11000101000010001110101101000
160
11011111101111001001110101011
133
110110011011011111011001000110
4
1100011110111000111100110111
58
111011011110001000111100101100
72
100110110100001011001111111111
200
11111101111000111110111010111
159
101100010001101101110010110010
120
111110101110101111111111111000
181
110110101101011101110010110111
60
110111101101110111001101111
156
10101110011110010100101111
198
11111101011110111110110000100
37
110010010000110010001100000101
155
111110100000001101111111000111
95
1001111101011100111101111100
143
111001110100000100110010101000
41
11111110011110011111101010111
61
111100100101010101111100111111
183
11000011101100111111001110100
1
110000111101100010101111110111
167
110111011011011101110101101100
116
101101110011100101100010110100
159
111110101110100001111111011110
37
111100101111110110010110110
103
101011101111001101110010011010
181
111101010111101100011001101111
191
10100001001101101001101011111
91
111111100010101001110001001011
148
110001101110011110011110011101
61
11010011000101100010110110110
150
11101011111111010100000110011
17
11110001100101010110001010011
56
11000100110101011001101100101
55
110001011010001111010010000111
8
10001011100100011100011101011
74
100111101000011010111100111101
116
100110001011000001010111011101
199
11011111011111100011111010011
191
100110111111010001101100111101
125
101011100110010110011000110111
96
10100110101110100111101001010
136
11111110100011100110111111111
151
101101110100111000110110100110
69
110111011001110011111001110001
164
110101011110110001111010001000
13
111101101111011101101101101110
191
111111011010110000111110101111
61
101010010000110001111110111001
101
100001011101001010100000110100
15
100010101111010011111111001011
157
111011101101110011111011111110
123
11010101111001110010110111100
158
110111010100111110011011111001
2
100011101100110110000101000101
127
