30 300
1011101000010001010000010101
109
1011001000000000001
151
1100000101000011001000100001
4
1000010010000000000000
92
10001011110011001010000000100
48
10000010000001100000010011100
5
10011010101000010000000001110
145
10000100000010001001000010110
157
11111100000001000010001100
154
100010110101010010000100000
145
110101100001101101011001000001
112
10001100000001110010000000
177
10000010100000101010000001000
157
11110100110000111100100100100
79
1001100010000101010001
3
1100101000001101001100100100
129
110010000000100110000000000000
156
101101010101000001000011000
111
11000010000010000100010010
45
11001011100000100001000000010
96
100001000000000110000000
133
101100101000100000001000000100
90
11011010100100100100010000
54
100000000011000001100000
157
1000001110000100011000000010
18
100000011010000001010111100001
60
11110000000111101000000000000
38
101010101101011001100010
67
1111010010000000100000100100
12
100101010010010010101101000011
67
10100000011000000000001010
84
100001101000000000001101001
117
100011100000000000000001110100
29
10010110010010011001
116
10100100100000010000100010000
132
100101010001000000000000000
73
100111010010000000001111
190
1001110101011010111000000000
137
100011001000001010101001001100
134
110000001000100110000000000
144
1100010100000000000000100010
136
1100000000110101001110000001
57
101000001110101011001100000001
21
100000000000010001010010010001
14
1000000101010000001000001100
115
101001101000101000110000010111
200
100000000000101111011000000000
144
100010101100000000000100001110
150
1110001000000000000010010001
28
100100110001000001010110000111
45
110010101010100010000010000100
80
100101000100000010000000101000
67
111000010000000010001110000000
171
1000010010000100100100100011
54
100010000000111101100000100010
184
101011100000000011000000001100
126
101010100000000000100011100000
38
10000100100000000100100100
17
100000101001000011001100100000
42
11100000001100000000010101000
106
100110011000001000010010000011
143
1101100000010001001010010001
11
100000000100100000000000110101
125
100000000000000100000011
139
1001001011001000000000101000
80
100001000000000110000011101010
159
10000000011100010010000000
110
111011011011000011000000010101
3
100010001001000000000001010001
5
11100010100101011011010011010
14
1010100001000000000100000011
137
111101101001010100000000000
92
110000000011001101100010100010
97
1011000011010001000000010001
131
10110011011000100001000000000
61
100000001010000110000101000010
124
1101010000000011010100
148
11101001000000010101000
44
101100010000001000100001000
45
1101100100001010001000
131
11110000000100010110000000100
100
1101100100000000100001001
86
111000001010100000011000000101
109
1010101011000000000100000101
81
10010010000010000000000000
153
11010101000001000000110000000
188
11000010100011101100000000101
200
101000001001001001000111000001
69
10011000000000010000010011100
172
101000100100000100011011100000
63
1100001001010101101101
123
1000100011010101100001100
161
10000010010000000000101
123
11000000101011000001011100
17
11101101000001000001100100100
136
100000011001000100000010010100
48
10010010000010100110000010
54
110000100000010011000101
142
10100010100000000100001101010
117
10010101001010000010010011010
197
100000000000000100000100001111
169
100011000100110001101000
22
110000000000010100010100001011
3
111101010001010010101010001010
83
100010001100000000000010000010
133
10000001000000011100001000101
69
11001000100011110011001010000
130
1010001100110000000000000000
90
100101001001000000101000001010
57
10000100101111000100000110
89
1000000110000101101011000011
106
10000010100110000000
62
111101101011000010011000000
7
1110000000001000001000000101
97
100110100001100100000001110001
55
11111100110010000000000
179
10010001000010010101010001000
104
10000100000010000110100001101
44
101110100010100000001010000
11
10000010001000011010011011110
136
101001001001000000001110100111
71
10100000100010001000001
189
100011001010010010010000
146
110000100011010000011
194
10110000000011001100000010000
54
10000001000010010000101000
128
1100101001000110100001000100
160
1000100011100000110101100000
108
1101010000100010010000000
26
100001100101001000100110001010
57
100000000000000010100011000110
183
1110000000011001001100000000
78
100100001011010010000000000
111
1100010001010000011100000000
25
1111010001100110001100010000
69
10010010000110001010000001011
136
10001110000000001001000000010
147
100100000011000100000000100
54
1010000010000001101011000010
10
100000100001101000110101
198
100000011010100101001101000000
101
10001111000001000110000010
17
10101110000000001010000110
40
1000011110000111011000101
75
100110100000001010011101001010
32
1100010010101100010000000
84
11001100001000100100000010000
164
100001000010010000011000000110
16
110000011101100010100000000100
66
1001101011010000000010101000
55
1000000010000001110000000000
122
100000000110110000110000010100
6
110000000011000000000000000000
66
111000001101000000001111000100
198
1111000010000001001000110001
87
10000101001100010001000101010
121
100010010010110000010000011000
53
101101111000000000010000101100
178
100100100100100000000000001100
89
10000001001111111001010000010
21
110110100001001100001111000010
160
101000110000110101100000010110
21
100001001100010010010100000
52
100100000000000110101000001000
133
10000101110000100000000110001
154
1000110000000011000010010110
71
110000010100000101000000001
147
10010001000101000010110011001
67
100000001001000110001100101100
136
100000000000000110111000000111
34
10000100101010000010000000
57
101000010110010100001000010010
16
10001010000000000010101000000
188
100101001000110100000010010
166
1010000101001000000000100
120
10111001100010110101000010
175
110011111010010000100000000010
108
110100100100000111010000100
8
100000010000100100000100000000
189
1101010110110001100000000001
178
100100010101001001000000001010
92
110000111000110001001001001000
155
10000010100010000001001101101
39
10101000000100111101100111000
37
1100000001100010100100000000
119
10000000110000000001010101
12
100000101000000010110000011000
107
1000000000110000001010100100
179
10000000001010100101001100010
175
100100100000000010011001000100
119
10000010110000000001010010000
92
1000000000011100000000000110
175
110110101000111000010000100000
37
100011011000100001010001000010
155
100000010101010000011001000000
37
11000000000001100010001010000
141
10000000011010100000111000000
149
1011010110000000000001110110
157
100000010101011010
132
10100000010101000100
121
1000000100000101000010000010
39
10000100110010000000000000001
81
10111000000010110010000000101
118
100011100101100000100001000001
74
1100101101000000100000000011
92
10011001000000010010000000
152
110000001110000111001100000010
63
10000000100000010100000011000
117
1010000100010011000001100011
42
110000000000000101000000111000
110
100000100001100010000100000
152
10101011000011101100000011
35
11000000001000010000100100
41
1000111100011110100010001001
105
110000111101010010
21
10001000110000001001010100100
157
100011100111011010100010100010
176
100001010000010111010001000100
185
10001000000000000001010100100
9
11001000101010000000010000100
125
10000101110110000000010001000
186
100010100000001000101000000000
29
100010000010000011001000000
190
110010000010100010011001011000
128
101010101000010100110100000100
167
111010001010100000110100001000
25
100000101000000100000001
143
11100000001000010000101011010
92
1001000100010000001100010001
170
101000100101010010101110100010
31
10000100000100100110011011
3
101110000100000010011000011000
173
1100010100000000000101010000
140
10110001010000000100100100100
130
100100000000110000101000000
188
11100000110000000100000010
168
101001100110110000001010000000
108
100001000001001000001000010110
1
101010000100001001000000
92
111010011001010100000010001
12
10000011001000010010000
186
10100010100100000010110000101
159
1100000010001010010000110010
35
1010110000001000010110000101
92
10000100011010011001000100110
127
111011100001001011000000000000
105
101101001001101010000100001
162
11000100110100100100000001
63
100011100000010000000100001000
65
100101010010000010011000001000
106
1000000010011101000110
31
101100000000000001101000000010
170
11100010100010000000000010
170
1011010100011110000011010
56
100001101100101100101011010001
195
11000101000000010101010101100
168
10010001110000000000100110000
91
11010100011000101100000110000
190
1001000011000110000010001100
93
10001001010000000010000100001
25
1000010100100101000100
113
101101010111000100010000
179
101111010010000100000000100
100
10000100000101101000110011010
117
100001001010010001000000101111
156
1010110110101010001011010
183
100010001100001101101010010001
198
100000000010000000100000010101
13
1011110000000000011000000011
71
111100000011010001000011001
142
1000000100110001000011011000
147
10010001100100100101111010000
124
101000000100001100001111110001
81
10100101100111000000110010001
72
1000001100100010100011010010
185
1100111001100011011000110000
193
100010101001011010110010000010
115
100001100111001000000000100100
196
100110001000000001000100101
191
10000001000000100101010011001
41
101000110101100010001000011010
84
101111101000110000000000000
186
11100010010011000000110000001
78
11000011111010000001000000110
135
101001000000001010010
187
1000100010100010000000100001
154
1000000000000100101000010
61
110101000000101100110001101000
4
1001100101000110011010001
52
110001010000000000011000000101
86
1100101000100110001010110010
77
110000100000000000110001100010
44
1001000110101100011000111
136
11100000001000011010000010
69
1100000000110000000001011010
181
11100010000010001010100000
176
110000010000111000100000010100
178
100100000000000100100100001100
46
11001101011010000010100000100
14
101011101000000000000100001
141
