30 300
111111111011110111111111111101
109
111011111111111111111111111111
151
111110001111111111111111111111
4
111110111111111110111101111111
92
11111111111111011110110011111
48
111111111111101111111111111111
107
111111110101111111011010111110
84
111111111111111111111101111110
195
11001111111111101101111111101
141
111111011111110111111110111101
41
111101111111101111111111111111
159
111111111111111111111111110001
37
111111111111111110111111101111
138
111110110111110101110111111111
136
11111111111111110111111111111
22
110111111111111111101111110101
62
101101111111111110111101111111
67
111101111110111111111011111111
20
110111111110111111111111111011
119
111111111110011101111110111110
199
111111111110111111111111111110
163
111111101111111111111111111101
157
111111111101010111111110110111
62
111110111101111101111111111111
127
111101111111110111111011111111
195
111111111111111111111101111111
176
110111111111111011100111111111
46
111111111111111111111111111111
9
111011111101111111111111111111
75
111111111111111111101111111111
84
111101111110110111110111111110
8
111011111111011111111011110111
57
111110010111111111111111111101
49
111110111111001111111011111111
109
111111111111111111111111111110
151
101111111111111111111111111101
28
111111111111111101111111111011
106
10111101111111111110110111111
178
11011101111111111101111111111
169
111110111111111101111110111111
77
11001110111111111111111111111
108
111111111111111111111011111111
93
101110111111111111011111010111
138
111111011111111011111011111111
146
111101111111101111111111110111
173
101111110111111111011111111111
100
111111111111111011111111111111
39
111010111111110111111111101101
184
111111111111001111111111111101
58
11111111011101001111111111111
63
111111111110111011110111111111
70
111111110111111111111111111111
93
111111111011110110111110111110
110
11111111101100111110111001101
19
111110111111110101111111111111
194
111111111111111111111111100111
133
111111111010111111011111111111
158
11111111111111111111111111111
47
1110011111110100111111010101
197
111111111111110111110101111101
165
101111101111111110111111111111
78
111111111110111111010111111111
112
111011111101111111111101011111
42
111101111111011111111111111111
47
111111111111111110111111111111
192
101111111111111111111111110111
174
111111111111111111011111111101
176
111110111110111111111111111111
75
111111101110111011111111111110
19
111111011011111011111111111111
14
111111111111111101010111111111
125
110111111111010101110111111111
116
111001111111101111011111111111
91
111111101011101101111111111111
32
111111011011111111111101111111
109
110101011111111111111111110111
100
111111111111111111111111110111
158
111111011011111111111111111110
43
1111111111100111111101110111
57
111111111111111111111111111011
42
111011111101111111010111110111
182
111101111111111111111111111111
111
111111111101011111111111111111
61
101111111111111111101111110111
24
11111110011111111111011111011
23
111111111110110111110101111111
45
111111111111111111011111100111
117
110001111011111110111111110111
157
110110111111111111111011110111
148
111111111111111111111101111011
56
111011111111111111111101111111
86
110111011111111111100111101111
153
111111011111111111111111111111
8
111110111111011111101111110111
64
111101111111111111101111111101
41
100111111111111111111111110111
113
111111111111111101111111111111
137
111111110111111111111011011111
100
111111111111111111011111111011
182
11011111101111111111111011110
28
111110110101111111111110111101
126
111101011111111111111011111111
72
111111111111111111111110111111
138
111111111011111111011111111110
200
110111111111111111111111111011
5
111111101111111111111111111111
22
110111111110101111111101111111
198
100111101101111111111111111111
199
111111101110111110111110110111
133
111000111101111110111100110110
126
111111110111111011011101110011
79
110111011111111111111111111100
182
111011101101101110111111111111
184
111111111110111101111110111011
200
111111111110111111111111111111
173
111111110111110111111110111111
5
110101001111111111111111101111
87
101111111011011101111111101111
14
111110111101111011111110111111
170
111011111111111111110111111111
68
111101111101111111111111110101
75
111111110111111110111111011111
145
110111111011111111111111111111
101
11101111110111100111111110111
182
111111011101111011111111101111
123
111111101111111111111111011011
166
111001111111111111111111111111
73
11111111111111111111111101101
92
111111110111101111111111111111
70
101111111011111111010111111111
50
111111111111111111111110111011
59
111111111111110011011111011111
138
100111011111111110111101110111
49
11110111101101111111111111111
64
111111111110111111101111111111
182
110111111111111111111111111111
16
111111111111111111011111111111
147
101111111111111011111011111111
55
110111111111110111111111111111
183
111111111111111111111011011111
102
111111111111111111101110111111
15
111111101111110011110111110011
33
111011100111111111111111111111
85
111111111111111111111101101111
130
1111111111101111111111110111
199
111111111111111111111111010111
86
111101111111110111111110111111
28
111111111011110011111111111011
140
111111111100111111111111111111
84
111011111011111110111111111111
62
111111111111111110111110111111
181
110111110101110111111111111011
109
111110111111111111111111111111
8
111101111111111111111111110011
65
11111110011111111111111101011
3
101011111111111111101111111111
5
111111111111111111111111111101
21
111110111110111111111111011101
106
11111111111111111101101011111
5
111110111100101111111111111011
144
111111101111111111101111111111
114
110111111011111111111111011111
1
111011111111111111111111101101
8
111111111111111011011101111111
30
111111111101101111111111111111
97
111111111111100111111111110011
112
111101111101111111110101110111
28
111111111111101111111111011111
132
111111111111111111011011111111
101
111011111111011110111111111011
146
11111111101111111111111101111
125
111011111111111111011101110111
53
11111111111110111100111111111
95
11111100110101111111011111111
173
110011111101111111111111111111
46
110111111110111011011111111111
151
110101111111111101111111111111
164
111111111111011111111111001111
81
11111111101111111111101111111
118
111111111111111111111111011111
74
111111111111111101111101111111
92
111111111101111111111111111110
27
111111011101111111111111111111
157
11111011011111110011111111011
9
111110011110111111111011111111
155
111111111111111111111011011101
142
11111111111110011111111111110
110
111111110111111111101110111111
120
101111110111101111111111110100
164
111101111111111111111101110111
194
111110110101111111110111111111
135
11011111110011101011111110101
70
111111111110111111011101110111
27
111111111110010011111011111111
84
111111100101110011111111110111
140
111011111011110111111111011111
66
111111111111011111111111111111
77
111111111111111101111111011011
11
111001111111111111011100011111
100
111111011111110111111110111111
119
111111011111111111011111110111
169
1101111101111011011111111111
50
111111011111111011111111111111
106
111111111101110111111111111111
82
111110111111111111111111111011
49
111111101011111111111101101111
49
111011111111111011111011110101
108
110011111111101011111111010111
1
111111110111111101111111111011
166
111111111011111111111111100110
122
111011101111101111111101111111
146
111111101111110111111111111110
146
111111111110011111111111111011
99
101111111110111111111101111111
180
111111111111111111011111110110
169
101111011011111111111111111111
138
111101111111111110111111111111
90
111111111010111111111111111111
50
11101111100111111101101111111
93
111111111111111111101011111111
39
111111011011111111101111111011
115
11011110111111111111111111111
189
101111111111111111111101101111
135
111011010110111111111111011101
192
100111111111111111011111111011
152
111111111111111111101011111011
153
111111111111111111111111111100
93
101111010111111011111111111011
97
111111111011111111111111111111
197
111111111111111111101011011101
158
11111111111111101101111111111
103
101111111111111111100111111101
153
101111110110011111011101111111
29
111111111111111101110111101111
195
101000111111111111111111110111
42
111111111111111111111111110011
79
111101111111111111111110111101
187
111111111111110111111111111101
1
111111101111111101110111111110
161
111111111101111111011111110111
19
111111111111111111011011101111
176
111111011111110111111111111101
40
1011111111111111111011111111
139
11111111101111111110111111101
11
111111111110111110110111110111
157
111111111111111111011101111111
164
111111111111111100111111111111
186
101110111111111011111111100111
102
111111111110110111111101111110
5
111011111111111101110111101011
20
111011111111011111111111111111
106
111111011110111111111111111111
158
101111111111111111011111111111
36
111111111111111111011111111110
4
111111110111011111111101111111
43
101110111111111111111111111101
172
110011100011111111111111111111
175
111111001111010111111111011111
163
111111111011111101111111111011
118
111111110111111111110011111110
52
110111111111111111110111011101
200
101111111111111101111111001111
49
111111111111110010111110111110
189
111111101011111111111111111111
64
111111111110011111111111110111
185
111111111110101111111111111111
165
111110111101111101111111011111
130
111111111111111101110111101011
34
11111011111111111111101111111
193
111111111011011111101111111111
49
111011111111011110011111111101
13
111111111101011111111111110111
50
111111111111110110111111111111
71
111111111111101101111100111010
139
11111111111111111011110111111
26
111011111101101111111111111101
85
111111110111101111111011111111
8
111111111111111111111110111110
36
111111111111110111111111111011
146
111110011011011011111111111111
40
11001111111111111111111111101
98
110111111101111111101111111111
197
111101111110111010111111111111
192
11111011111111111111111101101
99
111110111110111101111111011111
41
111111111111111111000111110111
39
111111111111110111111110101101
11
111111111011111111011111110111
56
11111111111111111011101111111
169
111111011111111111111011111101
175
101110111111111111111111000110
90
111111101111111111011111111111
154
110111110111111101101111111111
73
111111110111111111110111101111
123
110111111111111111111101111111
24
111111111111001011111111111111
125
111101110011111111111111111111
66
111111111110111111111111101111
161
101111111011111111011111011101
103
11111110110111111100111111111
31
