30 300
1011101000010001010000010100
109
1001001000000000001
151
101000001001000000001
4
1000000010000000000000
92
10001011110010000010000000100
48
10000010000001100000000000100
5
11010001000010000000000100
145
10000100000010001000000010100
157
11100000001000000000100
154
100010000101010000000100000
145
100001000001101101011001000001
112
10001100000001110010000000
177
10000000100000101010000000000
157
100100000111100100100100
79
1001000000000100000001
3
100100000000000001100100000
129
110000000000000110000000000000
156
100101010100000001000000000
111
11000010000010000100000000
45
10001011100000100000000000000
96
100001000000000110000000
133
101000001000100000001000000000
90
10001010100100100000000000
54
1000001100000
157
1000000000000000001000000010
18
10010000001010110100001
60
11000000000111101000000000000
38
1010101001011001000010
67
1010010010000000100000000100
12
101010010010000100101000011
67
100000001000000000001010
84
100000101000000000001100001
117
1000000000000000001010100
29
10000110010010011000
116
10100100100000010000100010000
132
100100000000000000000000000
73
10000010000000001111
190
1001100100011000011000000000
137
1001000001010100001001100
134
1000100110000000000
144
1000000000000000000000000010
136
1100000000100101000010000000
57
101000001110100010001100000001
21
10000010010010000
14
1000000101000000001000000100
115
101000101000001000000000000100
200
100000000000001111011000000000
144
100000101000000000000100001100
150
1000001000000000000010000001
28
100000001000001010000000011
45
110010101010100010000010000100
80
100000000000000000000000000
67
11000000000000010000010000000
171
1000000000000000100000000011
54
10000000110001100000100010
184
101000100000000001000000001100
126
1010100000000000000011100000
38
100100000000100100100
17
100000101001000011001100100000
42
1100000001100000000010000000
106
110010000001000010010000001
143
101100000010001000010000001
11
100000000000100000000000100101
125
100000011
139
1001001011000000000000101000
80
100001000000000010000001101010
159
10000000010000010000000000
110
111011011000000011000000010101
3
100010001000000000000001010001
5
11000010100100010011000001000
14
1010000001000000000100000011
137
100000000000000100000000000
92
10000000011000100100000100000
97
1000000001010001000000010001
131
10100001000000100000000000000
61
100000001000000110000100000010
124
1100010000000001010100
148
11101000000000010000000
44
100000010000001000000001000
45
100000010001000
131
11110000000000010100000000000
100
1101000000000000100000000
86
110000000000000000001000000101
109
1010000010000000000100000001
81
10010010000000000000000000
153
10010101000001000000100000000
188
10000000000010000000000000000
200
101000001001000000000011000000
69
10001000000000000000010011100
172
101000000100000000011001100000
63
100001001010100001001
123
1000100011010101100001100
161
10000000000101
123
10000000100010000001001100
17
11101001000001000001100100100
136
100000011001000000000010000000
48
10010000000010100000000010
54
10000100000010001000100
142
10100000100000000100001000010
117
10010101001010000000010010010
197
100000000000000000000100001111
169
100010000100000001000000
22
110000000000010100000100001011
3
11001000001010000101010001010
83
100000000100000000000010000010
133
10000001000000001100001000001
69
1001000000011010010001000000
130
1010001100010000000000000000
90
101001001000000000000001010
57
10000000101111000100000010
89
1000000100000100101000000011
106
110000000
62
110101001001000000011000000
7
1000000000001000001000000101
97
110100000000000000001000001
55
1111000010010000000000
179
10010001000010010100010001000
104
100000000000010000001101
44
1110100000100000001000000
11
11000011011110
136
1001000001000000001110100111
71
10100000000010000000001
189
10001010010000010000
146
110000100001010000010
194
110000000001001100000010000
54
10000000000000010000001000
128
1000101001000110000000000000
160
1000100011000000010101100000
108
101010000100000010000000
26
100000100001001000100100000010
57
10000010000110
183
110000000010000001100000000
78
100100001011000000000000000
111
10001010000001100000000
25
100010001100100001000000000
69
10010000000010001000000000010
136
1100000000001000000000000
147
100100000011000000000000000
54
1010000010000001001001000010
10
100001101000000000
198
100000001000100001001101000000
101
10000111000000000110000010
17
10000110000000001010000010
40
11010000101000000000
75
100100000000000010011101001000
32
1100010000100000010000000
84
11000100000000100100000010000
164
1000000010000001000000010
16
100000001100100010000000000100
66
1001101011010000000010101000
55
1000000000000001110000000000
122
100100000010000010100
6
11000000000000000000
66
101000001001000000000110000100
198
11000000000001001000110000
87
10000101001100010001000101000
121
100010010000110000010000001000
53
100000000000010000100000
178
100000000100000000000000001000
89
1000111111001000000000
21
100110000001000100000111000010
160
100000110000000100100000010010
21
1001100010010000000000
52
100000000000110101000000000
133
10000001100000100000000110001
154
1000110000000011000000000110
71
100000000100000100000000001
147
10010001000101000010000001000
67
100000000001000100000100100100
136
110000000000110
34
100000000000010000000
57
110000000001000010010
16
10001010000000000010101000000
188
1000110000000010010
166
1000000101001000000000100
120
10111001000010010001000010
175
10011011000010000000000000010
108
11010000100
8
100000000000100100000100000000
189
100010010110001100000000001
178
100000000100000001000000001000
92
110000111000010000000000001000
155
10000010100000000001000001000
39
10001000000100111001000111000
37
100000001100010100100000000
119
110000000000010100
12
100000100000000000110000001000
107
1000000000100000000010100000
179
1010100101000000010
175
100000100000000010010000000100
119
10010000000001000010000
92
1000000000011100000000000010
175
110100101000111000010000100000
37
100001010000100001010001000000
155
100000010101010000011001000000
37
11000000000000000010001000000
141
10000000010010000000111000000
149
11010010000000000001010000
157
100000000100000000
132
10100000010100000100
121
1000000100000101000000000010
39
10000000010010000000000000000
81
10101000000010010010000000100
118
10100100100000000001000000
74
1000000101000000100000000000
92
10001000000010000000000
152
100000001110000100001100000010
63
10000000100000000100000011000
117
1010000000000010000000100011
42
10000000000000100000000110000
110
100000100001000010000100000
152
10101010000011101000000000
35
11000000001000010000100100
41
1100010100100010000000
105
110000011001000000
21
10001000100000000000010100100
157
100011100100001010000010100000
176
100001000000010001010001000100
185
10000000000000000001010100000
9
1001000100010000000010000000
125
101110000000000010001000
186
10100000001000100000000000
29
100000000010000011001000000
190
100010000010000010011001011000
128
100000101000000000110100000100
167
110000001010100000010100001000
25
100000100000000100000000
143
10000000001000000000001010000
92
1001000100000000000100010000
170
100000010010001110100010
31
10000000000100100110000010
3
110000100000000011000010000
173
10100000000000000010000
140
10110000010000000100100100100
130
100100000000110000100000000
188
11100000010000000100000000
168
101000000110010000001010000000
108
1000000001000001000000000
1
1010000000000001000000
92
1010011001010000000010000
12
10000010001000010010000
186
10100000100000000000110000100
159
10001010010000010010
35
1010110000000000000110000101
92
100011010001000000100110
127
1001000000001010000000000000
105
100101001001100010000000000
162
11000100110100100100000000
63
100001000000010000000000001000
65
100101000010000000011000001000
106
10011101000100
31
100000000000000001101000000000
170
11000010100010000000000000
170
1010010100001110000001000
56
100000101100001100101000000000
195
10000101000000000101000101000
168
10010001110000000000000100000
91
10000100000000001100000110000
190
1000000001000110000010001100
93
10001001010000000010000100001
25
1000010100000101000000
113
100000010110000100000000
179
1111010000000100000000000
100
10000000000101000000010010010
117
100001001010010001000000101110
156
1010010110001010001001000
183
10000000001001100010000001
198
100000000000000000100000010101
13
1011100000000000001000000011
71
110100000011010001000001001
142
1010000
147
10001000000000101001000000
124
100000000000001100001111110001
81
100101000110000000110010000
72
1000001100100010100010010010
185
100110001000011011000010000
193
100010100001011010010000000000
115
100001100011001000000000100100
196
10001000000001000000101
191
10000000000000000101010001000
41
1000000101000000001000001010
84
101111000000100000000000000
186
11000000010010000000110000001
78
10000011001010000001000000110
135
1001000000000010010
187
1000000000100010000000100001
154
100101000010
61
10001000000100100110001101000
4
1000100101000110000000001
52
110001010000000000011000000100
86
1100100000000110001010100010
77
110000000000000000010000100010
44
110100000001000111
136
1100000001000001000000010
69
110000000000011010
181
100000000000001010100000
176
110000010000111000100000010100
178
100000000000000100100000100
46
11000101011000000000000000000
14
100001000000000000000000000
141
