30 400
111011111011010111011100011101
109
100011101011111011101111000101
151
101110001101011011001101111101
4
10100101110010110010101011001
92
11111011111011001110010000111
48
111010111111111100101110111111
5
111111111111110110100101001111
145
110011101010111111001001010111
157
111011111110001011111110111111
154
100110011111111110010011111110
145
111101110111111101111101001111
112
1110011111101011111111010101
177
11110111111110101111111101110
157
111110110110011111101111111100
79
10101111101111001101111001
3
101101101101111101011101101111
129
110011011110110111100111001110
156
110101111110101011101011111100
111
111011000110111111001110010111
45
11101011111101110101010111011
96
1001101111001101100111010110
133
101111111110100111011011000111
90
101111011011110101100101011011
54
111010110110110111000101111110
157
111111101110010100011111111011
18
110011111011100001110111101111
60
111111110110111111001101100011
38
111011101111111101011101111010
67
111111110111010101100011100111
12
111111111111010110101111100011
67
11111100000011001011100111111
84
10101111101001111111011101111
117
101111100100111110110001110111
29
110011101011011110011111011011
116
110111101110000110010111110101
132
111101111010001101001001010001
73
101110111111111010110110111111
190
101011111101111111111110101111
137
110111001100101111101111101111
134
111111111011100111110101001011
144
101100010111001010110111100010
136
11111100101110101111111000111
57
111011111111101111111110011111
21
101111010000011101111011111111
14
101000010111110101011011111100
115
101011101011101101111110110111
200
110101010100101111011001111101
144
110010111100101111110111111111
150
111111001010110100111111111101
28
100111111101101101110111010111
45
111010101110101110001011110101
80
111101101111011110100010101110
67
111110010110100011111110011111
171
101100111111111111100100111111
54
101111001101111111101010100110
184
101011101111110011110001011110
126
101011101111010100110111111011
38
100011011100101111001110100101
17
100100101011011111001100101110
42
111100101111110111101110101111
106
111111011011101011010111110111
143
11101111010111011001011111001
11
110010101101111100110110110111
125
10101100000000000011111010011
139
111111011111111101001100101111
80
101111001111100111101111111110
159
101010100101111100111110111111
110
111111111111000011111101010111
3
111110011111110001110101011101
5
111111010111111011111111111010
14
111110110111110011111111011111
137
110111101101011111100111101111
92
111101011111001111101011110111
97
11111101111110111111011111011
131
11111011111111111101000010000
61
101010101011001110011101101011
124
1110111111111011111111111111
148
10000011111101011001111111101
44
101101111011010111100100011100
45
1011001111111101101010101000
131
11111100000101111111101000110
100
10101101110111100010100001101
86
111011101111100010111010110111
109
101010101011111011001111101101
81
11111110111010111010100010100
153
11111111111101110011111111111
188
111010111100011101111100111111
200
111111001011111111000111000111
69
111111110111111111000011111110
172
111010100101111111111011100001
63
101100101100001101010111111111
123
110101001111011011111110011101
161
100110110010010110001110001101
123
11011101000101011101111011111
17
11101111010001000011110101110
136
111010111101101101101011110111
48
111010011011111011111110111111
54
110010110011110110110111001111
142
110110011101100101110111111111
117
110110111011110101010011111111
197
101101111101101111000111101111
169
100111111011111100111111111110
22
111111110011111101010100001111
3
111111010101010011111111011110
83
101011001110000110111011110010
133
10111111010101011100011111111
69
111111001101011111111011110001
130
11010011110110110111101011000
90
101101111101101011101100011110
57
111011000111111111000100110111
89
101100111110000111111111110011
106
110101101110000011110110101101
62
111111111011010111111110001
7
111111011110011111111001100111
97
111110110111111100110101110101
55
100101111111100110011010110001
179
110011101010011111101111011101
104
111001110010011001111111001101
44
110101111111111101110001010010
11
110010110001100111111111011111
136
111011001111101001011110110111
71
111101011100111110110101011111
189
111111110011111111010110011111
146
110111011111111111111110001111
194
11110111001011001111001110110
54
100111110111010111110110111010
128
111110111101110111100111111111
160
111111101011111101110111101101
108
110101111111111100111110010000
26
100101110111111100101111011011
57
110111100111000011111111010111
183
101111111111011111111101101011
78
100111110101111111010011110111
111
11110111011111101111111110011
25
101111111111101111101100110011
69
111011010011111101010011101111
136
10011110110011111001100010011
147
11111101101111110110100010111
54
111010111011010001111011111011
10
11011110110111011101101110101
198
101101111011100101101101111000
101
100111001111111111110111101111
17
1011101111010011111110111111
40
101111111011111110111011110111
75
111111110011011110011101111110
32
11111111010011101110110001110
84
111101100111111110110011110001
164
100101011011011101011101000110
16
111111011101100111110100111111
66
111011111111011011111110101011
55
111011011011110011111010000011
122
101100010110110111111110110110
6
111101010111011101000111111010
66
111011111111110111001111111111
198
111111010111110111011111111001
87
110110111001110010011000111110
121
110011011111111000110110011110
53
111111111000110000010011111110
178
101110101111101010010110001101
89
111111111101111111101011000111
21
111110111011001111011111010111
160
111101110001111111110001111111
21
1110011011110110110111101111
52
111110000001111111111101111100
133
110010111111101111111111111111
154
1111111111100011101111111111
71
111110101110111111101100001101
147
110111101011111000011110111101
67
100110101111000110111111101101
136
110110011111111111111001001111
34
111111000111101010100110001110
57
101000011111111100111010111010
16
10111111101111111011111101111
188
111101111101101110111010111111
166
100011111001111111111000100101
120
110011111001110111111101010010
175
111111111111111000100010110111
108
110110100101111001111111001100
8
111000011110110101111101010001
189
11101110111111101101000110111
178
110110111111111011110000011111
92
110110111111111111111001001110
155
111010011100010110001101111111
39
111111010001111111111101111111
37
111111011001110111111100101011
119
11111011001111000011101111111
12
111111111011100010110101111111
107
1011100110110100111111100111
179
111111101111010110111101110111
175
111101111111101011111101011101
119
10111111110010111101110011110
92
111111001111011101011001101111
175
110110111011111001010111100110
37
101111111001110001010101101010
155
101000111101111001111111011110
37
111001100010111100010111011000
141
11111101111010101111111011011
149
101111110111011011111111111110
157
11011111111101011110101011011
132
1101111100101110111011110
121
111110111110111111110111101111
39
111100111111011101111110001011
81
11111000100111111010001111111
118
101111111111110000110111011101
74
1111101111111101110100110111
92
110111111001010011111110100011
152
111110001110101111101110110111
63
111000111110011110111011111111
117
1111010101011011111101111111
42
110101010100110111000000111010
110
100111000110001100110110111101
152
1111111111111111111100110111
35
10111110111011100110110101101
41
101111111111111111111111101111
105
110000111011111101010111
21
110001101110010101111111111110
157
101011100111011110110111100011
176
100011011011010111110111000100
185
111011000001010000101011110100
9
111111111111110011111011100110
125
111001101111110010011110001101
186
100010110000001000111110111100
29
110100011110111001011101010101
190
110110111111100111011111111000
128
111011101110110110111111110111
167
111111111111101010110111001101
25
111000101101101011001100000111
143
11111001101111010001111011111
92
11111111110111110101100111101
170
111010100111011110101111101011
31
110011011111010110110111111111
3
111110100100101110111101011101
173
111101110110110011101101111100
140
111111011110100010111101110101
130
111110100001111111101101001011
188
111111100000111001011110010111
168
111011111111111011011010010100
108
110011111011101011011101010111
1
111111101010110100111111110110
92
11111111011101110110011110101
12
100011011110011111101010110000
186
11100110101100011011110110111
159
1101110111111011111111111011
35
101010111111001001011110111101
92
10011101111010111011010110110
127
111011110111001111100110011000
105
100101101011011111111110111111
162
111011100111111101110110001111
63
111011101111010011010101111101
65
111111110111010111111110111111
106
111011101111100111111101100111
31
101110011011010111101100011111
170
101111100110110010011001111110
170
101001111011100011111101011111
56
101011101111101100111111011001
195
11001101010011111101110101110
168
10011111111100101001100110101
91
11110110111011111110101111101
190
111111100111111110111111011100
93
111111111010001111111111100001
25
110101101011110101100111011101
113
110101101101110111110101011101
179
101111110111011100101101110
100
111011111101111111110110111111
117
110111111011011011010011101111
156
101001011110110101011001011111
183
100111101111101111111111111101
198
110010011011000011101100011101
13
101011111111011000011011110111
71
111111110101011110101000011111
142
11101000101110111111111111110
147
11011111110111101111111111110
124
101101101101111101111111110101
81
110100111110111111010110010001
72
11111011110100111110011010011
185
11100111101100011111100110011
193
100110111111111111110110111010
115
110011110111111110011000100110
196
11101110001110111001110100101
191
10001001111111101101110011011
41
111011111111101111001000011111
84
101111111010111000000110110
186
111111111111111011111110111101
78
111111111111010111001011101111
135
100111111101101111111111111010
187
11110111011110011000010110101
154
100111011000111101100111101110
61
111101011110111110111111111001
4
111011100111010110111111001
52
110101110011010111111001110111
86
111101101001111111011111110110
77
111110101101000110111111111010
44
111101101110110111100111000111
136
10011111100111100111110010110
69
111110111111111110111111111011
181
1011111110010011011111110101
176
111110011100111010111101111110
178
110111000101000110110111011111
46
11111111111111110011111111100
14
10101011101100010101010111101
141
111111101110111100111111000111
128
11110101011111111111111110111
154
110110001110111110111111111110
176
110011111001111111101111111101
17
11111011100111011111111101111
141
110011110011101111001110011111
57
11101111111110011100110001011
47
111101011110111011010111111110
110
111110111101111011100110111
144
111101011111100111111110101111
54
111110110111000110011010111100
183
111111111111110111101000001111
73
100011110101000011000101111111
160
11110101111111111011110111110
30
101111110100110111110010111110
65
101101111110011111001111111110
76
110001011110101110101101001101
12
10110001110111111101111111101
144
10111010111011111100011100101
146
100110100111010111101100110101
139
11010110111000011111001110010
106
1111111011001101101001111111
119
111111011111111111100111110000
89
10101110111110111111111011100
66
101111101011011101111111111110
195
110111111101110111101011001110
184
111010110100110111100110110010
128
110111110011110110011111100101
69
101110111111011101111011001111
157
111111001101100111100110110111
113
110111011111111101110101111111
22
110111111100111111111010111011
55
1111110101111110110101111100
92
111110001010001111110110011111
12
101111111101011011101111101111
13
101110001001000111111111011011
123
111100111010111101111111100011
195
101110110100111010111111111101
44
101111111111000110111111001111
113
110111011101011110110111001011
44
111101101011111111011010110110
68
11111100011100011111011011010
111
101111010101100111011111110011
196
10110101111111101010111011111
145
111101111111111110011000111101
189
111110111111111010111110001101
178
111011110011111111011111110110
66
110011001111011111101100110010
194
11111111110011110010111111101
85
111111101110011100000110111010
53
111111101111100110101111110111
198
111011100111111111100001100101
149
111001110101110100101111111011
59
100101111101111111101110100011
54
110111111110101001011011111001
79
11110111111011111111101101100
184
111110111100101101111001111111
38
1011000111011111110010001111
72
10001111110011011111111010011
27
111111110010110000111011111010
88
100011011111111111111110101110
149
10101111110110011111111111011
20
11110010111010101101111110111
22
11110111101011011010111000011
181
111111001101011111001010111011
154
111011111110110011110110101110
27
10111111101101101111111101001
75
110111110001101001011101101011
169
101111011110111011111111111011
12
111111110110011110011111111111
40
111101001100101111010111111011
139
101101110101011000001011010111
24
101101111110110101110111110111
143
111101010001011111111111001111
70
111110111101100111011010001111
148
111111111100111111101111110110
141
101010111010111110111011010010
59
111111101011001101111000101000
43
101011111110101101001111111111
41
111101100100111101011011111111
192
101111111011111011011011111110
130
111111110111001001011111110110
167
111111110011111111101011111110
33
111110010001111101011101110011
161
110011111111111101101011111111
21
110111111111111111100000101100
139
11011111111110001111111110011
198
101111111101000011110010110101
83
11110010110111010010111110111
105
11001001111111011011011011011
198
111011010111110011111111011111
98
101111111101110011111101111111
80
101111111010101110111101000111
162
111101110111011111111111010011
19
111011010111011001111111111100
88
11101111111000111110111111100
9
101111101111111111111111110110
188
111011011111110101101110111011
158
11011111100110011101111010001
128
11100110111101111011111010110
15
