30 400
101011111011010001011000011101
109
11100011111001101111000101
151
101100001101010011001101100101
4
100101010010010010101001001
92
11111011111011001110010000110
48
110010111101011100101110111111
5
11111111111010010100100001110
145
110010101000111101001001010111
157
111011111110001001110110111110
154
100100011110101110010011111110
145
111101100111101101111101001111
112
1110011101001011111111010100
177
11110111110110101111111101110
157
111110110110011111101101111100
79
10001111100111001101111001
3
101101101000111101011100101110
129
110011011110110111100101001110
156
10101111110101001001010111000
111
111011000110011110000110010110
45
11101011111001100101010111011
96
1001101001001001100111010010
133
101110101110100100001011000110
90
101011011011100101100101011001
54
111010100010110111000101111110
157
111101101110010100011111010011
18
100010111011100001110111101011
60
11110110010111111001101000011
38
110011101110111101011101110010
67
11111110110010001100001100111
12
111101111111010010101111100011
67
1111100000011000011100101110
84
10101111101001111101011101101
117
101111100100101110110001110101
29
10011101010011110011111011001
116
110111101100000010000110110101
132
1100111010001101000000010001
73
101010111111011010010110101111
190
101001110101111111111000101010
137
110011001000101011101111001110
134
11110111011100111110101001001
144
101100010111001010110110100010
136
11110100101110101111111000111
57
111011111111101111111100011111
21
101110000000010101111011111101
14
101000010111010101011010111100
115
101001101011101000111110110111
200
110101010100101111011000011000
144
110010111100101110000111011111
150
1111001000010100111111010101
28
100111110101001001110111000111
45
111010101010100110001011010100
80
111101101111010010000010101010
67
111100010100100011111110010111
171
101100111111011101100100100011
54
100110001100111111101010100110
184
101011101001010011110000011110
126
101011101111000100110011111001
38
100011010100101101000100100101
17
100100101011011111001100100010
42
111100100111110111001010101111
106
101111011011101011010111110111
143
11101111010111011001011110001
11
110000101101101100110110110111
125
101100000000000010111000011
139
111011011111001101001100101111
80
101011000011100111100111111110
159
101010100100111100111110100111
110
111011111111000011110101010111
3
101110011011110001110101011101
5
111111010111111011111111111010
14
101110110101000011111110011111
137
110111101101011111100011100111
92
111101011111001111101010110111
97
11111101111110111110011111011
131
11111011111111101101000000000
61
101010101011001110011101101011
124
1110001111110011111111111101
148
10000011111101001001011111101
44
101101111011010111100100001000
45
11001111111100101010101000
131
11111100000100011111101000110
100
10101101110111000010100001001
86
111011101111100000011010010101
109
101010101011110011000101101101
81
11110110111010111000100010100
153
11011101110101110010110011110
188
111010110100011101111100100111
200
111111001001111111000111000111
69
111111110100011011000011011110
172
111010100101011101011011100000
63
1000001100001001010111111101
123
10001001110011011111110011101
161
110010010110001110001101
123
11011101000101011101111011111
17
11101111010001000011100101110
136
100010011101101101001011110111
48
111010010011111011111110110011
54
10110011110100110111000101
142
110110011101000101100011101010
117
110110111001010100010010011111
197
101101111101101111000111101111
169
100111101011101100111011111110
22
111111110011111100010100001111
3
111111010101010011111111011110
83
101010001110000000111010110010
133
10101111010000011100001011111
69
111101001100011111011011110001
130
11010001110110010010101001000
90
101101111101001010101100011110
57
111011000111111111000100010111
89
1100110110000111101111010011
106
100001100110000010100110101000
62
111101111011010110111110001
7
111111000010011100111001100111
97
111110110001111100110101110101
55
100001111111100110011010010000
179
10010101010011110101111001001
104
110000110010010001110110001101
44
110101111110111100100001010000
11
110000110001100011110111011111
136
101011001111001001011110110111
71
111101011100010110110101011111
189
111111110011001111010010011101
146
10101010111110111111110001111
194
10110001001011001111001010110
54
100111110101010111110110101000
128
111110101101110110100011111111
160
111010100011110101110111101001
108
100101111111100100110110010000
26
100001110111101100100111011011
57
110110100111000011110011000110
183
1110111101011111111101101011
78
111110101111011010011110101
111
11100111001010001111110010010
25
1111111111101111101100010011
69
111011010011111101010001001111
136
10011110100011001001100000011
147
11110101100111110110100010111
54
111010100010010001101011101010
10
11011110100111001101001110101
198
100101111010100101101101111000
101
100111001111111111100111101111
17
1011101111000011011010110111
40
101001100011111110111011110101
75
111111110010001110011101111110
32
10111110010011101110010001110
84
111101100111011110110010110000
164
100101001010010101011001000110
16
111111011101100111100000111111
66
111011111011011001011110101010
55
111011000010110011110010000011
122
101100010110110100110100110110
6
111101010111011001000111101000
66
111001101111100110001111100101
198
101111010111110111011111110001
87
10110101001100010001000111110
121
110011011110111000010010011110
53
111111111000100000010011111110
178
100110101101101000000000001101
89
11111011101111111001011000111
21
111110111011001111001111010011
160
111101110001111111110001111111
21
1110011001100110110111101011
52
111110000000101111111101101100
133
110000111111101111111011111101
154
1110111111100011100010111111
71
111110100010111110101100000101
147
110110001001101000010110111001
67
100110001101000110011111101101
136
100110000111111110111001001111
34
110011000111101010100110000110
57
101000011110111100101000111010
16
10111111101011101011101101101
188
111101111101100110111010011111
166
100011111000111111001000100101
120
10011111001110010110101010010
175
111111111111110000100000010010
108
110110100101110001111010000100
8
111000011010110101010100010001
189
11101110111111101100000010011
178
100110011111111011110000011111
92
110110111111111111011001001110
155
111010011100010110001101101111
39
111111010001111111111101111101
37
101111011001110111111100100011
119
11111010001110000011101010111
12
111111111011100010110101111110
107
1011000110110000101010100101
179
110111100111010100101101100011
175
111101101101101010111101011100
119
10111111110010110101110011000
92
1111000111011101010001100111
175
110110111011111001010110100110
37
100111011001110001010101100010
155
101000011101010001111101001110
37
111000100010011100010111011000
141
11101101111010101111111001011
149
1111110110001001101111110110
157
10011101111101011110101011011
132
101011100000010101011110
121
111100010110101111110011101011
39
11000111111011001111100001011
81
11111000100010111010000101111
118
101011101111100000110111011001
74
1111101101011001110100110111
92
100110011001010011110110100011
152
110100001110101111101110110110
63
111000111110011110111010111111
117
1110000101011011011101111011
42
110101010100010111000000111000
110
100111000110001100110110111101
152
1110111011101011111100110011
35
11100011011000010010101100
41
101111111111111110111111001111
105
100000111010111101010111
21
110001100110010101001111111110
157
101011100111011110110111100011
176
100011011010010111110111000100
185
111011000001010000101011110100
9
111011111111010001101011100100
125
111001101110110010001010001001
186
100010110000001000111110101100
29
10100010100111001011101010001
190
110110000110100011011011011000
128
111010101100110100111100010110
167
111111111110101000110111001101
25
1000101000101010000100000111
143
11111001101111010001111011011
92
11111110110111110001100011101
170
111010100101011110101110101011
31
110010011110010110110111111011
3
101110100100101110111101011100
173
101101110110110011100101111100
140
110111011110100000101101110101
130
11110100001111110000101001011
188
110011100000111000001110010111
168
111011111110111010011010000100
108
110011011011101011011101010111
1
111011101010010100111111000010
92
11111111011101110110011010101
12
100001011100011011101010010000
186
11100010101100001010110110101
159
1101010011111011011101110010
35
1010111110001001010110110101
92
10010100011010111011010110110
127
111011110111001111100110010000
105
101101001011111111010111011
162
111011100111111101110110001011
63
111011101100010010000100011101
65
111111110110010110111110011111
106
111011101101100011111101100111
31
101110001011010101101100011110
170
101111100110100010011001001110
170
101001111010100011111101011111
56
101011101110101100111111010001
195
11001101010011111101110101110
168
10011111110100001001100110101
91
11110110011001111110100110001
190
101011100011111110101011011100
93
111101111010001101111111100001
25
10000001011110101100111010101
113
100100101101010111010101011101
179
101111110111011100101100100
100
111011111100101111110110111011
117
100111011011010011000001101111
156
1001011110110101010001011111
183
100110101111101111111111111101
198
100010011011000011101000011101
13
101011111101010000011011000111
71
110111110101011110101000011011
142
11101000101110011110111111110
147
11011111110110101101111111110
124
101101101101111101111111110001
81
110100101110111011010110010001
72
11110011110100011100011010011
185
11100111101100011011100110010
193
100110111111111011110110111010
115
110001100111101000001000100100
196
11100110001000101001010100101
191
10001001111110101101110011011
41
101011111111100011001000011111
84
101111101010111000000110110
186
111111111111111011001110011101
78
11101111111010111001011001111
135
111100101101101111111111010
187
11010111011110011000000110101
154
100001011000110101100101101110
61
111101001110111110111111101000
4
101011100111010110011111001
52
110101110001010111111001110111
86
11100101001111111011110110110
77
111010101101000010111111101010
44
110101101010110101100111000111
136
10011111000101100111110010110
69
101100101011110010101011111010
181
1011111010010011011111100101
176
111110011100111010110101011110
178
110111000101000110110110011111
46
11001111111111110010110010100
14
10101011101100000101010111001
141
111111100110111100111111000111
128
11000101001111111111111110111
154
110110001010101110111010011110
176
110001111000111110101101111101
17
11111011100111011101011101111
141
110001110011001111001110010101
57
10000101100110011100110001001
47
111100011110111011010011101110
110
110110111101111011100110111
144
111101011111100011111000100101
54
111010110111000110010010111100
183
101110111111110110001000001101
73
100011010100000011000001011111
160
11110001111111111011110111110
30
101101110100110100110010111100
65
101101010110011101001111111110
76
110001001110101110101101001101
12
10110001110011111101111111101
144
10110010111011111100011000101
146
100110100110010111101000110101
139
10010110111000011111001110010
106
1110111011001101101000111111
119
110110011111111101000111110000
89
10101110110110110111110010100
66
101111101011011100111111111010
195
110111111101110111101011001110
184
111010110100110001100010100010
128
110101010011100110011110000101
69
101110111110010100111011001111
157
101101001101100111000110110001
113
110111001111011000110001011111
22
10111111000101101011010101011
55
1111010101111110110101111100
92
111110000000001111110100011110
12
101111111101011011101111101011
13
1110001001000111111101011011
123
111100111010111101111110100011
195
101110110100111010111111110100
44
100011111111000110111100001111
113
110101011100010110110110001010
44
111101101011111111010010110110
68
1111100011100010111011010010
111
1111010101000010011011110010
196
10110101111111101010011001111
145
101101100111111110011000111101
189
111100111111101010111110001101
178
111011010011111011011011110110
66
110011001101011011101100100000
194
11111111110010110010011111100
85
111111001110011000000110110010
53
11111101111100110001111100101
198
101011100111111111000001100101
149
110001110101110100100101101010
59
100100111101111111101110100001
54
110111101110101001011011111001
79
11110111011011101110101101100
184
100110010100101101111001101111
38
1001000111011111100000000101
72
1010100011001111111010011
27
111011110010010000110010110010
88
100011011111111110011110101110
149
10101111010110011111111011011
20
11110000110010100101111110111
22
11110011101011011010010000011
181
111111001101011111001010110011
154
111011111110010010110110101110
27
10111111101101101110111101001
75
111100001101001010101101011
169
100101011010111011111111110011
12
11101110110011110001111111110
40
111101001100101111010101100011
139
100100010101011000001011010111
24
101101111110110101110111100111
143
111101010000011110111011001110
70
100100111100000111011010000001
148
111111111100111111000101110110
141
101010111010100000111011010010
59
111111101011001101111000101000
43
101011110010101101001111111111
41
101001100100111101011011111111
192
101111111011111001010001011110
130
111111110101001001011111110110
167
111111110011101110101011111010
33
111110010000001101011101110011
161
110010111111001100001011111111
21
110111111111111110000000001100
139
11011011111110001111111100011
198
101110111101000011110010010101
83
11110010110011010010111110111
105
10001001110111011011001011011
198
101011000101110011111111011111
98
111111101110011111101101111
80
101110111010101110011101000111
162
101001010011011111111110010011
19
111010010111011001111111101100
88
11101111111000111110111101100
9
101111001011111110111111110110
188
101011010111110101100010111000
158
11011101100110010101111010001
128
11000110111001111001101010110
15
