30 400
101011101010010001011000010101
109
100001011001001101000101
151
101100000101000011001000100101
4
100001010010010000000001001
92
10101011110011001110000000100
48
110010010100001100000010011100
5
10011011101000010100100001110
145
10000101000110101001001010110
157
1011111110000001010010011100
154
100100010110101010010010100000
145
111101100111101101011001000001
112
1010001100000001110110000000
177
10100010100100101010110101000
157
11110100110000111100101111100
79
1011100011000101110001
3
1101101000001101001100100100
129
110010000010100111000001000110
156
10101101010101000001010011000
111
101011000110010010000110010010
45
11001011101001100001000001010
96
1000101001000000000110000000
133
101100101010100000001001000100
90
11011010100100100100010000
54
10000100010000011000001100110
157
11100001110000100011101000011
18
100010111010000001110111100011
60
11110100000111111000001000001
38
10101110101101011001100010
67
11111010010010000100000100111
12
100101010010010010101101000011
67
110100000011000000100101010
84
100001101000000000001101001
117
101011100000000000100001110100
29
10011000010011110010110011001
116
10101100100000010000110010100
132
100101010001000000000000000
73
100111010010000000001111
190
101001110101011111111000100000
137
110011001000001011101001001100
134
10110100011000100110001000000
144
1100010101000010000000100010
136
1100000101110101101110000011
57
101001001110101011001100000011
21
100100000000010001010010011001
14
1000000101010000001000111100
115
101001101000101000110000110111
200
110100000000101111011000000000
144
100010101100100000000100001110
150
1110001000010000100111010101
28
100110110101001001010110000111
45
111010101010100110001011010100
80
100101000100010010000000101000
67
111100010100100011101110000000
171
1000010110010101100100100011
54
100110001100111101100000100010
184
101011100000010011010000011100
126
101010100110000100110011110001
38
10000100100000000100100100
17
100000101001000011001100100000
42
11100000011100000000010101100
106
100110011000001010010011100011
143
1101110000011001001011110001
11
100000001101100000100110110111
125
100000000000010100000011
139
1001001011001001001000101000
80
101011000000000111000011101110
159
10000000011100010010100111
110
111011111011000011100001010101
3
100010011011100000010101010001
5
111111010100111011011011111010
14
1110100101000000010110000111
137
100111101101001010100000000000
92
110000000111001101100010100010
97
1111000111110011010000111001
131
10110011111110101001000000000
61
100000001010000110001101001011
124
10001101010000001011010100
148
11111101001000010101000
44
101110010010001000100001000
45
10001101100100101010101000
131
11111000000100010110100000100
100
101101100100000010100001001
86
111011101010100000011000000101
109
1010101011000000000100000101
81
10010011010111000000000000
153
11010101010001110000110001010
188
11000010100011101111000000101
200
101111001001001011000111000111
69
111111110000000010000010011110
172
101000100100001100011011100000
63
1000001100001001010101101101
123
1000110011011101100011100
161
10000010010000010000101
123
1011000000101011000001011101
17
11101111000001000001100100100
136
100000011001100100000011110110
48
10010010110010111110000011
54
110011100100010111000101
142
10100010100000001100001101010
117
10010111001010100010010011010
197
100000011100100100000100001111
169
10101011100100111001111100
22
110000000010111100010100001111
3
111111010101010011111110001110
83
101010001100000000000010100010
133
10000111000000011100001001101
69
11101001100011110011011110001
130
11010001100110010000001000000
90
100101001001001000101000001010
57
110010000100101111000100000110
89
1100010110000101101111010011
106
10000010100110000000
62
111101111011000010011010000
7
1110000000011000001000100101
97
110110100001101100010101110001
55
1011111100110010000000000
179
10010001000010010101011001000
104
10000100000010000110100001101
44
110101110100010100000001010000
11
10000010001100011010011011111
136
101001001011000000001110100111
71
111000010100000100110101001001
189
1110011001110010010010001
146
111000110111010000111
194
10110000001011001100001010000
54
10100001000010010010101000
128
101100101001010110100001000100
160
11000100011100100110101101000
108
1101010100100110010010000
26
100001110101001000100111001010
57
100010000100000011110011000110
183
1110010001011101011101100000
78
100100101011010010000010000
111
11100111001010000011100010000
25
1111011001100111101100010000
69
10010010011111101010001001111
136
10001110000010001001100000010
147
110100100111010110000010100
54
11010100010000001101011100010
10
11110100110001101000110101
198
100100011010100101001101011000
101
10001111100101000110001010
17
1010101110000011001010000111
40
1000011110000111011100101
75
100111100010001110011101101010
32
1110010010101100010000110
84
11001100011001100100000110000
164
100001001010010000011001000110
16
110010011101100111100000110111
66
11011111011010000000010101000
55
1011000010010001110010000000
122
100000010110110000110100110100
6
111001000011000000000101000000
66
111000001101000010001111100101
198
1111000010010001001000110001
87
10010101001100010001000101010
121
100010011010110000010000011100
53
111101111000000000010001101100
178
100110100101100000000000001101
89
11000011001111111001010000011
21
110110100001001111001111000010
160
101001110001111101110000110110
21
1100001001100110010010100010
52
101100000000001110111100101100
133
110000101110001110001011110101
154
1000110000000011000010111110
71
10110000010110100101100000001
147
10010001000101000010110011001
67
100000001001000110001101101100
136
100000000000000110111000001111
34
10000101101010000010000000
57
101000010110110100001000010010
16
10101010000001000011101000001
188
100101101101000110100000010010
166
1110000101011000000000101
120
10111001110010110101000010
175
110011111010010000100000000010
108
110110100100100001111010000100
8
100000010010100100010100000001
189
1101110110111001100000000001
178
100100010101111001100000001110
92
110100111101110001001001001100
155
10010011100010000001001101111
39
10111000000110111101100111000
37
101100010001100011111100000010
119
10010010000110000000101010111
12
110010101000100010110000111000
107
1000000110110000001010100101
179
110100000011010100101001100010
175
100101100100000010111001011100
119
10100111110000010001010010000
92
1011000100011100000000000110
175
110110111010111000010110100000
37
100011011001100001010001000010
155
100000011101010001011001001000
37
111000000000001100010011010000
141
11000000011010101101111000011
149
1011110110001001101001110110
157
10001001011101000010101011010
132
101011100000010101011100
121
101100000100100111110010000010
39
10000101111010001000000000001
81
10111000100010111010000101101
118
100011100111100000100101011001
74
1100101101000001110100010011
92
100010011001000000110110100000
152
110100001110100111001100000110
63
11000010100000010100000111100
117
1010000101010011000001100011
42
110000000000000111000000111000
110
100100000110001100010000110001
152
10111011100011111100100011
35
11000010001000010010100100
41
101101111100011110100010001101
105
111000111101010010
21
110001000110010101001111110100
157
100011100111011010100010100010
176
100001011010010111010001000100
185
10001000000000000001010100100
9
111001010101010001100010000100
125
110000101110110000001010001000
186
100010110000001000101000001100
29
100010100010000011101010000
190
110110000010100010011001011000
128
101010101000110100110100010110
167
111110101010100000110100001000
25
101000101010000100000001
143
11101001001010010000101011011
92
1101010100010000001100010101
170
101000100101010110101110100010
31
10010000100010110110110111011
3
101110100100001110111100011100
173
1100010110010000100101011100
140
110110001110100000101100110100
130
110100001100110000101001000
188
100011100000111000000100000011
168
111001101110110000011010000000
108
100001011001101001001100010110
1
100000101010010100001001000000
92
11111011011001010110001010101
12
10000011001101010010000
186
11100010101100001010110000101
159
1100000010011010011001110010
35
1010110010001000010110110101
92
10000100011010011001000100110
127
111011100011001011100110000000
105
101101001011101110010100011
162
11000100110100100100001001
63
100011101100010010000100011000
65
111111110110000110011000001001
106
110000001000100010111101100110
31
101100000001000001101000000010
170
111100010100010000000000110
170
101001011010100011110100011010
56
100011101100101100101011010001
195
11000101000001110101010101100
168
10011011110000000000100110000
91
11110110011000101100000110001
190
1011000011111110100010011100
93
11001011010000001110001100001
25
1001110101100101000100
113
100101101010111000100011000
179
101111010110000100001000100
100
10000100000101111110110011011
117
100001001011010001000001101111
156
1001011110110101010001011110
183
100010101110001111101111110001
198
100000000010000000101000010101
13
1011110000010000011000000011
71
111100101011010001000011001
142
1000000101110011100011111010
147
10010001100110100101111011100
124
101100101101011101011111110001
81
10100101100111000000110010001
72
11000011100100011100011010010
185
1100111001100011011000110010
193
100010101101011011110010000010
115
100001100111001000000000100100
196
10100110001000001001000100101
191
10001001000000100101010011001
41
101010110101100011001000011110
84
101111101010111000000000110
186
111100110011011011000110000001
78
11001111111010000001001000111
135
100100101101000010101111010
187
11000101010110010000000100001
154
100001000000000101100101000010
61
110101001100101110111011101000
4
1001100111000110011011001
52
110001010000010111011001000101
86
1100101001100110001110110110
77
111010100000000000111001100010
44
100101001000110101100011000111
136
10011111000001100111010010010
69
1100000001110010000011011010
181
11100010000010011010100000
176
111100011100111010100001010110
178
100100000001000110100100001100
46
11001101111011100010110000100
14
101011101000000001010110001
141
11111000100111100111011000011
128
101001111000011011000011
154
110100001010101010101000011010
176
1111000111110101001001001
17
100001000101011000000001111
141
10000010001001011000110010100
57
10000001100110011000010000001
47
110100011110011010000011001110
110
10110101000111010100010101
144
100001011111100000011000100001
54
110010100101000100000000110100
183
101100110101110000000000001001
73
11000100000010000000001110
160
110001010110110011010101110
30
1000100000100100100000011000
65
1101010110001101001111101110
76
100001001010101110001101001001
12
110001110011111101010111101
144
10110010011001101100001000000
146
100010100100000000101000000000
139
10010110111000000111001000010
106
100111011001101101000111010
119
10110011110101000000100100000
89
10101110110000110111100010100
66
100100100010001100100111111010
195
110111111101010111100010001110
184
101010110100110001100010100000
128
110101010011000010011110000101
69
101010110100010100001010001111
157
101101001100100011000010110001
113
110010000011010000010001011111
22
10101110000100101010010100011
55
1011010101111110110101011100
92
1110000000001100100100011010
12
101111100101001011101111101010
13
110001000000011111101011010
123
101000111000101101011110100001
195
10110000101010010100000100
44
1101111000110110000001100
113
100101001100000100010010000010
44
11000001011110110010000110110
68
110000011100010010010000010
111
1111000001000000001011100010
196
100101111001101010011001101
145
101000000011110100001000100100
189
1000010100101000110100001101
178
10000000011110001011001110000
66
100011001000001010101000100000
194
11111110100010010010011010100
85
101101000100011000000010100010
53
11111101111000000001111100001
198
101001000000101011000001100100
149
10001000000110100100100101010
59
100100111001101101101110000000
54
10011001110001001011011101001
79
10100110001011001010100001000
184
100010010100101000101001001111
38
1000110011111100000000100
72
10100011001111110010011
27
111010110010000000100010110010
88
11001111001100001110100100
149
100101000100011110110001010
20
1110000010000100000110010111
22
10110011101011011000010000011
181
101111001001000111000000110011
154
101011100100000010000100100100
27
10111010101101101110011101000
75
110100001100001000101101001
169
1010101001100010110011
12
1101100010011010000101111110
40
11101000000101111000100000011
139
100100010101001000001001010110
24
101100101100110101110111000011
143
11000000000000110011001001110
70
100000010000000111011010000001
148
11110100100111011000101000110
141
101010111010100000011010010010
59
100101001011001100011000101000
43
100001000000101101001110111011
41
101001000000011100010011001111
192
101110100011110001000001010100
130
111010110100001001010000010010
167
101101010010101000101001111010
33
101100010000001101011001110000
161
10000110001001100001010111000
21
110011110010111110000000000100
139
11011001011010000011101100001
198
1110111101000001110010010100
83
11110000010010010010010110111
105
1001110110010010001001010
198
101001000000110010111111001111
98
111011001110000111000101011
80
101110111010100010000101000011
162
1000000010000011011000010011
19
1010000101010001101101000000
88
100001111000101100111001100
9
1101000011101110011111110110
188
100011010011010101000000011000
158
1011100100000010100100010001
128
10000110111001111000100010110
15
