30 500
101011101011010001011000011101
109
11100001111001101101000101
151
101100001101000011001000100101
4
100001010010010010000001001
92
11111011111011001110000000100
48
110010111100011100001110111110
5
11111111111000010100100001110
145
10010101000110101001001010111
157
11011111110000001110010011110
154
100100010110101010010011100010
145
111101100111101101111101001011
112
1110001100000011110110010100
177
10110010110100101110111101100
157
11110100110001111101101111100
79
10001111100111000101111001
3
1101101000111101001100101100
129
110010011110100111100001000110
156
10101111110101000001010111000
111
111011000110011110000110010010
45
11101011111001100001010111011
96
1001101001000001000110000010
133
101110101110100000001001000110
90
101011011010100101100101011001
54
110010100010010111000001110110
157
111101001110010100011111000011
18
100010111011000001110111100011
60
11110110000111111000101000011
38
100011101110111101011101110010
67
11111110110010000100000100111
12
101101110111010010101101000011
67
111100000011000000100101110
84
10100001101000100100011101001
117
101111100000100000110001110100
29
10011100010011110011111011001
116
110111100100000010000110110100
132
100111010001101000000010000
73
101010101111010010000010101111
190
101001110101111111111000100010
137
110011001000101011101111001100
134
11110111011100110110001001001
144
1100010101000010110110100010
136
11100100101110101111110000011
57
101011011110101111001100010111
21
101110000000010101010011011001
14
101000000101010101011010111100
115
101001101011101000111000110111
200
110100010000101111011000001000
144
100010101100100100000110001110
150
1111001000010000100111010101
28
100110110101001001110111000111
45
111010101010100110001011010100
80
100101101101010010000000101010
67
111100010100100011111110010011
171
101100011110011101100100100011
54
100110001100111101101000100110
184
101011101001010011110000011110
126
101010100110000100110011110001
38
100010010100100101000100100101
17
100000101001000011001100100000
42
111100100111100100000010101100
106
100110011010001011010111110111
143
11101110000011011001011110001
11
100000101101100000110110110111
125
101100000000000010100000011
139
1011011011001001001000101111
80
101011000011000111000111101110
159
101010000000011100110110100111
110
111011111111000011100101010111
3
100010011011110001110101010001
5
111111010101111011011111111010
14
101110100101000000011110011111
137
110111101101011110100000000001
92
110000000111001101100010110110
97
11111100111110111010001111011
131
10110011111111101001000000000
61
100010001010000110001101001011
124
110001111110011101011011100
148
11111101001000010101101
44
101110011010001000100001000
45
11001101110100101010101000
131
11111000000100010111101000110
100
101101110101000010100001001
86
111011101010100000011000010101
109
1010101011100011000101000101
81
10010011010111000000000000
153
11010101110001110000110001110
188
11000010100011101111100000101
200
111111001001011011000111000111
69
111111110000000011000010011110
172
101000100100001101011011100000
63
1000001100001001010111101101
123
10001001110011011101100011100
161
10010010110000110001101
123
11011000000101011101101011111
17
11101111000001000001100101110
136
100010011101101101000011110111
48
111010010011110010111110000011
54
110011100100110111000101
142
10110010101000101100011101010
117
10110111001010100010010011111
197
101001111100100100000110101111
169
111101011100100111011111110
22
111101110011111100010100001111
3
111111010101010011111111001110
83
101010001110000000101010110010
133
10101111010000011100001001101
69
11101001100011111011011110001
130
11010001100110010000101000000
90
100101111101001010101000011010
57
110010000111111111000100000111
89
1100110110000101101111010011
106
100000100110000010100110001000
62
111101111011010110111110000
7
1111000000011100001000100111
97
110110100001111100010101110001
55
100001111111100110010000010000
179
10010001000010110101011001001
104
10000110010010001110100001101
44
110101111110111100100001010000
11
10000010001100011010111011111
136
101001001111001001011110110111
71
111001011100000100110101001101
189
100011110011001111010010011001
146
10000000111000111111010001111
194
10110001001011001110001010010
54
100111100001010111110110101000
128
101100101101010110100011011111
160
11010100011110101110101101000
108
100101111111100100110010010000
26
100001110111001100100111011011
57
110110100110000011110011000110
183
1110111101011101111101101001
78
101110101111010010011110000
111
11100111001010000011110010000
25
1111111101101111101100010000
69
10011010011111101010001001111
136
10001110000010001001100000011
147
11110101100111110110100010100
54
11010100010000001101011100010
10
10011110100110001101001110101
198
100100011010100101001101111000
101
100110001111100111100110001110
17
1010101111000011011010100111
40
1100011110110111011100101
75
100111110010001110011101111110
32
11110010010101100010000110
84
111101100111011100100000110000
164
100001001010010100011001000110
16
110011011101100111100000110111
66
11011111011011001011010101000
55
111011000010110011110010000011
122
101100010110110000110100110100
6
111001010011011001000111000000
66
111001101111100110001111100101
198
1111000111110101011100110001
87
10010101001100010001000111110
121
100010011010111000010010011100
53
111111111000000000010011101100
178
100110101101101000000000001101
89
11010011101111111001010000111
21
111110111001001111001111000010
160
111001110001111111110001111110
21
1100011001100110110111101011
52
111100000000001110111100101100
133
110000101111101110111011110101
154
1110110001000011000010111110
71
111110100010110110101100000001
147
110110001001101000010110111001
67
100100001001000110011101101100
136
100000000100110110111000001111
34
110010000101101010000110000110
57
101000010110110100101000110010
16
10111011000011100011101101001
188
101101101101000110101010010111
166
11110000101011000000100101
120
10111001110010110101010010
175
110011111111010000100000010010
108
110110100101100001111010000100
8
110000011010100101010100000001
189
11101110110111001100000000001
178
100110011111111011110000011110
92
110110111111111001011001001100
155
110010011100010100001001101111
39
10111000001111111101100111101
37
101111010001100111111100000010
119
10110010000110000011101010111
12
110010111011100010110000111010
107
1010000110110000001010100101
179
110110000011010100101101100011
175
100101100100000010111001011100
119
10101111110000010001110011000
92
1111000111011101010000000110
175
110110111010111000010110100110
37
100011011001100001010101100010
155
101000011101010001111101001010
37
111000000010001100010111010000
141
11000001111010101101111000011
149
1111110110001001101011110110
157
10001101111101001110101011010
132
101011100000010101011100
121
111100000110101111110010001010
39
11000101111010001100100001001
81
10111000100010111010000101101
118
101011101111100000110101011001
74
1110101101000001110100110111
92
100110011001000011110110100000
152
110100001110100111001110000110
63
11000111100010110111010111111
117
1110000101010011000101110011
42
110000000100010111000000111000
110
100110000110001100110110111001
152
10111011100011111100100011
35
11000011001000010010100100
41
101101111101111110100010001101
105
100000111010111101010110
21
110001000110010101001111111100
157
100011100111011010110110100011
176
100001011010010111010011000100
185
111011000001010000001011110100
9
111011011111010001101011000100
125
110000101110110010001010001000
186
100010110000001000111110001100
29
10100010100011001011101010000
190
110110000110100010011011011000
128
111010101100110100111100010110
167
111110101110101000110110001101
25
101000101010000100000011
143
11111001001111010000111011011
92
1101010100011100001100011101
170
101010100101010110101110100011
31
10010000110010110110111111011
3
101110100100001110111101011100
173
1101010110110001100101011100
140
110111011110100000101100110101
130
10110100001101110000101001010
188
110011100000111000000100010111
168
111011101110111010011010000000
108
110001011001101011001100010111
1
111011101010010100111001000010
92
11111011011101010110011010101
12
10100011001101010010000
186
11100010101100001010110100101
159
1101010010011010011001110010
35
1010110110001001010110110101
92
10000100011010111011000110110
127
111011110111001111100110010000
105
101101001011111110010101011
162
1011100100111101110110001001
63
100011101100010010000100011101
65
111111110110000110111010011101
106
110011101100100010111101100110
31
101100001011000001101000001010
170
111100110100010010001001110
170
101001111010100011110100011111
56
101011101110101100101011010001
195
11001101000001110101110101110
168
10011011110000000000100110100
91
11110110011000101100100110001
190
1011000011111110101011011100
93
111101011010000001110011100001
25
1001110101100111000101
113
100101101010111000101011001
179
101111110111011100001100100
100
10000100000101111110110111011
117
100001011011010011000001101111
156
1001011110110101010001011111
183
100010101110101111111111110001
198
100000011011000000101000011101
13
1011111001010000011000000111
71
100111100101011010001000011001
142
1001000101110011110011111010
147
11010011100110100101111111110
124
101100101101111101011111110001
81
110100101100111000000110010001
72
11010011110100011100011010011
185
1100111101100011011100110010
193
100010101111111011110110110010
115
100001100111001000001000100100
196
11100110001000001001010100101
191
10001001101010101101110011001
41
101010110101100011001000011111
84
101111101010111000000110110
186
111100111011111011001110011101
78
11101111111010010001001000111
135
100100101101000110101111010
187
11010111011110011000000100001
154
100001011000100101100101101110
61
111101001110101110111011101000
4
101011100111000110011011001
52
110101010000010111111001110101
86
1100101001111110011110110110
77
111010100001000000111011100010
44
100101001000110101100011000111
136
10011111000001100111110010110
69
1100100001110010101011011010
181
11100010010010011010100000
176
111100011100111010110101010110
178
110111000101000110110100001111
46
11001111111111100010110010100
14
10101011101100000101010111001
141
111111100100111100111011000011
128
101001111001011111000111
154
110110001010101110111000011110
176
1111000111110101101011001
17
101001000111011001000101111
141
110000010011001111000110010101
57
10000001100110011000110000001
47
110100011110111010000011001110
110
10110111101111011100010101
144
111001011111100000011000100101
54
111010100101000100000010111100
183
101100110101110100001000001001
73
11000100000011000001011110
160
11110001110110110011010101110
30
1000100100100100110000011100
65
101101010110001101001111101110
76
110001001110101110001101001001
12
10110001110011111101110111101
144
10110010111001101100001000000
146
100010100110000110101000110100
139
10010110111000000111001000010
106
110111011001101101000111010
119
110110011111111001000100110000
89
10101110110000110111100010100
66
100111100010011100100111111010
195
110111111101010111101011001110
184
101010110100110001100010100010
128
110101010011100110011110000101
69
101010111110010100011011001111
157
101101001101100011000110110001
113
110011001011011000010001011111
22
10111110000100101011010100011
55
1011010101111110110101111100
92
11110000000001110110100011010
12
101111110101001011101111101011
13
1110001001000011111101011011
123
101000111000101101011110100011
195
1110110100111010010111000100
44
100001101111000110110100001110
113
100101001100010110010010000010
44
111000001011111110010000110110
68
110100011100010111010000010
111
1111010101000000011011100010
196
10110101111001101010011001101
145
101101000111110100001000101101
189
11100110111101000111100001101
178
111000000011110001011011110110
66
110011001101001011101100100000
194
11111110100010010010011010100
85
101101000100011000000010110010
53
11111101111000000001111100101
198
101011000101111111000001100100
149
110001000101110100100100101010
59
100100111001111111101110100001
54
10011101110001001011011101001
79
10100110011011101110100101100
184
100010010100101000101001101111
38
1000110011111100000000101
72
10100011001111110010011
27
111010110010010000100010110010
88
11001111111110011110100110
149
100101000100011111111011011
20
1110000110000100001111010111
22
10110011101011011000010000011
181
101111001001010111000010110011
154
111011110100010010100110100100
27
10111010101101101110011101000
75
110100001100001000101101011
169
100101001010111001110010110011
12
11101100010011010001101111110
40
111101001100101111010100100011
139
100100010101001000001001010111
24
101100111110110101110111100011
143
11101010000001110111011001110
70
100000011000000111011010000001
148
111111101100111011000101100110
141
101010111010100000111010010010
59
100111001011001100011000101000
43
100001000000101101001110111011
41
101001000000011100010011011111
192
101111100011111001010001010110
130
111110110101001001010110110110
167
111101110011101100101011111010
33
111110010000001101011101110000
161
10000110101001100001010111010
21
110111110110111110000000001100
139
11011001011110000111111100001
198
101110111101000011110010010101
83
11110010110010010010110110111
105
1001110111010011001011010
198
101011000000110011111111001111
98
111111001110010111000101011
80
101110111010100010001101000111
162
1001000011011111011100010011
19
11010010101010001101111001100
88
100101111000111110111101100
9
101101000011101110011111110110
188
100011010011010101100000011000
158
1011100100010010101110010001
128
10000110111001111000101010110
15
11010010101001001011010100
42
100101100010011010111000001100
98
111111010111101111100110101010
187
101101101111011011011110111001
30
10100010001101111101011100111
157
100100010101011100101111111101
8
110111111100000001010101010110
22
11011100000101100011010111111
198
11100010000001010010011100100
172
110101011100000110111101000
62
1011011010100011110010110100
172
110011111000001100000100101000
33
101001111101111100000101101
171
110011111111010010101011101010
123
110101000000000100101110011101
109
11001100100100010101001000111
178
100001110100010011011100101101
177
111000101111001101011000001
195
100111000100000001000100111001
70
110100010000000101111010110100
51
110011010100010001110000011001
44
1010011101001001100001001110
189
100110000000111111111101000
103
110100001011001101111100101111
85
100010010100001110010111011001
187
1100000001000011001111010000
196
101010100111000101100001010110
21
11110111111010110110011011000
5
100111100111000011011010110000
134
11100100100110101110100010100
28
101110100010011010010000111
45
111000000010110110010100110
151
11000011011101101110011101000
185
1001000010101101100011001010
28
101000100001011001100010001
199
111101111101011101110111101011
121
11111001110111101001001001111
178
101110000101111110011001101110
198
10100000000011110110010000001
95
110110001010001011011011111000
109
111011100000101101110110100100
66
11001010100010010101000101111
90
1101110011100000000010101110
71
1110101110101100010001001
181
10001001010111010000111101
89
110011100010100100110101101010
59
11110111011011001011001000010
85
110010110111011110001111100111
176
1000111000101110110000101010
157
1110000011101010110101011110
107
110110011001000100001000111000
27
111010100101001011101101010010
184
111110100000101101111111110010
21
110001111101000101000001101001
59
100010110100101111011001010101
116
101100000101011101000110011001
193
1011110011011101011101100
22
111110100010100110101010110
111
100001100001000010010110111101
24
10000000110100111001010010001
163
1110011110110000101101
27
10010011000101011001101100110
24
111111011111101011010100000001
1
100100011101111100101101110
32
11101100010110100100001001110
199
100010010101000000010101011001
59
100101100101100000000010101100
173
101010010010001110100011010111
16
110100110010101100001111100010
189
100000011111111101100001000
38
111100101011011111110100000111
76
100011010011110000011011100111
126
1011111101011011111001100011
39
11001001000000110010000110110
61
11000000000111010110010101110
127
100110100010101011100100100001
179
1111101101110110010000110101
152
111011010000011010011010100100
180
1110011100001001100001011010
28
110010011111110111100010100010
54
111100010100011110100001010110
96
101101110001110011010110001111
168
111000100011011010000000010000
37
101110011110011010001111100111
118
111111011001001100010010110011
93
1101001001101110001100001110
130
11101010000110000001100101010
60
1001011101111001101010101111
37
10010011101101001110101000101
74
101010011010011010101000011100
200
111000111111110100001101111
31
101111011101110000000011101101
102
101001111101101110110111100100
50
110110011110001000101110100101
88
10101111100001110001110000011
18
110010011110101010000011110000
44
110011000000101000110001010010
169
101011000011000110111101010000
181
111000111000000101110011010110
148
101100110100000011110001111
112
