30 700
1011101000010001010000010100
109
1001001000000000001
151
101000001001000000001
4
1000000010000000000000
92
10001011110010000010000000100
48
10000010000001100000000000100
5
11010001000010000000000100
145
10000100000010001000000010100
157
11100000001000000000100
154
100010000101010000000100000
145
100001000001101101011001000001
112
10001100000001110010000000
177
10000000100000101010000000000
157
100100000111100100100100
79
1001000000000100000001
3
100100000000000001100100000
129
110000000000000110000000000000
156
100101010100000001000000000
111
11000010000010000100000000
45
10001011100000100000000000000
96
100001000000000110000000
133
101000001000100000001000000000
90
10001010100100100000000000
54
1000001100000
157
1000000000000000001000000010
18
10010000001010110100001
60
11000000000111101000000000000
38
1010101001011001000010
67
1010010010000000100000000100
12
101010010010000100101000011
67
100000001000000000001010
84
100000101000000000001100001
117
1000000000000000001010100
29
10000110010010011000
116
10100100100000010000100010000
132
100100000000000000000000000
73
10000010000000001111
190
1001100100011000011000000000
137
1001000001010100001001100
134
1000100110000000000
144
1000000000000000000000000010
136
1100000000100101000010000000
57
101000001110100010001100000001
21
10000010010010000
14
1000000101000000001000000100
115
101000101000001000000000000100
200
100000000000001111011000000000
144
100000101000000000000100001100
150
1000001000000000000010000001
28
100000001000001010000000011
45
110010101010100010000010000100
80
100000000000000000000000000
67
11000000000000010000010000000
171
1000000000000000100000000011
54
10000000110001100000100010
184
101000100000000001000000001100
126
1010100000000000000011100000
38
100100000000100100100
17
100000101001000011001100100000
42
1100000001100000000010000000
106
110010000001000010010000001
143
101100000010001000010000001
11
100000000000100000000000100101
125
100000011
139
1001001011000000000000101000
80
100001000000000010000001101010
159
10000000010000010000000000
110
111011011000000011000000010101
3
100010001000000000000001010001
5
11000010100100010011000001000
14
1010000001000000000100000011
137
100000000000000100000000000
92
10000000011000100100000100000
97
1000000001010001000000010001
131
10100001000000100000000000000
61
100000001000000110000100000010
124
1100010000000001010100
148
11101000000000010000000
44
100000010000001000000001000
45
100000010001000
131
11110000000000010100000000000
100
1101000000000000100000000
86
110000000000000000001000000101
109
1010000010000000000100000001
81
10010010000000000000000000
153
10010101000001000000100000000
188
10000000000010000000000000000
200
101000001001000000000011000000
69
10001000000000000000010011100
172
101000000100000000011001100000
63
100001001010100001001
123
1000100011010101100001100
161
10000000000101
123
10000000100010000001001100
17
11101001000001000001100100100
136
100000011001000000000010000000
48
10010000000010100000000010
54
10000100000010001000100
142
10100000100000000100001000010
117
10010101001010000000010010010
197
100000000000000000000100001111
169
100010000100000001000000
22
110000000000010100000100001011
3
11001000001010000101010001010
83
100000000100000000000010000010
133
10000001000000001100001000001
69
1001000000011010010001000000
130
1010001100010000000000000000
90
101001001000000000000001010
57
10000000101111000100000010
89
1000000100000100101000000011
106
110000000
62
110101001001000000011000000
7
1000000000001000001000000101
97
110100000000000000001000001
55
1111000010010000000000
179
10010001000010010100010001000
104
100000000000010000001101
44
1110100000100000001000000
11
11000011011110
136
1001000001000000001110100111
71
10100000000010000000001
189
10001010010000010000
146
110000100001010000010
194
110000000001001100000010000
54
10000000000000010000001000
128
1000101001000110000000000000
160
1000100011000000010101100000
108
101010000100000010000000
26
100000100001001000100100000010
57
10000010000110
183
110000000010000001100000000
78
100100001011000000000000000
111
10001010000001100000000
25
100010001100100001000000000
69
10010000000010001000000000010
136
1100000000001000000000000
147
100100000011000000000000000
54
1010000010000001001001000010
10
100001101000000000
198
100000001000100001001101000000
101
10000111000000000110000010
17
10000110000000001010000010
40
11010000101000000000
75
100100000000000010011101001000
32
1100010000100000010000000
84
11000100000000100100000010000
164
1000000010000001000000010
16
100000001100100010000000000100
66
1001101011010000000010101000
55
1000000000000001110000000000
122
100100000010000010100
6
11000000000000000000
66
101000001001000000000110000100
198
11000000000001001000110000
87
10000101001100010001000101000
121
100010010000110000010000001000
53
100000000000010000100000
178
100000000100000000000000001000
89
1000111111001000000000
21
100110000001000100000111000010
160
100000110000000100100000010010
21
1001100010010000000000
52
100000000000110101000000000
133
10000001100000100000000110001
154
1000110000000011000000000110
71
100000000100000100000000001
147
10010001000101000010000001000
67
100000000001000100000100100100
136
110000000000110
34
100000000000010000000
57
110000000001000010010
16
10001010000000000010101000000
188
1000110000000010010
166
1000000101001000000000100
120
10111001000010010001000010
175
10011011000010000000000000010
108
11010000100
8
100000000000100100000100000000
189
100010010110001100000000001
178
100000000100000001000000001000
92
110000111000010000000000001000
155
10000010100000000001000001000
39
10001000000100111001000111000
37
100000001100010100100000000
119
110000000000010100
12
100000100000000000110000001000
107
1000000000100000000010100000
179
1010100101000000010
175
100000100000000010010000000100
119
10010000000001000010000
92
1000000000011100000000000010
175
110100101000111000010000100000
37
100001010000100001010001000000
155
100000010101010000011001000000
37
11000000000000000010001000000
141
10000000010010000000111000000
149
11010010000000000001010000
157
100000000100000000
132
10100000010100000100
121
1000000100000101000000000010
39
10000000010010000000000000000
81
10101000000010010010000000100
118
10100100100000000001000000
74
1000000101000000100000000000
92
10001000000010000000000
152
100000001110000100001100000010
63
10000000100000000100000011000
117
1010000000000010000000100011
42
10000000000000100000000110000
110
100000100001000010000100000
152
10101010000011101000000000
35
11000000001000010000100100
41
1100010100100010000000
105
110000011001000000
21
10001000100000000000010100100
157
100011100100001010000010100000
176
100001000000010001010001000100
185
10000000000000000001010100000
9
1001000100010000000010000000
125
101110000000000010001000
186
10100000001000100000000000
29
100000000010000011001000000
190
100010000010000010011001011000
128
100000101000000000110100000100
167
110000001010100000010100001000
25
100000100000000100000000
143
10000000001000000000001010000
92
1001000100000000000100010000
170
100000010010001110100010
31
10000000000100100110000010
3
110000100000000011000010000
173
10100000000000000010000
140
10110000010000000100100100100
130
100100000000110000100000000
188
11100000010000000100000000
168
101000000110010000001010000000
108
1000000001000001000000000
1
1010000000000001000000
92
1010011001010000000010000
12
10000010001000010010000
186
10100000100000000000110000100
159
10001010010000010010
35
1010110000000000000110000101
92
100011010001000000100110
127
1001000000001010000000000000
105
100101001001100010000000000
162
11000100110100100100000000
63
100001000000010000000000001000
65
100101000010000000011000001000
106
10011101000100
31
100000000000000001101000000000
170
11000010100010000000000000
170
1010010100001110000001000
56
100000101100001100101000000000
195
10000101000000000101000101000
168
10010001110000000000000100000
91
10000100000000001100000110000
190
1000000001000110000010001100
93
10001001010000000010000100001
25
1000010100000101000000
113
100000010110000100000000
179
1111010000000100000000000
100
10000000000101000000010010010
117
100001001010010001000000101110
156
1010010110001010001001000
183
10000000001001100010000001
198
100000000000000000100000010101
13
1011100000000000001000000011
71
110100000011010001000001001
142
1010000
147
10001000000000101001000000
124
100000000000001100001111110001
81
100101000110000000110010000
72
1000001100100010100010010010
185
100110001000011011000010000
193
100010100001011010010000000000
115
100001100011001000000000100100
196
10001000000001000000101
191
10000000000000000101010001000
41
1000000101000000001000001010
84
101111000000100000000000000
186
11000000010010000000110000001
78
10000011001010000001000000110
135
1001000000000010010
187
1000000000100010000000100001
154
100101000010
61
10001000000100100110001101000
4
1000100101000110000000001
52
110001010000000000011000000100
86
1100100000000110001010100010
77
110000000000000000010000100010
44
110100000001000111
136
1100000001000001000000010
69
110000000000011010
181
100000000000001010100000
176
110000010000111000100000010100
178
100000000000000100100000100
46
11000101011000000000000000000
14
100001000000000000000000000
141
11110000000100000000000000010
128
100000011000000000000011
154
100000010101010000000011010
176
10000100110101001000000
17
100010000000000100
141
1000011000000000100
57
10000000100110001000010000000
47
100100001100000000000000001000
110
10100001000111000000000001
144
100000011000000000011000100000
54
110000000000000000000000100000
183
110100110000000000001001
73
10000000000010
160
110000000000100011010101010
30
100000000000011000
65
1001000110000001000001100000
76
1010101010000101001000
12
10001000000110001010100001
144
10000000001001000100000000000
146
100000000000000000000000
139
10000000000000000001000010
106
101010001101100000000010
119
10000010001000000100100000
89
10000110011000010000
66
100100000000001000100010111000
195
1000010010100000001000
184
101000000000100000000000000000
128
110000010011000000000110000000
69
10010100010100000000000001
157
100000000000010000000010001
113
100010000011000000010000000111
22
101100000100000000010100001
55
1000000100001100010101011000
92
10000000001100000000001010
12
1101100100000000000010101000
13
1000000011101101001000
123
101100010000000001
195
10000000000
44
100011000110000000001100
113
100000000000000100010010000010
44
1000000011110100000000100110
68
110000010000010010000000010
111
1101000001000000000001100010
196
1001000101000001001000
145
1000000011000100001000100100
189
100100000010000000001
178
10000000001100001011000000000
66
100000001000000010001000100000
194
1011010100000010000001000100
85
1101000000011000000000100000
53
11110101111000000000010100001
198
1000000000011000000000000
149
10000000000010000100100100000
59
100000000001100000000000000
54
11001000001000000001100000
79
100110000001000010000001000
184
100010010100101000001001001111
38
1000000011011000000000000
72
10000001001100100000000
27
10010010000000000100010110010
88
10001110000000001100000000
149
100001000100000000000000010
20
110000000000000000000010101
22
10011000000010000000000001
181
1000000010000000010000
154
11000100000010000000000100
27
101010100001000010000101000
75
10100001100000000000001001
169
1010100001000010000010
12
1000100010011010000001110100
40
10000000000101101000000000001
139
100100000100001000001001000110
24
101100101000110000010100000001
143
11000000000000000000001000010
70
100000010000000110000010000000
148
1110100100111001000101000010
141
1000010000000000010000010010
59
1001011001000001000000000
43
100001000000101100000100010011
41
1001000000011000010000000100
192
1000100001010000000001000100
130
10010100000001000000000010010
167
101000010000101000000000100010
33
100100000000001100000000100000
161
110000000000000010011000
21
11110000010000000000000000
139
11001001001000000010101000000
198
1100110001000000110000010000
83
100101
105
1001110010010000001000000
198
100000100111001100
98
10000000110000001000000010
80
1000100010000000000100000010
162
11001000000011
19
10000001000000001001000000
88
1001000101100011001100
9
1000000010000000001111000000
188
100000000000010101000000001000
158
1011000100000000100000000000
128
110101001000000000010100
15
1000000000001000010000100
42
1100010011010000000000100
98
1000011100011100110100000
187
1101100100011000001000101001
30
100000001100001001011100111
157
1010000000011111101
8
100001111000000001010000000010
22
10000000000001000010000000010
198
10000000000000010000000000000
172
1001000000010110100000
62
1000010010000001100010010000
172
110010001000001100000100000000
33
1000100100100000101101
171
100000010011000010001000000000
123
100000000000000100101100010100
109
1000000010
178
100000000100000001011000000001
177
100000100001000101000000001
195
110000000000000000100010001
70
10000000000000100000000000000
51
10000100000001010000000000
44
1010000000000001100000001000
189
100000000000100101111000000
103
100000001000001001010100000000
85
100000010000000000001
187
1000010000001010000
196
100010000111000101000000000000
21
1010011111000100010001010000
5
1000011000000000000010000
134
1000000000010100100000000000
28
100010000000011010000000100
45
10000000010100100010000000
151
1000001000001000110000000000
185
1000000000001000100000001010
28
101000100000001001000010000
199
110001010101000001000000101000
121
1010001100001001000000001010
178
100000000001011010000000101100
198
10010000000000000
95
110000000000000011000010000000
109
100010000000000000010100000100
66
10000010000000000001000100000
90
100000100000000010001010
71
1100000100000100000000000
181
100010000000000
89
10000000010000100000000001010
59
1000100010011000010000000010
85
10100110000000000001100100
176
1000101000001010100000100000
157
100000000001000010001000000
107
100010011000000100000000001000
27
101010000000001011100000010010
184
10110000000100101100101010000
21
100000110101000100000000000000
59
100010000000001001001001000100
116
101010000000100000000
193
10010000010000000100000
22
1010000010100010000010000
111
100001100001000000000000111000
24
100000010001000000001
163
100011100100000000000
27
10001000000000001000000100
24
10010000001100000010100000000
1
100001001111100000001100
32
100000000000000100000000110
199
10010101000000000000000001
59
100100000000010100100
173
100010000000000100000010000010
16
10000010010001000000000000000
189
100000000000011101000001000
38
10000000000000000000000000010
76
100010000010110000000001000100
126
1010000000000000010000000011
39
10001000000000000000000000000
61
111000100000000010
127
100010000000000001000100100001
179
1000001100100000000000101
152
10000000000100
180
1100000000001000000000000000
28
10010001001010001000000000010
54
100100010100001000100000000000
96
1010000100000010000001001
168
1000100010000000000000010000
37
10000001110000101
118
1100000000000000010000000001
93
1001001000100100000100001000
130
11001000000000000000000000000
60
1001001101001000001010101000
37
10010001100000010000000101
74
1000000000010010100000000000
200
1000001100010000000000110
31
1001000010000000001100101
102
1001001100000110100000100100
50
10000000110001000001110000000
88
100111100000100000010000000
18
10011010100010000011000000
44
10001000000101000100000010010
169
1000100101001010000
181
1000010000000000000010010000
148
100100110100000001000001011
112
110010000000000000100010010101
188
10000000010000000000000000000
186
10000000001010000001011101000
20
10000010100000000010000000
89
10010110000000000010001000000
72
111001010000110000010000001010
45
11000000000010000000000
61
100001000001000101001000100100
149
10000000000000100101000000
63
10000000100011100000110100000
107
11001010011000100000101000000
7
100000001001000010000010000
85
101000000000
19
11000001000101000000010001
57
10000101000010000100
167
100010110000100010000101
159
10010100010010011000001000000
127
100000010100000000000
94
100000001001100100000001001
14
100000010000100010000000000001
105
10001000010000010101010000001
89
101000000011100
76
10010000110100000000010000100
155
100010100000000000000000010
141
100100100110000000010000010
138
10011000000000000010000000000
10
110010000000000000000001010
69
10001011001100010000000000100
51
10000101000000001000010001
86
110010100011000010000010001000
29
100110110001011010100000010001
71
10000000010100001001000010100
87
1100000000000001100001010000
24
111000100000000000100011010000
84
1100001000000010000010010010
128
101100000001000010000001011000
85
110000010000010000000000101000
155
100000011100000000010000001
70
100000000001010100000000001
189
100000000000000001
92
10001000000000100000000101
47
1000010100000000
12
10100100000001000000010100000
182
1000101001010001000001
62
10000000010010
148
100000010000100000
5
110001000000000100000000000010
156
1000101100010000010000001000
100
100010010010000100001000000
8
10000000100100011001000
156
10100000100001000000010100000
9
1000000110010000000000001
79
1010100000010000000010
160
10010000000101000
102
110001000000000000000000010100
40
10000000000000
59
1000000010001
133
10000010100010001001000010
92
100010010100000100000110000000
187
1000101010001100
38
1100000000000000
195
100000000000001
133
101000000000010010000000000
27
100010000000000000000000100
134
10000110000000000000000000000
196
1010000100000000000001010001
177
1000000011000000000000000100
128
10100000000010011000110001
131
100000100000000011001110110000
106
1001000000010000100000000001
138
10000001001000000000
44
100010000011000001000001
159
11000001000111000000000001000
36
10000000001011000000010010000
186
1000100000000000010000100
90
10111000000111000000011000001
52
10100011000000101000000000000
103
11110000000000000001110000000
110
10000000010000101000010000000
116
100000000000001010010100
162
1110000010000000010000000
170
11000000100000000000110101000
67
11101001100100000010000
116
1000000000100100001000000000
181
10000000000000100000111001000
50
10110100001000011010000
176
10101001101000011110000110000
185
100000000000000000100000100000
50
100000100000000000010000001110
174
1001111000001000100001000000
159
100000100000000100000
156
10011000000000100
134
11000110011000100100000
30
11000100001101110111000001100
67
10000000001000000001000
125
1100100001010010100001000010
80
100011001001101111000100100000
15
10000000000101010001000000010
36
110000000000101010011010
42
100110100000100000010011001
130
10000010100100000000
93
1000010000000000011010100000
68
100100000000000110010100001000
183
110000000001110000010
190
100000110000000000000100001000
147
1000010100000001010100000000
94
1001010110010000001000100000
20
1000000100000000000010010
106
100000000000000111
103
10000000000100010110010100000
51
100000000000000000000
1
11000001000110000101000010
172
110000011111100000100000001001
64
100000000110000001000001110000
12
1000000001000011000100000010
93
10000000000001000000001001100
190
101000100001100000001010010
94
110000001011000000100001000000
68
1000000000000000000000
7
100000000000000000000000010
120
100100000000100010000001000
86
10001101000001000100000110000
198
10001000000000011000000100
107
10000000000100100000001
153
1010100010000010001100100
60
1010011000000000101111000101
60
1000101000000001010000010010
122
1000000000000
184
100010000000000000
69
100000000000110000000001000000
180
10000001000000000010000000
82
10000100001001010010
197
1001001100010000001100000
65
110001000100010010010000010
27
10100000000111000000000000
60
101100001010011100001100
41
10000010000000100001000100100
177
10000000010100001100100000
132
100000000000000010001101000100
179
10100111100000001000001
23
10000000010100100000
134
11000000000000100000001010100
35
100000000110000000100110000100
132
100000000011110010000001100
67
101100000100000000010000000000
116
10000000000001000000000010000
166
10000100000100001000110010000
168
1000100001100000110101010001
175
110000000000000001000001011001
176
100001000001000100001000010100
49
100010010100000100100001000001
104
1001000110010
9
100000100000000000000000010100
149
100010100010011000001001000100
173
1011100100000000010000100
102
1000000010010000000000000010
33
1000100
184
110000100000001001000010000000
69
10000001000000000001001111000
133
1010001001000101001000101000
177
100100000010000000001000000000
142
100000001101001000000100
47
1001000000000010000000110000
173
100000000011011000000100000
160
11000000011000000000100100
81
1001110010100000000010001
126
10000100000010010100
154
100000001010001000001100000000
184
100000001000001111000010000
9
10100001010000010010001010
8
1000100100001010010000000010
158
100000010001101000000100010000
69
10000000011000010001000
74
110001001000011000001000000000
89
100000000001000110000000000001
69
110001000010000000001000000
11
1000000000001110101010010
13
1000101010000000101000
16
100001111111000001110000100000
47
110011010000000000001010001000
32
11100000010110000010
128
1000010100010010010000001010
144
100000000001011100000000001011
112
1000100101010000001100000001
4
1100000000
89
101100110000001011110
180
1110100000011010000000100
36
1001000000000001000
157
100000000100000000000010000001
15
101000010110000101000000001001
54
100010101000001000
2
10010001000000000010000000
172
1101000000100000
80
101100001000000000010000000
114
10000001000101011010001
176
100000000010000010000010000
18
1000010000000100000000000
124
100100011010000001000000000001
142
10000100010000000000000000000
76
1000000001000000000000010101
183
