30 800
111011111011010111011100011101
109
100011101011111011101111000101
151
101110001101011011001101111101
4
10100101110010110010101011001
92
11111011111011001110010000111
48
111010111111111100101110111111
5
111111111111110110100101001111
145
110011101010111111001001010111
157
111011111110001011111110111111
154
100110011111111110010011111110
145
111101110111111101111101001111
112
1110011111101011111111010101
177
11110111111110101111111101110
157
111110110110011111101111111100
79
10101111101111001101111001
3
101101101101111101011101101111
129
110011011110110111100111001110
156
110101111110101011101011111100
111
111011000110111111001110010111
45
11101011111101110101010111011
96
1001101111001101100111010110
133
101111111110100111011011000111
90
101111011011110101100101011011
54
111010110110110111000101111110
157
111111101110010100011111111011
18
110011111011100001110111101111
60
111111110110111111001101100011
38
111011101111111101011101111010
67
111111110111010101100011100111
12
111111111111010110101111100011
67
11111100000011001011100111111
84
10101111101001111111011101111
117
101111100100111110110001110111
29
110011101011011110011111011011
116
110111101110000110010111110101
132
111101111010001101001001010001
73
101110111111111010110110111111
190
101011111101111111111110101111
137
110111001100101111101111101111
134
111111111011100111110101001011
144
101100010111001010110111100010
136
11111100101110101111111000111
57
111011111111101111111110011111
21
101111010000011101111011111111
14
101000010111110101011011111100
115
101011101011101101111110110111
200
110101010100101111011001111101
144
110010111100101111110111111111
150
111111001010110100111111111101
28
100111111101101101110111010111
45
111010101110101110001011110101
80
111101101111011110100010101110
67
111110010110100011111110011111
171
101100111111111111100100111111
54
101111001101111111101010100110
184
101011101111110011110001011110
126
101011101111010100110111111011
38
100011011100101111001110100101
17
100100101011011111001100101110
42
111100101111110111101110101111
106
111111011011101011010111110111
143
11101111010111011001011111001
11
110010101101111100110110110111
125
10101100000000000011111010011
139
111111011111111101001100101111
80
101111001111100111101111111110
159
101010100101111100111110111111
110
111111111111000011111101010111
3
111110011111110001110101011101
5
111111010111111011111111111010
14
111110110111110011111111011111
137
110111101101011111100111101111
92
111101011111001111101011110111
97
11111101111110111111011111011
131
11111011111111111101000010000
61
101010101011001110011101101011
124
1110111111111011111111111111
148
10000011111101011001111111101
44
101101111011010111100100011100
45
1011001111111101101010101000
131
11111100000101111111101000110
100
10101101110111100010100001101
86
111011101111100010111010110111
109
101010101011111011001111101101
81
11111110111010111010100010100
153
11111111111101110011111111111
188
111010111100011101111100111111
200
111111001011111111000111000111
69
111111110111111111000011111110
172
111010100101111111111011100001
63
101100101100001101010111111111
123
110101001111011011111110011101
161
100110110010010110001110001101
123
11011101000101011101111011111
17
11101111010001000011110101110
136
111010111101101101101011110111
48
111010011011111011111110111111
54
110010110011110110110111001111
142
110110011101100101110111111111
117
110110111011110101010011111111
197
101101111101101111000111101111
169
100111111011111100111111111110
22
111111110011111101010100001111
3
111111010101010011111111011110
83
101011001110000110111011110010
133
10111111010101011100011111111
69
111111001101011111111011110001
130
11010011110110110111101011000
90
101101111101101011101100011110
57
111011000111111111000100110111
89
101100111110000111111111110011
106
110101101110000011110110101101
62
111111111011010111111110001
7
111111011110011111111001100111
97
111110110111111100110101110101
55
100101111111100110011010110001
179
110011101010011111101111011101
104
111001110010011001111111001101
44
110101111111111101110001010010
11
110010110001100111111111011111
136
111011001111101001011110110111
71
111101011100111110110101011111
189
111111110011111111010110011111
146
110111011111111111111110001111
194
11110111001011001111001110110
54
100111110111010111110110111010
128
111110111101110111100111111111
160
111111101011111101110111101101
108
110101111111111100111110010000
26
100101110111111100101111011011
57
110111100111000011111111010111
183
101111111111011111111101101011
78
100111110101111111010011110111
111
11110111011111101111111110011
25
101111111111101111101100110011
69
111011010011111101010011101111
136
10011110110011111001100010011
147
11111101101111110110100010111
54
111010111011010001111011111011
10
11011110110111011101101110101
198
101101111011100101101101111000
101
100111001111111111110111101111
17
1011101111010011111110111111
40
101111111011111110111011110111
75
111111110011011110011101111110
32
11111111010011101110110001110
84
111101100111111110110011110001
164
100101011011011101011101000110
16
111111011101100111110100111111
66
111011111111011011111110101011
55
111011011011110011111010000011
122
101100010110110111111110110110
6
111101010111011101000111111010
66
111011111111110111001111111111
198
111111010111110111011111111001
87
110110111001110010011000111110
121
110011011111111000110110011110
53
111111111000110000010011111110
178
101110101111101010010110001101
89
111111111101111111101011000111
21
111110111011001111011111010111
160
111101110001111111110001111111
21
1110011011110110110111101111
52
111110000001111111111101111100
133
110010111111101111111111111111
154
1111111111100011101111111111
71
111110101110111111101100001101
147
110111101011111000011110111101
67
100110101111000110111111101101
136
110110011111111111111001001111
34
111111000111101010100110001110
57
101000011111111100111010111010
16
10111111101111111011111101111
188
111101111101101110111010111111
166
100011111001111111111000100101
120
110011111001110111111101010010
175
111111111111111000100010110111
108
110110100101111001111111001100
8
111000011110110101111101010001
189
11101110111111101101000110111
178
110110111111111011110000011111
92
110110111111111111111001001110
155
111010011100010110001101111111
39
111111010001111111111101111111
37
111111011001110111111100101011
119
11111011001111000011101111111
12
111111111011100010110101111111
107
1011100110110100111111100111
179
111111101111010110111101110111
175
111101111111101011111101011101
119
10111111110010111101110011110
92
111111001111011101011001101111
175
110110111011111001010111100110
37
101111111001110001010101101010
155
101000111101111001111111011110
37
111001100010111100010111011000
141
11111101111010101111111011011
149
101111110111011011111111111110
157
11011111111101011110101011011
132
1101111100101110111011110
121
111110111110111111110111101111
39
111100111111011101111110001011
81
11111000100111111010001111111
118
101111111111110000110111011101
74
1111101111111101110100110111
92
110111111001010011111110100011
152
111110001110101111101110110111
63
111000111110011110111011111111
117
1111010101011011111101111111
42
110101010100110111000000111010
110
100111000110001100110110111101
152
1111111111111111111100110111
35
10111110111011100110110101101
41
101111111111111111111111101111
105
110000111011111101010111
21
110001101110010101111111111110
157
101011100111011110110111100011
176
100011011011010111110111000100
185
111011000001010000101011110100
9
111111111111110011111011100110
125
111001101111110010011110001101
186
100010110000001000111110111100
29
110100011110111001011101010101
190
110110111111100111011111111000
128
111011101110110110111111110111
167
111111111111101010110111001101
25
111000101101101011001100000111
143
11111001101111010001111011111
92
11111111110111110101100111101
170
111010100111011110101111101011
31
110011011111010110110111111111
3
111110100100101110111101011101
173
111101110110110011101101111100
140
111111011110100010111101110101
130
111110100001111111101101001011
188
111111100000111001011110010111
168
111011111111111011011010010100
108
110011111011101011011101010111
1
111111101010110100111111110110
92
11111111011101110110011110101
12
100011011110011111101010110000
186
11100110101100011011110110111
159
1101110111111011111111111011
35
101010111111001001011110111101
92
10011101111010111011010110110
127
111011110111001111100110011000
105
100101101011011111111110111111
162
111011100111111101110110001111
63
111011101111010011010101111101
65
111111110111010111111110111111
106
111011101111100111111101100111
31
101110011011010111101100011111
170
101111100110110010011001111110
170
101001111011100011111101011111
56
101011101111101100111111011001
195
11001101010011111101110101110
168
10011111111100101001100110101
91
11110110111011111110101111101
190
111111100111111110111111011100
93
111111111010001111111111100001
25
110101101011110101100111011101
113
110101101101110111110101011101
179
101111110111011100101101110
100
111011111101111111110110111111
117
110111111011011011010011101111
156
101001011110110101011001011111
183
100111101111101111111111111101
198
110010011011000011101100011101
13
101011111111011000011011110111
71
111111110101011110101000011111
142
11101000101110111111111111110
147
11011111110111101111111111110
124
101101101101111101111111110101
81
110100111110111111010110010001
72
11111011110100111110011010011
185
11100111101100011111100110011
193
100110111111111111110110111010
115
110011110111111110011000100110
196
11101110001110111001110100101
191
10001001111111101101110011011
41
111011111111101111001000011111
84
101111111010111000000110110
186
111111111111111011111110111101
78
111111111111010111001011101111
135
100111111101101111111111111010
187
11110111011110011000010110101
154
100111011000111101100111101110
61
111101011110111110111111111001
4
111011100111010110111111001
52
110101110011010111111001110111
86
111101101001111111011111110110
77
111110101101000110111111111010
44
111101101110110111100111000111
136
10011111100111100111110010110
69
111110111111111110111111111011
181
1011111110010011011111110101
176
111110011100111010111101111110
178
110111000101000110110111011111
46
11111111111111110011111111100
14
10101011101100010101010111101
141
111111101110111100111111000111
128
11110101011111111111111110111
154
110110001110111110111111111110
176
110011111001111111101111111101
17
11111011100111011111111101111
141
110011110011101111001110011111
57
11101111111110011100110001011
47
111101011110111011010111111110
110
111110111101111011100110111
144
111101011111100111111110101111
54
111110110111000110011010111100
183
111111111111110111101000001111
73
100011110101000011000101111111
160
11110101111111111011110111110
30
101111110100110111110010111110
65
101101111110011111001111111110
76
110001011110101110101101001101
12
10110001110111111101111111101
144
10111010111011111100011100101
146
100110100111010111101100110101
139
11010110111000011111001110010
106
1111111011001101101001111111
119
111111011111111111100111110000
89
10101110111110111111111011100
66
101111101011011101111111111110
195
110111111101110111101011001110
184
111010110100110111100110110010
128
110111110011110110011111100101
69
101110111111011101111011001111
157
111111001101100111100110110111
113
110111011111111101110101111111
22
110111111100111111111010111011
55
1111110101111110110101111100
92
111110001010001111110110011111
12
101111111101011011101111101111
13
101110001001000111111111011011
123
111100111010111101111111100011
195
101110110100111010111111111101
44
101111111111000110111111001111
113
110111011101011110110111001011
44
111101101011111111011010110110
68
11111100011100011111011011010
111
101111010101100111011111110011
196
10110101111111101010111011111
145
111101111111111110011000111101
189
111110111111111010111110001101
178
111011110011111111011111110110
66
110011001111011111101100110010
194
11111111110011110010111111101
85
111111101110011100000110111010
53
111111101111100110101111110111
198
111011100111111111100001100101
149
111001110101110100101111111011
59
100101111101111111101110100011
54
110111111110101001011011111001
79
11110111111011111111101101100
184
111110111100101101111001111111
38
1011000111011111110010001111
72
10001111110011011111111010011
27
111111110010110000111011111010
88
100011011111111111111110101110
149
10101111110110011111111111011
20
11110010111010101101111110111
22
11110111101011011010111000011
181
111111001101011111001010111011
154
111011111110110011110110101110
27
10111111101101101111111101001
75
110111110001101001011101101011
169
101111011110111011111111111011
12
111111110110011110011111111111
40
111101001100101111010111111011
139
101101110101011000001011010111
24
101101111110110101110111110111
143
111101010001011111111111001111
70
111110111101100111011010001111
148
111111111100111111101111110110
141
101010111010111110111011010010
59
111111101011001101111000101000
43
101011111110101101001111111111
41
111101100100111101011011111111
192
101111111011111011011011111110
130
111111110111001001011111110110
167
111111110011111111101011111110
33
111110010001111101011101110011
161
110011111111111101101011111111
21
110111111111111111100000101100
139
11011111111110001111111110011
198
101111111101000011110010110101
83
11110010110111010010111110111
105
11001001111111011011011011011
198
111011010111110011111111011111
98
101111111101110011111101111111
80
101111111010101110111101000111
162
111101110111011111111111010011
19
111011010111011001111111111100
88
11101111111000111110111111100
9
101111101111111111111111110110
188
111011011111110101101110111011
158
11011111100110011101111010001
128
11100110111101111011111010110
15
111011111101101001011111101
42
100101100011111011111010111111
98
111111010111111111100110101011
187
101101101111111111111110111011
30
10110011101111111101011101111
157
111100010101011100111111111101
8
110111111100001111010101010111
22
11111100000101101011011111111
198
11110011110111010011011101100
172
1110101111110010111111111100
62
11011111110111011111010111111
172
110011111000011101011110101110
33
11101101111101111111100101101
171
110111111111111111111111101110
123
110101011010111110101110011101
109
111011110100111010111001011111
178
111101110100010111011111101101
177
101111001111111101111011110001
195
111111010100011101010110111111
70
110101011100111101111010111111
51
110111010100010101110001111001
44
1011111111101001110011001110
189
11100110111010111111111111010
103
110100001011011111111110101111
85
110110111101101111010111011101
187
1111010001010011001111110001
196
101111110111011101110001110110
21
11110111111110111110011111110
5
100111110111000111011010110000
134
11100100101110101110111010100
28
111101110110010111110011100111
45
111010011111110110010100110
151
111010111111111101111011101000
185
111011000010101111110011001011
28
101101100111111101110011101
199
111101111101111111111111111011
121
11111001110111111011001001111
178
101110001101111111011011111110
198
11100101011011111110111000001
95
111111011011101111111111111000
109
111111101100101111110110110111
66
11011110110011011101000101111
90
1101110011110010110010101110
71
1110101111111100010001101
181
101011001111111111110010111111
89
111011100011101110110101111110
59
111110111111111001111001000111
85
110010111111111111011111110111
176
101100111000101111111000101111
157
11110000011111010110111111110
107
111111111001010111001010111010
27
111111100101101011111101010010
184
111110100010111101111111110111
21
111011111101111101000001101101
59
111010110101111111011111111101
116
101100000101111101101110111101
193
1011111111011011111011101100
22
101111110100011110111101010110
111
100101100101111011010111111111
24
11001010111100111101011011001
163
1101111111110110111101101
27
111111011111101011111111110110
24
111111011111111011010101000101
1
100101100011101111110101101110
32
11101100010110110110011001110
199
100111110111001000010101111111
59
100101101111100011001010101100
173
101111111110101111110111110111
16
111110110110111100001111110010
189
110110111011111111111111111000
38
111100101111011111110111001111
76
110111011111110111011011110111
126
1111111111011011111001101011
39
111001101110001110011010111111
61
111110010010111010110111101111
127
101110100110111011111111101001
179
1111101101110110110000111101
152
111111010101011111011011100100
180
1110011101111101100101011010
28
110010011111110111100011100110
54
111111110100111110100011111110
96
101101110011111111010111101111
168
111000101111111010011100010100
37
111111011110111011001111101111
118
111111111001101110010111110111
93
111101101011101110001100101111
130
11101110110111100001111111010
60
11001011101111001101011101111
37
110010011101101111110101001101
74
111010011011011010111110011111
200
101111000111111110111101111111
31
101111011111110001000011111101
102
101101111101111110110111101101
50
110110011111111110101111100111
88
111111111111101111001110001011
18
110010011110111011100011110000
44
110111011000101101110011010110
169
111111000111000110111101111001
181
111100111000011101111111011110
148
111111110110011011110101111
112
111111111010011110101111011111
188
11101110010111101001101011111
186
11100101111111010111111111100
20
110111111110100110110011010101
89
11110111011101011011111011110
72
111101010000111101110110001011
45
111011111111011011011011000100
61
111011011011001111111110101111
149
101011011011101100101111110011
63
110101111101111101000111101101
107
111111110111111111110111110001
7
10110110101101001011011110111
85
1111010011000111111100111111
19
110111110101110111010101111101
57
100111110111101011110000111
167
111101111111111111101111110111
159
10110110110011011011101110000
127
110010011111100110111111100101
94
11111000111111100101000011001
14
111001010110111110011110110001
105
11111111111110010111011101011
89
110010100111111111100110011111
76
110111011111110101100111010111
155
11101111111001011100110111010
141
1101111111111111011011101111
138
111111011001111011111111000000
10
110111110101101011001110101011
69
110101111111110111001110001111
51
100011111101110110011101010011
86
110111101011101011101111111101
29
111111110001111011110011010101
71
111110111010111011011111110101
87
111111011100111011101011011100
24
111111111101110011101111111001
84
111111111001001111110110110111
128
111111011101100110010101011110
85
111110010111111101110011101110
155
111111100111100010100011011101
70
111110110111111011110101111011
189
1010101010111011110111101111
92
111111011100010110100000111111
47
110110011111111010011111010110
12
110101100010001111010011111111
182
100011111111101111010111111101
62
11010111110101111101100110011
148
101011011011111111010101110101
5
110111001000010111111101111010
156
1101111110110111010101101011
100
111111111110010111111111111001
8
111011010100011101111111111101
156
10111101111111111100111111100
9
111101111101110111110111011011
79
1110011011110100010100011111
160
100111100010111111011100111110
102
111001111101000100111101110111
40
100101001010110110011101101111
59
11100101010111101011010011111
133
1111111110111010011111011010
92
111110110110011111101111011101
187
11010111100101111111110011101
38
1000010101011101101011111010
195
100011001010010111101110111011
133
111101001110110011111011000
27
111111111010010001110001101111
134
110111110110100111111100101011
196
111110111101101001101111110011
177
1110111111100011111110010110
128
110010100101110011111111111101
131
101010100001110011011111111000
106
111011111100010011100101100001
138
1111110111111101001111000011
44
11111111110100111110111110011
159
111001001100111110111101011011
36
111011010001011111111111111001
186
111111110111100110111110011101
90
111111100111111011111111111011
52
11111111110100111100111111111
103
111111100001001111101110111110
110
110011101111101111110111010010
116
110111110101011011101111111101
162
111101111111111101000111111101
170
11111001110111111001110111110
67
101111011111011111110101111111
116
111000000011111101111100110111
181
110001100111111111100111111010
50
11110110110111111111011011010
176
111111101101101111111101111001
185
110110011110010011111101110010
50
101110100111110011010111111111
174
101111111010111010111001101110
159
111011110001100101111111111
156
101010110110011011110111101110
134
10001111100111011111101111111
30
111100111011101111111111111111
67
111111010001011001011110111111
125
1111111101110111111101111110
80
101011011001111111111111110101
15
10101011111111110101111101011
36
111110110100111101101010111110
42
111110111111010100010111011111
130
1111100111111110101110111011
93
111111010100011110011110101110
68
111111011010001111011111111011
183
111111001111100000111111110010
190
110000110111101001101111001011
147
101101111110010011011100111011
94
11001011111111011011011101011
20
111001111101111001101101011110
106
101110001110101101011111011111
103
111110011011100010111010101110
51
111100011111011101111001010111
1
10111101101111111101111111011
172
111111111111111001111101101111
64
111001111111111001110001111111
12
11001111111011111010101110110
93
111111010000111110001111111101
190
101111000100111110100111111110
94
111111011111100101110011100110
68
101000111010101111111111001111
7
111101101111010011011100001010
120
110111111101101100011111111111
86
11111111011101011110101110011
198
11110011100111001011000111111
107
1010111000000110111111110111
153
101111101011011110001110111
60
1110011111110100101111011111
60
1101111110110011111010111011
122
111110101111101100101010110
184
101101010000111110010111111011
69
111101110000111111111111111001
180
11111011011011111111110011110
82
1100011010001101111001011111
197
111101111111101010101101110111
65
101110011000100011110011100110
27
111011110110110111111001010111
60
10111111100001111111101011110
41
111110011111101100111000101110
177
1110100110111110011110110111
132
111001001100100010111111011110
179
110110111101111100011111001111
23
111111011011111101010101111010
134
11011001111111101001011111111
35
110111011110011110101110111101
132
110011110011111110101011111
67
101101111101000111011101101101
116
111111101010011101001110110111
166
11011101011110011111110110001
168
11110101111110110110111010101
175
111101001011010011000001011011
176
101111111011001111101100110111
49
111111111111100110111101111111
104
110011101111011101111111111111
9
101100110111100101111111010110
149
101110110011011101111011111100
173
101111111111111111011111010111
102
111110110011010011010110100011
33
110110111101011101110101111110
184
111001110111101111101011111110
69
111101110111101111011110001010
65
1100110110010001000111111111
72
1111101110100010111100110110
82
1011111100101100111110100011
154
111110101111001011111011000111
188
101111110011011101000100011101
113
1111111111100110111000011101
136
110101111010101111111010011101
81
100101010111111101010101100110
191
10111101001001111011101011111
138
111111111111110101010110100101
107
111001101000011010011110110100
172
110001111011101111101011010111
107
111110010100111111111011101
57
111011001011111111100111111010
104
111011111101011011111111101111
185
110011111111111111101111111011
89
110100110101111111100110100111
69
11111111010110110101011010101
11
10001011101011001110101111110
13
10110001001111111101001101010
16
111111111111001111111001101001
47
111111111011000000111011111100
32
11100010011111111110111000111
128
11111111111110011010111111111
144
101010000101111101110011111011
112
111010111111111100011101111011
4
111111001001101100111100111110
89
100111010101100111011101011111
180
1111111111111111011001111111
36
110110101111111111000100111001
157
110010110111100001101011101001
15
111000110111100111101011011011
54
111110010001110111101101011011
2
111110111011111101111101101
172
1101111101111101110110110001
80
111111111101101010110111100111
114
11010111010101001111111011111
176
111111000000110111110001111001
18
111111111111001110110100111011
124
110111111111101111001111110111
142
111011110011010100110010001011
76
11101101001111111011011111111
183
111111100111001010101011100000
35
110011001110101111111110111111
140
110111111001110011110111011011
67
111101111110001111111111011010
116
111011001111111101101111110100
123
10110101111111011011001111111
130
11010111110111111111111111111
146
110111011001010001000111101
38
111101011101110100110111111101
185
110111111111011010111011111111
192
111101111111101111001010100110
4
11110010011011101101010011000
33
100101110010110010001101111111
70
11110100110101010111100111111
96
100101111111001111111000011111
150
10110110101000011101111100010
151
11110111111001001111111011101
57
111111111111101111011101111000
96
1011111011101011101001010011
168
111111111111000011101111111111
176
101010001111111111101111101101
117
111001110011101010111110110001
129
100111101111110111110111111111
140
111111101101010010101110111110
146
101011101111111110111111111111
41
11111110110111011110011011101
187
111100111011101111101011011110
8
111111101111111101110001010111
170
101110110111101011011001011111
92
111111111011110100000111111101
168
111110111010001011001101011101
122
110110010101110101101110011111
90
111110110111111011101111101000
13
111011111010001101110011110100
119
110111111100001110010111011110
49
110011110011110011010101111011
107
110010111111110110000110111110
22
111110011101110110111110101111
49
111000111110001010011101011111
90
1111101111111011101101111111
149
111111001001100111001100111001
7
111101110000011110111101110110
67
110011100111111011101011111101
106
111101110000011111111100100010
93
101001111111011111110001100100
143
111001010001110111010100010111
111
110100101110100101111100111101
6
110111001010111111110011111011
71
100101111100110001111111110111
70
111110111111111101000011010101
179
101110110101111101111111111101
18
11110000001111111111011001110
115
101110110011111101101101100
60
111111111001110111110011111111
103
110111011111001111111111110111
75
110011111101100010011011101010
160
11101000111101111011001011111
118
110100101111111111111101110011
80
111110100010101011101000111011
105
101011001111011111010100011101
10
111101001110111101011101110110
20
110011010011101101101111011110
92
110101010111011111011100011011
165
111111111101011110110111111011
150
111011110010111010011110011001
20
110101111111110101111110101110
19
111111011110110111101011100110
176
11010011111111111111110111101
137
1011001111100011011111010001
53
11011111111111010110111111111
2
11111101101101111111101111100
14
111101111111111101111110001010
185
111110011000100010001110111000
191
10011101111000010101111001000
171
1010101110111011010001011011
110
110111111111011011110010011111
108
11010011011110000011100101111
2
1111100010111101111101111110
42
111110111001110001111111111111
171
111111111111101011101010011011
171
10111111101111101110111111111
40
111110111111001101111111110011
126
1110110011010010101101110011
131
1011101110111110011111111010
109
101110111111011111110110001110
117
100100111011111100111101011101
106
110100101101011011111110101101
29
10110110000011100111010110100
127
111110000111111001001111101000
148
11111101011011001100001110001
143
110101010110111000111001001110
133
111111111111111110011111101101
142
111110001111101001111101101111
62
110101110111101011011001101011
173
111101111001111011011110011100
175
110000001101101011111101110111
61
110111100101011111100101011111
139
1101111011111111010111101111
55
110110111011010101111111100000
143
