30 900
101011101010010001011000010101
109
100001011001001101000101
151
101100000101000011001000100101
4
100001010010010000000001001
92
10101011110011001110000000100
48
110010010100001100000010011100
5
10011011101000010100100001110
145
10000101000110101001001010110
157
1011111110000001010010011100
154
100100010110101010010010100000
145
111101100111101101011001000001
112
1010001100000001110110000000
177
10100010100100101010110101000
157
11110100110000111100101111100
79
1011100011000101110001
3
1101101000001101001100100100
129
110010000010100111000001000110
156
10101101010101000001010011000
111
101011000110010010000110010010
45
11001011101001100001000001010
96
1000101001000000000110000000
133
101100101010100000001001000100
90
11011010100100100100010000
54
10000100010000011000001100110
157
11100001110000100011101000011
18
100010111010000001110111100011
60
11110100000111111000001000001
38
10101110101101011001100010
67
11111010010010000100000100111
12
100101010010010010101101000011
67
110100000011000000100101010
84
100001101000000000001101001
117
101011100000000000100001110100
29
10011000010011110010110011001
116
10101100100000010000110010100
132
100101010001000000000000000
73
100111010010000000001111
190
101001110101011111111000100000
137
110011001000001011101001001100
134
10110100011000100110001000000
144
1100010101000010000000100010
136
1100000101110101101110000011
57
101001001110101011001100000011
21
100100000000010001010010011001
14
1000000101010000001000111100
115
101001101000101000110000110111
200
110100000000101111011000000000
144
100010101100100000000100001110
150
1110001000010000100111010101
28
100110110101001001010110000111
45
111010101010100110001011010100
80
100101000100010010000000101000
67
111100010100100011101110000000
171
1000010110010101100100100011
54
100110001100111101100000100010
184
101011100000010011010000011100
126
101010100110000100110011110001
38
10000100100000000100100100
17
100000101001000011001100100000
42
11100000011100000000010101100
106
100110011000001010010011100011
143
1101110000011001001011110001
11
100000001101100000100110110111
125
100000000000010100000011
139
1001001011001001001000101000
80
101011000000000111000011101110
159
10000000011100010010100111
110
111011111011000011100001010101
3
100010011011100000010101010001
5
111111010100111011011011111010
14
1110100101000000010110000111
137
100111101101001010100000000000
92
110000000111001101100010100010
97
1111000111110011010000111001
131
10110011111110101001000000000
61
100000001010000110001101001011
124
10001101010000001011010100
148
11111101001000010101000
44
101110010010001000100001000
45
10001101100100101010101000
131
11111000000100010110100000100
100
101101100100000010100001001
86
111011101010100000011000000101
109
1010101011000000000100000101
81
10010011010111000000000000
153
11010101010001110000110001010
188
11000010100011101111000000101
200
101111001001001011000111000111
69
111111110000000010000010011110
172
101000100100001100011011100000
63
1000001100001001010101101101
123
1000110011011101100011100
161
10000010010000010000101
123
1011000000101011000001011101
17
11101111000001000001100100100
136
100000011001100100000011110110
48
10010010110010111110000011
54
110011100100010111000101
142
10100010100000001100001101010
117
10010111001010100010010011010
197
100000011100100100000100001111
169
10101011100100111001111100
22
110000000010111100010100001111
3
111111010101010011111110001110
83
101010001100000000000010100010
133
10000111000000011100001001101
69
11101001100011110011011110001
130
11010001100110010000001000000
90
100101001001001000101000001010
57
110010000100101111000100000110
89
1100010110000101101111010011
106
10000010100110000000
62
111101111011000010011010000
7
1110000000011000001000100101
97
110110100001101100010101110001
55
1011111100110010000000000
179
10010001000010010101011001000
104
10000100000010000110100001101
44
110101110100010100000001010000
11
10000010001100011010011011111
136
101001001011000000001110100111
71
111000010100000100110101001001
189
1110011001110010010010001
146
111000110111010000111
194
10110000001011001100001010000
54
10100001000010010010101000
128
101100101001010110100001000100
160
11000100011100100110101101000
108
1101010100100110010010000
26
100001110101001000100111001010
57
100010000100000011110011000110
183
1110010001011101011101100000
78
100100101011010010000010000
111
11100111001010000011100010000
25
1111011001100111101100010000
69
10010010011111101010001001111
136
10001110000010001001100000010
147
110100100111010110000010100
54
11010100010000001101011100010
10
11110100110001101000110101
198
100100011010100101001101011000
101
10001111100101000110001010
17
1010101110000011001010000111
40
1000011110000111011100101
75
100111100010001110011101101010
32
1110010010101100010000110
84
11001100011001100100000110000
164
100001001010010000011001000110
16
110010011101100111100000110111
66
11011111011010000000010101000
55
1011000010010001110010000000
122
100000010110110000110100110100
6
111001000011000000000101000000
66
111000001101000010001111100101
198
1111000010010001001000110001
87
10010101001100010001000101010
121
100010011010110000010000011100
53
111101111000000000010001101100
178
100110100101100000000000001101
89
11000011001111111001010000011
21
110110100001001111001111000010
160
101001110001111101110000110110
21
1100001001100110010010100010
52
101100000000001110111100101100
133
110000101110001110001011110101
154
1000110000000011000010111110
71
10110000010110100101100000001
147
10010001000101000010110011001
67
100000001001000110001101101100
136
100000000000000110111000001111
34
10000101101010000010000000
57
101000010110110100001000010010
16
10101010000001000011101000001
188
100101101101000110100000010010
166
1110000101011000000000101
120
10111001110010110101000010
175
110011111010010000100000000010
108
110110100100100001111010000100
8
100000010010100100010100000001
189
1101110110111001100000000001
178
100100010101111001100000001110
92
110100111101110001001001001100
155
10010011100010000001001101111
39
10111000000110111101100111000
37
101100010001100011111100000010
119
10010010000110000000101010111
12
110010101000100010110000111000
107
1000000110110000001010100101
179
110100000011010100101001100010
175
100101100100000010111001011100
119
10100111110000010001010010000
92
1011000100011100000000000110
175
110110111010111000010110100000
37
100011011001100001010001000010
155
100000011101010001011001001000
37
111000000000001100010011010000
141
11000000011010101101111000011
149
1011110110001001101001110110
157
10001001011101000010101011010
132
101011100000010101011100
121
101100000100100111110010000010
39
10000101111010001000000000001
81
10111000100010111010000101101
118
100011100111100000100101011001
74
1100101101000001110100010011
92
100010011001000000110110100000
152
110100001110100111001100000110
63
11000010100000010100000111100
117
1010000101010011000001100011
42
110000000000000111000000111000
110
100100000110001100010000110001
152
10111011100011111100100011
35
11000010001000010010100100
41
101101111100011110100010001101
105
111000111101010010
21
110001000110010101001111110100
157
100011100111011010100010100010
176
100001011010010111010001000100
185
10001000000000000001010100100
9
111001010101010001100010000100
125
110000101110110000001010001000
186
100010110000001000101000001100
29
100010100010000011101010000
190
110110000010100010011001011000
128
101010101000110100110100010110
167
111110101010100000110100001000
25
101000101010000100000001
143
11101001001010010000101011011
92
1101010100010000001100010101
170
101000100101010110101110100010
31
10010000100010110110110111011
3
101110100100001110111100011100
173
1100010110010000100101011100
140
110110001110100000101100110100
130
110100001100110000101001000
188
100011100000111000000100000011
168
111001101110110000011010000000
108
100001011001101001001100010110
1
100000101010010100001001000000
92
11111011011001010110001010101
12
10000011001101010010000
186
11100010101100001010110000101
159
1100000010011010011001110010
35
1010110010001000010110110101
92
10000100011010011001000100110
127
111011100011001011100110000000
105
101101001011101110010100011
162
11000100110100100100001001
63
100011101100010010000100011000
65
111111110110000110011000001001
106
110000001000100010111101100110
31
101100000001000001101000000010
170
111100010100010000000000110
170
101001011010100011110100011010
56
100011101100101100101011010001
195
11000101000001110101010101100
168
10011011110000000000100110000
91
11110110011000101100000110001
190
1011000011111110100010011100
93
11001011010000001110001100001
25
1001110101100101000100
113
100101101010111000100011000
179
101111010110000100001000100
100
10000100000101111110110011011
117
100001001011010001000001101111
156
1001011110110101010001011110
183
100010101110001111101111110001
198
100000000010000000101000010101
13
1011110000010000011000000011
71
111100101011010001000011001
142
1000000101110011100011111010
147
10010001100110100101111011100
124
101100101101011101011111110001
81
10100101100111000000110010001
72
11000011100100011100011010010
185
1100111001100011011000110010
193
100010101101011011110010000010
115
100001100111001000000000100100
196
10100110001000001001000100101
191
10001001000000100101010011001
41
101010110101100011001000011110
84
101111101010111000000000110
186
111100110011011011000110000001
78
11001111111010000001001000111
135
100100101101000010101111010
187
11000101010110010000000100001
154
100001000000000101100101000010
61
110101001100101110111011101000
4
1001100111000110011011001
52
110001010000010111011001000101
86
1100101001100110001110110110
77
111010100000000000111001100010
44
100101001000110101100011000111
136
10011111000001100111010010010
69
1100000001110010000011011010
181
11100010000010011010100000
176
111100011100111010100001010110
178
100100000001000110100100001100
46
11001101111011100010110000100
14
101011101000000001010110001
141
11111000100111100111011000011
128
101001111000011011000011
154
110100001010101010101000011010
176
1111000111110101001001001
17
100001000101011000000001111
141
10000010001001011000110010100
57
10000001100110011000010000001
47
110100011110011010000011001110
110
10110101000111010100010101
144
100001011111100000011000100001
54
110010100101000100000000110100
183
101100110101110000000000001001
73
11000100000010000000001110
160
110001010110110011010101110
30
1000100000100100100000011000
65
1101010110001101001111101110
76
100001001010101110001101001001
12
110001110011111101010111101
144
10110010011001101100001000000
146
100010100100000000101000000000
139
10010110111000000111001000010
106
100111011001101101000111010
119
10110011110101000000100100000
89
10101110110000110111100010100
66
100100100010001100100111111010
195
110111111101010111100010001110
184
101010110100110001100010100000
128
110101010011000010011110000101
69
101010110100010100001010001111
157
101101001100100011000010110001
113
110010000011010000010001011111
22
10101110000100101010010100011
55
1011010101111110110101011100
92
1110000000001100100100011010
12
101111100101001011101111101010
13
110001000000011111101011010
123
101000111000101101011110100001
195
10110000101010010100000100
44
1101111000110110000001100
113
100101001100000100010010000010
44
11000001011110110010000110110
68
110000011100010010010000010
111
1111000001000000001011100010
196
100101111001101010011001101
145
101000000011110100001000100100
189
1000010100101000110100001101
178
10000000011110001011001110000
66
100011001000001010101000100000
194
11111110100010010010011010100
85
101101000100011000000010100010
53
11111101111000000001111100001
198
101001000000101011000001100100
149
10001000000110100100100101010
59
100100111001101101101110000000
54
10011001110001001011011101001
79
10100110001011001010100001000
184
100010010100101000101001001111
38
1000110011111100000000100
72
10100011001111110010011
27
111010110010000000100010110010
88
11001111001100001110100100
149
100101000100011110110001010
20
1110000010000100000110010111
22
10110011101011011000010000011
181
101111001001000111000000110011
154
101011100100000010000100100100
27
10111010101101101110011101000
75
110100001100001000101101001
169
1010101001100010110011
12
1101100010011010000101111110
40
11101000000101111000100000011
139
100100010101001000001001010110
24
101100101100110101110111000011
143
11000000000000110011001001110
70
100000010000000111011010000001
148
11110100100111011000101000110
141
101010111010100000011010010010
59
100101001011001100011000101000
43
100001000000101101001110111011
41
101001000000011100010011001111
192
101110100011110001000001010100
130
111010110100001001010000010010
167
101101010010101000101001111010
33
101100010000001101011001110000
161
10000110001001100001010111000
21
110011110010111110000000000100
139
11011001011010000011101100001
198
1110111101000001110010010100
83
11110000010010010010010110111
105
1001110110010010001001010
198
101001000000110010111111001111
98
111011001110000111000101011
80
101110111010100010000101000011
162
1000000010000011011000010011
19
1010000101010001101101000000
88
100001111000101100111001100
9
1101000011101110011111110110
188
100011010011010101000000011000
158
1011100100000010100100010001
128
10000110111001111000100010110
15
11010010001001000011010100
42
101100010011010110000001100
98
111111010111100111100110101000
187
101101101100011011011110111001
30
100010001101001001011100111
157
100000000001010100001111111101
8
110111111000000001010101010110
22
10010100000101100011010101110
198
11100010000000010010001000100
172
1011000000110110101000
62
1010010010100001100010010100
172
110011101000001100000100100000
33
101001111101111100000101101
171
110010111111010010001011000010
123
110100000000000100101100011101
109
11001100100000010101000000111
178
100001110100010011011000101001
177
111000101101000101011000001
195
100111000100000001000100111001
70
110100010000000101111010110100
51
100010010100010001110000011001
44
1010001001001001100000001000
189
100110000000110111111000000
103
110000001011001001111100101111
85
10100000110010111011001
187
1000011000111010000
196
101010000111000101000001010000
21
1110011111010110010011010000
5
100101000111000011011010010000
134
11100100100110100110100010100
28
101110100010011010000000100
45
10000000010100110010100110
151
1000011011001101110010001000
185
1001000010101101100011001010
28
101000100001001001000010001
199
110101010101000001100111101011
121
11111001110011101001001001111
178
101100000001011110000000101110
198
10000000000010110010000000001
95
110110000010001011011011111000
109
111011000000101001110110100100
66
10001010100010010001000101111
90
1001110000100000000010001110
71
1110001110001100000000000
181
10001000010110010000101101
89
110011100010100100110000001010
59
11110111010011000011001000010
85
110010100110001110001101100101
176
1000111000101110110000101000
157
1100000001101010110101001110
107
110110011000000100001000111000
27
111010100101001011100101010010
184
10110100000101101110111010010
21
110001111101000100000000000001
59
100010010100001111001001010101
116
100000101010100000110000001
193
1011110011011001011100100
22
101010000010100010100010110
111
100001100001000000010110111101
24
110100111001010010001
163
100011110100000001100
27
10011000100000001001000110
24
110110011011101011010100000001
1
100001001111100101001100
32
10100100010010000100001001110
199
100010010101000000010001011001
59
100100100101100000000010100100
173
101010000010001110100011000111
16
110100010010001100001111100000
189
100000011110111101100001000
38
11000001011011001110100000111
76
100010010010110000000001100110
126
1011110001001001010001000011
39
10001001000000000010000110100
61
11000000000111010110010100110
127
100110100000101001100100100001
179
11101101110110010000010101
152
111001010000000010010010000100
180
1100000000001000100001001010
28
110010011011110101100010100010
54
111100010100011100100001010010
96
101001110001110011010110001011
168
111000100010001010000000010000
37
101010010010010010001110000111
118
111111010001001000010010110001
93
1001001001101110000100001110
130
11101010000010000001100101000
60
1001011101111000101010101100
37
10010101101001010101000101
74
1010010000010010101000001000
200
1000111101010000001001110
31
1111011101110000000011101101
102
101001011100001110110011100100
50
110000010110001000101110100101
88
10100111100001110000110000011
18
100010011110100010000011110000
44
110011000000101000110000010010
169
1010000011000110101101010000
181
111000111000000101110010010110
148
101100110100000011100001111
112
110010010000001010101111010111
188
11000100010010100001001000111
186
11000100011010000111111111000
20
11100110100000110011000000
89
11110110010101001010001010100
72
111101010000111100010010001010
45
10000011100010000010000000000
61
100001000011001101101110101110
149
1011011011001000100111010000
63
10000010101011100000110101101
107
11001110111011100010101100001
7
10110110001101000011000010011
85
1101010001000111101100100001
19
10011000001000101000000110001
57
10100101010110000111
167
11101110010111100100011010101
159
10110110010010011000001000000
127
110010000101000010100001000000
94
10100000001111100100000001001
14
101001010000100010011110000001
105
10011100011000010101010000011
89
10000000000111100100011110
76
10110001110100000100110000110
155
10101110111001010000000000010
141
101111111111101000011001110
138
10011010001001001111001000000
10
10110010101100001001000101011
69
10101011001100110001100000100
51
100010111101100100011000010001
86
110110100011101011000010111000
29
110111110001011010110000010101
71
111000010010101011001101110100
87
1110001000010011101001010100
24
111000101000010001101111010000
84
1100001001000111100010010110
128
101100000101000010010001011110
85
111100010011111001000000101010
155
111110100011100010000011010101
70
11100110000101011100001000001
189
1000100000111001100001000001
92
100011001100000110100000101111
47
10000000001010010100010100
12
10100100010001001000010110010
182
1101011101011010001001001
62
11000001010000010000100010010
148
101011011010110001010001100000
5
110011001000000111100101011010
156
1001101100110111010000001000
100
100010010010100100011101000
8
10010010100000101110011011100
156
10111101101001001000010111000
9
1101101001110110010110010001
79
1010100000010100011011
160
100101000010110111010000111000
102
110001011000000000111001110101
40
10000010010100000101
59
1100000000010001000000010101
133
10100010101010001001000010
92
101110110110010111000111000100
187
101000101000101110011101
38
1000010101011101001001011000
195
100001000010000100100000001011
133
101100000010010010001011000
27
11100111000010001110000000100
134
110001110100000110001100000001
196
101010100101100000000011010011
177
1100100011000010110110010100
128
10100101000010111000110001
131
100000100000110011011110110000
106
11001001000010000100000000001
138
100000011001001001000000000
44
100010000011010001010001
159
11000001100111110110001011001
36
10010000001011000011011011001
186
101111000100000000000010011100
90
10111100000111011000111000001
52
10110011000000111000011000110
103
111111000000001000001110000000
110
10011100010100101010011000000
116
101100001001001101010110100
162
101111100110001000010001001
170
11010001110011110000110101010
67
100011101011110100100011000
116
11000000001110101101100100000
181
110001000101100101000111101000
50
1110010110100101010011010000
176
11101101101000111111000111001
185
110000000000010010101101100010
50
101100100101010000010001001111
174
1001111010001000110001000010
159
100011100001100000110110001
156
100000100010011011000110101110
134
1111000111011110100110011
30
111100101001101111111000001101
67
1011010000001001000000111001
125
1101101101110010100101100010
80
101011001001111111110111100001
15
10001011101111110101001100011
36
100010110000000000101010111010
42
110100110100010100000110011001
130
1001000010010010100100001000
93
111000010000000000011010101010
68
111100010000001110010110011000
183
101000000110100000001110100010
190
100000110100101001000110001011
147
101100010110000001010100000000
94
11001010111111001001001101000
20
1001010001100000001000011110
106
10001000101100000011000111
103
11010011000100010110010101100
51
11100000101001001010001010011
1
111000001010111100101000011
172
110000011111110000100001101101
64
110000011111011001110001110100
12
11000110101010011000100010010
93
111111010000111000001111111100
190
101101000100011110000111111010
94
111000011111000101110011000010
68
1000100001110110000100
7
100000010010001001000001010
120
100110001100100010000011011
86
11111111001001000100000110001
198
11010011000000000011000011101
107
10000000110101100000011
153
101110100011001110001100100
60
1110011001000000101111010101
60
1001101100010001110010010010
122
101101000001010110
184
101000000110010000101111000
69
100100000000111010110011100000
180
110000001000110000110001100
82
1100011010001100011001011010
197
101101001101100010000001100001
65
110001000100011010010000110
27
110011100010000111010000000001
60
111111100001110011101001100
41
111110011110001100011000101110
177
1110000000110100011100100010
132
110001001100000010011101010100
179
110100111100011011001011
23
10010000010010101010100100000
134
11000001110110100001001011110
35
100001011110000010101110000100
132
100000010011110010100001100
67
101100101101000110011100000000
116
111100000010001000000000110110
166
10001101010100001110110110000
168
1110101111100010110101010101
175
110001000000000001000001011001
176
100011010001000100001100110110
49
100010110100000110111101000101
104
100000100110000101111010111110
9
101000100000000100100101010110
149
101010100010011100101001100100
173
111111100111001010011000100
102
1000000010010001010010100010
33
10101011001100001001100
184
111001100000101101101010100010
69
111101000000001110010100000000
65
1000010100000000000111111101
72
101100110100010100100110100
82
1001000000100000010110100000
154
10010001010001011010010000101
188
100110100000010101000000011101
113
11101001000110110000001001
136
100101110000001110110010001001
81
100100010111101101010001000100
191
1000010011101001010
138
111001010111000101000110000001
107
10001000000011010011110110100
172
100001110001101100101011000101
107
100010010100101111110001101
57
10001001000110110100010111010
104
1000111000001001111001101100
185
110001101100111110001010010001
89
110000000001110111000010100011
69
1111101000110100100011000101
11
10001000001010001110101111110
13
10001000111010000000101000
16
110101111111000101111001100000
47
110011010010000000011010001000
32
10011100000010110000011
128
11001110111010010010011011011
144
101000000101011101010001101011
112
101000100101110000001101000011
4
101000001100100001100101000
89
1000101100111000001011111
180
101111111100011010000100100
36
10000000001011101000000001000
157
110000100100100000100010101001
15
111000010110100101000010001001
54
10001100010101100011001
2
110010001011001000011001000
172
100001101100010110000
80
101101001000000010010000001
114
10011000101000101111011101
176
100000000110110010000110000
18
101101000111000000110000101010
124
100101011011000001000111010001
142
10010110010000000010000000010
76
1000101001000110011011011111
183
10101000100001010001011100000
35
10000010101110001100001010
140
110001000100011110101011010
67
101101111000000001101011000000
116
10000110101101100010000000
123
10100001001100011011001111010
130
10011100010001000110111000
146
1011001000001000011000
38
101100010001010100100011100100
185
10111000010001010110011011111
192
10001001011001000001010100110
4
1110010011001100100010000000
33
100000010000010000001100000100
70
10110000000000010011000011000
96
100101000110001010110000011001
150
110110001000010000010000000
151
11100010011000001100100010100
57
111111010100001110000001100000
96
1100010101001001001010011
168
100111011010000011101101010100
176
101000000001110110000011101100
117
101001000010101000100110100001
129
100110101111000110100011001001
140
10001101101010010101000101010
146
101001001110111110111011111111
41
1100110100101001110010010101
187
110100000011000011000010010110
8
111011000111110101100001010011
170
100000011101011010001011001
92
10110100000010000000001010000
168
10100010000000011000101011101
122
100010000000000100000010011110
90
100010010010110001001001101000
13
111010111010000100110011000100
119
100111100001010010011011110
49
10010000000010000101111010
107
110010011011000110000000011110
22
11010010100000010101110101011
49
111000010110000010010001010101
90
111001110011000000000111010
149
111010000001100011001100010000
7
110000110000001110110000010110
67
110011100000001010001001010001
106
110001000000011000011100000000
93
1001011010111000001100100
143
101000000001110001010100010111
111
100100101000100001111100110001
6
10101001000000111100000001011
71
1011000000000101111100101
70
111100001111110100000010010100
179
101010000100101100001110111101
18
11110000000000111100001000100
115
1110100011101000101101000
60
100011001010110000000101101
103
110100001010000101001111000101
75
10010111000100010001010000000
160
10001000011001011001000011010
118
100001010100001111101010010
80
110010100010100011101000101011
105
101010000010001010010000001001
10
111001000010110101001100010110
20
110001000011000101101011011110
92
110000010111010000001100011001
165
111000011000011010110111011011
150
11001010010111010011110001000
20
100100001111000101000110001000
19
100111010000100011000011100000
176
10010011111110001101100001101
137
1000000101000001000111010001
53
1011011101011010110001010011
2
11110100101001100100101110000
14
110001001111100001100000001010
185
11110001000100010000100100000
191
11001110000000000010000000
171
1100110011000001011000
110
110010011100010000100010000110
108
11010011011010000011000101101
2
110100010100101110101001010
42
100110101000100001011110101100
171
101011100100100001101000000011
171
1010101111100110101101011
40
110110011110001000011001000010
126
100011010000100101000000
131
1001000000100110011011110010
109
1110001111011101100110001110
117
101000011100110101010000
106
101000011111100100100
29
10110100000000100101000100100
127
111100000001101000001011001000
148
10110101010010001000000010000
143
10100010010010000001001000110
133
111111011100010110100100
142
10000110101000101101100111
62
100101010010001001001001101011
173
100001010001100010001100001000
175
100000000001101010100101100100
61
100001000100001110100101010111
139
1001011011111101010010001011
55
110110011000101010000100000
143
100011110010001100010000101
18
110000011110111100100000001000
59
11010100001111011001111011000
61
101001010101000000111001001000
1
10011011001001110001101000110
106
111110101010100000000111110010
193
10011000100100000101011111000
44
110101011101010011100000100100
58
101010010100101011110011001010
4
110111010010000110001101010001
152
10100001011001110000000100100
90
10000001100100001000110011000
131
11101011001010111000010001000
165
110001000110101011000000111
88
100100011000010100010100101
100
100011110000010000110100000000
113
100101000100000011000001000001
89
10000010001010101000001100
1
100001100100000100010010101101
57
1000000100100001100010001
137
111100001010001011110011100000
143
101001010010000111111011101
6
11111101110001011110000001100
97
10011100010100011101110001100
167
1000100111011001001010110010
175
10101000000011001000000001110
167
111100110000010011000100010100
139
101110100010011100010001110000
127
10011101010111101101111100111
23
100000110111100110010
106
101010010000001000000001100000
193
10000010111010100000110000000
36
1010101010010000111000000000
40
100110010011001010011011101010
174
101101010001000000110001010
59
11000011001111010100110010011
187
110100111101001110011001110111
97
100101001010100011001111110100
112
110100100101011100001101100001
2
111010101011000111001100011000
126
1101111100001100111101000000
41
10100011001010100001110000010
96
1000100010000010000001000
38
110011101000000000000110010
35
110101011100100100001101011001
165
11100011001000010000000000000
71
100100000010101111001010010001
162
11011110011101010111000000011
91
10000001101100111001100011000
146
100010100000111011110010111001
70
1000000110101010100011110
183
101110101100000001100010011
77
111000010111001000001001010
31
10000001110000000010101000000
157
1010111100000001000000111001
172
1110111010010000100011
131
100010011010101110010010110100
38
100111101001000001100010001000
195
111000001000100000100001010101
137
101000000100101100011111010011
114
100100001101001000000000000
175
1100100011111101010011001
184
10000010000100110110011111010
166
100000110101010110001101100
46
11110001010000000101101101
150
101001111100100110111110010111
148
10010001100101010101001000011
137
100101100011101011110111101011
137
11110001100000100000011100001
131
1100101000000001100001101000
90
100110011000010001000000101010
23
100000000011100001101000100101
31
1010100110011110010001000
52
101101110011011000010011001000
91
1000010011001001010001010
32
100100100110011001100001111010
171
10000000101110101100100100010
80
100010001001110001000100100
67
10001100000010010001100001000
38
110001101100111001001010010110
102
1000001100001001001100111
55
10110000010011100000000101001
100
1000101000011011001110111
2
10011000001100010000
29
101000101011010000001000000010
84
10010000110000000111110000011
106
11110101110011000110000101
162
100111000100001001000000000
28
1000001011111010001111
196
1001100011000000000101000
169
100101100111001101011111010010
185
101001000100100010010010011100
42
1110100101111101001111100000
55
100101001011001010010110110100
26
100000000010001010111111110101
180
110001011100011000000100001000
73
100101001001110111001100110000
173
11000001001111111000001011000
15
10011011000010001110110101101
1
110000101000010100100000000101
115
