40 100
1010001010101011101010010001011000010101
174
110010001001010000000100001011001001
188
1000010100100100000000010011101100000101
130
111001010101011110011001110000000100000
136
10100100001110111001001010000110000001
83
10100011010100100101011000100110111010
130
10111111100000010100100111000010
30
1010110010000010100100010110101010010010
24
1100000001110110000000011110110011110
29
1110000101000101001001010101101010000010
6
110001011100010011110100110000111100101
111
1101000001101001100100100100000000101110
125
1000011001000001010011100000100011000011
40
1000011001001000101011010101010000010100
170
1110100110000100000101011010110001100100
146
10001010010000000001100000000011001
180
10001000001011001010101000000010010001
12
100000110000011001101000011011010100100
144
1011100001110000100011101000011001000010
28
1000001110001011101000000111011110001
128
1010110101100110001010111101000001111110
49
111110100100100001000001001110000010101
12
1001010100100101010010010010101101000011
85
1000000000001101001000011010000001100000
135
101110000000000010000111010000001000011
35
1001010000100110000100111100101100110011
3
10000000000000000010101100100000010000
151
100111010010000000001111000010010101
132
100110001010011101010111111110001000000
176
10011000100000001100110010000010111010
77
1000101010000100000001000100010110100011
15
111001100000101110101101110000011000
185
10100100110011101001001110101011001100
104
101010000001000111100110010000000001
186
101001101000101000110000110111000100
95
10000111001101000000001011110110000
76
10000100001001110101010100010101100100
69
1001100110110101001001010110000111100111
132
101000011101010101010011000101101
43
1010010001110111000000001001010001000100
142
101001000010110010101100100100011111100
160
1101000001110010011000110011110110000010
172
11000010011001111000101010111000000100
194
100001000010010000000010010010011010101
199
10101100110000010100100001100110010000
131
101001001110001100111000000111000000
133
11011100000110010010111100010100110011
11
1000000110100000001101100000100110110111
166
10010010001010000000000100000000000010
14
1011000000000111000011101110000100100101
156
1010101000001000000001110001001010011101
156
1010101000111110111110110000111000
60
1110101001110110110111110101100010011011
31
1110100101000000010110000111111
91
1101100010100010010011110110100101010000
123
1100011111001101000011100101100000001110
59
101110101100111111101010010000000000001
88
10110101000100000001010000110001101
107
11111101001000010101000000001000110101
121
1000100010111001001000100010000100010000
148
1011010000010000000100011011001001010101
109
1011001000000101000010010011111000000100
172
101110111010101000000110000001010000101
39
1010101011000000000100000
56
1010001110000110001010000001001001101011
112
1110110000101000111011110000001010110101
178
100111100101111001001001011000111000
171
100001100011011100000111111110000000010
117
100000110000100101010110110111010001
113
100001010000010001100110111011000111
137
101011000001011101000000001000001001
139
1110111100000100000110010010010010110
193
1110000011110000001100110010000001111011
59
1110010001011100010110000100100101100101
126
101000101000000011000011010100000000110
117
100001111010010111001010100010010011010
121
111001001110011111001000000111001001000
56
1110000000010111100010100001111100001010
161
101000100111111010101010011111110001110
72
11100001001101010101000110000000000
70
1110100110001111001101111000100100001110
87
101000110100011001100100000010000000
86
1011110001000001101100101001001001000101
69
1100010110000101101111010011011001000010
155
1010000100000000001000001010011000000000
169
1000001000100101100011110111101100001001
59
1010000110110001010111000100011100000000
7
10000000010111111001100100000000001110
62
110100001101001001000100001001010101
166
1110100010100000001010000101000010000001
120
111001000001000110001101001101111111101
77
11010100100101010010010110000000011101
165
1100110011100100100100011110000101000001
56
111000110111010000111000000
20
1001001010100010101100000010110011000010
65
1010010101101000010001000000010100001000
159
11000100011100100110101101000010110
154
100111001010100000110101010010011001001
129
10000001111001100011011000011101010010
66
1110010001011101011101100000100010
159
