40 100
1010001010101011101011010001011000011101
174
110010001001010000011100001111001101
188
1000010100100100100000010011101100001101
130
1111101011111011111011001110000000100000
136
10100100001110111001011110001110000111
83
1010100011010100100101011100111111111110
130
1000110111111100000011100100111100010
30
1011111010010110100100010110101010010011
24
1100000011110110010100011110110011110
29
1110000101100101101001011101111011000011
6
1110001011110011011110100110001111101101
111
1101000111101001100101100100001000111110
125
1000011001001111010011110000100011000011
40
1000011001001000101011111101010000010101
170
1111100110000101011101111110110001100111
146
1000010011010010000010001100000100011101
180
10101100101011101011101000000010010001
12
100101110000011101101101011011010100101
144
1111101001110010100011111000011011001010
28
101000011110001011101100000111011110001
128
1011110101110111001010111101100001111110
49
111111101100100001000001001111100011101
12
1001011101101101110111010010101101000011
85
1000100100011101001000011110000001100000
135
111110000010000011000111010000101000011
35
1011010000100111000100111100111110110011
3
11010000000100000110111100100000010000
151
1010101111010010000010101111100010011101
132
1100110001010011101011111111110001000101
176
11011000100100101100110010001010111011
77
1000101010000101101101000100011110111011
15
101111011100100101110101111110000011000
185
1010100110110011101011011110101111001100
104
101010101011010111100110111000000001
186
1000101001101011101000111000110111010100
95
11000111001101000100001011110110000
76
10000100001001110101010100010101100100
69
1001100110110101001001110111000111100111
132
101010111101010101010011000101101
43
1010010001111111001001111001011011010100
142
1101101100011110011101100100100011111100
160
1111000001111010011000110011110110100010
172
11000010011001111000101010111010010100
194
110001001010010010100010010010111010101
199
10101100110000010100100001100110010000
131
1000101101011111011101111001001111001000
133
111011100000110110010111100010100110011
11
1000000110100000101101100000110110110111
166
10010010001011110000101100000000000010
14
1011000011000111000111101110100101101101
156
1010111010101000000001110011011010011101
156
1000111010101000111110111111110000111001
60
1110101011110110111111110101100010011011
31
10101110100101000000011110011111111
91
1101100010110110011011110110101111010000
123
1110011111011101000111101101100000001110
59
101110101100111111111010010000000000011
88
111010110111000100010001010000110001101
107
11111101001000010101101000011000111111
121
1000100010111001101000100010000100010000
148
1011110100011000000110011011101001010101
109
1011101010000101000010010011111000000100
172
101110111010101000000110000101010000101
39
1010101011100011000101000
56
1110001110000110001110000001001001101011
112
1110110000101000111011111000001010110101
178
100111101111111001001011011000111000
171
100001101011011100000111111110000000011
117
100000110000100101011110110111010001
113
1100011010100010011100110111011000111
137
101011101101011111000000001001001011
139
1001110111100000100000110010111010110110
193
1110000011110001001110110110100001111011
59
1110010011011100010111110100100111100101
126
101100101010001011000111010100000000110
117
110101111010110111001010100010010011111
121
111001001110111111101010011111001001000
56
1111101110011111100010100001111100011110
161
101100100111111010101010011111111001110
72
11100001001101010101000111000000010
70
1110100110001111101101111000110101011110
87
1101000110100011001100100001010000000
86
1111110001000001111100101111101001010101
69
1100110110000101101111010011011001000011
155
1110000110000010011000001010011000100000
169
1100001000100111100011110111101101011011
59
1010000111110001010111000100011110000000
7
10011000011111111001100100000100001110
62
1110100001101001001000100001011010101
166
1111110111100100001010000101000011001001
120
111001000001000110001101011101111111101
77
11010100110111010010011110010010111101
165
1100110011110100100110011110010111000001
56
10010000000111000111111010001111010001
20
1111011010100010101100010010110011100010
65
1011010101101000110111110100111100001010
159
11010100011110101110101101000010110
154
100111011011110010111111110010011001001
129
11000001111001100011011000011101110011
66
1001110111101011101111101101001110110
159
