40 100
1110001011111011111011010111011100011101
174
110110011011111010100011101011111011101
188
1001011100101100101010110011101110001101
130
1111111011111011111011001110010000111101
136
110100101001111111101011111111110010111
83
1110101011111100100101011101111111111111
130
1111001110111111100010111111101111110110
30
1011111010011110100110011111111110010011
24
11111101011111111010101111110111011111
29
1110000111101111111101011111111011100011
6
1110011011110011111110110110011111101111
111
1101101111101011101101111100001010111110
125
1100011001101111011011110011100111001011
40
1100111001011111101011111101010111010111
170
1111110111010101011101111110110001101111
146
1100010011011110011011001110101101011101
180
10101101111011111111101001110110110001
12
1101101110001011111101101111011011110101
144
1111111101110010100011111111011011101011
28
1101100011111001111101110000111011110111
128
1111110101110111101011111111101101111110
49
1111111101110101011000111001111111011101
12
1001111111111111111111010110101111100011
85
1001111111011101111101111110000001100101
135
111110010011111011000111011100101011111
35
1111010101100111010110111100111110110111
3
11010010010100010110111101110000110010
151
1110111111111010110110111111111110111101
132
1110111101010111111011111111111101011111
176
11111010100101101101110011001011111011
77
1000101110010101101111000100111111111011
15
111111011111100101110101111111000111010
185
1011110111111111111011111111101111111110
104
10111110101011011111100110111101000001
186
1101101011101011101101111110110111010100
95
1111011111111101101010101001011110110011
76
10101101001111111111010110010111100101
69
1011100111111101101101110111010111111111
132
100010101110111101010111010111000101111
43
1011010001111111001111111111011011110111
142
1101101100111111111111100100111111111110
160
1111000101111010111100110111111110101010
172
111101010011011111101101010111011111100
194
110001101110010111100111010010111010111
199
1110101111110010010101101111100110010111
131
1110101101011111011111111001011111101111
133
111011110101110110010111110010111111011
11
1110100110110010101101111100110110110111
166
1111010011001011110010101100000000000011
14
1111001111100111101111111110111111101111
156
1010111110101010010111110011111011111101
156
1000111010101110111111111111110000111111
60
1110101111110111111111110101111110011111
31
1011110111110110111110011111111011111111
91
1111101011110111111011110110101111110011
123
1110111111011111101111101111111010111110
59
101110111110111111111111010000100000011
88
111111111111110101010101011001110011101
107
11111101011001111111101000111011111111
121
1000110110111101101011110010001110010100
148
1111110100011000010110011111111011010101
109
1011101111000101000011011011111100000101
172
111110111011111000101110101101111010101
39
101000101001101010101011111011001111101
56
1111101110011111111111001111111011101011
112
1111110101111000111011111001111110111111
178
111111101111111001011111111000111000
171
101111111111011100001111111110111111111
117
1010110010110000110101011111111111110101
113
11100011011101010011110110111111100111
137
1000101011101111011111010011011001001011
139
1001110111101000100001111010111010110111
193
1110111111111101011110110110110101111011
59
1111011011011100111111110100110111110111
126
1101100111011001011101111111110110010110
117
111101111110110111011110101010011111111
121
111111001111111111101011011111011011110
56
1111111110011111101010100001111110011111
161
111100101111111010101010011111111011110
72
101011100011111111010101100111000011011
70
1111100110101111111101111000110101111110
87
1111010110100111101101101111010110000
86
1111110001001101111101101111101101011101
69
1100111110000111111111110011111101100011
155
1110001111010110111000001111011010110111
169
1111111001100111100011111111101101011111
59
1011011111110011010111010111111110111100
7
111011001011111111001100110101100011111
62
1001111111001101111001110101001111110111
166
1111111111101110001010010111100111001001
120
111011001011000110011111111101111111101
77
1011010101111111110110011111010010111101
165
1100111111110101100111111111010111001111
56
110110111011111111111111110001111011111
20
1111011011101010111101110010110011110011
65
1111011101111001111111110100111110111010
159
1111111101011111101110111101101011111
154
101111011011111010111111111110011111001
129
11100001111111101011111001011101111111
66
1111101111111111011111111101101011110111
159
