40 1300
1010001010101011101010010001011000010101
174
110010001001010000000100001011001001
188
1000010100100100000000010011101100000101
130
111001010101011110011001110000000100000
136
10100100001110111001001010000110000001
83
10100011010100100101011000100110111010
130
10111111100000010100100111000010
30
1010110010000010100100010110101010010010
24
1100000001110110000000011110110011110
29
1110000101000101001001010101101010000010
6
110001011100010011110100110000111100101
111
1101000001101001100100100100000000101110
125
1000011001000001010011100000100011000011
40
1000011001001000101011010101010000010100
170
1110100110000100000101011010110001100100
146
10001010010000000001100000000011001
180
10001000001011001010101000000010010001
12
100000110000011001101000011011010100100
144
1011100001110000100011101000011001000010
28
1000001110001011101000000111011110001
128
1010110101100110001010111101000001111110
49
111110100100100001000001001110000010101
12
1001010100100101010010010010101101000011
85
1000000000001101001000011010000001100000
135
101110000000000010000111010000001000011
35
1001010000100110000100111100101100110011
3
10000000000000000010101100100000010000
151
100111010010000000001111000010010101
132
100110001010011101010111111110001000000
176
10011000100000001100110010000010111010
77
1000101010000100000001000100010110100011
15
111001100000101110101101110000011000
185
10100100110011101001001110101011001100
104
101010000001000111100110010000000001
186
101001101000101000110000110111000100
95
10000111001101000000001011110110000
76
10000100001001110101010100010101100100
69
1001100110110101001001010110000111100111
132
101000011101010101010011000101101
43
1010010001110111000000001001010001000100
142
101001000010110010101100100100011111100
160
1101000001110010011000110011110110000010
172
11000010011001111000101010111000000100
194
100001000010010000000010010010011010101
199
10101100110000010100100001100110010000
131
101001001110001100111000000111000000
133
11011100000110010010111100010100110011
11
1000000110100000001101100000100110110111
166
10010010001010000000000100000000000010
14
1011000000000111000011101110000100100101
156
1010101000001000000001110001001010011101
156
1010101000111110111110110000111000
60
1110101001110110110111110101100010011011
31
1110100101000000010110000111111
91
1101100010100010010011110110100101010000
123
1100011111001101000011100101100000001110
59
101110101100111111101010010000000000001
88
10110101000100000001010000110001101
107
11111101001000010101000000001000110101
121
1000100010111001001000100010000100010000
148
1011010000010000000100011011001001010101
109
1011001000000101000010010011111000000100
172
101110111010101000000110000001010000101
39
1010101011000000000100000
56
1010001110000110001010000001001001101011
112
1110110000101000111011110000001010110101
178
100111100101111001001001011000111000
171
100001100011011100000111111110000000010
117
100000110000100101010110110111010001
113
100001010000010001100110111011000111
137
101011000001011101000000001000001001
139
1110111100000100000110010010010010110
193
1110000011110000001100110010000001111011
59
1110010001011100010110000100100101100101
126
101000101000000011000011010100000000110
117
100001111010010111001010100010010011010
121
111001001110011111001000000111001001000
56
1110000000010111100010100001111100001010
161
101000100111111010101010011111110001110
72
11100001001101010101000110000000000
70
1110100110001111001101111000100100001110
87
101000110100011001100100000010000000
86
1011110001000001101100101001001001000101
69
1100010110000101101111010011011001000010
155
1010000100000000001000001010011000000000
169
1000001000100101100011110111101100001001
59
1010000110110001010111000100011100000000
7
10000000010111111001100100000000001110
62
110100001101001001000100001001010101
166
1110100010100000001010000101000010000001
120
111001000001000110001101001101111111101
77
11010100100101010010010110000000011101
165
1100110011100100100100011110000101000001
56
111000110111010000111000000
20
1001001010100010101100000010110011000010
65
1010010101101000010001000000010100001000
159
11000100011100100110101101000010110
154
100111001010100000110101010010011001001
129
10000001111001100011011000011101010010
66
1110010001011101011101100000100010
159
11100010000000010010010101101001000001
146
1100110011110110001000010111001110010100
80
1000100100100111111010100010011110001111
169
1000001010000100011100000100010011000000
33
100000011010111000101000110100100111010
171
111101001100011010001101011011010100
198
1100010100100100011010100101001101011000
115
11001010000111100001000111110010100
3
100001111000011101110010110010101011
90
1000011011001111000100011100111011010100
111
11001000001100000000001110010010101100
172
1001010010000011001000110011001100011
134
101000011001001110110011110000011011111
10
1000111001000000010110111110110100000000
185
1011011000011010011010000010110000100
168
101011100100001100000000010100000011000
102
10010001100011110000011010000100011111
144
101001100010001000101010000111100001001
55
1100110001001101011000001000001110000100
85
11011111011110000000000100011
72
11001111111001010000011010011010010110
175
1100110110100001001111001111000010101100
65
10010100010110100111000111110111000011
26
111011110010110010011000010011001
191
11000010111000111000101111010101011000
16
110000000100010001100000000110000101111
11
1010000101100110010010110000010110100
28
100000001001000110001101101100001001000
35
10000000110000000000000011011100000111
127
1011010000100001001010000100001011010100
29
101010100000010000111010000011101000010
188
101100101101101000110100000010010
110
111001011010100001000000011100001010110
174
1100111110100100001000000000100000101110
108
1000000011110110100100100001111010000100
108
1011100110000000000110000001001010010001
184
1001000101011110011000000011100011011101
92
11011110110100111101110001001001001100
14
110111101100111000101001001110001000000
124
110001000110001111110000001010101110000
55
11100010100100100001100000001010101110
162
1000000101010010101100101010001000101100
188
1000000110101001010011000100010000001101
105
10000010010110010000001011100101110011
171
1100000000000110001010011111000001000101
27
1101110101110000101101000000010110001000
176
100001000110110011000010100010000101110
124
1000100110100001100000011101010001011001
38
11010101101111000011011100000000000
109
1010000101111011000100110100111011000110
42
1010101110000100010010111010000101010
98
1001001111100100000100000000101011100
119
1010010000101111010001000000000001110110
53
100101011001001011100010001011101000010
128
110100000111010001001101000111001111000
40
1001000100110010000001101101000000001100
63
1000001111001110100001110100111001100000
162
1010100110000011000110011000010100000010
160
110000000000000111000000111000100101000
57
1100100011010010000011000110001000011000
196
1000010010100100100001011101110001111
60
110111110001111010001000110110000110000
51
1111010010000000000001110001111010100100
53
110101000101000100110001000110010101001
180
1011010010111010001000100100011100111
153
1000010010100010000000000000010101001001
148
1100000010100010000111001010101010001100
97
1011000000100010100000110011000010111
43
10110000001000101000100000111010100001
9
110100110100010110011011000001010001001
97
1111101010101000001101000010001010101010
25
1010110110000000101000101010000100000001
91
10000001100010101001110100100101001000
191
100010010101011010111010001000110101010
169
11100101001000010001011011011011101111
120
100001001010111001011101001000011101111
152
110001110100000101100110100000110001011
5
1100011010000110011000010100100001
28
110000011010000000100011100000111000000
26
101100110100100110001011001110011011
46
101010101000001010100101000010010000001
194
1100110101001000010111110110110010101100
132
1100010101100001010110000101000000010000
12
110101100110000001001101001100111001000
25
1001100100010011000010101100100010000101
152
111000110010111001100000000010000100011
24
1001000101101001011101110010100011011
163
10000100011000100001100010011010010010
162
1110110000110011000001001010001110110001
50
10111000000100010001011110110011001111
91
100000000001101011000000010000011010000
144
101101010001111010001101000011110001010
118
1011001000111011001011001010110100011101
123
10011000001100010100000111010101
89
1101100110001011000001100010010011011110
171
1000010001011000011111110100010011100011
51
101100101000100101100101101000000111000
8
10110101011100010001100000000000010011
50
110110000101111010110000100001000100000
117
1000001101111001000010000010111111011
12
101111011010101000101111001000010010110
165
101011000101011100011111011111100010010
191
110000000111100000000010000000101000
107
1100101011010001000011001000101111000001
16
1100000100000010111001110001111101000001
43
101111111000100100100011001101001011110
12
1011001110000001100100010101100101101011
130
10011000011100100011100011010010001010
197
1111001000001000110011100110001101100011
190
11100100000000010010001000101011010110
8
1001010100110001000001001000100101100001
41
1100100001111010100010010000001001010100
107
1111010101110000000001100101010110101100
9
111011110011001101101100011000000100010
155
1010111101000110011111110100000010010
184
1010101100100000001000010001001001011010
139
1100001000000000101100101000010001100
20
110011011001111010100110010111011101110
86
1000001011101100100010110000010011001110
96
1000011001010011001100011101101100110001
185
1100011111110101000000000001110011000
162
110011101001001001001010010001101011
107
11000000011100100000110110100010011111
181
1010110000011100010000010011010100000
71
10001101001000011001111000111001110101
194
110011011110111000101100001001100100000
14
110000110000101011101000000001010110001
167
1110000110110000110011111000100111100111
45
100001010101010101000011010000000010100
178
1111100000111100011111010100100100111
181
1011000110010100000010000100010101100000
131
110011001100001000000110100000100010
99
1010101101000111100110100000110011101010
91
110001000010000010110101000111010100
123
100101000100000000110100110000101111110
36
111001011001101011100000000000010011100
104
1100110101011100000011000100000010000000
86
100000100100100000011000100011000101011
99
1001000110101011000110100111110111000010
149
1110101011110111000010010101011100011010
13
100110011011000010000000000110001110011
184
1001000101001000000001010000000000010110
114
1010001110100010010110111000000111001000
32
1110101000000100100000000010011101100110
48
1010111011000011011110001010000101100
58
1000100011101001001000100011001001111110
50
1010011000110001010000011011111110101011
170
1011010101001100001001111000010101010101
61
1011000101010101101000101000010100011
185
1101000001000101111101011010011001000110
194
1010111000010010101001010001111100100000
111
1101000010110101011111101101010111001
56
10111011111010101001110000000001100100
61
110001000000011111101011010110111110010
196
100101000111000101101011110100001000
68
11011000000110010000101100001010100101
160
1010011000001000100100000100000001101111
133
100011000001011110110010000110110110
165
10111000100000110000011100010010010
113
10111100110101001100110100111100000100
52
11011010000000111101000010001001000000
139
1000101100111000000100001010010100011010
172
1100100000101010100010000000100000000111
133
1000100011111110100010010010011010100100
200
11111000011101101000100011000000010
116
100000010101100000110010001111110111100
138
10100010000001101001001001010100101
72
10110111010011100100111001101101101110
12
110001011001010100001000001001100111000
82
10011000100101001010001010010011110101
158
11111100100110000001000110011111100000
28
110010000000100010110010100000001010001
174
100000011001111001100001110100100011101
58
110010111100010010100010001111011000
126
1110101101100001000001110011100000100001
104
1000101111001001000111000000110011010110
182
1100111010001101011100100000010000100100
61
1100001000101101001001011101010110110
99
1010000000010101010011000101100110001101
161
10000001110011011000100110100001011111
180
100100000100101011000111010000001011110
7
1011001011001101011101110000111100100010
143
100000010011000000000000110011001001110
64
111011000101000110010000001000000011101
134
101011101010000001101001001000111101001
54
1011101111001010010110011000110001010001
167
1110001001100111111000010000001011010011
95
1110100011110001000001010100101001000000
132
111101011101011010000100101000001001001
117
11010110011100001101101010010101000101
111
1000011000100110000101011100010110001000
82
110000101100111100101111100000000001001
32
1000001110010010100011011001011010000011
192
1110000010010010010010110111000111011110
41
1100111100000100111011001001000100101000
32
1100001110001010110101001000000110010111
48
1110111010100010000101000011000011101100
143
100000010010000000100000110110000100111
34
1011001110011000001010000101010001101
14
1101000011101110011111110110100010000111
116
1000101000110100110101010000000110000
184
111100010001011000010111001000000101001
112
110100100010010000110101001010000110111
140
1010000000101100010011010110000001100100
180
1011011110111001111111010111100111100110
19
1000110100100101110011111011011011000
24
1011011000000000010101000011111111010000
129
1000110101011101110111111000000001010101
14
1000000001001000100010001001010000010
50
101001000000001011000000110110101000011
163
1100000100100000001010010010100001100010
85
100111110111110000010110111100111010000
33
111010110010111111010010001011000010000
137
10101000000111011010000000000010010110
97
11101000100110110001010010110011001000
112
11100100011100010110100010101100000110
32
1011110101101000100111000100000001000
123
10010100010001110000011001111010001000
177
1000000001010001001001001100000001000110
1
100111110010111100001001100000001101111
157
101000001100101110110010110000001011
158
101000000000000000100001100011101000000
138
101100100110100001101010000111000101000
14
101000111000011011010010000100111001111
135
100101110010010011010011010001010001
173
100110010100110100010111010001001101000
164
11011001101110010001000000001000000001
96
1000110010010000101011011000110010100010
168
11001111010110001010001000010010010000
75
1001110011101001001001111011010101010100
26
11011000000010111100000001011100111
111
1011011011111000001000000000001011001000
123
1100000010100111011010010001101100000100
89
111000100010101000100100010001011110111
174
110000000000000010011100001000000000100
196
10000101100100001011010000011100011100
99
101110011100010100100110000001010000001
192
11011001010011110111010011000011001000
96
1100010111011000010100011001010011000111
11
11000000011010101101010011100001000
160
1001010100101110110011000000100001000111
25
10110111011101001011101010010100101
59
111100011111010001000000000000011010110
164
11000000101000100101000011110010010101
178
1100110110010111001000001000001010101000
34
101010000010100010100010110100000101
63
1010010001110000110000100000001011011110
142
1000111101000000011000000000001101001110
181
100110001000000010010001101000000000
24
1010011001110110011011101011010100000001
189
100001000010011101000000100001001111100
152
1001010100000001000101100101010010001
34
110001111001001001011000000000101001001
140
1100001111100000110101000001000111010
29
1000000111101111011000010001101000100
38
11001100011000001011011001110100000111
73
1001001010001000011010001001001011000000
110
1000100100000000001000011010010010111100
83
10000100110000000001110101100101001101
23
1110110010000010101100110100000101001100
192
1001010000000010010010000100000001110110
40
1010001010011000000000010001000010010101
152
111001000010100101110010011011110101100
177
11100011100110101100010110111100010100
34
111111100010001000101000000001000010
197
1000010010110001010101001001001001000111
142
100100110111000010000111001111110100010
163
1100101110101000001000000110010100000010
147
101010100010110010010111011110001010101
167
1000001001010100000100000000100101011010
119
1011000001000111101010000001001110001010
40
110011100100000111101110111000000001110
32
1011000100010111010010111010010111000011
138
10101001111000011100001100000110110000
158
1100000100101100010011110100010000011110
183
11000110101101010000110011000000101000
121
1101110001110000001011100100101100010100
173
111101011100001011001101000000111000011
27
10010100001001000111110010010000001010
104
10110001000110100001111111110000110001
75
100010101000000011100110100000110011000
195
1111000100100010100011110110010101001
113
1010000011100010000010000000000111110101
190
1110100000100001000011001101101110101110
77
1011100000110101101100101101101100100010
138
1100111011101110001010110000100100000101
81
10000100101101100011010000110000100111
183
10100000011000110011010100010001111011
109
101001010101100001111010011000001
148
1000000001110111001011110010001101010100
122
1010000100000000101101100100100110000
75
1000000011111001000000010010110010000101
190
1101010010100001000100111100000011010
72
1111001000111100010011100011000010101010
87
1110100000100110000110000001000000000
4
1110001010111011100101000000000001000101
146
111100100000000001011111111111010000110
132
101011000010010001010111010011010001001
83
11010101011001100110001100000100001011
193
101110000100010111101100100011000010
60
1011010110000010101111011010001110101
12
11100001001010101100110111010001101111
115
111101000010011100010000100111010010101
10
10001111000100101100111000101000010001
9
101100000101000010010001011110000110000
131
11010101011110001001111100100000010101
137
10101110000100000101111101000111000100
73
1000100000111001100001000001011100110
24
100010100110001100110000011010000010111
12
1000100100001011001010000100000000010100
117
1000001101011101011010001001001010100100
92
1100000001100000101000001000010001001
15
11110010101101011010110110101100010
127
10011011001101110100000010000110011001
100
110111001000100010010010100100011101000
76
1001001000010111000001001001010000010111
110
110110100111011001011001000110101111011
196
111000000000000101010000001010001101100
125
11100111010101001010000101101110100
115
100000100101000001011110001011000
131
100001100000000010001000000010101100
1
111000111000100000001010001010101000100
38
1010001010001011100111011011101101100
105
1011001000010101011101001001011000100
100
1001001000101100001000010000100001001000
66
1001110000100011100000001001000101100000
35
1010011110001110100000110001100000001001
52
101101100101001010101001011000000000
25
10100101000010111000110001000110010001
106
1010000010000011001101111011000000
149
100100100000000000110010010000100001000
66
1000100000110100010100011000100000011
87
110011011000001100111110110001011001000
41
1001110001001000000101100001101
102
1111000001110110001110000010101111000100
99
10110011000000111000011000110101
154
101010011000000011111100000000100000111
130
110000100100110101011010000100111000101
62
101010000101111100110001000010001001000
26
1111010010001100000110100011100111100001
138
11101011011001000000000100011101
25
1010000111000100010110010100011110100001
5
1111110001110010011100101101001010100
10
1000000000001001010110110001001110110110
24
10000101011001001010100000100010011111
88
1100000110110001000100111101000100011
184
100010011011000110101110000010001110
153
1101100000111100011101111010011001101
103
100100000011100101111001010011011111110
156
1011011011100101001011000100001011010000
14
1000111101011001001111111110111100001000
36
101010111010101000101110111111010100
82
11010001010000011001100111000101100000
5
101000010010000100100101001000010000110
22
1100101100110000111000010000000000011010
53
11010000000111010001011110001000000
92
100000110100101001000110001011101
117
1001001001101000010110001011000000101010
18
101000110000000100001111010110010101111
166
1100000001000100010110000001100011100010
150
101000101001110110100110001000101100101
99
10101111001010000111011100000101001
15
100111000001111111000010000110110100011
8
1100010001001011100000111110110011100011
66
100001110000011111111000011000110101010
41
10010110100010001111000011111101011111
187
1110110000100011100001111100010111001100
108
1001000100100000101010000000010001000
87
100001001100011001000100000110110000100
156
11000011101011111111001001000100000110
137
1000000011010110000001100110100110000000
73
110001011101000110011100011001000000000
15
1100100100101001110011001000000101111010
18
101101000001010110000100110110001000
77
1010000001100100001011110000000000
159
110001100100100000000111010110011100
42
1101000110001100101101000001100000010001
138
1100101101001101100010000001100001001100
151
1010000000001100011000100010001101001000
16
1110000111001110100110011100111000100001
16
101111100111100011000110001011101000111
117
11101010100000111000000011010001110010
18
1101001111000110110010111100010011000000
136
1100010010000010010101010100100000100000
47
101110000100101100000111011010000100101
38
1001111001010000110001000010111100000
181
10110010110100011001110000000000001000
41
1101101100001111000000100010000000001101
7
111110001011010101010101000110101010000
1
110110001000000000001000001011001001110
30
1011110100010111000110100010001000011001
16
1001100001011110101111100100010110100000
93
1000101000100000000100100101010110110000
82
101001100010010101010001001110010100110
66
100100010100101000100000111111100111
159
10000000010101011001100001001100100100
94
1001010000000001110011000001011011010101
58
101000000000001111111010111101000000001
160
101100110100010100100110100000100
144
1010010000101000100100000010000001011010
11
1000000101010000000111010100100010100010
68
10000011101001000110110000001001010011
183
100010001000100101110000001110110010001
7
100001001110100101010010001011110110
85
1110010101110001010001100000010000000
32
101011000101010001000000011010011110110
89
1001010010111111000110101000011100011011
72
100010010001101101000101110101000100
186
10100100010010001110000010011110011011
87
1110111000010100011011000110110011111
68
100111110100011010010001100010101100000
8
10100010100010000010100011101011111
85
1110001011110011000001000010001000111010
163
1100110100100000000110100010001110101111
32
110110110000000010011100000010110000011
129
1011101010001101011001100111011101001001
126
100010010111000000110100001101010000001
62
101111100001010000011001000011001010001
101
1100011010000100100000001000101100111000
198
1011101000000001000100010111111
186
10011110000100100100000100010101001001
97
10101100011001111100001011010010100001
191
10001011001000011001000100000001000110
198
1000000000010000110110001011000000011
185
101111011101000010110100100000001001000
199
11011001000011000000001001100010100
144
101011010001110000001100001010101000100
75
100000000100100101011011000001000111010
137
1001000110011011011111001001011001000000
144
1010101010001000010100010111000000010001
112
1101010110100000010000010101110001100001
16
1000000001101011000000000011000100010001
178
10000110101101100010000000010110111
74
110111000001010000100110001101100111101
71
1100100000100001100000000100111000100010
157
1011000100010101001000111001001000000001
185
1010100110010111000010001010110011011111
126
1100110010001000000010100010010110010000
195
1000001000000110000010010011100100
52
1100100101100000000000100110000110000
183
1000001000000001001010001100010101100
148
1000100110000011001000101000000110110001
55
100110111111010100001110000001100000101
30
1110110101010000000110001010100100100
124
1000000001110110000011101100100111011010
176
10010101001000010101000100110100001010
20
10101000101010010011010111100011010001
53
100111011111011101111111100100011011010
132
101100011001101001010011100100101011101
83
101100001010011111010000001100001100001
8
1000000111010110100010110011110110001111
86
1011101010110100000010000000001010000000
156
10000001001111000101000100000000110001
170
1001001011000100100110100001000100000000
91
1111001110101110100001001100110001001100
125
100001011110101000100111100001010010011
145
11011000110000000011110000001001000000
15
101101101001010000001010111010101111100
44
11101001110000101100000100100010
196
110001100110001000000001110011100110
135
101100001100000011101100000101101111010
74
111000000000110011100000001010001001010
74
1011010111000001100100011000100000001100
104
1010100000000111000101010001011100000010
174
1011110010010100010000111110011000
71
10111110010100101010010000001111
164
1110000111111010000001001010000000010110
20
10001001101010000100101100001110111101
86
11101000101101000001111000000000011110
111
10001100101011000000010110110000011101
187
11010000101000010100111100010100
185
1011001000011010001001011100010001000101
149
101010000111110101001000100010000110
36
100101100101000101000111010001010110000
113
1010011000101101101010000010001010010000
88
1000011000101101011011110111100100001011
111
1101111000001011101000000110001100101100
111
100111100010000111000011000011010110111
11
1111000101000110001000101100101001011
134
110110011101000010001100001110000011001
89
10001110100010010010011111110001101100
158
1011101011010110001010011100100000010100
31
1010101111010010100110010010111000010010
143
100001001000001100010011111000011000000
124
1100111000000000001000000001111000100010
113
1100000000001100110011000001011000000
139
11000101101011001001110001000010001
184
100010100101110101001010101101001101101
192
11100110101000100001011110101100100011
97
1001101011010111010111001001000011010000
54
11110001000011001000010100000101010111
9
10000000010001101000010010100000001101
55
110011000111000010010000001001100110111
165
100001110011010101000000011100011110111
57
10000000001010000111111001001000000000
11
10110010000010110100000000100101000100
111
1010010001000000010000011110000000110100
124
1010001001001000000100100011000101101
119
110110011100000001111110111000101101001
34
100010010010011010111000010000110101000
154
10000101000110001000110000100010010101
12
1001010101111100000000001101010100101100
67
1011111101010010001011010000100010000111
40
1000011011001100010101000010000010010010
92
100010001000111100100011000100001
17
11110110011110110001110000011110111100
172
1010010101010000001110010010001011010100
1
1111100100010011011001001110001101000110
65
10000010101111100011111010101010000000
3
1101010111010100111000001001001010011000
58
1010100011101010010100101011110011001010
164
11100000001001000110111010010000110001
51
1100100001000110011000001010000101
35
11101110101100101011100001000100000
156
101000101001010000110001000110101011
14
11110000010000110100000000000010010001
124
1100010010100010000001100000100000101
102
10001001010110110000100000100010101010
145
10000001001000011000100011100001100100
115
111010111100001010001011110011100000000
55
1011110000001100100010100101001000011111
196
1100010100011101110001100001111110111000
33
11100010001001110110010010101100100100
125
1001100010001010001010100000001100100000
83
1101000100111000100011100000111100110000
61
1100101010011101010111101101111100111010
120
1000000001100000000000000010000011011110
138
101110101000001100000001010100100000
143
1010101001010101010010000111000000000101
17
100000011000101010011001001100101001101
159
110011110101001100100111000101101010
162
1101000110100111101001110011001110111011
2
1100001101100001010010100101010001100111
173
101011000111001100011000111010010010101
50
10100110111110000110011110100000001110
99
1000000100000101000110010101000011100
95
111010000000000001100101000001000100010
150
110101011100100100001101011001100011
118
1100101001000100111000110010000100000000
199
1100111010101110000000111001000000101011
44
10010000001101100111001100011000001101
43
1010100011110010001010000011101111001011
80
1101011000000011000100110000010000001101
42
1000111000010111001000001001010000010
124
1000000111001001000000111000000001010100
136
11101110100100001000110010101111000000
73
1100010011010101110010010110100000000
40
10000101010110011110100100000110001000
75
1001011000111110100110111000001000100
129
1001000100100001101001000000000000010100
3
1101100111110100000011001000111111010100
69
11010101011000110110001000001000010
63
1011100000111100010100000001011011011000
114
101010010000110101001111100100110111110
27
1100011101011110111101011001001000110010
120
1000001111000110000010000001110000101001
144
100000010101000011001010000000011000011
141
111000011010001001011100110011000010
117
1000001010100110011110010001000110000
191
10100010100101101110011011000010011001
11
110011001100001111010100000100001001100
174
1000000010111010110010010001010010010
92
110000100000001000100010011100010001001
122
1001110010010100101101010001100000010010
170
10000011000010010011001110110001101
55
11101110010110000010011100000000101001
172
110000011000100001000001000101000011011
68
1000101011010000001000000010100000000001
197
1010010010000110000000111110000011010
142
100100000000000001111010111001100011
11
10000010111110100011111000100111000
77
1101001000000100110001100000000010100000
9
100010010010011100100101100111001101011
161
1110100101111101001111100000110100100010
96
1110101110010100101100101001011011010010
19
110000001000010001000000000100010101111
151
101001001110111001100110000011000101110
168
101101101100000100111111100000101100010
15
1010010000000010110100110110000100011101
125
1100001110000001100101001000110000101000
144
1000010110010000101010111001100111010101
101
1000010010000010000001011001001010001010
197
100010001001001100010010000111100000100
32
11110110101110000110100010111101000
19
1101110000111001001110000001010101101000
143
1110010001111001101001011000100001000001
85
11011001100001111110110101001000010010
8
1110011010100001001000011001100001110000
1
1011000010100100111011000110011000100010
169
100000110000000010000010100101100100100
50
100001100011110000100001000011101100001
41
1000000000000110111001100110010100101010
182
10000001000010101010010011100001000010
178
1100111110000011110101000000100001000010
45
11000100000001001011101000010000000011
97
111101101011100000111100001001110111
11
111010101010000010111110101110000001110
65
1101001110011111000010110000100000001001
32
10101011100001100011100011101110100000
131
100010000010010101010111001
76
1011010001011011110010111001010000011011
45
1000010101001100110000110100011101001100
98
1000001010101001000001001000000
48
10100010000110001010000001000010000000
40
1101001010000010001001101001001000001011
52
1011100100011011000001100101110100110
39
11111111000111010100001100101010100100
142
110110010010010000000000010000000100000
174
100000010101000100011010001110010001
68
10001110000001000101000100111111101100
68
1110101000001100001100011001111011110101
29
100000110010101010001100000000011001001
29
1100011101101000010000001001100010000000
143
110100101000010000001001100000001110101
123
10101100110000101001100000111011000111
143
110000011110000010011101000101000000010
68
1001000000001000110011000000110001000110
180
110100000100101100000100000010000010
119
1110001110111001000000111111011110100000
182
1000000110000011010100100011011100010
108
1000000100110100100001010000001001001100
8
1100010010101010000010000001010000100
123
1101101001001011000010001011000100000001
173
100000000110001000000000111010011001011
178
111010010111000100111110000100001100000
112
1000110100000001101101101101010000111001
97
1100000000010000111100111011000001011010
33
1010101000101000110101111000011101011001
7
1001111101100000100110000001000001010110
154
11010000010110000011000000101001001000
14
1000010001101110011000000000110111110010
62
10000101011110100001010011110010101010
68
100010000010100100100100000011011110110
65
11000011111100100100011101011101000000
141
1111100100010001011000100010111001000101
125
1100010010010101001110010011001011100001
42
10001000011111101010111100100001101000
94
1100001001100101110100111010101001100100
119
101101100001100100101011100011000010000
48
10001000100010001011110010111010110000
12
10000000010100010100011011110111011
53
100010000110001001100001001000001010110
181
110000111000010111100011000111010011001
16
101011100000100110100000110000101010101
58
10110111000010000100011011101010010110
143
1110010001110101101100010110000111110001
4
1011000000010100111001010011101001110
65
1000000101010101101111101000000001010010
191
1111001100100111000100111100011100100000
164
1101011001111110010101000010100100000000
140
1110010101111010001000100000000110011011
174
10100010001010101101000000000011101
109
101111111001011011100100110101100100110
54
10101100010001000101010010111001100
112
1000001101010100011001011010010001001011
83
1100010101010001101011010000011010000011
37
110101100000010100001000101111010000000
181
1110000000001010110110010010000000000101
79
101000101010010000000001010010111101
131
11101100000001110010010000100001001000
70
10110000001000110001000000001000000
93
100110001100111000110000010011101001011
46
1101000000101101100010010000011001101010
176
1000101011000100100110001000100011101011
139
101100110011100001000000100001000011010
2
110100111001101010010100001000011110
180
1110000010100100000111101101000111110100
143
1011111011001000101100001111100101110000
118
1111100011000001100100010001100001011011
101
100100001000000100100111001111010001
43
10010001000010110001010000101010
64
1101111101001000100001000101001110011001
57
110000100101001110011001110110010000011
129
1000100111011100010101010000101100110011
54
100010011100100011001100011000100111
181
110001000010110000001100001000110111000
98
1010011001100100010010001011001101000000
172
1000010001011111101000000000101001000000
105
1101011011111011010011011100101010101000
159
1100001100000010100000000110111101010110
170
1001000011100110101110100100011100110100
171
1110000011010101001011110101000100000001
186
1101100011100001000001110010010001000000
164
1110011100010000110000000100001001010000
176
1001110010000100010000100000010111010101
129
110010000001000100101001000001100110110
152
1010111011100100110001000000001111000010
96
1000000000010011110000010010101101100010
105
1111000011010000100000100000010010000010
84
1001001001010010000000100001001010000000
194
11101110000000100101000001011001110101
171
10010010001101100000001110011010010110
49
100011110010010000010100000111001110010
127
100100011110010010101010111110000010111
116
110101011000101111110010000001000001011
63
111101000010001111010000001001011100100
62
1001000111000001011010000110001000
169
11001101100000010011001101010100110000
132
101010110010101100000111110000100100
53
100101111101101111010100001100100101
35
1011000001001100001001000000000101000100
1
101011111010100000000000110100000000
14
110000010100010011100011000010011100010
190
100101001011010010110111011101111100000
55
1110010010111010000000010111000011000011
53
11001100110000000000010000100110110000
17
100110010011010001100010011000000000010
5
1000000000100000001001011110111010000010
25
101001011011010000000001111110100010
61
1110101000101110001110001011101110000001
180
1001110000101101110010100001000000011001
103
101010001001011000100100110110101010011
82
100000110010110010000001010110001100
89
100000000001010110001000011000001001110
24
11100010011100011110100001110010000
199
110010010000111000100000001000010010110
50
10001010011101011011000000000000001
31
10001110100000011010000000010010110011
183
100100010100111010010000101000001100011
79
1001001101000000001011011100010001010
147
100100001001100111110110010100001
11
100110000111011011101110000000101111
76
1100011101000000101001100100000000100001
193
1010010101100010011010011101010101
89
100011010000010110000110000001011010
42
10000001000000100000100010101000111001
22
10010011101010011111001100000001100100
3
1010000100111100111001110000010010010
125
100000111000110011100000100110101000011
145
1110111111000110001001101010000010111000
88
1110110000000101100100101000001000011110
114
11010001010111101100001001100111110110
177
1000000100101100001101001100100100000110
39
1011000000101000000111000000001010100100
171
1100110000010000110001110110001110011011
177
110111001100100111000100100011000110
197
101011100011010011100001011010000000111
18
1000100001010000101001001000101011001101
2
1000011100010000010001000111100010111000
139
100001101001000000110101100000110100
73
1000100100110001000111101001000100010
134
111111011001010010000000001000001101
90
1111010000100000100101110000001010
61
1110101111011100010000011110100101001000
165
1101000000000111000000000001010101011010
49
110011000001101100101100111000111010000
193
110000011100111111010001101101000110
125
1000011110101100000010010000001110100100
165
1111001011001000100010000010010111111
56
1000001101101101000001001000101000001
109
1000101110010101001110010000000101111101
83
1111001001101001010000011001100100101000
122
10100001000101100010010000100011101001
98
110000100001011000101101000010000010
180
10010001011011010001000000010000100100
141
100110011110011011010001000011001010
33
100001101011011100001100010010100001
164
1101010100010011110000010011110110110000
147
1010000100110001010000000100000110011101
9
1101100101101000010010000000101111001100
66
1011101000100000000001001001010100000100
68
10101101000001010001001000010100111100
33
1001100111100101000000001100000111101000
131
1000011010101011000011000001011010100111
200
10001110011011100000100000101010100
120
111100000110010000010010000100101100101
73
110001010101001001001001110101101000001
105
1001100010000111000100001000011010101001
149
101110010100110111011001001001011001
111
1101101000110011000001010110100101110
2
1101100111110001000001100101001001001001
69
11110001110001111001110111011110111
44
1110101000000000000000110100011010100100
108
110100001000111000111100010100100010
179
1100001000100101001001001110000101101110
123
111001000001000000010100001001001100010
179
100010000101001101000001111001011101001
24
101010001011110100001000001010111100111
1
1100001111010010001000011110111010100001
73
11110100100000101101001110110000010010
13
100100011000100000111010000000000011011
68
10100111001101101011101011000001000001
23
1000100101001110000101101101101100110001
21
1000010111011110001010101011101000000
23
11000111000010110010010000000110010111
90
111001001100010000100000000010000011000
135
101001000100010101001001101011111010000
68
100110001111100000000001000011000101000
164
1100000001100010111000000011100111100111
37
101111111010001000100000110011001001111
138
110001100111011101001010100001010000101
114
11100010101111101110101100001110010101
199
1011001100110101000001010100101100100001
5
1111110000100000011101010001101100
122
110111111100111010110000110110101100001
171
1110100000101000101001000011000100
48
100000100011110011000101111110100000011
134
1000000111001100010011010101000000101010
126
101111100101000000100001001110010000010
24
101000011011010000110000001011101011001
38
1100110010011011001000000000000001100111
47
1001000101111011011100010011100101
47
1000110010111001000001010100000100101001
139
1011111100001000011010010111001011100000
117
1000001000100100000011010100101001101001
156
10001100100011100111111100010101000011
4
1111001110000101010101001000011000001100
144
1011000010100010101000010011110001010101
187
110110010011010110111001010000101011000
45
100011001100101010100100101000100011
149
101100001000110001000001011100000101010
136
1011001001111100110000011110101100001011
80
1001010111011011110100000100000010100
149
111001000010010101100001100100110101011
188
101011010000011000010010010101011000
13
110001100101110001000000110000010111000
6
100111101111001010100110001000000011010
71
11010100001110011101001010100000001000
44
101000011000010110111000010000011101000
190
111000110010001000100100010010000000001
11
1111001000011001100000000001111000100
177
1001010010001001011010001101010000101000
49
110011100000011110110111011010011110100
30
101000001000000000000000001001000000110
125
1100001010010100000101011011100000000001
136
1110000111110011101101110100111010100100
188
1101100101000110110100110100011011100001
26
1101010011100001001101010111001110010101
148
1101000000001000101001000101110100110100
66
1010101000000110011110011101001100010000
159
1001100100110110010011011100101111011
189
101111110011011100011011000001001011000
125
1000011100111100010011000000011000101000
195
1101000100110000010010010000000100011101
106
10011000111001000011100000011100000000
171
1000101100000101011001110101011101011101
41
1010000010000000001001000010000111001
34
101000011010010000011100100000110110000
116
1100010100000100001101110000000010100
147
1110000111101100100101010100010010111101
195
1000010110100110010011010101100100
45
111100011110101100011001111010001110
93
1001000001000111000001111110000000000100
74
10011011101100001000110000000001110010
199
1101011110011101010001000101001000100100
117
1100000011001010101000001101101100000000
6
1110000101010011010001010110100011010000
37
1000011011010000100000000110000000010
195
100000101010100000010101101001011110111
168
11000001111001001000110010000000000000
169
1010001101010101000011100111000001000001
92
1001000000001100100011010111101100000111
153
1001000011011010000101100100100110110
115
1011110011010100000000101100001001000010
171
100100110001100010011000100011111100
150
110101001111000010001101110010010000101
119
1111111110101010000011010010110001010100
179
101010000010111000011101100111000011001
53
1011001100100000100110011100000010000111
12
10101011111101001110011010100111010000
169
10001100010010100000100110010001110000
92
1010000111001010110000111000001101
148
100100100010011010111001110101100100101
135
100000000110100001100010111000101110000
62
1011110000000100001000000000010101000000
118
1001000001010100000001011111000011010000
168
1011101000101100010011010010111001010001
110
1011001011100011000010011101000101110
81
10001000000001100001011101000100000100
120
101000011110100100000100100101011101110
22
11000000010010101100100011100011110000
162
10010100001111001101010110011000001101
95
1110001000110111000000110101100001
47
100000000001001000001111000110000100000
108
110101000000101111000010011100011000001
184
1100110000000000110010001100110101010
192
111010000000001011101010000110111010110
128
1011001100001110000001000101100110000010
72
101011110010100000000110100110010001
89
1010100010100100010100100001000111
166
10111101100000011111010100010111010000
54
1100110111100010001011110001010000001001
57
1101110101000100001000101001101101000000
197
10101001100010000011011100001010
128
10101111000100101010001100110111111110
20
1000011110010000000001000001100111111101
72
1100011001000111011001011010101100101100
40
1011110001100010000110010100011010011100
15
1000101011110101010100000011011011000000
138
110111001000000000100101000010010010011
146
1101010011000110000101111001100111010001
47
101111110010010011011011000001110000
58
1001000001000100111100001001100010101011
98
1111111000000101100000100001011011101110
184
100000100010010110111011010101111111010
187
110001000111100000010011100000010000
193
110001111000001000001000100100001000101
186
10001101100011101101010010101110001010
74
100111101000100100100010000011000011
107
100010100001100110010001010001110011100
152
1000010100111001111100001010101011100010
18
1100011001001100011101011101110001011100
104
1010101011101100100100000010011001010
163
1100101000000001010010000000010010100
95
100001100101101001001011101001001110001
54
11101001000011011000011111000000001011
56
100000000000100110100111000100000000000
56
1000100000100111100101011001101101011001
86
1010110000001011000000011011011100100101
33
1001001001100010000100111101011000000010
159
1000001011000100100011000100100110010011
79
1011001110000000111101101101101100
126
1000001110001001111000000100100000100001
141
1000010001011001111000001000001100000
26
10010011010010001000000010000000010011
17
1010101001100110110101001100010010
36
10000100011001000110110100000011101100
77
1010010101010111000001000110100110001110
15
1111100100111010110110001001110000011000
70
1110111000000000011100000100110010000011
58
1110000000010001000001110000111110000000
16
1101010100111010101000100110110100111001
34
110101000011101110101000000000100000001
65
11000010101001100001100000111110101
146
1011100101010001000000010100100000100001
122
111000010111001000111000010000001100
15
1001111110100011001101100001100100001
53
1101100100000010100100110101100000010001
117
100100011001011100011101001111000000100
5
111100100110000000011110000000000
165
101001111101001100110000000110010000010
151
1011100110100001111011000010000011100
18
101011101000110101101111011100011011100
27
110000101000010000000000000000101001111
56
100110100010010000101011001010011001100
86
101001100000101001001011100010001110
69
10010000010011101000110110010010
188
11010100010101010010000001101000010001
4
1000100010000011001000001000100100010011
53
1001000111011110011001100110010101000110
93
1110111000000100000000000111000001011011
34
100011000010100100111010111101100101100
195
1100011011001001010110001001000101
99
1001110111011000110000010110001101011011
83
110011110000011111100111000000111000100
123
1001101100000110100000101010010110011
198
1010101101000000001011000000001010111011
100
1010101100101001010110011100101000011010
168
1101000010100010111101000011001101010000
178
11010101100001100000010101101001101
89
100101101100100011001111011010000100010
60
110110001011001000000010000111101010111
152
1001111000110000011011101001000101000010
131
110010111011100110111110101101110100110
59
100011001000010010101001000010100010110
63
110010010010010000111001101000001010
11
1000011001010011110110111000001100110101
182
11101100000011110110000100001011000001
113
110100000100000011110101000100101100
176
1000001001010101000101100100101000000110
175
111110001011000000000110001101010000
60
1111000000110000101001001000000110000100
165
110101010001010100010001000101011111000
47
10110001101101000001100001000001101001
153
1110000001011001100001000011010000001101
27
100001100110001101010110101010001110000
160
1011001110110110000000110110100100001010
76
1100001000010000100100001000100110100000
170
110100111001110000001100000001011110001
101
100000111000111011111000010100000
81
11000000010000100000111100010001000100
122
111110111000000000110100110000001010010
97
1000000011010101010110000001100000101001
50
100000111100010000011100100010110
106
1100101010010100100000010000011111010
181
10001111000000011010000100110001100000
7
1010100101001001000011100011011100101100
10
110100100111001100010010000100111010100
169
1001100100011000010000010010001101001111
112
10011001001100100000110001101101000
1
10000011001001011110001010000100000
58
110100110101010001000100011000011001001
129
1100010100100101010011001011010000100011
161
1101000001001000100100000101010011000000
69
10001101110011100100111110101111000100
53
11101110000111000001110110110100100010
156
1011100000100101011100110001010001100000
86
100011011011000000101001101001001100000
166
1001010001001000000110001010000110101011
154
10101010001010001010111000110001001001
132
100000000001000000000111101110011010111
22
1001000100111111000100011000011100100010
33
1110000111001111000010001001001001101110
145
100111001000101000000011100001010001001
118
1110110000000000000011111111010000101001
194
1001110110011010001011001101011010111000
37
1101010001111101011101010010011000100100
53
1010000100010100100100000011000000110001
92
1011011010000100001110111100001111100000
72
1100001100100000011001000110011000000111
181
1001100100011001101000010000110101110001
117
1000000100110011100010010110000100001
66
1100100110101001000001100000000000110101
102
1000100000010000000001011011000011100010
160
110010100010001010000100010110010101011
17
101001100001001001001011110000101000100
60
110010011100111011001000101101001000
129
1111000110011010111001001111000010010111
136
1010111100000001011100000100010000100100
28
111001011001110010011010010110100000010
24
1101110101000010111000100001000011100000
18
10010010011011101001001001001001110
160
10110111000000001000001100001010101100
13
10010011110001111001101011100001110000
98
101000010100011101110111011101100
154
100000000011000110000001100010100110001
24
1000010100111001000100011000111010101
107
110100111011001011010000011000000000000
123
110100000000000110010000100111100001001
9
1100001101000010010000111000101111001100
40
100011100010000100011110010001010000000
167
100001111000000000001001000110001010
100
11111100000011111101000000011010010
197
1000011000010010100101100000000000100000
96
110000000010000000101010001001010001011
81
1011010001101011100111011001000111000
87
100100001010000110101010010011001100110
56
1100001010011110110011111000101001110001
122
1000010001111110110000101000100
20
1101000001000100100010011000010100000000
63
1010000110111000000101101000010001
142
1111100110010111010011010010010101000011
96
1111101011101111001001010001101000001110
73
10110101001111101011000101001010000111
11
101011000010101100011101100101101101101
23
110010110110011110001110011001100010010
33
110010000111000010001000001000111010000
1
110000000010010011010000001011010110000
73
111100010000010000010001001000101001100
179
111011100000011000000101000001010011001
192
11001101001000010100001000000001110110
49
1001010100111001001111000101110100101011
192
10000101001110000110010000111010010001
101
111010010100000111100101000000010010
61
1000000011111000000000011011100110100000
67
1011000101010000000000011000100101101101
177
111011001100010110001000000101001110000
24
10001010000010001001001101000010001000
182
1100010001000011011010000010001011011
64
1110110010010000011000010110100000000111
119
1111101000010000010100000100101000001110
182
1101101111001111010000011000001110100111
151
1000010000110010011110110000000110110001
105
1100010001010011110010111011001010001110
183
1101100011110111110010101000000001111010
75
110001000000100001001010101010001010000
36
110111010100000110100010010010011010000
186
11111010011011011100001001101101001101
18
101010001010100000011101110110100000000
100
1001100100001000100100101100110011010
172
1010110001101111111111010001000110010010
79
10000001110000110110101000110010100011
115
110110001111011000010010000000100110110
12
1001100001000000001011011000110000001000
193
1111100110000011110110001010110000001110
167
101111011100010001000010010101000100101
159
1000001100010001000001110000111101010101
104
10011001000001010100111110001101101100
174
1011101000001001011001100110010101111
7
101100010010110010000001011000011001000
37
100110100000001000100010100010111001000
8
1000000000001011111000010100011001110101
121
1111100011000001011100100011101100000100
185
1100100011101000001010001000010011001101
8
10110010000010011010100110010100110000
77
1001110000010100111010111110000010100000
173
1010111011010010101001011010101101010001
105
1000001100001000110110100110000001010001
141
1101110011110100110100000110011011011010
196
111000010001110101110010001101000001111
181
11001010000000100101101010110110100001
31
101010001101101010010101101000100110100
34
1010100100111101010110001100001001001
200
101001110010000000101011000001100100100
145
1000010000101001000001001010100000001
59
1100101110000100010011110011001001101110
176
101000110000000100001100000110011000
48
1001100111110000001011111110010000010100
183
10001000000101100000010001110110010010
139
1000010100100000000100001001000011100011
128
1001110101101110001010110111011111001
38
10011110111010100000011100111000110
164
1100100111011000001100110001011110
57
10010000000111000010111100101100011001
48
100010000110100001010010000111011000001
194
1101000110011110100010000111001000001100
111
10101101100110001100001011110110000111
190
100000100000111011011011001001111001100
88
101001100001001100010110101101000000100
76
101001000000001010001000100100010110001
171
10100111000100011000011010111001001101
139
100110011110000001010111111111000111
3
100111000010011001000000000000010110001
151
111000100011001010010100001011001101111
101
1101001010100000111111100110101101111
66
1010001100010000001010010001111110110101
13
1001111001010100000111000101001110100110
161
1100001010100010011001010001111110001
142
110001011110101000111000110100111101111
86
101001110100001010100000110011100100011
26
101001101000010001101110110111011011010
86
100000000100010000010000011001100001
191
101110000100010101011100000010000011000
51
101000011001010101011000001110000110001
200
1100011110100001111011011110011001100
188
1001111110100000110010000100001011101000
47
11111000010111000010001110100111010
14
111000011100001001001100100100001101001
108
1101100011000010011010001010000101111100
103
1000011000110110010110000010011010100010
36
1000100000110001110000001100101111000110
61
110001101100000010100110001101000010110
91
1100011001100000010100101010000010111001
89
1011010100010000011000000010001000011
175
1001010111000011110010000000000100011011
165
100001010000000011100010100001100110000
76
1111101101000001000101001100000000111000
180
100000000100000010100100010101110110001
78
1110001000001010000000111000010100010000
102
110001001001110000110010011110000111
43
100100010001011110010111110001011000000
181
1000110101110011001001000001010010101000
9
111000000000100000101000110100000000000
114
1110000110000101000110101010010011011
19
1100010001001000000010110110000111010110
183
1101011010100001001000110110010011110001
172
1000101110000000100110100001110100010101
121
1000101001100000100000110001100011101011
97
1011000001100100100000000000000010010000
186
111000100000000101001001011011010000
101
1011011000001101011110010001011100011100
42
10000001010001001101111011010001110000
14
10100000101010011101111000010100011010
21
10010010011000100000101010010100001100
172
1001011011111110001001100000011000100001
55
110100010001010100000010010000011001101
101
100100001011110000001100100000001000010
12
1000101001010001101101001001000001011101
187
1000000001000100011001100100000000010011
185
101001000001011001000111011000001110010
154
1100000000000000100100001001010110000010
138
1100110000010000011001000001100011011001
50
10011110001010110010000000000000010100
10
1001100100101101101110100000011011001
150
10000101001110000001111101111011011110
43
110010000001111010100110000011101000101
120
110010000100011001101100010010001110000
158
10011110100100000110011000001100110101
134
1111010000010110101000001011100100010011
54
1110110000000011011101100000001100
16
10011000011100111011010000110000111100
11
1000011110101011000110100010110111010
30
1100101001001010001011001101100001000001
169
1101011000000101101101110000010000001001
22
1110110111110000010011000001101010011010
129
111010001000001010111000000011111001
74
1111111010101100011000011011011001100
114
111100010110101000001100100000010000000
56
1111111011000000000111100000011110001000
37
1000010000000000000110100001011101011100
4
1000100010000100010000000110100011000
162
100000010101001100100010001000000110000
25
100000100011110111001011100011010000
100
1110110001101100001000001000111101110111
193
111000111010000000011011000111110110000
45
11100000010001000000010101011110011100
188
1000010100000000101101100011101000
129
10111101100000110001101000001101100110
39
11000000011000000001111111000000000010
67
1001011101110010010001011101100111011011
119
11011000100001011100001011000000000000
100
1100100000111011000100111001010011100001
184
1000110100001001010011110000100101010001
28
1001011011000010000010100011100001111111
169
1011101101100001001111011010010110110000
148
101000000011010010011000010101001000111
42
101110000111000100001110110110100011
116
110011001000010001010100011011011110
101
1001000111000011101001111001100000010001
190
110010111001000110110100101000010000
50
11110100101111100011000011000100001100
35
1011000001000001010110101001000000010
78
110101110010110111000000000000000010001
199
10000011000011101110100100000100000000
70
1010001101000100111100111100010001000011
119
1111000001010100001100100010100010100
99
1010100001010001001101010111001000001001
135
10110000100000000000010101010010100010
175
10010110011001100101001001101110110
116
1000001100000111100001101000010110110100
186
