40 100
10001011100000010001000000000000
174
10000000000000000001000
188
10000000100000000000001000000000101
130
1010010000000010000000100000
136
10000000000100101000000000000100000000
83
100000001010000000000100010
130
10000000000000000001000010
30
1010100000000000000000000000001000000000
24
1110000000000000000000000100
29
1000000000000000000000000
6
1000000000000000000000000110000000
111
1100100000100000000000100
125
1000000000000000001
40
1000000010000
170
100000000000000000000000000110000100000
146
1000000000000000100000000000001
180
1000000010000000000010000000
12
10000000000000000000001000000000
144
10000000000
28
101011000000
128
100101100000001000110000000001110000
49
10000000000000001000000001000000000001
12
101000000010000100100000001
85
1000000000001000000000000010000000000000
135
100000000000000000101000000000000000
35
100000000000000010000
3
100100100000000000
151
10000000000000001001000010010000
132
10000010001000000010000000000000000
176
10010000000000000000000000000000001000
77
100000000000000
15
1100000000000100000000000000000
185
100000000101000000000100000000100
104
1000000000100000000000000
186
100000101000000000000000000000000100
95
10000100000000000000000001110010000
76
10000000001000000
69
1000000000000001000001000000000001000100
132
11001000001000000000001000
43
1000000000000000000000000000000110000000
75
1000000000100000000000000000001100000000
164
10000000010100000000000000
169
100100000000000000100000101000
156
10000000000100000100100010000
131
1000000000000000000000001000000
133
1011000000100000000000000010000110010
11
10100000000000000000000000100001
166
1010000000000000000000000000
14
10000000000010000100100100
156
1000000000000001000001000000000001
156
101000111010110010000000010000
60
1001000000100000000001000010001000
31
100000000101
91
10000
123
1000100000001000100000000000110
59
1000010000000000000000000000000
88
10000000000000000000000110000100
107
10001000000000000000000000000000010001
121
1000000010000000000000100000000100000000
148
10000000000000000000000000000000000100
109
1010000000000001000000000000010000000000
172
100000000000000000000000000001000000000
39
100000
56
100000000000001001001000000
112
100000000000000000000000000000000001
178
101000001000000000000001000
171
100000000011001000000010000000000000000
117
1010000100000010000
113
1010000010000000100000000000000
137
100000000000000100000000000000000001
139
100100100000000000000010010000000100
193
10000000001100000000000000000000
59
100010000000100000000000001
126
1000000000000000000010000100000000000
117
1001010000100001010000000010000000
121
100000000000000000001000000000000000000
56
1110000000000010000000100000000000000000
161
100000000010001000001010000100000000010
72
1000001000001010000000000000000000
70
1001001000000000000100000010
87
100000000100010000000000000000000000
86
1011100000000000000000001000001000000000
69
1000000100000100100000000011000001000000
155
1000000000000000000000000000001000000000
169
101100000010000000100000000
59
10000000000000000000000000010000000000
7
10100000100000000000000000
62
10000001100000001000100001001010000
166
10000000100000000000000000000010000000
120
110000000000000000001000001001000010000
77
1000000000000000010000000000000011000
165
100000000000100000000
56
100000000001010000010000000
20
1000000000000000100000000010001000000
65
10010000100000000000000000010000000000
159
1000000011000000010101000000000100
154
100100000010000000000101000000000000000
129
1000011001000000000000010
66
110000000010000000100000000000000
159
10010000000100000000000
146
