40 1100
10001011101000010001010000010100
174
10010000000010000000000001001001000
188
10000000100000000000001000000000101
130
1000010001011110010000010000000100000
136
10000000000100101000001000000110000000
83
10000001000100000001010000000110100010
130
111000000010000000001000010
30
1010110010000010000100010000101010000000
24
1100000001110010000000010000100000110
29
10000100000001000001010100000000000000
6
1000000010000000100100000111100100
111
100000000000001100100000100000000100100
125
11000000000000011000000000000000001
40
1000010000000000001001010101000000010000
170
1110000010000000000000000000110000100000
146
1000010000000001100000000010001
180
1010000010001000000010000000
12
10000011000000000010001010100100
144
1001000000000000000001000000010000000000
28
1001000000101011010000
128
1010100101100100001000110000000001111010
49
10100100100000001000000001000000000001
12
10100000101010010010000100101000011
85
1000000000001100001000000010000000100000
135
100000000000000000101010000001000001
35
1000000000000000100001100100100110001
3
10100100100000010000
151
10000010000000001111000010010000
132
100110000010011001000110000110000000000
176
10011000000000000000010010000010101000
77
100000000000001
15
10001100000000100101000010000000000
185
100100100001101000001110100010001100
104
101000000001000000100100000000000001
186
101000101000001000000000000100000100
95
10000110001000000000000011110110000
76
10000000000000100000010100000101000000
69
1000000100000001000001010000000011100100
132
11001010101010001000001000
43
1000001000000000001000000000000
142
100001000000000000000100000000011011000
160
100000000110000001000000011000110000010
172
1110000001010001000000000
194
100000000010010000000010010010000010101
199
10000000010000010100100001100110010000
131
100001001000000100011000000011000000
133
1011000000100010000100000010000110010
11
1000000110100000000000100000000000100101
166
1010000000000000000000000000
14
1000000000010000001101010000100100101
156
10101000001000000001000001000000000001
156
101000111110110110000000110000
60
101001000100110000010001100010001000
31
1010000001000000000100000011101
91
100100000100000000010000000000000010000
123
101000100000001000100100000000110
59
1000101000010000001000000000000000001
88
10101000100000001000000110000100
107
11101000000000010000000000000000110001
121
1000000010000001000000100000000100000000
148
1010000000000000000000000000001000000100
109
1010000000000001000000000011110000000000
172
101100000000000000000010000001010000001
39
1010000010000000000100000
56
1000001000000100000000000001001001000000
112
100000000000100000000000000000100101
178
100111000101000001001000000000011000
171
100000000011001100000010001000000000000
117
10000100101010000100101010000
113
1010000010001000110101011000011
137
100010000001001100000000000000000001
139
1110100100000100000110010010010000100
193
10010000001100100000000001000000
59
10000001000100010000000100100000000101
126
101000001000000001000010000100000000010
117
100001111010010101001010000000010010010
121
100001000000010000001000000000000000000
56
1110000000000010100000100001011100000010
161
100000100011001000001010000101010001010
72
1100001000001010000000010000000000
70
100100000001101001000100000000100000010
87
101000010100011000100000000000000000
86
1011110001000000100000101001001000000000
69
1000000100000100101000000011000001000000
155
1000000000000000000000000000011000000000
169
1000001000000101100011010100100100000001
59
1010000000000000000100000100010000000000
7
10000000000011110000100100000000000000
62
10000001101001001000100001001010001
166
1110100000100000001000000000000010000000
120
111000000000000000001100001101111010000
77
1000000000100010010000010000000011101
165
100010100100000100000000000101000000
56
110000100001010000010000000
20
1000000100000001100000000010011000000
65
1010010001100000000000000000010000000000
159
1000100011000000010101100000000100
154
100100000010100000010101000010000001000
129
1000001000011001000001000010010
66
110000000010000001100000000000000
159
1100000000000010010000101100000000000
146
1000110010000100000000010000000100010100
80
100100000000100010000000000100000100
169
11000000000010000000000
33
100000010010010000100000100100000011000
171
1000011010000000001001010000
198
1100000100100000001000100001001101000000
115
1010000010100001000011100000000
3
1101000010100000000000000100001
90
1000000011001000000000000100111010010000
111
1001000000100000000001100010000100000
172
1000000010000001000000010011000100000
134
101000010000000110010001000000000010010
10
111000000000000010011010110100000000
185
10010000001000001010000010000000000
168
100000000000001100000000000000000010000
102
10010001100001010000010010000000001100
144
101001100010001000101000000001100000000
55
10001001000011000001000000100000100
85
10000000001000000000000100001
72
1000111111001000000000010000000010000
175
100100110000001000100000111000010100000
65
10000000000110000011000000010010000001
26
11010100000000000000000010011000
191
1000000110000010000000011000100001000
16
100010001100000000110000000001
11
1010000100000010000000100000000100000
28
100000000001000100000100100100001001000
35
10000000000000000000000011000000000011
127
1000000000100001001000000000001000000000
29
100010100000000000101010000001000000000
188
100000000000001000110000000010010
110
100001001000100001000000010000001010010
174
100110110000100000000000000100000101110
108
1000000001000000000000000000011010000100
108
1011000110000000000110000000000010010000
184
1000000001000000010000000010000001000100
92
10000110000111000010000000000001000
14
100111001000111000001000001010000000000
124
10000000110001010010000000000100010000
55
100010000000000001100000000000101000
162
1010000001000001000000000001100
188
10101001010000000100010000000001
105
10000010000010000000001001000000010000
171
1100000000000010000000001001000000000100
27
1001010001110000100001000000010000000000
176
1000010100001000010100010000000110
124
100010000000100000010101010000011001
38
10010000000111000000001100000000000
109
1101001000000000000101000000100
42
1010000010000000000000001000000001000
98
1000001010000000000100000000000010100
119
1000010000000010010000000000000000000100
53
1000000001010100000001001001000000
128
10100000010000000000000000101001001000
40
1000000000100010000000100000000000001000
63
1000000110000100000001110000100001100000
162
100000001000110010000000100000000
160
10000000000000100000000110000000101000
57
1000000000000010000010000100001000010000
196
1000010000100100000001010101000001110
60
110001010010001000000000000110000
51
1010010010000000000001100000110010000000
53
10100000101000000010001000100000000000
180
1000000010001010001000100100011100100
153
1000000010100000000000000000010101000001
148
100010000001001000100010000000
97
1010000000100010000000000000000010111
43
10110000001000000000100000110010000001
9
110100000100010001000001000001001
97
1100000010101000000101000010001000001010
25
10100000000000100000100000000100000000
91
100010000001000000000100000000
191
10000001001000111010001000100100010
169
10000100001000000000010010011000001010
120
100000001100001000000000110
152
110000010000000100100100100000000001010
5
10010000000011000010000000000
28
10000001010000000000011100000010000000
26
100000000100000100000000001010000001
46
1000000000000010100000000000010000001
194
1000100001001000010000010100110010100000
132
100000100000000000110000100000000010000
12
101000000000001000101001000001001000
25
1000100000010011000010101100000000000001
152
10000000010100000000000000000000100011
24
100101001001100010000000000000
163
1000000001100010011010010010
162
1000010000000011000001000010000100000001
50
100000000000000001001110100010001001
91
100000000000001000000000000000011010000
144
101001010000111000000100000001100001010
118
1010001000001011000011001010000000000000
123
10000001000010100000000010100
89
1000000000011000001100000010010001110
171
1000010001000000001000110000010001100010
51
100000101000000101000100101000000001000
8
10000001011000010000000000000000010000
50
100100000001111010000000100000000000000
117
1000000101110001000000000010100000001
12
101001011000101000100100001000010010100
165
101010000100000000010011000100000010000
191
10000000111100000000000000000100000
107
100000011010001000001001000101110000000
16
101000000001
43
111111000100000100010000000001010010
12
1010001100000001100100000100000000000001
130
1000001100100010100010010010000010
197
1001000000000000010011000100001101100001
190
1100100000000010010001000101000010110
8
1000000000010001000000001000000101100001
41
100000101000100000000000000001010100
107
1110000001000000000000000001000000101000
9
110001100000001001000000011000000100010
155
1001000100000110010100000010000
184
1000100000001000010000000000010010
139
100101000010000100
20
110000000001101000100000010010011000110
86
1000000000001100000010000000010001001010
96
1000011001000000001100010101000100110001
185
100011101100000000000000000100001000
162
100000100000001000000000000001101000
107
1100000000000110100000001100
181
10100000000100000000000001010100000
71
1001000001001100000100001110001
194
110001010110000000000000000000000100000
14
100000100001000000000000000000000
167
110000000000000110011110000000100000000
45
100000010101010000000011010000000010000
178
100100000001000010011010100100000000
181
11000000000100000000000000010001000000
131
10011000100001000000000000000000010
99
101001000011000000000000000010000010
91
110001000000000010100001000111000000
123
100000010000001100000
36
1000000001101001100000000000010011100
104
1000110101010100000000000000000010000000
86
100000000000011000100011000000000
99
1000000100100011000000100000110000000000
149
1000101010000110000000010101010100001010
13
10010001000000000000000010001000000
184
1000000001000000000000000000000000010000
114
1000000000100000010000000000000000001000
32
10001000000100100000000000010101000110
48
1000011001100001000000000100
58
1000000010001001000000000010001000101110
50
10000000000000000000000000100001001
170
1011000001001100000000011000000001010000
61
1000100000100101000101000000000000
185
1100000001000000011100001000000000000100
194
10110000010000000001010000111000100000
111
101000010000001000011000101010110000
56
101010001000010000000001100000
61
1000000011101101001000100110110010
196
101100010000000001000
68
11000000000110000000000000000000000100
160
1000100100000100000000100011
133
100001000000011110100000000100110010
165
11000100000110000010000010010000
113
100100010100000100100000110100000100
52
10010000000110001000010001001000000
139
101100000000000000000010010000001000
172
100000001000100010000000100000000011
133
1000000001011010100000010000001000100100
200
101000010001101000000011000000000
116
100000000001100000000000001111010111100
138
100000000000100001001001000000000
72
11000000000100000000001100000000
12
110000001000010000001000000001100100000
82
1000100101001010000010010011110001
158
11001000000000000001000000011011000000
28
10000000000100010110010100000001000000
174
100000010001110000000001100000000001001
58
10101100010000100010000000000000
126
1100000001000000000000110001100000000000
104
1000000000001000000010000000010000000010
182
100001010001000011000100000010000000000
61
1100000000000001001000010101010000100
99
10000000010101000010000100000100000101
161
100010001000100110100000011101
180
100000100100011000100000000001011010
7
1011001010001100000101000000011100100000
143
100000000011000000000000000000001000010
64
111001000101000010010000001000000011000
134
100001000000000001000001001000011101001
54
1001100000010010110010000010000000000
167
1100001000000010001000010000001011000001
95
1000100001010000000001000100001001000000
132
10001001001010000000100000000001001000
117
11000000001000000101000010000101000000
111
11000000000000001001100010010000000
82
100000000000111100000100000000000000001
32
1000000110000010000011001001001000000010
192
100101000110011000
41
1100110000000100111001001000000100000000
32
1100000010000000100000000000000100000100
48
1000100010000000000100000010000001000000
143
100000010000000000000000110010000000110
34
1011000110011000000010000001000000001
14
1000000010000000001111000000100000000100
116
1000000000000101010000000010000
184
100000000001010000010110001000000001000
112
10000000000010000100001001000000110101
140
1000000000001100010011010000000000100000
180
1000001000101001000001000011100011100110
19
110000100101110011110011011001000
24
1010000000000010100000000111111010000
129
100000000101100001111000000001010000
14
1000000000000001000000000000
50
100000000000001001000000010110100000010
163
1100000100000000001000010010000001100010
85
100010010010000010110101100100010000
33
101000100000010011000010001000000000000
137
1000000010010000000000000010010110
97
1000000010110000000010000000000000
112
1000100010000010000100010100000000110
32
1000000000000000000110000000000000000
123
10000100000001010000000000001000000000
177
1000000001010000000000001100000001000000
1
100101010000000000001000000000001001011
157
1000000100000000000010100000001000
158
100001000000101000000
138
1000100010100001100010000111000101000
14
1000011000000000000010000100101001111
135
100100100000000001010010000000000000
173
100100010000000000010001000000001101000
164
1000001000110000000000000001000000001
96
1000010010000000000010001000000010100010
168
10000001010000001010001000000010010000
75
1100001001000000001010011000101010100
26
1000000000010110100000001011000010
111
11000010000000000000000000001001000000
123
1000000000000001010000010001100000000000
89
101000100000100000000000010001000000100
174
10000000000000000001000001000000000100
196
1000100000000000000011000001000
99
100010000000010000100000000001010000000
192
11001000001000100010011000010000000
96
100000101010000010000000001010011000000
11
1000000000010000100010000000001000
160
1000000100101100010011000000100000000001
25
10010110010101000010101000000000101
59
1000001101010001000000000000001010110
164
10000000001000100000000010010010010001
178
100000100000001000000000000001010100000
34
1010000010100010000010000100000001
63
1000000001110000110000100000000000011100
142
1000111001000000000000000000001000000100
181
100010000000000010000001001000000000
24
11001010010000001100000010100000000
189
1000000001101000000100001001111100
152
1001010100000000000000000100010000000
34
100000100000000001001000000000101001000
140
1000000000000000110001000000000010000
29
1000000000000111010000010000100000100
38
10001000010000000000000000000000000010
73
10000000011010001000001011000000
110
1000100000000000000000000000000010100000
83
10000100000000000001110001000000000100
23
1100100000000000101100010000000000001000
192
10000000000100000000100000
40
1010011000000000010000000000000000
152
10001000000000000010010001001010001000
177
10100001000000100000010010100100010100
34
101000100010001000000000000001000000
197
10000000001000000000000001000000111
142
100100010010000010000100000011000000000
163
1000001100100000000000000000000000000010
147
1000000010100010010011010010000010101
167
1001010000000000000000100100011000
119
1011000001000001100010000000000110001000
40
100000100100000000100100001000000000110
32
11000100000111000000000010010011000001
138
10001001111000001000000100000000010000
158
1000000100100000010011010100010000011000
183
1000100101001010000010001000000101000
121
1100010000100000000000000100100000000000
173
1001010100001001001101000000010000010
27
10000000000000000000110010000000000000
104
10100000000010100000010111010000100000
75
100010000000000010000010100000000010000
195
1100000100000010100010010110000000000
113
11000000000010000000000011100101
190
1010000000100001000001000101001000100100
77
11100000110100000000001000000000000010
138
1100101001100010000010100000000100000001
81
1000000010010000100000100001
183
10100000001000110000000000000000001010
109
100001010000100001000000011000001
148
1000000000000010001011000010001000010100
122
1010000000000000100101000100100110000
75
1000000010011001000000010010000000000100
190
101000000100001000100000000000011000
72
1010000000111000010001000010000010101010
87
110100000000010000100000000000000000
4
10000010001010000000000000000001000100
146
1000000000000001001001001100000000100
132
100000000000000000010101010011000000000
83
10010001011001100010000000000100000011
193
100010000000010000101000000001000010
60
1011010100000010001111001010001100001
12
1000000001010000100100001010001001101
115
1101000010011000000000000011000010100
10
100000100100100111000100000000000
9
101100000001000010000001011000000110000
131
10000001011000001000001000000000010100
137
101010000000000100001000000111000000
73
100000000000000001000100000
24
100000000000001000100000000010000000010
12
100000001010000010000000000000010000
117
1000101001010001000001010100100
92
100000000000000000000001000000001001
15
10000000000001010000000000001000000
127
10001011000100000100000010000110001000
100
110010001000100010010010000100001000000
76
1000000010100000000000001000000010010
110
100000011001000000000000110101000001
196
101000000000000101010000001000000001000
125
1010000000000000000100100000
115
100000000000000110001000000
131
100000000000000000001000000010001000
1
100000110000000000001000001010001000100
38
10001010100011001000100101000
105
1000000000000001100000000000000000
100
1001000000000000000000000000001000000
66
1000100000000000000000001001000101000000
35
1010001010000110000000000000000000000000
52
1000010100001000000000000
25
10100000000010011000110001000100000001
106
1010000010000000001100111011000000
149
100100000000000010010000000100001000
66
1000100000110000010000010000000000010
87
100000011000001000111000000000001000000
41
1000010001000000000101100000001
102
1110000001110000000110000010000001000100
99
10100011000000101000000000000001
154
101000010000000001111000000000000000111
130
10000000000000101001010000100000000100
62
101000000001110000010000000010000000000
26
110010000001000000110000001000000000001
138
1001000010000000000000000011101
25
1010000001000000000000010000011100100000
5
111100001100000000000101101000010000
10
10000010000001010100110
24
10000001000001000000000000100000011100
88
100000000100000000100111100000100010
184
10011000000000100000000000010
153
1100100000001100011001100010010000000
103
100000000100000110001000011011101110
156
1001000010100101000010000100000000010000
14
101100011001001101111000100100000000
36
101010011010001000000000010101000100
82
11010000010000001001100100000001100000
5
100000101001000000000000
22
1100101000010000001000010000000000011010
53
11000000000111000001010010000000000
92
100000110000000000000100001000000
117
1000100000000100001010000000101010
18
100000010000000000001001010010010101100
166
10000000000000011100000
150
100000000001000101100101
99
10001100001010000101000000000100000
15
11000001111110000010000000100100001
8
1100010000001011000000001100000010000011
66
10000000010011000001000000001000
41
10100010000110000000101001001000
187
11000000101100000010000100
108
1010000000010000000
87
1001000000001000100000010000000100
156
11000000100010001101000001000100000110
137
1000000000010010000000100000100010000000
73
100000010101000100000100011001000000000
15
100000100100001010011000000000101111000
18
1000000000000000100010100000000
77
1000100000000000000000000
159
10000000100000000000110000000001000
42
1000010000100101001000000100000010000
138
100000001001001100010000001100000000000
151
1000000000000100011000100010001001001000
16
110000101001110000110000000101000000001
16
100000100000001000010001001000000000
117
1101000100000001000000001010000110010
18
101001111000000010000011000000000000000
136
1000000000000010000000010100100000100000
47
100110000100001100000000000010000000101
38
1111001000000110001000000001100000
181
10110000010000000001000000000000001000
41
1100100000100000000000010000000000100
7
110000011010101000101000010000010000
1
100110000000000000001000001011001001000
30
10000100000101000010000010001000010000
16
10010001100100100010010100000
93
1000100000100000000000000000010100100000
82
1000010010001010001001100000100100
66
100100000000000000100000001011100100
159
1000100000100
94
1001000000000001100001000000010010000100
58
1000000000001001111000000101000000000
160
101000100100010100100010100000100
144
1010010000001000100100000010000000001000
11
1000000000010000000110000000000010000000
68
10000001000000000110110000001000000010
183
1000100000110000000110000000001
7
100001000000100101000000001001110010
85
100000001010001000001100000000000000
32
1001000101010001000000010000011110000
89
1001000010100100000000101000010100001010
72
100000010001101000000100010000000100
186
10000000000000000010000000011000010001
87
1000110000000000001011000100100001100
68
100011000100001000000000100000001000000
8
10100010000010000000000011101010100
85
1110000011100001000001000000001000101010
163
1100110100000000000010100010000100001111
32
10100000000000011100000010110000010
129
1011100000000001011000100001010001001001
126
100010010101000000110000000101000000000
62
101111000000000000000000000011000000001
101
11010000000100000000000101100110000
198
1001000000000001000000000111010
186
10011100000000100000000000010000001000
97
10101000001000010100001011000010100000
191
10001000000000010000000100000000000010
198
110100000010000000001
185
101011010001000010110000100000000001000
199
1000001000001000000000001000000100
144
100000010000100000001000000000001000100
75
100100011010000001000000000
137
1000000000000010101001000010001000000
144
1000001000001000000100000101000000010000
112
1100000110000000010000000001010001100000
16
1100000000000000010000000000001
178
101001000000000000010110011
74
10101000000010000100110001100000001001
71
1000000000000000000000000000010000000010
157
11000000000000001000010001000000000001
185
1000100110000011000010001000100010011010
126
10001000000010100000010000000000
195
1000000000000100000000000000100100
52
1100000100100000000000100110000000000
183
1000001000000001001010001000000000100
148
10000000000000100000000000100000
55
100010101000010000001000000001000000001
30
1000100100010000000000001000000100100
124
110110000001100100100011000000
176
10000100000000000000000000100000001010
20
1000001010010000000110000010000000
53
100011010101010101110111100000011001000
132
100100010000100000000010100000001010000
83
1000001000010100000000000100001100001
8
1000000111000110000000110000110100001101
86
10100010010100000000000000001000000000
156
10000000000111000000000100000000110001
170
1001000000000100000000000000000000
91
1111000010001010000000001100100001001100
125
1001110100000100001100001000010010
145
11011000100000000011010000000000000000
15
1101001000000001000011010101011100
44
10101000110000000000000000000010
196
100000100010000000000001000001000010
135
1000001000000000001100000001001111000
74
10000000000010000100000000010000000010
74
1001000000000000000100010000000000001100
104
111000100010001010000000010
174
100000010100000000111010000000
71
10001010010100000010010000001101
164
1100000000111000000000000000000000000010
20
1001001000000000000000001110000100
86
1101000101000000001100000000000001100
111
100001000000000010100000000100
187
10010000101000010000000100000000
185
1010001000000000001001001100010001000000
149
100000000101010001000000000000000100
36
101100100000000000110010001010010000
113
1010011000000101001000000000000010010000
88
1000011000000101000001000100000100001010
111
1100010000000010100000000000000000100100
111
100100000000110000010000010000010010
11
1001000001000100001000101100100001000
134
10110010000000000001100000000000010000
89
10001110000010010000001101100001101100
158
1100000000010000010010000000000010000
31
1000100010010010100010000010101000010000
143
100000001000001000010001010000011000000
124
1000100000000000001000000000101000000000
113
100000000000001000000
139
11000000101000000000000000000010001
184
100000000101100101000010100100001001000
192
10000000001000000001010000100100000011
97
1001100011000010000000001001000011000000
54
10010001000001000000000000000000010010
9
1001000000000100000001001
55
110011000110000010000000000000000010001
165
1100010010100000000010100001110110
57
10000000000010000001110000000000000000
11
10000000000000000100000000000000000000
111
10000011010000000010000
124
10001000001000000100000011000101001
119
110010001000000000100010110000101101001
34
10000010010010010000000000110101000
154
100000110000000110000000000010000
12
1000010101010000000000000001000100000000
67
1100100010000001001010000000010000011
40
1000001100010000000000000000010000
92
100010000000000100000001000100001
17
1100000011000100000100000000110010100
172
1000000001010000000010010000000001010100
1
1001100100010000011001001000001001000010
65
10111000100010000000
3
1010000111000000000000000011000
58
1010000001100000000100100011110010000000
164
1000000001001000000001000010000010001
51
1000110000000000010000000
35
11101010001000000010000000000100000
156
1000101001000000100000000010001011
14
10000000000000000000000000000010001
124
1000010000000010000001100000100000000
102
10000000000100110000100000000000100010
145
1001000010000100010000000100100
115
110000001100001010000011100001000000000
55
1011010000000000100010000101000000000110
196
100010100001100010001000000011000110000
33
1000000001000110100010010001100000000
125
1000100000001010000010000000000000100000
83
110000100011000000011100100000
61
1000001010000100010000001000001000000010
120
1000000000000000000000000010000000001100
138
1110001000000000000001010100000000
143
1000000001000101000010000110000000000000
17
11000100000010001001100000001000
159
10001010001000000100110000100000010
162
1001000100100111100001100010001000000011
2
100100000000010100001000001100001
173
100011000100001100000000100010000000001
50
10000100001110000100000100000000000100
99
110000000000000100
95
1000000000000001000100000000000100010
150
110101000000100100000001010000000011
118
1100000000000100000000000010000000000000
199
110010000100000000010000000000100010
44
10010000001100100010000000010000000001
43
10100001110000000010000010101110000011
80
1011000000010000100100000000000001101
42
1000000000000001001000000000000000000
124
1000000000000111000000001010100
136
11100110100100001000110010100110000000
73
100000011000001010000010010000000000
40
1010000000000000100000010001000
75
1000000001000100110100000001000000
129
1001000000000000000000000
3
101000101010000000000001000001001000100
69
1010101001000010010000000000000000
63
1001000000011000000000000000000000000000
114
100000010000110001001110000100000111000
27
1100010000010100100100010000000000000010
120
1000001011000010000010000000110000000001
144
10100000011001010000000011000001
141
1000010000001001011000000001000010
117
1010000000000110010001000110000
191
100000010001000000000010001
11
11001100001010010100000100000001100
174
1000000010111000100010010000010010010
92
100000100000001000000010010100010000000
122
1010010010100101000010001000000010010
170
10000011000000000011000010100001100
55
101010010010000010000000000000000000
172
1000100001000000000100000011011
68
101001000000000000000000100000000001
197
10000010000000000000111000000000000
142
100000000000000000010010110001100011
11
10000010101000000001111000000010000
77
100001000000100000000100000000010100000
9
100010010010011100100100100001001001000
161
110000100010000001111100000000100100000
96
1100001110010100101000100000011001010000
19
1000000000000000000100010001001
151
100000001000010001000100000010000001000
168
101000100100000000110000100000001100000
15
1000010000000000010000110010000100011100
125
100001000000000100001000000010000001000
144
10110001000010010100
101
1000010010000000000001001000001000001000
197
10001000001000000000000111100000000
32
100101100000100100010110100000
19
1101110000110000000110000001010101001000
143
10000001011001100001010000000000000001
85
10011000000000000110100100001000010010
8
10010000001000000011001100000110000
1
10000100111001000110010000000000
169
10000010000000000100000
50
100001000001010000100000000011001000001
41
110110001100010000100001000
182
10000000000000001000010011000001000010
178
100110000001100001000000100001000010
45
11000100000001001010000000010000000001
97
110000101000100000101000000000010100
11
10101000000000110000000010000001100
65
101000100011001000010100000000000000001
32
100011100001100001000001001010100000
131
101010101000
76
11010001001011000010111001010000010011
45
1000000101000000110000000000011001001100
98
1000001000101001000000000000000
48
100000000100000000000000000000000000
40
100000000000010001000000000001000001010
52
1000100100001001000001000101010100000
39
10100000101010000001000101010000100
142
10010010000000000000000000000000000
174
100001010000000000000
68
10001110000001000101000100010000000000
68
1000000000001000000000011001010011000000
29
100000110010001000000100000000000000001
29
11101100000000000000000000000000000
143
10100000000010000000001100000001110001
123
1100010000001001100000110010000011
143
100000001000000010011000000000000000000
68
1000000000000000001000000010000000010
180
100100000000001100000000000000000000
119
1010001000000000000000001001001110000000
182
110000010000000100010011100000
108
1000000000100000000001000000000001001000
8
100010010000000000010000001000000100
123
1101100001001000000010000000000100000000
173
100000000110001000000000001000001001010
178
11010010110000000111100000000000100000
112
100100000000000000001101010000111000
97
1000000000010000111100010000000001011000
33
10000000001000000100011000000000000001
7
1111000000000100000000001000000000010
154
10000000010000000001000000000001000000
14
100110011000000000110100110000
62
10000100001100000001000011100000101000
68
100000000010100100000100000010010110010
65
100100100000011001000101000000
141
1011000000010001000000100010000001000100
125
1000110010010001011100000
42
10111100000000000000001001000
94
100000001100001110000001010100000100100
119
100100000000000000001011100010000010000
48
10000000100000001001110010001000110000
12
10100010000000010000001011
53
100010000000000000100001001000000000110
181
100000000010000010000111000010000
16
100010100000100010100000110000100010101
58
10100000000000000000000011000010000010
143
100000000100101100100010010000001100001
4
1010000000000100011000010011001001110
65
1000000101010000101001001000000000010000
191
101001000100011000000110000010000000000
164
1001011000100100010100000000000000000000
140
110010101000000000000100000000100000000
174
1010101100000000000010000
109
101111110000010010100100000001100100110
54
10100000000001000000010000101001000
112
1000000100010000001000001000010001001010
83
1100000101010001000001000000011010000010
37
100101100000000000000000100000000000000
181
10000000000000110100000000000000000001
79
101000101000010000000001000000010100
131
11000000000000100010000000100001000000
70
110000001000000001000000001000000
93
10000100100000010000000011000000001
46
1000000101100100010000000001001100010
176
1000001011000100100000001000000011001001
139
100100000001100001000000100000000001000
2
110000001000001010000000000000011000
180
1010000010000000000010100001000000110100
143
11111010001000001000000011000100010000
118
1001100011000001100000010000000001010011
101
110001101010000
43
10000001000010000001000000100010
64
1000011000000000100000000101000010000000
57
10000000100001010000001110000000000010
129
100000000010000010000100000100001
54
100000001100000011000100000000100010
181
100000000000000000001100000000110000000
98
10001001100000000010001001001100000000
172
1011000101000000000101001000000
105
10011111001010010010100101010001000
159
100001100000000100000000110010101000110
170
1000000011100000100000100000000100110100
171
1100000000010000001001100001000000000000
186
1101000000000000000000110000010000000000
164
1110010000010000110000000100001000010000
176
1010010000100000000100000000101000100
129
110000000001000000101001000000000000110
152
1000111011100100000000000000001010000010
96
1000000000010001010000000010001100000010
105
1001000011010000000000000000010010000010
84
1000000000000000001001010000000
194
101110000000100100000001001000010100
171
10000001100100000001000000010000100
49
1010000010000000100000001001100010
127
1110010010000010001010000010101
116
10100000000001110100000000001000001011
63
10100000000000111000000000000001100100
62
1000100000001001010000000001000
169
10001000100000010000000001010000000000
132
1010000000000100000101110000100100
53
100100000001000010000100001000000100
35
1000001001000000000000000000101000100
1
100001011010100000000000100100000000
14
10000000100000010100000000010010100000
190
100101001001010010110110010000110000000
55
1100000010010000000000000000000000000001
53
10000000000010000100000100000
17
100000010000000001100000011000000000010
5
1000000000100000000000000100001000000000
25
10001000000000001010110000010
61
100000000000100001110000001101110000000
180
100000100001000010000000000000000000
103
10000000000000010000000001
82
100000110010010000000000010100000000
89
100000000001000000001000010000001000010
24
1000010011100010000100000100010000
199
100000000000111000100000001000010010000
50
1001001011000000000000000
31
1010000000001010000000010010110011
183
100100010000010000010000001000000100010
79
1001001101000000001001000100000001010
147
1000110010100010100000
11
100010000100011000001010000000101000
76
1100010000000000101000000100000000000000
193
1000010000000000010010011000000000
89
100000010000000100000010000000010010
42
10000000000000000000000000000000100000
22
10000010101000011001001100000000000100
3
10000000100100101001010000000000000
125
100000001000110000000000000100000000001
145
10100000100001000001010000010110000
88
1110100000000000000100001000000000011100
114
11000000000000000100000001000000000110
177
100101000001001001100100000000110
39
110000000001000000000
171
100110000000000100000110010000100010011
177
110001000000000100000000000000000000
197
11000000010000100000011010000000111
18
100000000000001000001000101001000101
2
1000000000000000000001000010000000100000
139
1001000000110001000000010100
73
1000100100010000000000100000000000000
134
1000010001010010000000000000000001
90
1000000000000100100110000001000
61
1110101010011100000000011010000000001000
165
1001000000000010000000000000010001011010
49
100001000001000000001000101000010000000
193
100000010100111111010001000100000010
125
10001000000000000000000010100000
165
1010000000000000000000000010010001100
56
1001000000001001000001000000
109
1010010000001000000000000101000000
83
1010001000001001000000011000000000001000
122
10100000000000000010000000000000101000
98
110000000000000000101100000000000010
180
1011010001000000000000100100
141
11100001011010000000001000010
33
1100010010000001000010000000001
164
101000000000000000000010000110100000000
147
100000000000000000000000110001101
9
1100100001000000000010000000000000000100
66
1000101000000000000000000000000000000100
68
10100101000001000001000000010100011000
33
1001000001100000000000001100000010001000
131
10010000001000011000001000000000101
200
10000010000001100000000000000000100
120
101000000010010000000010000000000000001
73
100000010100000001000000110001001000001
105
1001000000000010000000000000010010100001
149
100110000100110010011001000001001000
111
101001000000010000000010010100001000
2
1001100111100000000000100101000001001001
69
10010001100000111001010001010010101
44
100000000000000000000110000001000100000
108
100000000111000011000010100100010
179
101001001001110000001001000
123
110000000000000000000000000001001000010
179
100000000000001101000001110001011101000
24
1000001010000100001000000000001100101
1
1100010000001000011010011010100000
73
1000100100000001000000100100000000000
13
101000000000000000011
68
100011001100000000100010000001000001
23
1000000001000010000100100000001000100001
21
1000010101001000001010000010100000000
23
11000111000010100010010000000110010011
90
1000000010000000000000000000000000
135
101001000100010001001001101010110010000
68
110100000000001000011000000000
164
1100000000100010100000000010000111000101
37
100011010000000100000110001000001010
138
10000100001000101000000100001010000001
114
10101010000000001100000110000100
199
1000000000100000001000000100100100001
5
111110000100000010101010001100100
122
10000101100110010110000010010000000001
171
100000001000100001000010000000
48
100000100001100011000101001010100000010
134
1000000010000100000001010000000000100000
126
100011100001000000100000000010010000000
24
1000001000000000000000000001101000000
38
1100100000011010001000000000000001100110
47
1000000100011001001000000000100101
47
10000110001000001000000000000001000
139
100000000000010000010010001010000000
117
1000001000100100000010010100001001001000
156
10000100000010000111011000010000000001
4
101001010000001010001001000000000000100
144
10000010100010001000000001000001000100
187
110010010011010100000000000000000001000
45
100100000100100001000100000
149
101100001000010000000001010000000000000
136
1011001001111000000000000010001100000001
80
1000000100011001110100000100000010000
149
101001000010010001100000000000000000000
188
1010010000011000000010010100000000
13
110001000000100000000100000
6
101000001000000000100001000000010010
71
1010100001000001100001010000000000000
44
101000011000010110000000000000010101000
190
11000110000000000000000010010000000001
11
1110001000010001100000000000101000100
177
1001000010001001001010000001010000001000
49
110011100000011000110011010010000010000
30
1000001000000000000000001000000000010
125
100001010010000000000000010000000000001
136
1100000110110000101100010000011000000000
188
1100100000000100100000100100011010000001
26
1101000010000001001000000110001110000101
148
101000000000000101001000001100100110100
66
1010100000000110010010011001001000010000
159
100010001000000100011011
189
100101100011001000001001000000000000000
125
1100000000000000010000000000
195
100000100010000010000000000000000001100
106
10011000101000000000000000010000000000
171
100000101001000000100001001001001
41
10000010000000001000000000000010000
34
101000011010010000010100000000110110000
116
1000010100000000000100110000000010100
147
110000100100100000100000100010000011101
195
1000010110000100000001000000000100
45
111100001110001000000001010010001100
93
110000000100100000000000000
74
10011010000100001000100000000001110000
199
1000000010001100000001000000000000100100
117
100000000000010000000001001001100000000
6
100000001010010010000000010000001010000
37
1011000000000000000010000000000
195
100010000000010000000000000000110
168
1110001000000000000000000000000
169
10001001000001000010000001000000000000
92
1000000000000000001010010001000000110
153
1000001001010000101100000000010000
115
1000110010000100000000000100001000000000
171
100100001000010010000000011011000
150
10100000010000000001100100010010000100
119
1111000010100010000010000010000001000100
179
1010000000100000011100100101000011001
53
11001100000000100000000000000000000010
12
11101100001000010010000011010000
169
1100000010000000000000010001100000
92
101001010010000011000001101
148
100000010001000011001010001100100001
135
100100001100000010000100010000
62
1010100000000000000000000000000100000000
118
10000000001011011000001010000
168
1010000000100000000000000010110001010000
110
1000000010100001000010000000000000000
81
10001000000001100000000001000100000000
120
101000011010100000000000100001010001100
22
1000000010000000110000
162
10000100001000001100010000000000001001
95
1110000000100110000000000100100000
47
100000000001000000000011000010000100000
108
100001000000001100000010011100001000000
184
10000000000000000001000110101000
192
10010000000000001100010000000011010000
128
1000001100001110000000000000000110000000
72
11000010100000000000100100010000
89
10000010100100010000100001000000
166
10010000000000001000000100000011010000
54
1100100011000010001000000000000000000000
57
100100101000000000000101000100101000000
197
1000000000000001001000001000
128
10100110000100100010000000010011111100
20
1000010100000000000000000001100101111000
72
100000000000001001000001000000000001000
40
1001100000000010000010000100011010010000
15
1000000010010100000100000011010000000000
138
100001001000000000100000000000000010011
146
1101010010000000000100110000100111010001
47
101111000010010001010000000001110000
58
1000000001000100100000000001100010001010
98
1010101000000100000000100000010011000010
184
100000100010000110101001010001001101000
187
110000000101000000000011100000010000
193
100001001000001000000000100100001000100
186
10001100000011101101010010101010001010
74
111101000100000100010000010000011
107
1100100010001000000000011100
152
10100000001001000001010101001100010
18
1000000100001100010000100001010100
104
1010001001100000100000000000001000010
163
100001000000001000000000000010010000
95
1100101001001000011000000001000000
54
11000000000001011000000110000000001010
56
100000000000100110100010000100000000000
56
1000100000000101100101011000000101011000
86
1000110000000011000000010011000100000101
33
1001001000000000000011001010000000010
159
1010000100100011000000000110000011
79
1010001100000000011001101001001100
126
1000000100001001001000000100100000100001
141
1000010000011001010000000000000000000
26
10010010000000000000000000000000
17
10101001000100000000000100010000
36
10001000010010000000000101000
77
1010010001010101000000000100100100001100
15
100000100000000000010000000100000001000
70
100111000000000011000000100100000000000
58
1110000000010000000000010000001000000000
16
100000000110000001000100110100000001001
34
110101000001100000101000000000000000000
65
101001100001100000011000001
146
1011100100000001000000000000100000100000
122
10000010011001000111000000000001000
15
100010100001000100100000100000000
53
1001100000000000000100100101000000010000
117
100010000000000000100000111000000000
5
100000100010000000010100000000000
165
101001110101001000000000000000010000000
151
1000110000000101011000010000001000
18
11101000000000101011001000000011100
27
110000000000000000000000000000000001010
56
100110100000010000001011001000010000100
86
1001001010100010001100
69
10000000010101000100100000010
188
11010100010101010000000001000000000000
4
100000000000000000000000100000000011
53
100010110001001000000010101000100
93
100100000000000000000000110000001000010
34
100010000010000000111010110001100001000
195
100010011000000010010000001000000
99
10110010000100000010010000000000000
83
110001000000000111000000000000000000100
123
100000110100000000010000110011
198
101101000000001010000000000010011001
100
1010001000000001010110001100100000011000
168
100000000000000011100000000000101010000
178
1010000100000100000000001001000000
89
1000000100001001000010010000100010
60
10000001010001000000010000101000000110
152
1001101000010000011011000001000101000000
131
10010110001000100011100101001100100000
59
100011000000000000101001000000000000010
63
10000010010010000010001001000001010
11
1000011001000001000110001000001100010101
182
10000100000000000100000000001000000000
113
100000001110001000100000000
176
1010000000000100100000000000000
175
11100001010000000000000001001000000
60
101000000100000000001000000000000000000
165
10001000000000000000000000101010011000
47
110000000000000001100000000001100000
153
100000001001001100001000010010000001001
27
1100000000100010010100000001110000
160
10001110110100000000010010100100000010
76
1000010000000000000000100000000000
170
101000010000001100000000001000001
101
111000011001000000010100000
81
10000000010000000000111100000000000000
122
11010100000000000100100100000000000010
97
1000000011010101000100000000100000001001
50
100000111000010000011000100010100
106
100100000000100100000000000000100010
181
110000000000010000000100001000000
7
100001000000000000100010000000100100
10
100010001000010010000000101000100
169
1000100100001000000000000000000101001101
112
10011000000000100000010000000101000
1
10000000001100000010000000000
58
110000010101010000000000011000011001001
129
100000100000001010000000011010000000000
161
1101000000000000100100000100000000000000
69
1100010100000011010000001000100
53
100110000010000000000000000100100010
156
1000000000000011100010001010001100000
86
100010000001000000101000100001000100000
166
1000000001000000000010000010000110100010
154
10101000001010001000101000010001000000
132
100000000000000000000100001110001010110
22
1000100110000000100011000001000100010
33
1000000101001000000000000000001000000010
145
11000000001000000000100000010001001
118
1110010000000000000000111111010000001000
194
1000000010000001000000000001000000000
37
1100000001100001011001000000001000000100
53
10000100000000000000000011000000100000
92
1010010000000100001010011100001101100000
72
1000000000000000001001000010000000000101
181
