40 1000
10001011100000010001000000000000
174
10000000000000000001000
188
10000000100000000000001000000000101
130
1010010000000010000000100000
136
10000000000100101000000000000100000000
83
100000001010000000000100010
130
10000000000000000001000010
30
1010100000000000000000000000001000000000
24
1110000000000000000000000100
29
1000000000000000000000000
6
1000000000000000000000000110000000
111
1100100000100000000000100
125
1000000000000000001
40
1000000010000
170
100000000000000000000000000110000100000
146
1000000000000000100000000000001
180
1000000010000000000010000000
12
10000000000000000000001000000000
144
10000000000
28
101011000000
128
100101100000001000110000000001110000
49
10000000000000001000000001000000000001
12
101000000010000100100000001
85
1000000000001000000000000010000000000000
135
100000000000000000101000000000000000
35
100000000000000010000
3
100100100000000000
151
10000000000000001001000010010000
132
10000010001000000010000000000000000
176
10010000000000000000000000000000001000
77
100000000000000
15
1100000000000100000000000000000
185
100000000101000000000100000000100
104
1000000000100000000000000
186
100000101000000000000000000000000100
95
10000100000000000000000001110010000
76
10000000001000000
69
1000000000000001000001000000000001000100
132
11001000001000000000001000
43
1000000000000000000000000000000110000000
75
1000000000100000000000000000001100000000
164
10000000010100000000000000
169
100100000000000000100000101000
156
10000000000100000100100010000
131
1000000000000000000000001000000
133
1011000000100000000000000010000110010
11
10100000000000000000000000100001
166
1010000000000000000000000000
14
10000000000010000100100100
156
1000000000000001000001000000000001
156
101000111010110010000000010000
60
1001000000100000000001000010001000
31
100000000101
91
10000
123
1000100000001000100000000000110
59
1000010000000000000000000000000
88
10000000000000000000000110000100
107
10001000000000000000000000000000010001
121
1000000010000000000000100000000100000000
148
10000000000000000000000000000000000100
109
1010000000000001000000000000010000000000
172
100000000000000000000000000001000000000
39
100000
56
100000000000001001001000000
112
100000000000000000000000000000000001
178
101000001000000000000001000
171
100000000011001000000010000000000000000
117
1010000100000010000
113
1010000010000000100000000000000
137
100000000000000100000000000000000001
139
100100100000000000000010010000000100
193
10000000001100000000000000000000
59
100010000000100000000000001
126
1000000000000000000010000100000000000
117
1001010000100001010000000010000000
121
100000000000000000001000000000000000000
56
1110000000000010000000100000000000000000
161
100000000010001000001010000100000000010
72
1000001000001010000000000000000000
70
1001001000000000000100000010
87
100000000100010000000000000000000000
86
1011100000000000000000001000001000000000
69
1000000100000100100000000011000001000000
155
1000000000000000000000000000001000000000
169
101100000010000000100000000
59
10000000000000000000000000010000000000
7
10100000100000000000000000
62
10000001100000001000100001001010000
166
10000000100000000000000000000010000000
120
110000000000000000001000001001000010000
77
1000000000000000010000000000000011000
165
100000000000100000000
56
100000000001010000010000000
20
1000000000000000100000000010001000000
65
10010000100000000000000000010000000000
159
1000000011000000010101000000000100
154
100100000010000000000101000000000000000
129
1000011001000000000000010
66
110000000010000000100000000000000
159
10010000000100000000000
146
1000110000000100000000000000000000010000
80
11000000000000000000000
33
100000010010000000100000100100000000000
171
1000000000000000001001010000
198
100000100000000001000000000001100000000
115
10000010000001000011100000000
3
101000010000000000000000000001
90
100011010010000
111
1000000000000000000000000000000000000
172
1000000000001000100000
134
101000000000000100010001000000000010010
10
10000000000000000010000010000000000
185
10000000001000000000000010000000000
168
100000000000000000000000000000000010000
102
10010001000000010000000010000000000000
144
1000000010001000101000000001000000000
55
10000000000000100000100
85
1000000000000000000
72
1000001100000000000000010000000010000
175
100100110000001000000000110000000000000
65
10000000010000000000
26
10000100000000000000000010010000
191
100000010000000010000000001000
16
100010000100000000100000000000
11
10000100000010000000000000000000000
28
100100001001000
35
10000000000000000000000001000000000001
127
100000001000000000000000000000
29
10000000000000100010000001000000000
188
100000000000001000010000000000010
110
100110010000000000000000000000000000000
108
1000000001000000000000000000011000000100
108
10000110000000000000000000000000010000
184
10000000010000000000000
92
10000000000111000010000000000001000
14
100111001000110000000000000010000000000
124
100000000000000000000000000000000
121
1000000000000000000000000001100
188
1000000000000100010000000000
105
1000000000010000
171
1000000000000010000000000001000000000100
27
1000000100000000000000000000000000000
176
10100001000000000010000000100
124
100000000000100000000000010000001000
38
10000000000100000000001000000000000
109
1001001000000000000101000000100
42
10000000000000001000000000000
98
1000000000000000000000000000000010000
119
10000000000010000000000000000000100
53
1000000001010000000000000000000000
128
100000010000000000000000100001001000
40
1000000000100010000000000000000000001000
63
10000000000001110000100001000000
162
100000001000000010000000100000000
160
10000000000000100000000100000000000000
57
1000000000000000000010000000001000000000
196
1000000000100000000000010101000000110
60
10001010000001000000000000110000
51
10000000000000000000100000100010000000
53
100000000000000010001000000000000000
180
10000000001000000100001100100
153
10000000000000000000000000000000
148
100000000000000000100000000000
97
10111
43
100000000000000000
9
110100000000000001000001000000000
97
1000000010101000000001000010001000001000
25
100000000000000100000000
91
100010000001000000000000000000
191
110010001000000000000
169
10000100000000000000010010010000000000
120
100000000100001000000000000
152
10000000000000000100100100000000001000
5
10000000011000010000000000
28
1000000000000000100000000000000
26
100000000000000001000000001
46
1
194
1000000001001000010000000100110010000000
132
100000100000000000110000100000000010000
12
101000000000001000001000000001000000
25
100000010001000010000000000000000001
152
10100000000000000000000000000
24
100101001000100010000000000000
163
1100000001010010000
162
10000000010000001000000000100000000
50
1010100010001000
91
100000000000000000000000000000001010000
144
100001000000011000000000000000000000010
118
10000000001011000010001010000000000000
123
10000001000000100000000000000
89
1000000000000000001100000010010000000
171
1000000000000000001000000000010000100000
51
100000000000000001000000100000000001000
8
1001000000000000000000000000000
50
100100000000100010000000100000000000000
117
1100001000000000010100000001
12
101001010000100000100100001000000010100
165
101010000000000000000000000000000000000
191
1000000000000000000000000000000100000000
43
1000000000011
50
1111100001000001000000000000010100100
116
10001000000000000000000011
6
10000011001000001000100100100000100
129
1000000000000000001000000001000100001
190
100000000000000000000000000000000000
8
1000000000000000101100000
41
100000000000000000000000010100
107
1010000000000000000000000001000000101000
9
100000000000000000000000000000000100010
155
1000000000110000100000000000
184
100000001000010000000000000010
139
100100000010000100
20
110000000001101000000000010010010000110
86
1000000000000000010000000010
96
1000011001000000000000010001000100110000
185
1100000000000000000000000001000
162
100000100000000000000000000001000000
107
1100000000000000000000001000
181
10000000000100000000000001000100000
71
1000000001000000100001100000
194
10001000000000000000000000000000000000
14
100000100001000000000000000000000
167
10000000000000010010100000000100000000
45
100000010101000000000010010000000010000
178
10001010100100000000
181
11000000000000000000000000010000000000
131
11000100001000000000000000000000
99
1000000000000000000000000000000
91
100000000010000000
123
1000000
36
1000000001100001000000000000010011100
104
1000100000000000000000010000000
86
10000000011000000000
99
10000000100000010000000000
149
1000001000000110000000010001010000001000
13
10000001000000000000000010001000000
184
1000000100000000000000000000000
31
100000000000000000000000000100000001000
47
100001000000000000000000
124
100010010000000000100000001001100
18
1000010000
50
1011000000001100000000010000000001000000
61
1000100000000001000001000000000000
185
1100000000000000010100000000000000000000
194
10010000000000000000010000101000000000
111
101000010000001000011000101000010000
56
101000001000000000000001000000
61
11000101001000100100100000
196
100100000000000001000
68
110000000000000000000000000
160
100000000100000
133
11100100000000100000010
165
1000100000000000000000010010000
113
100000010000000100000000000000000000
52
1000010000001000000
139
1100000000000000000010010000000000
172
1000100010000000100000000010
133
1000000000001000000000000000001000100100
200
101000010001001000000010000000000
116
1100000000000001011000001100
138
1000000000
72
11000000000000000000000000000000
12
110000000000000000000000000001000000000
82
1001010000010010010000000
158
1000000000000000001000000010010000000
28
100010110010000000000000000
174
1010000000000000000000001000
58
100000010000100010000000000000
126
1000000001000000000000100001000000000000
104
10000000000000000010
182
1000000000011000100000010000000000
61
1001000000101010000000
99
10000000010101000010000100000100000001
161
100000001000100000100000010001
180
100000000100010000100000000000011000
7
1010000000000100000101000000010000100000
143
100000000011000000000000000000000000010
64
100000000001000010010000001000000001000
134
100000000000000001000001001000010000001
54
10100000000000000000000
167
1000000000001000010000000000000000
95
1000000001000000000001000100001000000000
132
1001000000000000000000000000001000
117
100000010000001000000
111
10000000000000000001000000000000000
82
111000000100000000000000000
32
1000000110000010000011000001000000000000
192
100000110010000
41
1000110000000100101001000000000100000000
32
1000000010000000000000000000000000000100
48
100000000000000100000000000000000000
143
100000000000000000000000010000000000100
34
1010000010011000000010000001000000000
14
10000000001101000000100000000100
116
1000000000000000
184
100000000001000000000100000000000001000
112
10000000000001000000010100
140
1000000000001000010000010000000000000000
180
1000000000101001000001000000100001000000
19
10000000101100011000001001001000
24
10000000000000000000000101100000000
129
111000000001010000
14
1000000000000001000000000000
50
100000000000000000000000010000000000000
163
100000100000000000000010000000001100000
85
100000010010000000110100100100000000
33
100000100000010000000000001000000000000
137
1000000000000000000000000000010010
97
1000000000110000000010000000000000
112
10000100010100000000110
32
1000000000000000000100000000000000000
123
10000000000001000000000000000000000000
177
10000000000000000000001000000
1
100100010000000000001000000000001001011
157
1000000000000000000010000000001000
158
100000000000000000000001000000
112
10000000000000000000000001000000001111
159
1000000000000000010100100000000000000
81
100100000000000000010001000000001101000
164
1000001000010000000000000000000000000
96
10000000000000001000000000100000
168
10000000000000001010000000000010010000
75
1000000001000000001010001000100010000
26
1000000000000110000000000011000010
111
10000010000000000001000100000010000
15
10000010000000001000
82
1000
99
100000000000010000100000000001000000000
192
10001000001000100000011000010000000
96
100000101000000000000000000010001000000
11
1001001000000110000000000000000000
25
101000000010000000010000000000010
117
1010000000000000000000000101000
148
100000000010000010000001
178
100000000000000000000000000000000100000
34
1010000010000010000000000000000001
63
1000000001010000010000100000000000001000
142
1000101000000000000000000000000000000000
181
10100100000010000000100000000000
35
1000000001000000000000000001100000
152
1000000100000000000000000000010000000
34
100000100000000000000000000000100000000
140
100000000000000000000
29
110000000010000100000100
38
10000000000000000000000000000
73
10000000000000000000001011000000
110
100000000000000000000000000010000000
83
1000000000000001010000000000000000000000
20
10000000000100000000000000
40
10000000000010000000000000000
152
1000000000000010010001000010000000
177
100000000000000000000010000000000000
34
101000000010001000000000000001000000
197
10000000001000000000000001000000101
142
100000000000000010000100000001000000000
163
1000000100000000000000000000000000000010
147
10100000010000000000000000101
167
1000000000000000000000100010000
119
100010000000000110001000
40
100000000000000000001000000000000
32
10000000000110000000000010010001000001
138
1101000001000000000000000000000
158
1000000100100000010011010100000000001000
183
100100001000000010001000000100000
121
100010000000000000000000000000000000000
173
1000000000000001000100000000010000010
27
10000000000000000000100010000000000000
104
100000000010100000000011000000100000
75
100010000000000010000000100000000000000
195
10100010000110000000000
113
1000000000010000000000011000100
190
10000000000001000001000001001000000000
77
1100000100100000000001000000000000000
138
1000000000000100000000100000000
81
10000100000100001
183
10000000001000100000000000000000001010
109
100001000000010000000
148
1000000000000000001001000000000000010000
122
1010000000000000100101000000100000000
75
11000000000010000000000000100
190
101000000100000000100000000000001000
72
1010000000010000000001000000000000001010
87
110000000000000000100000000000000000
4
10000010000000000000000000000100
146
1001000000000000
132
10101000001000000000
83
1001000000000000000000100000001
193
10000000010000001000000000000000
60
1001000000000000000001001000001000001
12
10000100100001010000000101
115
101000000010000000000000010000000100
10
100000000100000111000100000000000
9
1100000000000000000001010000000010000
131
10000001011000000000001000000000000100
137
1010000000000100001000000001000000
73
10000000000000000000000100
110
1000000000100000100000000000000000001
45
1000010000000000000000001000
62
1000000000000000000000010000000010010
179
101000000000000100000010
170
1010000100000100000010000010000000000
32
10001000100010000010000000001000000000
6
10100000000000001000000000010000
95
100000001000000000000000010101000000000
40
100000000000000001000000100000000100000
13
1000000000000000010000000000
142
11000000000000
171
100000000000000000000000000000000000000
65
100000000000001000001010001000000100
42
100000000000100000000000
132
1000000000000000000000
94
1000000000000000000000000000000000000000
66
10100000100000000000000000000000000100
127
10000001000010000000000000000
181
1100010000100000000000100000
18
100000001000000000100011001100000000010
148
100000100000000000010000000000010000001
69
10000001000010000000000000000000000000
57
1000010000000000000100000000001000000
106
100000000000000010000001000000000000
157
10000001000000001000000000000000011000
148
1000000000000000000011000000
58
1001000000100000000000001000
78
1000000000000000000000010100
82
10000000100000000000000000100000010001
190
1010010000000000000
50
100000000000000100100000000011010000
3
1000000000000001000000010000110
83
1110000000000
37
10000000010001100000000001000010000
111
100000000000001000000000000100000100
114
1000010010000000100000000000000
56
1000000000000000100011001100000000
173
10000001000010000000001000000000000
118
100111000000000000000011001000
198
1010
200
100000000001000000000001000000000010000
38
10000000000001000001000
67
100000000000000100000000000
103
100000000000000000000000010000000
200
10000000000000010000000000000000011000
120
10000000000000000
7
100000000001010000000000001000
176
1000000000000000000000000000000000
170
1000100100101000000000000
97
101000000000000000000000000000
178
11000000100000000001000001000000000100
8
100000000011000000000000101000000000000
25
10000010000000010000010000000000
148
1000010010000000000000000
165
10000001001000000000000000000000010000
92
10100000000100000000000000000000
92
1000000000000001000000000000000
70
100001000000000000000001100000000000000
198
10000000000000010000000000
60
1000000000000000000000000010
139
100000000000000010001000010000000000101
150
10000010000000000000000100000
112
10000000000000000000000000000000000
130
1000000000100000000000000000
15
10100100000010000001000000000010000000
15
100001000000100000000000000000000010000
40
1000000000000000100000000100000000001
27
11000000000100000000011000000000000
8
1000000000000000010100000000001
43
100000000001000011000000000000000000
132
1000001100000000000000000001000000100
180
10000100000000000000000001000000
31
1100000000000000000000001000000000000000
154
100000001000100001000
44
100000000000000000000000001010000
178
1000000010000100000100001000100000000010
101
100010010001000001000001000
75
100010000100000010001000000000
186
100000000001001010000010010000000000000
33
1010010000000000000000010000
168
10001001100000000000000001000001000000
112
100000000010000000000000000000000100
133
100000100000001000000000000
48
1000000000000000100000000000000000000
186
1010000001000000000000100000000000000100
12
1000000000001000000100000000000000
162
100000000000001000100000
26
10000010000000000000
9
1001000000000010000000
15
1100000000000000000000000000000000000000
64
1000000000010000100101000000000000000000
106
1101000000000000000001000001
99
100001010000101000000001000100010001
189
100000000000100010010000001000000000
107
1000001000100001000000100001000
46
101100010000000010000000000000000000000
177
100000000000
38
1010000101000000001000000000
177
1000100000001000001000000000
16
10000000001110000000001010000100000
1
1100000000100000010010000100000000000000
21
100000010001000000000000000000000000000
159
111000000000010010
20
10000000001000000100100000000000
55
100100000000000001000000000000000
149
10001000000000100000001000
77
1000000000000000000011100000000100
9
1000000000000000000101000000000000
199
1101000000000000000010010001000000000000
164
1100001000000000010000000000000000000000
106
1000000000000000000100000101101000100001
47
100000000000000000000000000000010000
50
1000010000100000000000000000000000000000
46
100000010000000000001000000000000
137
110100000000000000000
119
100000000000001000000000
4
1000000001000000000000000000000000010000
153
100000000100000010000000000000
134
10000000000010000000000000000000
182
10001000000010100010000000000000000
89
101000000100000000000000010000000000100
118
100000000000000100000000000000000000000
128
100000000000000000000000000000
129
100101000000000000000000000000000000000
158
10000000000010000000001000000000000
91
100000000000000000000000000
40
100000010010000100000001000010
168
100000000000000000000000001000000000
180
10000000000010011000
44
10000010000000000000001000000000
19
1000110100000000001000000000000000010000
191
101000000000000000010001000000101000
61
11000000000010000000010000
39
1000001101000010011000000000000001010
141
100000011100001000
86
1100010000000000001000000
67
100000000000000000000000000000000000100
179
1000000010000000000000100000000
157
1000011000010000100000110000000000101000
141
101010000
149
10000100001000010001000000000010000000
195
1000000000100000000000
140
10000000000000000000000100000110
61
10000000010010010000000000000000001000
34
100000100000000
42
100000000000010000001000000000000000
144
1000000010100000000000100000000000000000
163
1000000100000000000000100000010
11
100000000010000010010
145
1000100000000001000000
148
1010000000010000000000000001000000
117
1000000000000000000100000000
17
1001000000001000000000000001001000010
108
1000000000000000100000000010000000000
5
100000000000000000000000000000000010
159
1000000000000010010000000000000000000000
157
1000010000110000001010
63
100000000000000000110001000000001010
49
1000010001000010010000000001
118
11000000000000000000000100100000000010
108
10010000001001000001000001000000000
99
100000001000
51
101010000100000000000000000000000
114
10100000100000000100010001000000000
92
1010000000000010000000100000100
14
10000000000010000000000000
183
10010000100100000000000000000000000
74
1000000010100000000100000001
200
100000000000000000010000000001000000
35
1001100001000000000
90
10000000100110000000000000001000
125
1010000101010000000100000100000000
101
10010000
46
10000000000000000000
17
100000000001000000010000000000000000
149
100010000100000000000000000000
161
110000100001000000000000010000010000
58
100000000000100000000000000
26
10000000000100000100100000
154
1000000000000100000000000001000000
139
1010000000010000010010000000000000000000
45
10000000001000000100000010
86
1000000001000000000000001000000
41
1000000000100000001100000000
20
1000000001000000000100000000010000000000
169
10001000100000000100100010000000000000
40
100001000000000000000000000
140
1000101100100000000000000000001000000000
170
100000000011010000001000000000100
157
100000000100100000
147
1000000000000000000000100010
176
1000101100000000100000001000000
26
110000000000000000000000
182
1000100000100001000000001000000
65
1000000000000001000000
110
1000010000000000000000000100100001000010
18
1010000000001000011000000110000000000001
137
110000101001000000000010000000
86
1100000000000000000000000000000010
26
10000000000100010000000001000001000
97
10000000
23
10000000000000000010000000000
181
101010000000001000000000000000000000000
182
1100010000000000000
19
1000000001000010000000000000000000100000
165
1000000100000000001100000000000000100
59
10000000000000000100000010001
9
100001110010000001000010000001000
82
1000000000000001000
2
10000100010000000001000000000
177
100000100001000010100001000001
51
10000000000000000000000001100
88
10000010000000000000000001000
157
1101000000001001000000
3
10001000000000000001000000000000
131
1000000000000000110010000100000000010
60
1010000000000000000010000001100000010000
84
10000010000000110000000000000
172
110000000000000001000
167
10001000000000000000000000000000000
92
1001100000000000000000100000000000010100
136
1000000000000000100011000
88
100000000000000000010000000000000100
84
100010000
90
100100010010000000000000000000000000000
191
1000000000000000000000000000
128
10000010010000000000000
194
110000100000000000100000000000000000
194
100000010000010000001000000100
146
101100010000000100100100000000000
146
100000101000000000000000000010000000100
137
1000000000010000000001001000000000
134
1000000000001001010000000
151
10000000000010000000000100000001
132
1000000000000000000000000100000
199
100000000000001100000010000000000000
58
1011100010001000000
199
1000000000000000001000000000010000
137
1000011000001000010000100001000000001000
102
1100000000001100000
127
11000000000100000001000001000000000
169
10000100000000000
190
1001000000000000000000000
85
11000000000000000000000000000000001000
33
1000010000000000000000001001011
106
101000000000000000001000000000000000000
118
1000000000100000010000001100100100000001
75
10000000000000000000000000010110000000
27
10110000000001000000100010000001
95
10000000000000100000000000000000010
36
10000000100001000000000000000
96
100001000101000001001000000000000000000
178
10000100001000000000001000011001000
184
1010000000001000000000100001000000010
192
101100010000
44
100100000000000000000000000
184
100010000000000000000000110
13
1000000000000000000000000000001001000101
144
1011011000001000000000100000000000
104
10010000100000000110000000000100000000
84
100100110000000000000001000000000
88
100000000100000010000000000010000
103
1000100000001100000
172
1000000000000000000100000100000000
161
100000010000000000100
102
10000000000000001010000100000000010
156
100000000100000000000000000000100010000
118
110000001000001000000100
175
100000110001000000010010000000000100
132
1000100001100000010000000001010000000
131
1000000001000000000001000000000100
138
10000000110000000101000000000
24
1000000001000100000010000010000000010
180
1010000000011000010000001010000
139
1000000000000000100000000000010000
145
1000000001000000000000000000000
90
1000000000000100010000000000000000
158
10000000000010000000000001000100
88
1000001010100000010000010000
119
10100000000
120
100000100000000001010000000100000
55
10000000000010000000000110010100100
110
1000001000100000000000000000000000
132
110000000000000000000000000000
10
1000001000000000100000000010000000000
106
10000000000010000000000000100
121
10001000000010000000100010000000000000
186
100000000000000000100000001000000
83
100000000000000000000100111000
139
110
197
1001000000000000000000000100000000000000
103
101001000000001000000000000000000100000
18
1000000000000000100000100
182
1001000000000011000000000000000
20
10000000000000000100100000011
3
10100000000001000011110000000000000001
50
101000000000000100000010001100000000000
108
11000000000010000000000000000000
36
1000000000001000000000000000000000000
146
11000000000000001000001
24
100000000010000000000000100000010000010
157
1000010000010000001000010
162
100000011001000100000
28
11000000010001000000000010000001000
111
1000110010010001011100
118
100000000000000001001
194
1000011000000010000000000001
166
10010000000000000000000110001000000000
85
1001000000000000000100000000000000001000
14
10000000000000000000001
84
10001000000000000010000000100000000011
158
100000001000000000000000000001010000000
108
1000000000001000001000000000001000000
25
1000000000000000000000000000000000100000
197
1000000000010010010000000000000000010000
143
101000000000000000100000001000100001
154
100000010100000010100100000000000000000
91
1010010000000110000001100000000000000
65
1000001000100100010100000000000000000
120
1000000000000100000000100000
50
100000000000000000101010110000000000000
158
111001000001000010000000000010000
20
1000000000000100000001000000100
11
100000000000000000000100000000001000000
73
10000000101000100000000000001001000
81
100000000000000000010000000000
106
100000000000000000001101000000000000000
174
10100010000000000000000000000000
50
100000000000000000000000010000100
78
10000000001000000000000000000000000000
40
100000001000010010000001000000001100000
60
1001000100000000110000001000000000100100
82
10000010000001000000000000000000110
198
1010010000000010000000000010000000000
21
100000001000000000000000000000000000001
20
10000000100000000000101000010000000
164
100000100000000000000000000001000010000
166
1000100011000000000000010000000000010
115
10000100000
147
10000000000000000001000000100
92
1000100000001000000100000000000000000000
59
10000001100000000000010001
140
1000000000000000000000000000001100000
86
10011000000000000000000011000000
89
101000000000000000000
125
10011110001010010000100001000000
9
1000000000000000000010000001000
116
100000000110000000000000000000010001
191
1000000000110000000000000
106
1000001000000000000000000001100000000000
117
1000010010000010000110000000000000000
26
1000000100001000000000000010000000010
69
100000000
163
101010000000000000000000001010
198
10000000000100010000000000100011000
188
1000000000001000000000000000001001010000
146
11000000010010000000100000001
34
10000000100000001001000000010000000100
42
100000000000100000000000000000000000011
29
10000000000001100100100000000010000000
102
100000000000010000000000000000000
124
101000000000000000000000000000011
186
1000100000000000000000000101000000
200
10000100
1
100100000000000010000000000000000
186
100000000010010000000000000000001010001
66
100000000010010100000000000000000000000
63
100000001000000001000000000100001000
82
1001001010000100110010000010000
111
1000000010000000000000000000000000000
129
10000000000000000100000100
160
10000000010000000001100000001000000000
146
1000000000000100000000000000000001000000
70
10001000000000000000010000
102
100000000000000001000000000101110000
61
10000000000010000100001000000000000000
84
10000000000000100000
39
10000100000000000000000000000100
52
100000000000000000100000000000000000
137
1000000000000000000001000000000000000000
123
1010000000000010100
125
100010000001000000000001000000000000010
30
100010000000000100000000000000
186
10000000000000000000000000000100010100
64
100000000000000000000001
126
1000010000000000000010010000000
99
100000000000000000000010000000010
92
100100000101000000110010001000000000001
50
1000010100000000000
185
1000001010000000110000
88
110100000000000000000000000000000011100
114
11000000000000000000000000000000000100
177
1001100000000000010
39
100000000001000000000
171
100000000000000000000010000000100000001
177
100001000000000100000000000000000000
197
10000000010000000000000000000000101
18
1000100000000101
2
1000000000000000000001000000000000100000
139
1000000000110001000000010000
73
1000000000010000000000000000000000000
134
1000000001010010000000000000000001
90
1000000000000100100000000001000
61
1000000010010000000000011010000000001000
165
1000000000000010000000000000000000011000
49
100001000001000000001000100000000000000
193
100000000100110000010001000000000000
125
10000000000000000000000010100000
165
1000000000000000000000000010010001100
56
1000000001001000001000000
109
10000001000000000000001000000
83
10001000001001000000001000000000001000
122
10100000000000000010000000000000100000
98
10000000000000000101000000000000000
180
10010001000000000000100000
141
1000001010010000000000000000
33
100010010000001000000000000001
164
101000000000000000000010000010000000000
147
100000000000000000000000100001100
9
100100000000000000000000000000000000100
66
1000100000000000000000000000000000000100
68
1000001000000000000010000000000
33
1000001100000000000000000000000000000
131
1000001000000000000000000
200
100000000000000000100
120
101000000010000000000000000000000000001
73
100000010000000000000000010001001000000
105
1000000000000000000000000010010100001
149
100000000100010000001001000000001000
111
10000000000010100000000
2
1100100000000000000100001000000001001
69
100000110001010001010010101
44
100000000000000000000110000000000100000
108
101000011000000100100000
179
1000000000000000000000000000010000000000
133
110000011000000
24
10000100001000000000000100001
1
1000010010000000100000
73
100000000001000000100000000000000
13
101000000000000000010
68
100001000000000000100010000000000001
23
1000000001000000000100100000000000100000
21
101000000001000000000000000000
23
10000010000000010000000100000010
90
1000000010000000000000000000000000
135
101000000100010001000000100010000000000
68
1000001000000000
164
1100000000000010000000000000000000000101
37
1000000000100000110000000001010
138
100001000101000000100000010000000
114
10001010000000001100000100000000
199
1000000000100000001000000100000100000
5
101000000100000000100000000000000
122
10000001000000010010000000010000000000
171
100000001000000001000010000000
48
10000001001000000000010
134
10000000000001010000000000100000
126
100010100000000000000000000010000000000
24
1000001000000000000000000001101000000
38
1100100000011000001000000000000001100010
47
1001000000000000000000
47
10001000001000000000000000000
139
10000000000001000000000
117
1000001000100000000010000000000000001000
156
101001000010000000000
4
100000010000001010001000000000000000100
144
1000100
187
10010010000000000000000000000000000000
45
100000000100000000000000
149
101100000000010000000000000000000000000
136
10001000000000
80
11001000100000000000000000
149
1000010000001100000000000000000000
188
10000000001000000010000000000000
13
100001000000100000000100000
6
101000001000000000100001000000000000
71
10100001000001000000010000000000000
44
1000000000000110000000000000000000000
190
11000000000000000000000000010000000001
11
1000000000010000100000000000101000100
177
1000000010000001001010000000000000001000
49
110011000000000000110000000000000010000
30
1000001000000000000000001000000000000
125
1010000000000000000000000000000000
136
100000000010000001100010000001000000000
188
100000000000000000100100001010000001
26
101000000000001001000000010001110000001
148
1000000000000101001000000000100010000
66
1000100000000100010000011001001000010000
159
100010000000000000010010
189
1100001000000000000000000000000000
125
100000000010000010000000000000000000100
106
11000101000000000000000010000000000
171
100000001000000000000000000001001
41
10000010000000000000000000000010000
34
101000001000000000010000000000110100000
116
100000000000100100000000010000
147
110000100000000000000000000000000001001
195
1000000010000100000000000000000000
45
10100000110001000000001000000001000
93
100100000000000000
74
10000010000100000000100000000000100000
199
1000000000000100000
117
1000001100000000
6
100000000000010000000000010000000010000
37
11000000000000000010000000000
195
100000000000000000000000000000110
168
1000000001000000000000000000000000
92
1000000000000000110
153
1100000001000000000001000000000000000
3
100100000000000010000000010011000
150
10000000000000100000010000000
119
10000000000010000010000010000000000100
179
10000000000000001000000101000011000
53
11001000000000000000000000000000000010
12
11001000001000010010000000000000
169
1000000000000000000000010000100000
92
1010010000010000000001
148
100000010001000001001000001100000000
135
100000100000010000100010000
62
10000000000000000000000000000100000000
118
10000000001010000000001010000
168
100000000000000000110001010000
110
10000001000000000000000000000
81
1000000000100000000000000100000000
120
101000011000100000000000000000010001100
22
1000000000000000110000
162
10100000001000100000000000000000000
192
1000000000000
9
100000000100000001001010000000000000
170
1000000000000000000000011000000001
151
100100000000000010000100000000010000000
96
10000011000000000000000000100000000
24
1000000000001001000000000
132
1000000001000010000000
79
1001000100000100010000000000000000000000
195
100000000000000100010000100000000
30
10000000000000010000000010000
157
11000000
151
1000100000
26
10000000000000000000010001101001000000
127
1001000000010000001000000000000011
130
100100000000010000000000000001000001
10
1000000000000010010000010000001000000
182
1101000000000000000000000000010000001
160
1000100000000000001000000001000000
170
1000000000000000000000000100110000100100
43
100010000100000000010001000000000100
66
100000000001110000000000001
131
1000010000000000000000001001000010001000
200
1000000110010010000100010100010100
72
1010001000000000100000000000000
113
1001000100000000000000001000
128
1000000010000000000100010011000100
49
10000001000011000000000000000000000
37
100010001000000000000000000010000000
144
100001000000000000000000000010010000
95
1000001001000000011000000001000000
54
10000000100000000000010
56
100110000010000000000000000
56
1000000000000001100100010000000100011000
86
110000000000000000000000000000000101
33
1000000110000000001000000010
33
11000000000000010000010001000
66
1000010010000000000001000001000000
31
10000000000000000000000000000000000000
129
100000000000000010001000000
84
1000100001001000000000010000000
152
1000000001000000000000000000010000010000
191
100000000000010000000000000001000110
167
110000000000110000001001000000000000010
191
100
118
1000000000010010000000000000010000
179
1100000001000000000000000000001000
102
101000000001000000011000000001100
186
1000000000000100000011100
143
1010000100000010000000000000010000010
18
10010000100000000000000000000
188
100000000000010011000
11
100000000000000100000000000100001000
42
1000100000000000000000001000000000000000
4
100100000000000000000000001
34
100000000010101000100000001110000000001
1
101000000010
192
10000000000001000000000000001100000
135
1001010100010000100000001101
111
10000000000001000100100000000000000000
179
1010000000001000000000000000000000
165
111000100010
139
1000000010000000000000001000000000000
42
100000000000000000000010
117
100000000100001100010000010000010010000
117
10001000000010010000000000000000000000
146
10000100000000010000000000000000000000
24
11000000000000000000100000000001
166
1000000001000000000000001000110011000000
176
10100000000000000010000000000000
21
10101100010000000000110000000010000
196
101000000000000000000001010001000
99
100000100000000000001000000010000000
22
100000000000000010000100000000000000
142
10000000000000000001000000000000000010
65
1011000000000101000000000000000
69
1000000000100000001000100000010000010
22
