40 200
1010001010101011101010010001011000010101
174
110010001001010000000100001011001001
188
1000010100100100000000010011101100000101
130
111001010101011110011001110000000100000
136
10100100001110111001001010000110000001
83
10100011010100100101011000100110111010
130
10111111100000010100100111000010
30
1010110010000010100100010110101010010010
24
1100000001110110000000011110110011110
29
1110000101000101001001010101101010000010
6
110001011100010011110100110000111100101
111
1101000001101001100100100100000000101110
125
1000011001000001010011100000100011000011
40
1000011001001000101011010101010000010100
170
1110100110000100000101011010110001100100
146
10001010010000000001100000000011001
180
10001000001011001010101000000010010001
12
100000110000011001101000011011010100100
144
1011100001110000100011101000011001000010
28
1000001110001011101000000111011110001
128
1010110101100110001010111101000001111110
49
111110100100100001000001001110000010101
12
1001010100100101010010010010101101000011
85
1000000000001101001000011010000001100000
135
101110000000000010000111010000001000011
35
1001010000100110000100111100101100110011
3
10000000000000000010101100100000010000
151
100111010010000000001111000010010101
132
100110001010011101010111111110001000000
176
10011000100000001100110010000010111010
77
1000101010000100000001000100010110100011
15
111001100000101110101101110000011000
185
10100100110011101001001110101011001100
104
101010000001000111100110010000000001
186
101001101000101000110000110111000100
95
10000111001101000000001011110110000
76
10000100001001110101010100010101100100
69
1001100110110101001001010110000111100111
132
101000011101010101010011000101101
43
1010010001110111000000001001010001000100
142
101001000010110010101100100100011111100
160
1101000001110010011000110011110110000010
172
11000010011001111000101010111000000100
194
100001000010010000000010010010011010101
199
10101100110000010100100001100110010000
131
101001001110001100111000000111000000
133
11011100000110010010111100010100110011
11
1000000110100000001101100000100110110111
166
10010010001010000000000100000000000010
14
1011000000000111000011101110000100100101
156
1010101000001000000001110001001010011101
156
1010101000111110111110110000111000
60
1110101001110110110111110101100010011011
31
1110100101000000010110000111111
91
1101100010100010010011110110100101010000
123
1100011111001101000011100101100000001110
59
101110101100111111101010010000000000001
88
10110101000100000001010000110001101
107
11111101001000010101000000001000110101
121
1000100010111001001000100010000100010000
148
1011010000010000000100011011001001010101
109
1011001000000101000010010011111000000100
172
101110111010101000000110000001010000101
39
1010101011000000000100000
56
1010001110000110001010000001001001101011
112
1110110000101000111011110000001010110101
178
100111100101111001001001011000111000
171
100001100011011100000111111110000000010
117
100000110000100101010110110111010001
113
100001010000010001100110111011000111
137
101011000001011101000000001000001001
139
1110111100000100000110010010010010110
193
1110000011110000001100110010000001111011
59
1110010001011100010110000100100101100101
126
101000101000000011000011010100000000110
117
100001111010010111001010100010010011010
121
111001001110011111001000000111001001000
56
1110000000010111100010100001111100001010
161
101000100111111010101010011111110001110
72
11100001001101010101000110000000000
70
1110100110001111001101111000100100001110
87
101000110100011001100100000010000000
86
1011110001000001101100101001001001000101
69
1100010110000101101111010011011001000010
155
1010000100000000001000001010011000000000
169
1000001000100101100011110111101100001001
59
1010000110110001010111000100011100000000
7
10000000010111111001100100000000001110
62
110100001101001001000100001001010101
166
1110100010100000001010000101000010000001
120
111001000001000110001101001101111111101
77
11010100100101010010010110000000011101
165
1100110011100100100100011110000101000001
56
111000110111010000111000000
20
1001001010100010101100000010110011000010
65
1010010101101000010001000000010100001000
159
11000100011100100110101101000010110
154
100111001010100000110101010010011001001
129
10000001111001100011011000011101010010
66
1110010001011101011101100000100010
159
11100010000000010010010101101001000001
146
1100110011110110001000010111001110010100
80
1000100100100111111010100010011110001111
169
1000001010000100011100000100010011000000
33
100000011010111000101000110100100111010
171
111101001100011010001101011011010100
198
1100010100100100011010100101001101011000
115
11001010000111100001000111110010100
3
100001111000011101110010110010101011
90
1000011011001111000100011100111011010100
111
11001000001100000000001110010010101100
172
1001010010000011001000110011001100011
134
101000011001001110110011110000011011111
10
1000111001000000010110111110110100000000
185
1011011000011010011010000010110000100
168
101011100100001100000000010100000011000
102
10010001100011110000011010000100011111
144
101001100010001000101010000111100001001
55
1100110001001101011000001000001110000100
85
11011111011110000000000100011
72
11001111111001010000011010011010010110
175
1100110110100001001111001111000010101100
65
10010100010110100111000111110111000011
26
111011110010110010011000010011001
191
11000010111000111000101111010101011000
16
110000000100010001100000000110000101111
11
1010000101100110010010110000010110100
28
100000001001000110001101101100001001000
35
10000000110000000000000011011100000111
127
1011010000100001001010000100001011010100
29
101010100000010000111010000011101000010
188
101100101101101000110100000010010
110
111001011010100001000000011100001010110
174
1100111110100100001000000000100000101110
108
1000000011110110100100100001111010000100
108
1011100110000000000110000001001010010001
184
1001000101011110011000000011100011011101
92
11011110110100111101110001001001001100
14
110111101100111000101001001110001000000
124
110001000110001111110000001010101110000
55
11100010100100100001100000001010101110
162
1000000101010010101100101010001000101100
188
1000000110101001010011000100010000001101
105
10000010010110010000001011100101110011
171
1100000000000110001010011111000001000101
27
1101110101110000101101000000010110001000
176
100001000110110011000010100010000101110
124
1000100110100001100000011101010001011001
38
11010101101111000011011100000000000
109
1010000101111011000100110100111011000110
42
1010101110000100010010111010000101010
98
1001001111100100000100000000101011100
119
1010010000101111010001000000000001110110
53
100101011001001011100010001011101000010
128
110100000111010001001101000111001111000
40
1001000100110010000001101101000000001100
63
1000001111001110100001110100111001100000
162
1010100110000011000110011000010100000010
160
110000000000000111000000111000100101000
57
1100100011010010000011000110001000011000
196
1000010010100100100001011101110001111
60
110111110001111010001000110110000110000
51
1111010010000000000001110001111010100100
53
110101000101000100110001000110010101001
180
1011010010111010001000100100011100111
153
1000010010100010000000000000010101001001
148
1100000010100010000111001010101010001100
97
1011000000100010100000110011000010111
43
10110000001000101000100000111010100001
9
110100110100010110011011000001010001001
97
1111101010101000001101000010001010101010
25
1010110110000000101000101010000100000001
91
10000001100010101001110100100101001000
191
100010010101011010111010001000110101010
169
11100101001000010001011011011011101111
120
100001001010111001011101001000011101111
152
110001110100000101100110100000110001011
5
1100011010000110011000010100100001
28
110000011010000000100011100000111000000
26
101100110100100110001011001110011011
46
101010101000001010100101000010010000001
194
1100110101001000010111110110110010101100
132
1100010101100001010110000101000000010000
12
110101100110000001001101001100111001000
25
1001100100010011000010101100100010000101
152
111000110010111001100000000010000100011
24
1001000101101001011101110010100011011
163
10000100011000100001100010011010010010
162
1110110000110011000001001010001110110001
50
10111000000100010001011110110011001111
91
100000000001101011000000010000011010000
144
101101010001111010001101000011110001010
118
1011001000111011001011001010110100011101
123
10011000001100010100000111010101
89
1101100110001011000001100010010011011110
171
1000010001011000011111110100010011100011
51
101100101000100101100101101000000111000
8
10110101011100010001100000000000010011
50
110110000101111010110000100001000100000
117
1000001101111001000010000010111111011
12
