40 200
1110111011111011111011110111111111111101
174
1110110111011111110101011101011111011111
188
1001111100101100111010110011101110001111
130
1111111011111111111011001110110000111111
136
110110101011111111101011111111111111111
83
1111101011111100110101011101111111111111
130
1111001110111111101010111111101111110111
30
1011111110011110100110011111111110011011
24
1011111111011111111110101111111111011111
29
1110000111101111111101111111111011110011
6
1110011011110011111110110111111111101111
111
1101101111101011101111111110101011111110
125
1100011011101111011011110011111111101011
40
1100111101111111111011111101010111110111
170
1111110111110111011101111110110101101111
146
1100110011011111011011111110101101011101
180
111111101111011111111111001110110110011
12
1101101110011011111101101111011111110101
144
1111111111110110101011111111011011101111
28
1111100111111111111101111001111011111111
128
1111110101111111101011111111101111111110
49
1111111101110101011000111001111111111111
12
1001111111111111111111011111101111101011
85
1001111111011101111101111110000011110101
135
111110010111111011010111011111111011111
35
1111110111110111110110111100111110110111
3
1011110010010100010110111111110000111010
151
1110111111111111111111111111111110111101
132
1110111101010111111111111111111111111111
176
1011111110101101101101111011101111111111
77
1010101111011111111111000100111111111011
15
111111011111100101110101111111110111010
185
1011110111111111111011111111101111111110
104
10111111101011011111100110111101010001
186
1101111011101011101111111111110111110100
95
1111011111111101101110101001011111111011
76
1010111111111111111111110111010111100111
69
1011100111111101101111110111011111111111
132
101010101111111101110111011111000101111
43
1011010001111111101111111111011011111111
142
1111101101111111111111100100111111111111
160
1111001101111010111100110111111110111010
172
111101010011111111101111110111111111100
194
110001101111011111100111010011111011111
199
1110101111110011011101101111100110010111
131
1110101101111111011111111001011111101111
133
111111110111111110010111110010111111111
11
1110100111111010101101111101111110110111
166
1111111011111011110010101110100100001011
14
1111101111100111101111111110111111101111
156
1011111110101011010111111111111011111101
156
1000111110101110111111111111110000111111
60
1111101111111111111111110101111111011111
31
1111110111110111111110111111111011111111
91
1111111011111111111011111110101111110111
123
1110111111011111101111101111111010111110
59
111110111111111111111111011001100000011
88
1111111111111111101010101111011110111101
107
11111111111001111111101010111011111111
121
1110110111111111101111110011001111010110
148
1111110100011001110110011111111111011101
109
1011101111110101001111111011111110110101
172
1111111111011111010101110111111111111101
39
111100101011101011111111111011111111101
56
1111101110011111111111001111111011101011
112
1111110101111001111011111001111110111111
178
1001111111101111111101111111111010111101
171
101111111111011101011111111110111111111
117
1110110010110001110111111111111111110101
113
1111111011011101010111110110111111100111
137
1011111011101111111111110011011001111011
139
1001110111101010110001111010111110110111
193
1110111111111111011110110110110101111011
59
1111011011111101111111111101110111111111
126
1101100111011011011101111111110110011110
117
111101111110111111011110111010111111111
121
1111111001111111111111011011111011011110
56
1111111110011111101110110101111111011111
161
111100101111111011101110011111111111111
72
101011101011111111010101101111100011011
70
1111110111101111111111111000110101111110
87
1111011111110111101101101111110110110
86
1111110101111111111101101111101111111101
69
1110111110001111111111110111111111101011
155
1110001111011111111000001111111011110111
169
1111111101110111110111111111111111011111
59
1011111111110011110111010111111110111101
7
1111011001111111111101100111101100111111
62
1001111111001101111101110101101111110111
166
1111111111111110001010011111100111001101
120
111011001011100110011111111101111111111
77
1111010101111111111110011111110010111111
165
1101111111110111101111111111010111101111
56
110110111011111111111111110011111011111
20
1111011111111110111101111010110011111011
65
1111011101111111111111111100111110111110
159
1001111111101111111101111111101101011111
154
101111011111111110111111111111011111001
129
11100101111111101011111001011101111111
66
1111111111111111011111111101101011110111
159
1111111111011111011111111111111101011111
146
1111110111110110111101110111111110111111
80
1101110110100111111110110111011111101111
169
1010101111101110111101101111110011000110
33
110111011110111111111011111111101111110
171
1110111111101111111011011111111111010111
198
1111011111111111111011101101101101111000
115
1010011111111111111110011110111111111111
3
1111111111111111011101111011110010111111
90
1100111011111111100110111110111111111111
111
1111111110111100011011111111110111101110
172
101111011011101111111010110111101100111
134
1101011111111101110110011111010011111111
10
1101111111000111111111111111110111111111
185
1001011011011111111111011111111111110111
168
1111111110101111111110110111111101111111
102
1111111111111011110111111111101110111111
144
1111001110011011000111111111111101011111
55
1110111001111111111100111011111111011101
85
1100101100111111111111111001110101100111
72
1111101111111101011100111111111110111111
175
1110111111111011011111011111011111111111
65
110111101111111110111100111111111110111
26
111111111111111111110010111111111111111
191
1011111011111110111111111111111101111110
16
110001111111011111111111010111011111111
11
1111110101111101111110111110101110111111
28
101110111111010110111111101101111011110
35
110101111111011111111111111111101100111
127
1111110111111111111011111110001111111111
29
101111111111111110111111111111111010111
188
1111110101111111111111111111111011111111
110
111011111110101011011111111111011111111
174
1111111111111111011000111111111100111110
108
1011110111110110100101111101111111001101
108
1111111110111011111111100101111011010111
184
1111101111111111111101001111111111111111
92
1111111110110111111111111111111011001110
14
1111111111101111111111101111110001011001
124
1111101100111011111110011111111111110110
55
1111111110111110111111111000111011111111
162
1010011111110011111111111110111011111101
188
1111011110111111111011101110010111111101
105
1111110111111111111110101111110101110111
171
1111011001101111111011111111011111110111
27
1111111111110010111111101101111110011110
176
1111101011111110011100010101011111111111
124
1101101110110111101010111101111001111111
38
1101111010101111111011011011100110101111
109
1011010111111011101101111111111111100111
42
111011101111001111111111111011111111110
98
1111111111111101111011111000001101111110
119
1111111110111111011111111111001011111111
53
111111011111101111101110011111111000111
128
1111111110111010111011111011111111111100
40
1101101111111111110111111101000111111111
63
1111111111111111111111110111111101111111
162
1110111111111011111111111001111110011111
160
1110101010110110111000100111110110111101
57
1110110111010011100011000111111011011111
196
1011100110111111101100111111111111111111
60
1111111111111111111111111111110101111111
51
1111111010011011100001110111111011101111
53
111101101111100110111101111110110101111
180
1011111011010111111111011100111011100111
153
1110111011110110101011100101010111101001
148
1100100111110011111111111111111110011111
97
11111000100100011111111110111110111111
43
1111110001111100111101110011111110101011
9
110111111111111111111011111111111111101
97
1111111111111111101111110011011111111011
25
1110111110111000101101101011001110001111
91
111111101111111101111111100110111101011
191
1111010111101111110111110101101111111111
169
1011111111001101111101111011011111111111
120
1100111011011111011111111001001011101111
152
1111011111100111111111110101011110111011
5
1001011111111011101111111110111101101101
28
1111011111010010101111111110100111111011
26
1001111101110101111110101011111110111111
46
1111010111111111011111111101111111101101
194
1111110101111000010111111110111111101100
132
1101110101110011111110110111111111111110
12
1111101100110111011111101111111111101100
25
1011111111011111011011101111110011010111
152
111101111111111001111110011010011101111
24
101111110101101011011111111110111111111
163
111110111111111111101111011111110111011
162
1110111010111111111111111111111110111101
50
1111111101110111110011111110110111111111
91
1111110011111101011100110110101111011000
144
111101110111111110111111111111110011011
118
1011101010111011111111111111110110011101
123
1110100110111010101100110101101111110111
89
1101111111111111101011111011010011111111
171
1001011111111111111111111111111111100011
51
101111111011101111111111101110111111111
8
110110111111111110101110111101011010111
50
1111111011111111111111011100101101110110
117
1011010011111111111101111110111111111011
12
