40 2000
1010001010101011101011010001011000011101
174
110010001001010000011100001111001101
188
1000010100100100100000010011101100001101
130
1111101011111011111011001110000000100000
136
10100100001110111001011110001110000111
83
1010100011010100100101011100111111111110
130
1000110111111100000011100100111100010
30
1011111010010110100100010110101010010011
24
1100000011110110010100011110110011110
29
1110000101100101101001011101111011000011
6
1110001011110011011110100110001111101101
111
1101000111101001100101100100001000111110
125
1000011001001111010011110000100011000011
40
1000011001001000101011111101010000010101
170
1111100110000101011101111110110001100111
146
1000010011010010000010001100000100011101
180
10101100101011101011101000000010010001
12
100101110000011101101101011011010100101
144
1111101001110010100011111000011011001010
28
101000011110001011101100000111011110001
128
1011110101110111001010111101100001111110
49
111111101100100001000001001111100011101
12
1001011101101101110111010010101101000011
85
1000100100011101001000011110000001100000
135
111110000010000011000111010000101000011
35
1011010000100111000100111100111110110011
3
11010000000100000110111100100000010000
151
1010101111010010000010101111100010011101
132
1100110001010011101011111111110001000101
176
11011000100100101100110010001010111011
77
1000101010000101101101000100011110111011
15
101111011100100101110101111110000011000
185
1010100110110011101011011110101111001100
104
101010101011010111100110111000000001
186
1000101001101011101000111000110111010100
95
11000111001101000100001011110110000
76
10000100001001110101010100010101100100
69
1001100110110101001001110111000111100111
132
101010111101010101010011000101101
43
1010010001111111001001111001011011010100
142
1101101100011110011101100100100011111100
160
1111000001111010011000110011110110100010
172
11000010011001111000101010111010010100
194
110001001010010010100010010010111010101
199
10101100110000010100100001100110010000
131
1000101101011111011101111001001111001000
133
111011100000110110010111100010100110011
11
1000000110100000101101100000110110110111
166
10010010001011110000101100000000000010
14
1011000011000111000111101110100101101101
156
1010111010101000000001110011011010011101
156
1000111010101000111110111111110000111001
60
1110101011110110111111110101100010011011
31
10101110100101000000011110011111111
91
1101100010110110011011110110101111010000
123
1110011111011101000111101101100000001110
59
101110101100111111111010010000000000011
88
111010110111000100010001010000110001101
107
11111101001000010101101000011000111111
121
1000100010111001101000100010000100010000
148
1011110100011000000110011011101001010101
109
1011101010000101000010010011111000000100
172
101110111010101000000110000101010000101
39
1010101011100011000101000
56
1110001110000110001110000001001001101011
112
1110110000101000111011111000001010110101
178
100111101111111001001011011000111000
171
100001101011011100000111111110000000011
117
100000110000100101011110110111010001
113
1100011010100010011100110111011000111
137
101011101101011111000000001001001011
139
1001110111100000100000110010111010110110
193
1110000011110001001110110110100001111011
59
1110010011011100010111110100100111100101
126
101100101010001011000111010100000000110
117
110101111010110111001010100010010011111
121
111001001110111111101010011111001001000
56
1111101110011111100010100001111100011110
161
101100100111111010101010011111111001110
72
11100001001101010101000111000000010
70
1110100110001111101101111000110101011110
87
1101000110100011001100100001010000000
86
1111110001000001111100101111101001010101
69
1100110110000101101111010011011001000011
155
1110000110000010011000001010011000100000
169
1100001000100111100011110111101101011011
59
1010000111110001010111000100011110000000
7
10011000011111111001100100000100001110
62
1110100001101001001000100001011010101
166
1111110111100100001010000101000011001001
120
111001000001000110001101011101111111101
77
11010100110111010010011110010010111101
165
1100110011110100100110011110010111000001
56
10010000000111000111111010001111010001
20
1111011010100010101100010010110011100010
65
1011010101101000110111110100111100001010
159
11010100011110101110101101000010110
154
100111011011110010111111110010011001001
129
11000001111001100011011000011101110011
66
1001110111101011101111101101001110110
159
11110010000000010111010111101001001111
146
1110110111110110001000010111001110010100
80
1100100110100111111010100010011111001111
169
1010001010000100011100000100010011000000
33
100000011010111000101011110101100111110
171
100111101001100011010011101011011010100
198
1100011100100100011010100101001101111000
115
1000011011010100111110011000111110011110
3
110001111011011101110010110010101011
90
1000011011001111100100011100111011111101
111
111001000001100000000011110010010101100
172
1001010010100011001000110111101100111
134
101000111001101110110011110000011011111
10
1001111001000001110110111110110110010110
185
1011011000011010011010001110110000101
168
101111100101001101100100011100000011011
102
1010111001100011110011011111001100011111
144
101001100010001000111110000111100011111
55
1100110001001101011100001001001110000100
85
11011111111110000000000100111
72
11101111111001010000111010011010110110
175
1100111110111001001111001111000010101101
65
110111101011111100111000111111111000111
26
111011110010110010011000110011001
191
11000010111110111011101111010101111000
16
110000000110011101100010000110000101111
11
11010000101101110010111110100010110110
28
100100001001000110011101101100111011000
35
110000110110000000010011011011100000111
127
1011010010100011001011100100001011010100
29
101110110000111000111011010011101000010
188
100101101101101101000110101010010111
110
111001011010101001000000111100001010110
174
1100111111110100001000000100100000101110
108
1000000011110110100101100001111010000100
108
1011100110000000000111000001101010010101
184
1001100111111110111100000111100111011101
92
11011110110110111111111001011001001100
14
1111111101100111101111001001110001010000
124
111101000110011111110000001010101110000
55
11101010101100100001100000111010101110
162
1000000101010010101100101110111000101100
188
1100000110101001011011000110010100001101
105
11000010010110010000001011100101110011
171
1101010000000110001010111111000001000111
27
1101110101110000101101001100011110001110
176
101001000110110011000010101011000101110
124
1000101110100001101000011101010001111101
38
1111010101101111000011011100000001000
109
1010000111111011000100110101111011000110
42
1010101110000100011011111010011101010
98
1101011111100100010100000000101011100
119
1010011000101111010001100100001001111110
53
110101011001001011100010001011101000010
128
110100000111010011011111010111011111000
40
1001001100110010000111101101000000001110
63
1110101111111110100001110100111001110000
162
1010100110001011100110011000111100010110
160
110000000100010111000000111000100111000
57
1100100011010011000011000110011011011100
196
1001000010010100100100001011101110001111
60
110111110111111010001000110110000110000
51
1111110010000001000001110101111010101100
53
110101101101000110110001000110010101001
180
1011010010111010011000100100011100111
153
1100010011110110000010100000010111101001
148
1100100010100010000111011011111010001101
97
1011000000100011111000110011000010111
43
110110000101000101000110010111010100001
9
110100111100010110011011000011010001001
97
1111101011101010001101100011011110101011
25
1110110110000000101000101010000100000011
91
11100001100011101001111100100111101000
191
101010010101011010111010001100110101010
169
1011100101001000011001011011011111101111
120
1100011001010111001011101001000011101111
152
111011110100000101100110101000110101011
5
1011101011010000110111000010100101001
28
111010011010000000110011100000111000000
26
1000101100110101100110001011101110111011
46
1101010101110111010100101001110010000101
194
1100110101001000010111110110111010101100
132
1100010101100001010110100101000000010100
12
110101100110101001001101001100111001000
25
1011101100011011000010101101100010010101
152
111101110011111001100100000010000100011
24
1001000101101001011111110010101011011
163
10000100011101100101110010011110111011
162
1110110000110111010011101110001110110001
50
1010111001110110010001011110110011001111
91
100100010011101011000010110000011010000
144
111101010001111010001111100011110011010
118
1011101010111011101011001010110100011101
123
10011010001100110100000111010111
89
1101100110001011001001100010010011011110
171
1000010001011000011111110101011011100011
51
101100111000101111110101101000000111001
8
10110101011100010101100100000000010011
50
1110110000101111110111011100001100100000
117
11000001101111001000010000010111111011
12
101111011010101000101111101000010110110
165
111011000101011101011111111111100010010
191
110000001111100000011011000000101000
107
1100101011010001000011001100101111100101
16
1110000100100010111001111001111101001001
43
101111111000100110100111001101001011111
12
1011001110000001100100010101100101101111
130
10011010011110100011100011010011111010
197
1111011011001000110011110110001101110011
190
11100100000100010010001000101011111110
8
1001011100110001000001001010100101100001
41
1100100001111110100010011010101011011100
107
1111010101110000001101100101010110101100
9
111111110011101111101100111001110100010
155
11010111101000111011111110100100010010
184
1110111100110000001000010001001001011010
139
1100001011000100101100101101110001101
20
110011011001111110100111010111011101110
86
1000001011111100111010110001010111001110
96
1010011001010011111100111101101100110101
185
1100011111110101000010000001110111000
162
110011111001011001001010010001101011
107
11001000011100101010110110101010011111
181
101010110000011100010010010011010100000
71
1010001101101000011111111000111001110101
194
110011111111111000101100101001110111000
14
110000110010101011101100000101010111001
167
1110010111110001110111111100100111100111
45
110001010101110111000011110000000010100
178
101111100000111100011111010110101100111
181
1111000110010101000010100100011101100100
131
110011001100011000000111100000100110
99
1010101101000111101110100000110011101010
91
110001001010000010110111101111011100
123
100101000100000010111100111100101111110
36
1111011011001101011101000010000010011110
104
1100110101011100000011000100000011000001
86
100100100100110000011100101111000111011
99
1001110110101011000110100111110111010010
149
1110111011110111100010011101011100011010
13
101110011011000010000000010110001110011
184
1001000101001100001101010001101000010110
114
1010001110100010010110111000000111001000
32
1111111001000100110000000011011101100110
48
101010111011000011011110001010001101100
58
1010110011101001111000100111001001111110
50
1010011000110001010001011011111110101011
170
1111010101001110011001111000010101010101
61
11011000101010101111100101000110110011
185
1101100001000101111101011010011011000110
194
1011111000010010101101010001111100110010
111
1101000010110101011111101101011111001
56
10111011111010111011110000000001110110
61
1110001001000011111101011011110111111010
196
1000100101000111000101101011110100011000
68
11011010000111010011101101001110100101
160
1010011000101100100100000100100001101111
133
101111000001011111110010000110110110
165
110111000100000110100011100010111010
113
1010111100110101001100110100111101010100
52
11011011010001111101000010001011010010
139
1000101101111011001110011011110100011110
172
1100110100101110110010000011110000000111
133
1100100011111110100010010010011010100110
200
11111001011101101000100011000000010
116
1100010111111100000110010001111110111100
138
111100010001011101001001001010100101
72
10110111010011100100111001111111101110
12
110011011101110100101100101001110111000
82
10111000100101001010001010011011110101
158
11111100100111000001000110011111100000
28
110010010000100010110010100000001010001
174
110000011001111111110011110100110011101
58
1111010111100010010100010001111111101
126
1110101101100001000001110011100001100001
104
1000101111001001010111000010110011010110
182
1100111010001111011110100010010100110100
61
1100001000101101011101011101010110110
99
1011001010010101110011100101100110001101
161
1010010001110111011000100110100011011111
180
100100000100101011101111010011001011110
7
1011001111101101011101111000111100100010
143
100000011011101010000001110111011001110
64
111011000101100110010000001100000011101
134
101011101010000011101001001001111111011
54
1011101111001110010110011000110001010001
167
1110001001101111111000010000001011010011
95
1111100011111001010001010110101001000000
132
1111101011111011010100100101011011011001
117
11010111011100001111101110011101100101
111
1000011010100110000101011101011111001000
82
1110000101101111101101111100000000011001
32
1000011110010010101011011001011110000111
192
1110010110010010010110110111010111011110
41
1100111100000100111011101001100101101000
32
1100101110001010110101011000000110011111
48
1110111010100010001101000111100011111100
143
1100110010010010000110111110111000100111
34
1111101111011000011010010101010001101
14
1101000011101110011111110110100010010111
116
1001000101000110100110101011000000110001
184
111100010101011000010111001000100101011
112
110100101010010010110101001010000110111
140
1010100100101100010011010111000001100100
180
1011011110111001111111010111101111100110
19
1000110111110101110011111011011011110
24
1011011001000101010111001011111111010010
129
1000110101111111110111111100000001010101
14
1000000101001001110010001101110000010
50
1101001000110101011100000110111101000011
163
1100000100101000001011011010100011110010
85
100111110111110000010110111100111110000
33
111010110011111111010010101011101010000
137
10101001000111011010100000000010010111
97
11101000100110111001011010110011001001
112
11100100011100010111100110101100000110
32
1011110101101001100111000100000001000
123
11010100010001110000011001111010001000
177
1101000001010011101001001100001001110111
1
110111110010111100001001100000001111111
157
100101000011100101110110010110100001011
158
101011000110000000100001100111101000010
138
101101100110110001101010100111000101100
14
111100111000011011010110000101111011111
135
111101110010010011010111010001010001
173
110110010100110100010111010001001101001
164
11011101101110011101000000011100000001
96
1000110010010000101011011000110010100110
168
1011101111010110001010001000010110011000
75
1001110111101001001001111011110111110101
26
11011100001011111100110011011100111
111
1011011011111000001010000000001111011001
123
1110000010110111011010010001101100010100
89
111000110010101000100101010001011111111
174
110001000100110011011100111000000000101
196
10010101110100001111010000011101011101
99
101110011100010100100110101101010000001
192
11111001110011110111011011001011001000
96
1100010111011000010101011001011011101111
11
11100000111010101101010111100001000
160
1011010100101110110011001000100001000111
25
10110111111111001011101010010100101
59
111100011111010001010000011010011111110
164
11001100101000101101001011110110010101
178
1100110111010111011001011000001010111010
34
111110100010100110101010110100000101
63
1010010001110000110000100001001011011110
142
1100111101100001011010100000001101001110
181
100100110001010110011011001101000000001
24
1011011101111111011111101011010100000001
189
1101001000010011101000100100011101111100
152
1001010100000001010101100101110110001
34
110101111001011001011000000000101011001
140
101100001111100010110101001001000111010
29
1000000111111111011000010001101001100
38
111001111111100101011011111110100000111
73
1011011111001100011010001101001111000001
110
1100100100000011001000011011010010111111
83
10000100110000000001110101100101011101
23
1110110010000110101100110100010101011100
192
1011010000011010011010100100000111110110
40
1010001010011100111000010011000010110101
152
111101000010101101110010011111110111100
177
1011100011100110101100011110111100010100
34
1100111111100010001101101000000001000010
197
1100010010110011010111001111001101000111
142
100100110111000110000111001111110110010
163
1111101110101000011000000110010101000011
147
111010100010110010010111011110011010101
167
1101001101010100001110010100100111011010
119
1011000111000111111110100001101111101010
40
110111100100010111101110111000000001110
32
1111000100010111010010111010011111011011
138
10101011111000011100011100000110110110
158
1100010100101110010011110101010000011110
183
11000110111101010000110011000000101000
121
1101110001110000001011100110101101010110
173
111101111100001011001101000000111100011
27
10011100001001011111110010011000011110
104
10110001000111110001111111110000110001
75
111110101000000111110110100110110011010
195
1111000100100010111011110110011101001
113
1010010011100011000011001000100111110101
190
1110100100100001010011001111101110101110
77
1111100000111101101100101101101100100010
138
1101111011101111001011111000100101001101
81
10001100101101101011010000110110100111
183
10100010111100110011110100110001111011
109
1000101011010101100001111110011000001
148
1100000001110111001011110010001101010100
122
11011000100010000101101101100110110000
75
1100000011111001000000010010110010000101
190
1101010010100001000100111100100011010
72
1111001000111100011011111111000010101010
87
1110100100100111000110110001010000000
4
1111001110111011100101000001000101001101
146
1111110100000000011011111111111110010111
132
101011000010010001010111110011010001001
83
11010101011001110111001100000100101011
193
1111110000100011111101100100011000010
60
1011011110010010101111011110101110101
12
11100001001010101100111111010011101111
115
111101000110011100010000100111010110111
10
10011111000100101100111000111100010001
9
111100010101000010010101011110000110000
131
11010101011111001011111110111000010101
137
10101110000101100111111101000111000101
73
1010100000111001100101001001011100110
24
100010100111011101110000011010000010111
12
1000100101001011111110001100010001110100
117
1000001101011101011010001001001010101100
92
1100000001100001101000001110010011001
15
1011110110101101011010110110101110010
127
10011011001101110100010010000110011001
100
110111011100110011010010100100011101001
76
1001101000010111000011101101010000010111
110
1110111100111011001011001000110101111011
196
111000000010000101110000001010001101110
125
10011100111010101001110000101101110110
115
1000000101000100111011011011110001011001
131
10100001100100010011001001000011101110
1
111000111000100000001010011011101001101
38
1010001011111011100111011111101101100
105
1011001000010101011101101001111000100
100
1011001100101100001000010010100001011000
66
1001110000100011100010001011000101100000
35
1010011110001110100000110001100000001001
52
101101100101001011101001011000010000
25
10100101100011111000110101000111010101
106
1010001010000111001101111011000000
149
100100110100000100110011011000100101000
66
11110100001110100010100011001100100011
87
1110011111001001100111110110001011001001
41
101001110011001000000101101001101
102
1111000011110110101111000010111111000100
99
101000011110011000000111100111000110111
154
1101010011000000011111100000000110110111
130
110010100101110111011110101100111000111
62
101010101101111100111001000010011101010
26
1111010010001110010110100011101111110011
138
111101011011001000000000100011111
25
1011000111000100010110110100011111101011
5
1011111110011110010011101101101011110100
10
1000001001001001010110111001001110110110
24
10011101011001001010100100100010011111
88
1100000110110001000101111101000100011
184
110110011011100110101110000010001111
153
1101101100000111100011101111010111001101
103
1100101000011101111111001010011011111110
156
1011111011101111001011000100001011010001
14
1010111101011001001111111110111110101100
36
101010111110101000101111111111010100
82
11011001010000011101110111011101100000
5
111000011010001110101101011000110000110
22
1100101110110011111100010000000010011010
53
100011010000001111110001011110101000000
92
1110000100000110101101001001110001011101
117
1011001001101011010110011011001000101110
18
101100111000000110001111010110010111111
166
1100000001000100010110100101101011101010
150
101100101001110110100110001000101100101
99
1000010111111001111000111111100011111001
15
1100111110001111111100111100110110100011
8
1100010001001011100000111111110011100011
66
100001110000011111111000011000110101010
41
10010110100010001111000011111101011111
187
1110110000110111100101111110010111001100
108
11001000100100000101010000000010001001
87
100001011101011001000110001110110000100
156
11000011101011111111011001001110100110
137
1000000011010110100011100111100111001000
73
110001011111000110011100011001000001000
15
1110101100101001110011001100100101111010
18
101101101000001010110000100110110001001
77
110001010100001110100001011110000000100
159
10110001100100100000000111011110011110
42
1101000110101100101101000101100000010001
138
1101101101001111100010000101100011001100
151
1111000000011100011000100010001111001000
16
1110000111101110100110011100111100101101
16
1101111100111110011000110001011101000111
117
11111010110000111010000011011001110010
18
1111011111000110110011111100010011001000
136
1100011010000011010101010100100010101001
47
101110000100101100000111011010100101101
38
1001111101010000111001100110111100100
181
10110011110100011001110000000110001100
41
1111101100011111010010100011000000001101
7
111110011011010101010101001110101011000
1
111110001000011000011000001011011001110
30
1011110111110111010110100010001000011001
16
1001100111011111101111100101010110100100
93
1000101100110111100100100111010110110000
82
101001101010010101010001001110111100110
66
110100010101101000100101111111110111
159
10110000111101011101110001111100100110
94
1101010000100011110011001001011011010111
58
101000100010001111111011111101110100001
160
1101100110100010111100110100100100
144
1011011000111000100101000010000011011010
11
1000000111010000000111010111101010110010
68
1010001011111101000110110000001001010011
183
100011001000100101110000001110111010001
7
100001101110100101110010101011110110
85
1111010101111001010001100000010000010
32
101011000101110001000000011010011110110
89
1001010010111111000110101000011110011011
72
1110110010101101101000111110101000100
186
11100110011010101110000010011111111011
87
1110111100110100011011000111111111111
68
100111110100011010010101100010111100000
8
10100010100010001010110011101011111
85
1110001111110011000001000110001001111110
163
1100110100110000000110110010001110111111
32
1111110110010000010011111001010111000111
129
1011101010001111011001101111011111001001
126
100010010111010001110100001101010000001
62
101111101001010000011001000011001011001
101
1100011011001110100000001010101100111000
198
10000001111101000100001000100011111111
186
10011110000100100100000100011101001001
97
10101100011011111100001011010011110001
191
10101011001000111101100110001001000110
198
101100100001010101110111001011000000011
185
1111111011101001110110110100000001001010
199
11011101000111100101101001100010100
144
1101011010001110010001101001010101110110
75
1100000000110110101011011000101000111010
137
1001011110011011011111101101111001000000
144
1010111010001100010101010111000000010011
112
1101110110110100011000110101110101100011
16
1100000001101111000000100011001100011001
178
10000110111101100010000000011110111
74
110111000001011000110110001101100111101
71
1100100000100001100000100100111000110011
157
1011000101010101001101111001001000110111
185
1010100110110111000111001010110011011111
126
1100110010001000100011110010111111010110
195
1000001000000110110010110011100100
52
1100100111100001001010101111001111101
183
1000011100000001001010011100010101110
148
1000101110010011001010111000000110110001
55
100110111111011100001111001001111000101
30
1110110101011000000110101110100100100
124
1010001101110110000111101100110111011110
176
10010101001010010101000100110110001010
20
10101100101010010011110111101011111001
53
110111011111011101111111100110011011010
132
101100111101101101010111100100101011101
83
1101100001010111111010000101110101100001
8
1001000111010110110010110011111110001111
86
1011101011110101000010000000101010101000
156
10000111001111001101100100000000110011
170
1011011011101110110110100001000100101001
91
1111001110101110100011001100110001001111
125
110101011110101000101111100001110010111
145
11011000110000010111110010001111001000
15
111101111001110000001011111010111111100
44
110010011111101110000111100010100100010
196
110001100110001000000001110011100110
135
111111001100000111101111000101101111110
74
111000000100110011100001101010001001010
74
1011011111000001100100011000100000001100
104
1011100000000111000101010001011101010011
174
1011110010010110010010111110011000
71
10000110111110010111101010010101001111
164
1110000111111010000001101010010000010110
20
110001001101010010101101100011111111101
86
11111001101101000001111000000001011111
111
10001100111011000001111110110000011101
187
111011000101000110100111100010101
185
1011011000011010001001011100010001001101
149
10111110100111110101001000100010000111
36
100101101101000101000111010001010111000
113
1010111011101101101010000110001010010100
88
1000011000101101011011110111100100101011
111
1101111000001011101000000110001100101100
111
100111100010000111000011100011110110111
11
1111100101000110001000111101101001011
134
1110110011101101010001100001110000011101
89
10101110100010010010011111111111101100
158
1111101111010110101010011100100000010100
31
1010101111110010100110011010111010010010
143
100001001010001110011011111101011010100
124
1100111000000010001100100011111001100010
113
1100001000101110110011000001011001010
139
11000101111011001101110001000010001
184
1100010110101111101111010101101001101101
192
11100110111000100001011111101100100111
97
1001101011010111011111101101010011010100
54
111110001000011001000011101000101010111
9
10000000011001101000010110100000101101
55
110011000111000010010000001101100110111
165
100001110011010101000001011100011110111
57
10001000011010000111111001011000000100
11
11110010000010110110000000100101000100
111
1011011001000000110000011111000000110100
124
11010001001001100001100100011000111111
119
110110111101100011111110111100111101001
34
1100010010110011010111101010000111101000
154
110000101100111001000110000100011010101
12
1001010101111110000000101101010100101110
67
1011111111010011001011010011100010000111
40
1001011011001100010101010110000010010010
92
111001110010001000111100100011000100001
17
11110111011111110111110101011110111100
172
1010011101010100001110011011001011010100
1
1111100100010011011001001111101101000111
65
1010001110101111100011111010101011000000
3
1101010111010100111000001001001010011000
58
1010100011101010010100111011110011001010
164
11101001001001000110111011010010111001
51
11100100101000110011000001010001101
35
1000011101110101100101011110101000100000
156
101001111011010000110001010110101011
14
111110000110011110100000000010011111001
124
101101010010100010000001100000110010101
102
1010101001010110111010101000100011101010
145
10000001001001011001100011100001110110
115
1111010111100001011001011111011110000000
55
1011110000001100101010100101001000011111
196
1100010100111101110001100001111110111000
33
11100010001001110110010011101100100101
125
1011101010101010011111100100001100101000
83
1101100101111000100011100110111100110001
61
1100101110111111111111111101111100111011
120
1000000101110010010100000010000011111111
138
1000101110101000011100001001010100100000
143
1010101001010111111010000111100110001101
17
1100000011000101010011001001110101001101
159
110011110111001100100111000101101010
162
1101000110101111101001111011011110111011
2
1110001101101001010110100101011001110111
173
101011000111011100111001111010011011101
50
1011110110111110000110011110100000001110
99
11001010101000101001110011101111011100
95
111010000111100001100101000101000110110
150
110110101011100100101101101011001111011
118
1100101001001110111000110011000111000010
199
1101111010111110101100111001010010101011
44
10110000001101100111001100111000011111
43
1010100011110110001010100011101111001111
80
1101011010100011000111110000010000011101
42
1001111000010111111000001001110100011
124
1000000111001001000000111000101001010100
136
111111110100101001000111010101111000001
73
1001100010011010101111010010111100010100
40
110101101010110011110100100010111011000
75
1011011101111110100110111010111010101
129
1001000111110101101001000000010000010101
3
1101100111110100100011101000111111010110
69
11010101011100110110001000011010010
63
1011100000111100011100001001011011011001
114
1111010010000110101001111100101110111110
27
1100011101011110111101011001001000110010
120
1000001111001110000010000001110001101101
144
1100110010101000011001010100000011000011
141
111000011010001001011101110011000010
117
1000001010110110011110110011000110000
191
10100010100101111110011011000010011001
11
110111011100001111010110000100101001101
174
101000000111111010110010010101011010010
92
110100101110001000101010011100110001001
122
1001110010010100111101110011100001010011
170
10000111000011010011001110110011101
55
11101110010110000010011100000100101001
172
111000011000100001010001100101100111011
68
1000101111010000001001000010110010000001
197
1010010010000110010000111110000111010
142
1100100011010000001111010111001100011
11
10001011111110100011111000100111000
77
1111011000000100110011100010000010100001
9
1100010010011011111100101100111001101011
161
1110100111111101001111100011111100100010
96
1110101110110100101100101011011011111011
19
110001011100010101000000000110011111111
151
101011011110111001100110100111000111111
168
101101101100000100111111100000101100010
15
1010010000000011111101110111000100011101
125
1101001110000001100111001100110100101111
144
1000010110010000101010111101100111010101
101
1001110010000010010111011011101010001010
197
100010001001001100110010001111101010110
32
11111110101110000111100010111101001
19
1101110001111011101110000001010101101000
143
1110010011111001101101011000100001000001
85
11011011101011111110110101001000010010
8
1111011011100001001000011001111001110010
1
1011010010111100111111100110011000100010
169
100001110000010110000010100101100100100
50
100001111111110000101001001011101100001
41
1000000000000110111001100110110100101010
182
10000101000010101010110011110001010011
178
1100111110001111111101000000100011000010
45
1011000101000001001011101000010000000011
97
1001111101101111100000111100001001111111
11
111010101010000010111111101110000111110
65
1101001110011111000010110100100000001001
32
10111011100001100011110111101110101000
131
100011001011010101010111101
76
1011011001011111111010111101110110011111
45
1000010101001100111010110100011101001100
98
1000001010101011100001001010000
48
10110010100111001010001101000010000100
40
1101101010000010011001101001011000001011
52
1011100100011011010001100101110100110
39
11111111001111110100011100111010100100
142
110110010110010001000010011000000100000
174
111000110111000110011010001110110001
68
1010011110000001000101000100111111101110
68
1110111010001100011100011001111011110101
29
100100110010101010001100010000011001011
29
1110011101101011010100001011100110000000
143
111101111010010000001001100000101111101
123
10101101110000101001110000111011101111
143
1110000011111000010011101000101100000010
68
1001110010011000110011100001110001000110
180
110100000100111100000110111010000011
119
1111001111111001000001111111011110100001
182
11000010110000011110101100011011101010
108
1001010100111100100101110010101101001100
8
1100110010101010000010000001010100101
123
1101101101001011100011001011101100000101
173
100000100110101000000000111010011001111
178
111011010111000101111110100100001100000
112
1000110100001101101101111101110000111001
97
1100000000010000111100111011000001011011
33
1111101000111000110101111000011101011001
7
1001111101100000100110000001001001010110
154
11010000010110101111001110101111011110
14
1000010011101110011010000011110111110010
62
10011101111110110101111111110010101011
68
110010000010100110101100001011111110110
65
1011000011111110101100011101011111000000
141
1111110100010011011001100111111001000101
125
1100010011010101001110010011001111100001
42
10001000011111101110111100100011111000
94
1100001011100101110110111010101001100100
119
111101100001110100101011100011000110000
48
110001000101010101111110011111011110000
12
1000011000000111101010101011011110111011
53
100010000110001001100001001000001010110
181
1110000111000010111100011000111110111001
16
111011101110100110100010110000101010101
58
10110111011111000100011011111010010110
143
1110010001110101101101011110000111110011
4
11011000000110100111001110011101001110
65
1100000101110101101111101110100001010010
191
1111001100110111000110111100011101101000
164
1101011001111111010101101010100100100100
140
1110011101111110011010100010100110111011
174
100010100010001010101101000000001011101
109
101111111001011011110100110111100110110
54
111101101010001000111010110111101100
112
1000011101111100011001011010010101001011
83
1101010101010001101011110010011010011011
37
110111100100010110001110101111010000100
181
1110000001101010110110010010000000000101
79
101000101010110100000001010010111101
131
1111101100000011110111010101100101001000
70
10110000001000110001100100001001000
93
110110001100111011110100010011101001011
46
1101000100101101100010010011011001101010
176
1000101111010100100110001010100011101011
139
101100110011100001010001100011010011011
2
110100111001101010010100001010011110
180
1110100010100100100111111101000111111100
143
1011111011001000101101001111110111111000
118
1111100011000001100100011001100101011011
101
101100101011000100101111001111010001
43
111010010101000010110101010000101010
64
1111111101101011101001100101101110011001
57
1110100100101001110111001110110010000111
129
1001101111011100010111011000101100110011
54
1100010011100110111101100011000100111
181
110001100110110100001110011001110111001
98
1011111001100110110010001011101111100000
172
1000010001011111101100000000101011100000
105
1101011011111011011011011100101011101000
159
1101001100000010100011000110111101111110
170
1001000011100110111110100110011100110100
171
1110000111010101101011110101001101000001
186
1111101011101001000011110010010001000001
164
1110011110010000110000000100101001010110
176
1001110110000110010000100000010111010101
129
111010000101000100101001000001101110110
152
1010111011100101110101000000101111100011
96
1001000000010011110100010010101101110011
105
1111110011010100101000100010110110000010
84
1001001001010011101010110101001010000000
194
11111111001000100101000001011001110111
171
110010011001111101000001110011010010111
49
110011110011011000010100000111001110110
127
100100011110010010101011111110101110111
116
110101011000101111111010000001010001011
63
111111010010001111010010001001011100100
62
1010011001000111000001111110000110001110
169
111001101101000110011001101010100110001
132
1000101010110010111110110111110110100110
53
11110101111101111111011100101100100101
35
1011000001001100001001001000000101000110
1
1000101011111011111100000000110110000010
14
111000010101010011100011000011011100010
190
100101011011010111110111011101111111000
55
1111011011111010000000010111100011001011
53
111001100110010100010010100101110110000
17
110110010011010101101010111100100000011
5
1101010000100100001011011111111010000010
25
110101001011111011000000011111110100110
61
1110101001101111001110001011101110000011
180
1001110000101101110010100001100100011001
103
111010001001011000100100110110101110011
82
100000111110110110011101010110001110
89
100100000001011110001000011000001001110
24
1000011100010011100111110100001111010000
199
110011010000111110100000001000110010110
50
1001011001010011101011011000000001001001
31
10001110100000011110110010110010110011
183
100100010100111010010000101000011110011
79
1001001101100000001011011100010001010
147
100100011001101111111111111100011
11
1100110000111011011101110000000111111
76
1101011101100000101001101100001010100001
193
10001110010111100010011010011111110101
89
1000100011010100111110000110000001111010
42
1110100001000000100010100111101000111001
22
10110011111010011111001110010001101100
3
1010000110111100111001110110010110010
125
100000111000110011100010100110101010011
145
1111111111101110101001101010000010111000
88
1110110000001101110100101010001010011110
114
111011101110111101100001001100111111110
177
1100000100101110001111001100100100010110
39
1011100000111001001111011101101110100100
171
1100110100110100110001110110001110011011
177
100110111001100100111100110100011000110
197
111011100011010011100101011010000000111
18
1000100001010000101001001100101011001101
2
1001011111011010110001010111100010111000
139
1000100101101011010000110101110001110100
73
1100101100110101001111101101100100010
134
111111011011010010000001011000001101
90
1101111011100100000100101110000001010
61
1110101111111100110000011110100111011000
165
1111000011000111000001001101010111011010
49
110111000001101101101100111000111010000
193
1000110000011100111111110001111101000111
125
1100011110101101000011010000001110100100
165
1111011111001000100110000010011111111
56
1001001101101101000101011000101000001
109
1000111110010101001110010000010101111111
83
1111001011111001110000011101100100101000
122
11100011100101100010010000100111101001
98
110100110001011000101101000010011010
180
1010111001011011110011000000110100101100
141
110110011111011011010001010111011010
33
1100011101011111100001100010010100001
164
1101010100010011110010010011110110110000
147
1010010100110001010100010100000110011101
9
1111100101101000110011000000101111001110
66
1011101001100000010001101001010100000101
68
10101101000101110011001001010110111100
33
1001100111100111000000001100000111101000
131
1010011010101011010011100011011010110111
200
100010001111011111100000101000101010100
120
111100000111010001011010000100101110101
73
110011010101101001111001110101101000001
105
1001111010100111000100001000011111101001
149
1010101110010100111111011001001001011011
111
1101101100110011000001010111100111110
2
1101100111110001000001101101001001001001
69
1011110001110001111001110111011110111
44
1110101000001111000100110100111010100100
108
10110100101000111011111101010100100010
179
1100001000101101101001101110000101101111
123
111001000001101000010100011011001100010
179
1101010001101001101000001111011011101001
24
111010001011110101101000001010111110111
1
1100001111010010001001011110111010100111
73
11110100100000101101101110110000010010
13
100110011001100010111010000001000011011
68
111101111001101101011101111000001000001
23
1000100101101110001101101111101100110001
21
1000010111011110001010111111111000000
23
11000111110010110010010000000110010111
90
111011001110110000110000100011000111100
135
101001000100010101101001101011111010100
68
101110001111101000000001000011000101100
164
1100000101100010111101000011100111101111
37
101111111010011000100000111011001001111
138
110001110111011101001010100001010000111
114
111100010101111101110101100001110111101
199
1011111110110101000001010100101100100001
5
1101111110101100000111101010001101101
122
110111111100111010110000110110101100101
171
110101111100100101000101001100011000100
48
100000100011110011100101111110111000011
134
1000001111001100010011011101000000101111
126
101111100101000100100001001111010000010
24
101000111011011111110001001011101111011
38
1101110010011111001010100000000001100111
47
11001001111111011011110110011100101
47
1000111010111001001001011100000100101001
139
1011111101111001111011110111001111100000
117
1100101000100100000011010100101001101011
156
10001100100011100111111100111101010011
4
1111101111001101010101001000111000001100
144
1011000010100010101010010111110101010101
187
110110010011010111111101110000101011000
45
100011001100101010101100101000100011
149
101100101000110001000011111111000101110
136
1111101101111110110000011110111100001011
80
1001001010111011011110101101100100011100
149
111011000010010101100001100100110101011
188
101111010000011000010010010101011000
13
110011110111110001000000110000010111010
6
100111101111001010100110001001000111010
71
11010101001110011101001010100001001010
44
111000011011010110111000010011011101000
190
111000110010101100101100010010000000001
11
111111001000111001100000000001111000101
177
1001010010011001011110001111010011111000
49
110011100000011110110111011010111110100
30
1101000001000000000010010001001001000110
125
1100001010110100000101011011110000000001
136
1111000111110011101101110100111010100101
188
1111100101000110110110110100011111100001
26
1101010011100001111101010111001111110101
148
1101000010001000101001010101110101110101
66
1011101000000110011110011111001100010000
159
1001100100110110010011011100101111011
189
101111110011011100011011000011001011000
125
1010011111111100011011000010011000101000
195
1101000100110010010011010000000100011101
106
110011001111101100011101000011110001000
171
1010101100001101111001110101011101111101
41
101010000010000100011001000010000111001
34
101100011010010001011100101000111110000
116
111100010100000101101111110000000010110
147
1110000111111110101101011111010110111111
195
1100011110100111011011010101110100
45
111100011110111100011001111011111111
93
1001010011001111000001111110000000000101
74
10111111101100001100110000001001110010
199
1101011110011101010101000101001010100110
117
1101000011001010101000001101101100000001
6
1110000101010011010001110111100011010010
37
11001111011110010100000000111010000010
195
100000101110100000010101101011011111111
168
1011000011111011001000110010000000000000
169
1010001101011101110011110111110001000001
92
1001001110001100100011010111101100000111
153
1011010011111011001111100110111111110
115
1111110111010100000000101111001001010010
171
100110110001100011011010100011111100
150
110101111111000010001111111110010100101
119
1111111110101010000011010010110001010101
179
111010000110111001011101100111010011001
53
1011001100100000111110011100000010100111
12
1010101011111101001110011010100111010010
169
110001100010011100000110110010011110001
92
1111000111111110110000111000001101
148
100110110010011110111001110101100100101
135
1101000000110100001100010111001111110100
62
1011110000010100001000001000010101000001
118
1001000001010100000111011111000011010010
168
1011111000111101010011010010111001010001
110
1011001011100011100011011101010101110
81
10001100000001110001011101000100000100
120
101000011110100100000100100101011101110
22
11000000111010101100110011110011110000
162
111011100101111101101011110011100011101
95
10011110001000110111000000110101101101
47
110000000111001100001111000110010100011
108
1110101010000101111011010011110011011001
184
1001100110001010000110010001100110101010
192
111010110000011011101010001110111011110
128
1011001100001111010101001101100110000010
72
101111111110010100000000111100110010001
89
1100011011100110100100010100100011010111
166
10111101101000111111010100010111010000
54
1100110111100010001011110001010010001001
57
1101110101101100001000111001101101100001
197
10101101101010000011011110001011
128
110101111000111111010001100110111111110
20
1001011111010100010001000001100111111101
72
1100011001010111011001011010101100101101
40
1011110001101010100110010100011010011100
15
1000111011110111010101000011011011000000
138
110111001000000000101101000010010010011
146
1101010111100110001111111101100111110001
47
101111110010110011111111000011110001
58
1011000001000100111100011101100010101011
98
1111111000010101100000100001011011101111
184
111000100010110110111011010101111111010
187
110001000111101000011011111000011000
193
110001111000001100001010110100001010111
186
1110001101100011111101011111101111001110
74
100111101000100110100010000011000011
107
101010100001100110011001011001111111110
152
1100010100111001111101001011101111100010
18
1100111011001100011111011101110001011100
104
1010101011101100110100000010011101110
163
1001100101110001001010010000000010010101
95
100001101111111101001011111001101110001
54
111111001100111011000011111010000001011
56
100001000010100110110111000100001000001
56
1000101000100111100101011011101101011001
86
1010111000001011000000011011011100100101
33
1001101011100011000100111111111000000010
159
1000001011001100100111001100100110010011
79
1000001111111110000100111101101111101100
126
1010001110001001111100000110110001101001
141
1001010101111001111001011000001100000
26
11010011110010101000000010000010010011
17
101010101001100110110101001100010010
36
10000100011001100110111100000011101100
77
1010010101011111100001000110110110001110
15
1111100100111010110110001001110000111110
70
1110111000000001011110000110111010000011
58
1111000000010001000001110000111110000000
16
1101110100111010101001101110110110111001
34
1110101100011101110101000100100100000001
65
100111000010101001100001100100111110101
146
1011100101010011000000110100110000100001
122
1001111000110111001100111000010000011100
15
1001101111110100011001101110001100110011
53
1101101100001010100100110111100000010011
117
101110011001011100011111001111000000100
5
1000000111100100110000000011110000000110
165
101001111111011101110010010110010100010
151
1001011100110100001111011000010100011100
18
101011101010110101101111111100011011110
27
1110000101001010100000000100100101011111
56
100110101010010000101011001010111001100
86
1000101101100000101001001011100010101110
69
10110000011111101000110110010010
188
11010100010101010010000011101100010001
4
1000100010000111101000001000110101011011
53
1001101111011110011001100110010111100110
93
1110111000000110100010000111000011011011
34
110011000110101100111111111111100111100
195
1101011011001001010110001011010101
99
1001111111011001110000011111001101011011
83
110011110010011111100111111000111000101
123
1011101110000110100100101010010110011
198
1010101101010000001011000010011010111011
100
1011101101111001011110111101101000011110
168
1101010010100010111101000011001101110000
178
10011010101101001100000010101101011101
89
100101101111110011001111011010100100010
60
110110011011001000000010001111111010111
152
1001111010110001011011101001001101000010
131
111010111011111110111111111101110100110
59
100011101000010010101001010010110010111
63
110011010010110001111001101010001010
11
1000011001010111110110111000001100110101
182
11101110000111110110000100011011000101
113
110110100100100000011110101100101101110
176
1000001001010101000101101100101000000110
175
111110001011010000000110001101010001
60
1111000001111000111001011000000110000100
165
110101010001010100010001110101011111001
47
1010111001101111000001100001000001111011
153
1110010101011011100011000011011100101111
27
100001100110111101010110111110001110000
160
1011001110110111000000111110100100001010
76
1100011010010000101110001000110110100000
170
110100111001111001001101000101111110001
101
100100000111000111011111000010101000
81
11000010010100101100111100010001000101
122
111110111000010101110100110000101010010
97
1000001011010101010110000001100000101001
50
101000111100010100111100100011110
106
1100111010010100100000010001111111011
181
10101111000000011110000101111001100000
7
1010100101101001001111100011011100101110
10
110100100111001110010010100100111011100
169
1101100110011000010101010010111111001111
112
10011001101101100000110001101101000
1
110000011001101011110011010000101000
58
110100110101010101000101011001011001001
129
1100011100110101110011001011010001101011
161
1101000001001001111100000101010011000101
69
110001101110011100110111110101111000100
53
1011101110000111100001110111110100110010
156
1011101100101111011100111001010001101000
86
1100011011011000000111011111001001100100
166
1001010001011111000110001011000110111011
154
1010101010001110001010111000110001001001
132
101100101001000100000111101110011010111
22
1001001110111111000111011010111110101010
33
1110000111111111010010001001011101101110
145
100111001000101001000111100001110001001
118
1110110101000000000011111111010001101001
194
1001110111011010001011001101111010111110
37
1101010001111101111101110011011001110100
53
1010000100011110100100001011000000110001
92
1011011010001110011110111100101111100000
72
1100001100101010011111000110011000100111
181
1001100101011011101000011000110101110001
117
101000000100110011101111010110010100001
66
1100110110101001000101100000000000110101
102
1000101000010000010001011011000111101010
160
110110100010001010000110011110010111011
17
101001100001101001001011111000101000100
60
1110010111100111011001000101101001000
129
1111000110011010111101001111001010010111
136
1010111100000001011110000100110000100100
28
111001011001110010011010110110100100010
24
1101110101000010111101100011010011100000
18
10011010011011111001101001001101110
160
10110111000000001000001101001010111110
13
10110011111111111001101011100001110000
98
1000000101000010101011101110111111101101
154
101001000011000110000001110011100110001
24
11000010100111001000100011000111010111
107
110100111011001011011000011000000000010
123
110100100000001110010000100111100001001
9
1110001101001011010000111000101111001101
40
100011110010001111111110110001010000000
167
111001111000000000001011000111001010
100
11111100000111111101100000011010010
197
1000011010010010100101100100000101110000
96
110100000010000000101010001001010001011
81
1111010011101011100111011011100111010
87
110100011010000110101110011111001100110
56
1110001010011110110011111100101101111011
122
1000011010010011111110110100101000100
20
1101000001000100100011111100010100100001
63
100101011000111111010001111101110010001
142
1111100110011111010011010010010101000011
96
1111101011101111011001010001101000111111
73
10110101001111101011000101001010010111
11
101011000010111101011111100101101101101
23
110011110110011110001110011001100010010
33
110111000111000010011000001001111010100
1
110000000011110011010101011011010110000
73
111110010001010000110011101000101011100
179
111011100000011101010101100101110011001
192
1011001101101000010100001000101001110110
49
1001010101111001111111000101111101101011
192
10000111001110000111010011111011010001
101
111010110110000111100101000000110010
61
1000000011111000000100011011100110101000
67
1011100101010010000001011000100101101101
177
1111011001100010110001000000101001110000
24
11011010000010101001101101000010001010
182
1100010101000011011111000110001011011
64
1111110010010000011001010110101000100111
119
1111111001010000010100000110101000111110
182
1101101111001111110000111000001110100111
151
1000110000110010011110110000010110110011
105
1101010011010111110010111011001010001110
183
1101100011110111110010101000000001111010
75
110001000000100001011010101010001010000
36
110111110110000110110010010011011010001
186
1011111110011011011101001101111111001101
18
101011001010100000111101110111100000000
100
101001100110001000110110101100110011010
172
1011110001101111111111010001101110011011
79
10000001111001110110101000110010100011
115
110110101111011100010111000000100111110
12
1001100001010100001011011100110000001000
193
1111100110001011110110001010110000101110
167
111111011100010001000110010111001110101
159
1000101100010001010011111000111101010101
104
10011001000011010100111110001101101100
174
1111101000011101011101101110010101111
7
101100010010110010000001011000111001011
37
100110101100001010100010101010111101010
8
1000000000001011111010010110111001110101
121
1111100011000111111110100111101101001100
185
1100100011101000001010001000011111001101
8
10110010000010011111100110010100110000
77
1001110000110100111010111110101010101010
173
1010111011010010101101011010101101010001
105
1100011100001010111111100110000011010101
141
1101110011110100110100000110111011011010
196
111010011001110101110011011101000001111
181
11001010000010100101101010110110110001
31
111010001101101011010101101000110110100
34
1001010100100111101011110001100001001001
200
101011110010001110111111000011100100100
145
1001000010100101001010001011010100000001
59
1100111110000110010011110011001001101110
176
101001110000011100101100000110011001
48
1101100111110001101111111110011000010100
183
10001000000101110000110111110110010010
139
1000010100110000010100101001110011100011
128
1101001110101101110001011110111111111001
38
10011110111110100001011111111010111
164
100001100100111011000001101110101011110
57
110010000000111110010111101101101011001
48
100010001110110001010010000111011000001
194
1101100110011110100010000111001001101101
111
10101101100110101100001111110110000111
190
1111000100101111011111011001001111111110
88
1101001100011001100010111101101000000110
76
1101001110001011010001010101100011110011
171
10110111000100011000011011111101001101
139
110110011110000001010111111111000111
3
100111000010111001101010000000010110001
151
111000100011001011010110001011001101111
101
1101001010100000111111100111101101111
66
1010001100010000011010010101111110110101
13
1001111011010110000111000111001110100110
161
1110001010101010011011010001111110001
142
110101111110111001111000111100111101111
86
101001110100001010101101110111110100011
26
1101001101001010001101110110111011011010
86
100001010100010000010101011001100001
191
101110000100010101011100000011001011100
51
101000111101010101011000001111010110011
200
11100011110101001111111011110011001100
188
1001111110110000110010000100101011101000
47
1011111000011111000010011110111111010
14
111001011100001001101100100100001101101
108
1101100011000110011010001010011101111100
103
1000011000110110010110010011011010101010
36
1100100110110001110000001100101111100110
61
110001101110100010100110001101000010111
91
1111011101100000011111101010000111111001
89
1011011100010000011000011011001000011
175
1001010111000011110010100010000100011011
165
110011010000000011110011110001110110000
76
1111101101010001011101101111000001111001
180
110000001100101010100100010101110110011
78
1110011110001010001000111000010101011000
102
100111101001011110001110010011110000111
43
1110100010001011110010111110001011000000
181
1010110101110011111001000001010010101000
9
1111000000010100000101000110111000100000
114
1001110001110000101010110101010011011111
19
1110010101001000001010110110110111011110
183
1101011110100001001001111110010011110001
172
1001101110000000100110100101110111010101
121
1010101001100100100001110001100111101011
97
1011000001100100100000001000011010010000
186
111000101000100101001101011011110000
101
1011011100011101011110011001111100011110
42
10100001111001011101111011110001110000
14
10101000101010011111111000010111011010
21
110010010011000101000111010010100001110
172
1001111011111110101001100100011000100001
55
111100111001110100100010010000111101101
101
100110001011110110001100110010101000010
12
1000101001011001101101001001000001011101
187
1000001111000100011001100100000000011111
185
101001000011011101000111011100001110010
154
1100010000000000100100011011010110001010
138
1100110100010000011001001001100111011001
50
11011110001010111010000100000001010110
10
1001100100101101101110100000011111101
150
1010000101001110000001111101111011011110
43
110111010101111010100110010111101000101
120
110110001100011001101110010011001110000
158
1110011110100100000110011100001101110101
134
1111010000011111101000001011110100010011
54
1110110100011111011111100001001100
16
1010011000011100111011010000110000111101
11
11000011110101111001110100010110111110
30
1100101001001010001011001101100001000111
169
1101011100000101101101110000010010101001
22
1111110111111000010111000011101111011110
129
10111110101000101010111000000011111001
74
101111111110101100011100011111111101100
114
111100110110111010001100100010010100000
56
1111111011101000100111100000011110011000
37
1101010000000000000110101001011101011100
4
11000100010000101010000000111100111000
162
100000010101001100100010011000100110001
25
110100011100011110111001011100011010010
100
1110110001101100001000001000111101110111
193
111001111010010000011011000111111110010
45
1011100000010001100000011101011110011100
188
101001010100100001101111100011101101
129
10111101100000110001101000001101110110
39
11000000011001000001111111000000011111
67
1011011101111110010001011111100111011011
119
11111000101001011100001011100000010000
100
1100100000111011110100111001011011110001
184
1000110100001001010011110000100101010001
28
1001011011000010001011101011100101111111
169
1011101101100011001111111010010111110000
148
101010000011110010011000010101111000111
42
111101111000111100101001111110110100011
116
110110111011000011101110101011011011111
101
1001000111000011101011111001100000010101
190
111010111001000110110100101000010000
50
111110100101111101011000011010100001100
35
11011000101000111010110101001010100011
78
111101110110110111000001000000001010101
199
1010010011001011111110100101010100000000
70
1010011101000101111100111111010001010011
119
1111000011010100101100100111100010100
99
1010110001010011101111011111001000001011
135
10111000100000000000010111011110100010
175
1010110010110011001100111011001111110110
116
1000001100000111100011111000010110110110
186
1110000111100111101010011101010111101
149
1100101111110101001001001010011011010001
192
1011111011000111000101111101111010111111
55
1000000000000100010011111100010100000010
149
11110011111011010101101000101001000110
48
1101110001100000010000001111100000100101
114
11001110110111001101101000010010100100
152
111000000101011111010111001001101010001
58
1010010000111100010110011011110100110101
88
1001111111100010100010000100001010001000
80
1010010011110010110101101110000000011110
72
11100101100000011001001101110000000111
72
10000101110011100001001000000110111110
94
11011001010101010011100010011011011100
66
110101100000100011010101010111100111101
97
1110100111100011111010110100110110100010
58
1001111000101101111011000111010010101000
57
1111011001100010010111101111011110000100
189
100001001110010011001111100100110001001
113
100101110101011001011101101011000100
89
1011001000001001010110011101011110111101
149
11111100001011110101001001110000010001
82
11101011001110101010101011101000000100
69
1101010011001011001100001010100011000001
71
1001001110010011000001100101100000001101
139
10100110011010111110101101111101
46
110100000110000111111000011110010011100
58
1011010011101101100000110110011101110000
89
1000000110111011100100001110110010111010
173
10000001100001001110001000100110111
28
101000111010111110101111111101111111100
55
101001010011101001000101111111101001
91
1001100100100100110000101100000011010110
160
1000000110010001010010111010001010000110
11
111000000010000000011100100111100000
103
1000000001010010001111111110100110010111
152
111100110001101110111011110010001011100
74
10001001101101110001000100011010011011
156
1001001000110001011011011011111001001110
52
1000011010100011110000100001010100110000
27
111101011101000010100111111000000101111
31
1110100001110110110011101001011001001000
78
1110100111011101011011101000110101100100
172
101001100000011011111100110000111000110
199
100010100011011010100010101110111110101
28
1010111001111011110100000010101001010
34
1101011100010001011001010100110010110001
137
1010110111100111001010111111011010011001
74
100110110101000110100011110010011011000
191
101000011110110110110011010111100000001
177
1100110010100111111101011001010011101101
32
1100110111010010011011111001011101011101
115
1111001100111000110110010110110100001010
60
100110110000100100101111100100001000010
46
1100011110111110000001011000010000000
125
1011100011001110111011101010100100001111
85
1011101001001111000111101011011100111011
121
111010111110111111100100110001101101000
196
1111101001111100011001010001011101011001
61
100011100000110010111010111001110101101
20
1011110010010000000101110100101001110111
159
11100101111110010011100101011100000001
182
1001011111110001001101110100010011101110
107
1110010010101000111100001011110010110110
165
1001101011001101111101000101111110111000
87
100101000110100000100100011001001111010
36
1111000000011001100001100110001001001
160
1001100100001101001010100011010110111101
40
101101111110100110010101000000000011110
29
101001001000111010110001000010000101
37
1001101011011100111001110011111100000100
114
1011000011001101111010000100111100000101
179
1100100110001101011111000100000001110100
96
10011001001000101000010011101110001110
114
1001110011110100111011111000010001011111
22
110010001000110011001000101111011000000
165
1001110110110001000011111011001110010001
58
1000111001101000101011101001011001000000
189
111001111101111100001000010001011001000
164
111101010010101001100000101000000000100
93
1100110101101010000011101100000001011011
155
1000110001111010000011111100111100111001
2
1100001011101110001101000110000010001101
83
100100000001001100100101110011110000110
195
101110001010100110111011010101001010001
65
1011111001111000110000011001001100010000
132
1011011000111111101110111000010001001100
156
1010101001101100001100100111110000110101
71
1101000101011000000010001100001100101010
39
100100011011100010111010110001000011111
159
101001011010101110001100011111100110110
132
1010000010110100010101100101101010100110
136
110100010001001000011110000011011011100
149
1100110110000000110100100111011101111
112
10010011000010011001000101110110001100
75
1001101011111101000111000100101011111000
82
1011100000001001000101111011101000111010
84
1000001000001110001110101110000011100111
192
10010100101011001011111100111011000001
118
1111000110110011101010011011101101110010
163
1000010010010001100011001110110011100111
53
100101111110110010110011101011011010010
142
1101100110101100101100110010000110111010
55
1011110000010001111110100101101111111010
28
110111111110110100101000000011100111001
57
1110000111101001101100000100001110011110
75
1100100110001110011110010100100011011111
193
1111000111111001101100110101111000000100
44
101011110101011011110110000101111000111
158
1111110111010100111111001110010110101110
56
1010100010100101111011110100100101100111
98
1000110100010010101000110000000100010010
67
1100110000111111111001100000100100100101
166
1010110011110111010000011110110011001000
52
1000011001101011100001010110011011001100
7
1101011001101010111100100001111111001100
101
101010000110011011001010010101110000010
40
1110000000101101100010111111101011111100
135
11000111010011101001111011110110100010
153
10001110010111100101001001111100010001
169
110100010101000100001000101111110000011
192
1111000101010001100100100101100100000001
132
101110011111010010100001110110110101011
180
100010011110110010001111101000101111111
35
100011010100010011000001100110101011101
18
1111101101111000111110001011000110000101
84
1111111010000101101110001110000110000
83
1101001100100101011010010101100001111110
46
1000001000000011010011110101100011001010
188
1001011101101010110101110010001110000000
31
11111100001001100100100001001001011011
121
1101011100011000110011011011111100101010
186
1000101101000001001100011011110100111010
177
1001000101011101000010111000100000000100
165
1000110101101000000101001010010011110011
4
1101110110101101101010101010011010101111
147
111111010011000101011010000000110001001
89
1011111010101001100001110001001010001011
28
10111001011101001011010110110110001100
121
1010011011010100010110111111110100101
104
11011111111110000000010100110010110001
137
101101101110101001101110100110111011
95
110110110001011000100100010000001101011
117
111110000000011011101011100111110100001
85
10100110100011010101000110011111101110
26
10101111110010010001101010100111101000
2
1010000100110000000101011101001100001001
76
1111110011110011010000001101001101000011
67
1100000000110001010110111111010000000
99
1101101000110001100111100011000001011110
109
111110011011000010110011011111111000011
172
1010011010001001111111100101000100010101
199
100110100010110000110101111101100100001
120
1000110011110110010001111010100000011010
119
10000101110101101110010110001001110010
16
1101100110110001100000101000000010111000
106
1000110100010010111011101111010100101
159
100001010101110111001100110101011111010
34
100011001100011010011001000111011110
184
101011000011111110011000101011110001010
173
11110101000010011110011100001001001100
116
11111000101111000001010010100000101111
183
110010010000100111111110110110101000111
39
11111011101001000111111111101110101010
150
10111101001001000100000111100101111
43
100101001101010000010000100001010101010
188
1101110111101101001110111011001000111100
11
1010000011111100000001111101100001110000
126
1001001110100101110110100011101010001
97
110000011011100110011101111010110110111
112
101111010111000000001001011101101011101
73
1011000110110010010110010111101000101010
82
1110111110011101101000000100101110110010
106
1001110110000100100110110110001101001101
169
100111101100101001010101010000011100000
48
1111011000010000111001010110011010011101
198
1111111101110100001110101100010100010001
84
101011100100000111100101110001010000101
60
1011111001000011100011101110111011100111
195
111010110110101000010110011100001011101
137
1100101001000001011111001110001011110010
152
10011110100101000011001000010001110000
69
100101111001110001010101000010110011010
16
1001000101110111111101000100101000000111
176
10110001101100110001100010001011101001
176
101101111000111110101111000111110000
135
1111001110101111011001110111110010011
70
1111000010110011000100000010000001001100
123
100100100100001100100111100100101011001
126
101110000101100001001111100101100001011
82
11001110001111100010100110111101010111
55
1100110100011011011101110110100100001101
47
1101010010110000101001001110001101011001
93
100000010111010110110001010101010111010
35
111000111100011101010010111010011100101
1
1011000010100011011010100110011100000000
25
10000100010010101110101000000010000110
6
1011100111011110001000011110001010111010
141
1000100111111100011101110010110101101010
182
101110010000111011000101111101000100110
69
11000100101110001110111110111000010110
146
101000100010010001010111000101111110
65
1000111111110011010110110011110001011000
178
1001100111011111100110011100001100010111
131
110011010101011001000011001001110100110
11
10010100011110000010101110011101000011
8
111000111100100000001111011010111101101
144
1110011001011101011000100101101101000001
78
1000111100110110100100011110010101010111
81
1111000001100101001101010001000010111111
67
1011011110011001001100010011010110001100
83
1001010111111001111110011100000001010110
21
1100010011000010001010110101111101001000
163
1100001010111100010001010101111101010100
176
100000001111101001011110010011001000000
9
1000000100110011100110010101110001000000
136
1011111000010000011111111000011110101100
55
1011010000101101111111101000110101100001
13
1100000001100110001111001000011001010100
72
110111111001110010010011000001111001
103
1011001010000100111001000100111000000101
159
1101100010010110101000011110111000011
113
100110010110111010101110101000110011111
52
1010100000100111100110000000111000011
164
1110001100101100010010001010010101001000
82
1011011101001011010000010101110000000101
48
11001100111110110110101011000011000000
131
1011000110001001000101110110001010110101
172
1111111011011111000101001000111001001001
123
1011110110001111111101000011111111010000
129
11010010100011100101000000001100101111
79
1100010010001000001100001111100100100101
2
1001101110001001110101111011001101000000
178
101110011000100010011101101000001111101
76
111111100110001000001010011101010010000
56
1100100100000110111000101100001100111
88
101010101100100101001111010001111111011
46
1011010110011011111101101010001111111100
133
1000101101111110110001100100100111100110
60
1111000011010011010100111101011001000101
22
11101011011100111011110100101100100010
73
11111110001110110100011001011000001
107
111101010101001011101001000101100
86
1011010000101100010110111100110111000011
187
1010111100011111010010111110010111000
27
1000000100001011010000110110111100110000
3
1100101011111111000111001010100111010111
104
110000100001110110011100011000100000100
22
110101110011001011000110101010110000
101
1000010110111001011101110110000111001100
58
1011001110111000110111000111100010101000
141
1010001101100110101110100111100101100000
110
111110000010010101010000000110110011000
183
1100110001010101010110110111000000001010
79
100001011110110001010001100101101111100
75
1011010111110001000011101111110101011110
151
100101111010010110101000010000011000011
88
110010101110001101011101111111000
193
100000000011101011001100000110001110101
79
1100111100010111001101101101110010101001
101
111101101100110101101011001111000010110
105
1111010110110110100111001111011101000010
147
1011010011010011110101001001000111100010
8
111110010010000111101100101001011001111
73
111100001011100000000011010110100101100
125
111010110011111110100100000111110110010
44
100001010001011111001100101101101110010
84
111010010000010010011000111011111010011
8
11101000000000001001111011001011110000
98
1001111011110001001010100001001000100101
98
1100010101000100100100001011111000001101
149
1101010011010011000000101000011001100110
121
10000000000100011101010001101110010010
133
101000110001110011100000110001011110010
157
110000111001110001101101001000000110110
197
100001010010111001000011101110111010011
90
1111010111111010001010000011100101100011
196
11010100011111010001100100000011101011
174
1101000111100111000000001010010000101011
17
1010010100110011111111100000100011000001
139
11011000000101011000010011101001010011
62
1001001101110001000001101101101000001001
106
111011011000100111110000000001011000110
33
10111010111010110111100000110110011000
85
10110100001011000001100000011100001100
189
1001110101010001001101010110110110011100
37
1100101111101101100010100011111100100010
21
101110001010100000000110010011110011100
46
11100001001100111100101010010001001101
17
101011011111010000111111011101001110010
149
1111000100111110111111001100111100101001
11
1000110111111000001000011011111001111000
176
1011111111101001110111010000101111110110
113
110100100011100000000110010001000100100
171
1100000001001000001111000010110011111101
81
101001001001001011100001111100000100
123
1111000100101110010011011001101010111
60
1001001011001110010010011011011000110010
102
100000010111101000001010000000001100000
107
1111001001010001011001010001011101110001
181
111100100011011000001100000101100110111
62
1010111110111000000110010001001111010111
124
1110100100100011001110001101001011100001
106
1100100110111111000111011110110111110010
7
10010100010100000100110100101000011
87
110011101111011011011001110011110011100
189
1100110000100001010111101000111010000110
52
11110011100001111111100011000011010111
86
100001100000110101100110100011101000000
182
100000111010101100000000001101000010
22
1000110010000111000110000110010011110001
54
100010100010100011001000110111011001
180
110101010010001000011010101111011110101
107
101110001010011010010111110011111000101
82
1000111011111000001000101110100111101001
40
1010100110001001111100011000101000010011
153
1011001001001110100010111111001010010010
24
101000001001110111001000000001001111
180
100110000111001101110111000001011111011
125
1111100101001100011110001101011001010000
50
1101010011101110000101010100011100011000
20
1000001010101101110110010000110111001110
84
110101100001011111001001111010000110
109
1101011010001000000001001100110111010100
118
1101101111111100001000100000101001011111
92
1001001110101110000100111110011111010000
116
1011010110100101010101101000001100000000
197
1100011011111100011110011001000000010000
31
101100110001011001001000011101000110011
79
1000011101000011010011011010000111011000
178
110011110011111110101010101000011011110
72
1011001101101001000010000011011101000101
35
1111101100111101011000101100010001101001
108
10011001000000101000001000100000100110
86
1000000011100100010111110110001101101001
86
11101001010011010100000010011101011010
110
1011010110101000101111011110001010101100
50
1001011001110100000001000011001101111101
58
1110100100011001110111010100111011010010
89
101011100000110010100000010100001001101
11
1001010001110101100001111010000000110010
52
11101000001001001001010000100011100110
109
1001100001000101100001101100000000110001
132
110000010001111001001110010010100011001
140
1101001111101101111011011011011000110011
195
1101110111111111101000111110010101001
61
101000000100101000011000110111011000010
130
1111110110101100011110100001100101000100
149
110000100010110011001111111101110010001
13
11010111001101100100000000110010010
199
1111001010100111100000010110001001010001
126
101010110101011100001000010001011110101
171
1000011101111110011111011011101100110101
85
110110011010111101110110001000110101000
197
100011110000101110101000011100101001010
114
100001100010111101000111011010111010010
39
1110111100111010100011101000100000111001
118
1111010101011001010110110100110011101111
90
100011100011100011000000111111110010010
101
1100100111010100100110100100100101111110
146
100110101011110000101100110000011011011
77
1111100101010001011010100011111001110110
189
1010001000100010011010101100100010001101
167
101100110001101011000010001101001010
81
111110001101100110110111000000001100111
106
1100101010010010100111000101000001000001
111
1000110001101000101100001100111111100111
155
1000001110001110100101000011000000101010
144
111110111101000100011000011111000010000
71
1011101111111111111001000111010010100100
187
10110111100111100101011010110001001001
13
11110011111011101101101011001111111000
137
100101011111011000100100010100000011010
114
101000011011100011111100010011011000100
1
11010000110001000010011010111100000010
185
110010010101101101110101111001010111110
23
1001111010110111111001111000001110011110
67
101101101001111010101000111100101001111
185
111101111100011100011001000000100010000
179
1111100011110101011010001011011000011000
121
111011000011011001000110000111101011110
167
1011011110111001110111110010100100100100
93
110110011110110000100111000111111111
200
100010000110101101100111011010010101001
188
1111001001000011100110011111111000111000
145
111010111000010111101000000011111011101
92
1010110100011011111000101100011110101110
184
111001110111000111001111010100010010110
131
1100000111010001110101110001101100001111
52
111000100011100001011000001110001010000
77
10101010011100101000001011110011000001
160
1000110001101101001100100010011111101001
11
11100011001110001101110100001101101110
134
1001010100001010001110110111000000101110
107
11101110101001110001101101111101011100
122
101010001000010110101001011101110010010
114
100010101111101101111101111010010110000
78
11110001010001001001110111000010000100
4
1100101011000111111011111011011011001
53
101000000000001001110100101000011000111
43
1000000011110111111001001100110011100001
29
111110010101010000001000000000001101100
3
1110111110011111011010110111000111011011
168
111100001001101100111110100100100000100
40
111000100010001000100111101001000011000
133
11101111001000000110011000100000100011
138
1000100111100011101000111100010011001000
86
101001111110101000011111011000001001110
114
1111110000100101111000001000110000111111
103
101001111001011001000000110010111100000
162
110001100111111111010001101000001101011
29
110100111010101100000001111111000100011
10
1101110001100000010011000111011100111111
73
10010010101000111010100011101000010
37
11010000111111000100101000110000010100
156
1001111111100101100000001001110110111110
142
1001110011101011010100000011110000110
102
1111011100011011111010001100011101101000
117
1111000110011001111100000010100111010011
14
1110101101001001110000001001100100000000
31
10010010111010110101111001110100000010
65
1010000000011110111010001011001101010110
118
111011010000110110100010100101100010101
189
1111001101101001100001010011000001110000
164
111101001110110010000101011001011011110
146
1000100011000101001000001100001100100000
69
1100010100001011011101011111000000001010
107
100011001101010000010111000001010000011
60
1011111010100010010110011001100100001000
129
101000111100101110110101001011000001100
153
1010100001111100011110011111011111110011
174
111110100001001110000010010000000000101
25
1111100010000001000100100001100101
96
1111100101100100000000101110010111011110
182
1110110000000011011110101110010110000111
175
1010010010101110110111010000001101110
134
1000000110000010011010001000010001111001
39
1000010000010111001000101001101010001110
177
1001011010000111001110100111010100110011
76
1111011001111100001010110100000101110010
6
1010011100110001010010100000111110011001
167
10100010101100001101110001111011000010
32
111110100111011111000111010111110110101
143
1110001110011100101100011000101111110000
91
1010110000001111101000000101001101111110
9
10110100000010110011101101001001011001
59
1100001101111110011010110010110001100011
119
101010100100100111010010100101110001
18
1001101101110000101000100011001101101101
29
1000100011110000111000001101001111001
129
100000111110001011010011011110111001001
76
1100101101011010000111000010111100011111
53
1100110110101111100110100001110001010101
19
101011110110110110000010101101100010100
20
1001101001111010111001110001001011110111
74
1000000111010110011111110111110111111
180
1001010011010011100001101110001001001001
80
100110110101111000001100101101101001111
51
1100100000111100011011111100101101101010
138
11101001000101110101100010011110010011
101
1100101110101110000101011101111011110000
12
1100111100000010001011010010110001110111
59
101010101001010001010110100100111011000
74
1011001101000010001000111101011011110
131
10101110010011101111010110000000100111
173
1100110001111101101011000110001010101101
188
1110100010111001011011111010001011011100
184
101001010001011011000010011010010000
174
1101010011010110000101000001010010110010
96
110001011100011010100000110010111010101
139
1110011010010000111010001010011111101111
173
100011110111111110011101010001000001000
107
1111000011110001110101001011001011000
74
110001011000000001100101011111011111
46
100010010010000010011011010101011111000
14
1111110001110010001111010011001101010
151
10111000000100001100100001000011100100
168
1001011000101110010011001101011010001110
168
1010011001011101110110100100000101110110
53
100011111001000011000010001100110010011
182
100111101100110111010010010101101101010
39
1100010001100100101011010100001001100001
103
1111001001010111000011010011111100010000
132
1101111111011010010110100110111100110101
105
100001111000101010110011100011010001000
175
1010011110010111110100101001011111110011
188
1101000101100111000010001110110101111111
54
1101101000011101010110100110111001011000
39
1111101000110110010101011100000011111111
189
1100110111001111000010101000101111101100
149
11010000001111111000011101011011011000
77
1010010100011111000111000110011101101001
101
1010100101011111000000011010000101111000
109
10101000100000101110011010101101110000
70
110101110111001100010010110010110101010
109
111011101111010000001011000101001010111
92
111000000110110001111111100111001000001
91
1010001001010001101011111000101000111101
173
1000101101111110100110010100000101001110
192
1011101011100110101101100000110001101100
50
1111000111101100110000011100000001001
44
1011011111011111011011011000011010011110
142
11110110010001001110011111011001100000
25
101010010001000100100000101001101111011
178
1101001001100001100011101110011001010100
46
1001111111110011100110001000100111010010
129
1101101100111100101101100011011111010111
96
1100001111010111100110110000000000111001
37
101001000111000101110011111110111110110
20
100001111010110001100101011011111
15
1001000000011011111010011011000001010111
169
1101100000111101101011000001111100000110
200
1111011001000010000001101101101011010
65
110111101011101100011001101001101011010
192
1101001000100001111010101111111110110101
136
1111011001100100100001010101111101011000
93
1010101100011101110010000000111010101101
35
110100000011000010010011011001000010001
35
1011110001001011010000110010011010011000
170
1101000111001010010101100000100111001101
190
100010101111101110110110010001010001101
28
101011111100110001011011010000010100101
80
1111110000010110111010011101001111100101
175
101010110100011010101111110001111110100
149
1101011101000011001011100110110110010110
99
1010100010111010010000001010010111001110
45
1010011100001000001101100101101100000011
73
1000110110001001011000111000011000010100
71
111110001011100111000000000011001101000
36
11010010000111100101011000111101000
136
1111110010101001111001000101110010111011
160
1101011000100101010110100000111110001
132
111110011011110010010011010111111110001
156
101010101111000111110001011011100011
54
1001110111001110001100110110010111100110
29
10101101001100110001111001111000111001
197
111101110110111100111000111101111010001
186
1011111101100000101111010010111100111111
54
110100001001110000101100000010000001000
125
10001010110001010001011111101001010110
50
11010101101110111000000000101110001111
194
11010010001110011010010000100100010100
161
1101011101111101111000000011011011000000
102
1010001110110001101110101111000111010
120
1001111110110011111110001110110000011111
174
100110000111011111101110100100000011011
128
101001110001010100111111010110011010000
170
100111110111010111011001001100101100110
80
1100111110101000000000001010000101001000
55
110100000010110111000100001010010000111
186
1100000101110001011011110100001011011000
5
110100111001010110101000111000110000011
130
111000101011100110011010111001000010100
193
100110001100011010010100110011111111101
56
11011111001100000001110001100110111100
182
1101010001010011100001001100010111111110
183
101100011010011101100001000011100010011
87
1101000011001000110111100011010100111111
37
111101101010110101001001110111000001
148
11001010111111111101100100011100010010
135
10101001010110001101100101111010000111
196
1000011000111110011000011111000110110110
40
1111011000111101100011010011110001011110
111
1001011111101110011011110000101110101011
27
111000011010110011111000101111110100001
97
1000000000000010001011010110001001110010
71
1111001000100000011110100101000110000101
76
110111011110001111101001001001001101101
98
1011101111000000100010110000110110110111
186
1101011111011000000000001010100111110100
191
101101011011110101010011100101101000010
29
1111111110101100011101000110110101010000
23
1110011010111100101110010000110110101010
28
10101101001100000011100100010001011001
95
1011100111000010101111100111001110010111
47
100100111111101101110101010011001110
105
100111000010000101011101110010111101010
163
1100100110010001101001011001010010110100
16
1100000100011100111010011011000011100011
17
1111001100101010000100011110010101100011
28
100100001010111111001010100111010101101
181
1111001010101011110101100100011100101111
156
110111000011001001000111100011101100001
78
1101111010001111110001101100000011001100
145
110100011011000001111100100001001001100
121
1010000111111100010010000001011100010111
40
1010101011111000011101101111010000011101
136
10100001110011011101011001101000010
17
111110100110010000001111101101100111100
89
1101011010101000110011111010100000101000
23
1100000010001010101100001001010110100010
62
1000000001110011100001010011001011010010
36
111111101010011110100100011101000101010
118
100101111101100010001000101101011101100
133
110011110100000100000110011101111111001
149
111110011101101000110101011101001101000
125
101001011101101111101001011101111010100
53
10001000110011001101100101001100011111
29
11111011000110111010111111010111010101
42
1110101011101100101100011010111101111001
52
1000000000000100000100100011011000000000
85
1111101111100101011011111100111110110001
62
110110101111100000000111011011101111110
194
101010101110001101011001011110111001110
133
10011001100110101110011100101011111100
172
111110010000101011000100000011000101111
92
111100111110110100100011110100101101000
162
1111111100100110010101111101111111000110
17
110010101010010011011010101111001010000
181
111111101110110010100110010000001110101
42
1001010101100101010011111010101011111001
87
110011101100011000110111001110010100110
110
1110100101110011111010010101001100101
2
1010110110011111110000100010001101001011
161
101011010111101101100101110100010110110
181
1110110010000101000101001110110010101000
29
1100010001001010000000001111000011010010
15
101000100111010001101110010010110000011
14
10111011011010010101111001100000111111
72
11100011110110011100110011101101100000
120
111100111011110001000001001111010010100
19
1000110101011001011011110001010111100101
19
1101000101011000100010010011100000001111
171
1100110110011100001011101001100100011010
197
1111100011110000110010101001100001100100
14
1100001010111110101110111110111100000101
42
1111001101011011101100010101110111101
136
110100101111011110100110100101111010001
126
1101010011101011000001000100000110111111
31
1100110100000110000100111100011101011111
164
1101100110111100011100011000100010101111
51
110111010100010000100111010001
82
1111010100111100111000010011100100111
176
11001101010101111101010100101010101111
188
1101111110001000101001010110110000011001
7
1111101110000100101010011010111101100110
100
1001000101100100010010000110111001110011
171
101000100001000111111011000000100000010
159
111000110000100000111101000011010001111
92
10000100111010110000101010010000110
23
1111111110011010100100010011111111101011
163
10111111010101010010001111011100100001
136
10001110010011011001101111111100101000
77
1110001010010111100110110011001110111
126
1011101110011011101100000111111110001100
103
1000111111111110100111010000100001111010
150
110110110001000011110011000110110100010
125
1111000110010110111110101011100111011110
118
110001101110010011101110011100010011111
97
1001100001000001111111011110111000010001
70
1011110111110111101110010101001111010101
72
1011110110101100011000110110011011011
20
1010100100011110100010110100111011111101
31
1000100110010010000101001101010110101011
166
1101011110001011101000000011001101010011
11
1011011100101101101001101001100100010100
21
100100111110110100010011101001110010001
55
10011001111000011001100011000000101100
19
1100111001010101101001001110101000011000
65
10000101100010011000010100011110001011
199
100010000011011001000010100010101011000
179
111011010101100111011011100100110011011
97
11100010001001001101101000010101110110
78
1110110001000110100101000001001011011000
80
1010011111010111001011001001000001001
136
1001101100100101000001000100000001111100
146
1000011110111100111000100011100011100
66
100110000010111010001001100110101001011
200
1001011100101100110000100101100101010110
16
1100111110100010101111110110010000111001
86
1011001111110111111010111001101011100
191
100100001111011000011110000111111110011
64
101010000101111001100100101101000001110
35
1001010100110010010011110111111000001
125
1111111101110111011010100011010101011101
49
100010111101000111101011010001000010000
124
1010101101101011001111100000101001010100
163
1111000010001100011010000011100010010111
183
1110011001010011000011110001111011001
15
111111011101100100101100111111100001
197
111000000101111100011001101000000010010
63
10111110011110011010101101100011001011
56
1101011110101101100100111011010111100100
16
1110000101111011110111000000010001100110
170
1000111010100101101110010011011101111000
130
1111011100000011001111000111110010011100
126
1111101100011011001010010010111111010101
85
101111101001110010111101001001101111101
161
110011011101101011110101111000000011000
78
1100101111110110001110011010101010111010
140
1110011000111100110000110000111011001000
88
1010001100101000101110110110111101000001
183
1010101111101010101010100001111000101111
41
111001101010111011000001100001101011010
126
1001110010111101000110111001001010100110
35
1001000100100011101000101011110101001111
130
1110001111101101001001101010111010101101
160
1110100111010111001010100000110101010110
196
1001110010111010101011101000001110001001
134
1000010000111001100000101111100000001010
189
