40 300
10001011101000010001010000010100
174
10010000000010000000000001001001000
188
10000000100000000000001000000000101
130
1000010001011110010000010000000100000
136
10000000000100101000001000000110000000
83
10000001000100000001010000000110100010
130
111000000010000000001000010
30
1010110010000010000100010000101010000000
24
1100000001110010000000010000100000110
29
10000100000001000001010100000000000000
6
1000000010000000100100000111100100
111
100000000000001100100000100000000100100
125
11000000000000011000000000000000001
40
1000010000000000001001010101000000010000
170
1110000010000000000000000000110000100000
146
1000010000000001100000000010001
180
1010000010001000000010000000
12
10000011000000000010001010100100
144
1001000000000000000001000000010000000000
28
1001000000101011010000
128
1010100101100100001000110000000001111010
49
10100100100000001000000001000000000001
12
10100000101010010010000100101000011
85
1000000000001100001000000010000000100000
135
100000000000000000101010000001000001
35
1000000000000000100001100100100110001
3
10100100100000010000
151
10000010000000001111000010010000
132
100110000010011001000110000110000000000
176
10011000000000000000010010000010101000
77
100000000000001
15
10001100000000100101000010000000000
185
100100100001101000001110100010001100
104
101000000001000000100100000000000001
186
101000101000001000000000000100000100
95
10000110001000000000000011110110000
76
10000000000000100000010100000101000000
69
1000000100000001000001010000000011100100
132
11001010101010001000001000
43
1000001000000000001000000000000
142
100001000000000000000100000000011011000
160
100000000110000001000000011000110000010
172
1110000001010001000000000
194
100000000010010000000010010010000010101
199
10000000010000010100100001100110010000
131
100001001000000100011000000011000000
133
1011000000100010000100000010000110010
11
1000000110100000000000100000000000100101
166
1010000000000000000000000000
14
1000000000010000001101010000100100101
156
10101000001000000001000001000000000001
156
101000111110110110000000110000
60
101001000100110000010001100010001000
31
1010000001000000000100000011101
91
100100000100000000010000000000000010000
123
101000100000001000100100000000110
59
1000101000010000001000000000000000001
88
10101000100000001000000110000100
107
11101000000000010000000000000000110001
121
1000000010000001000000100000000100000000
148
1010000000000000000000000000001000000100
109
1010000000000001000000000011110000000000
172
101100000000000000000010000001010000001
39
1010000010000000000100000
56
1000001000000100000000000001001001000000
112
100000000000100000000000000000100101
178
100111000101000001001000000000011000
171
100000000011001100000010001000000000000
117
10000100101010000100101010000
113
1010000010001000110101011000011
137
100010000001001100000000000000000001
139
1110100100000100000110010010010000100
193
10010000001100100000000001000000
59
10000001000100010000000100100000000101
126
101000001000000001000010000100000000010
117
100001111010010101001010000000010010010
121
100001000000010000001000000000000000000
56
1110000000000010100000100001011100000010
161
100000100011001000001010000101010001010
72
1100001000001010000000010000000000
70
100100000001101001000100000000100000010
87
101000010100011000100000000000000000
86
1011110001000000100000101001001000000000
69
1000000100000100101000000011000001000000
155
1000000000000000000000000000011000000000
169
1000001000000101100011010100100100000001
59
1010000000000000000100000100010000000000
7
10000000000011110000100100000000000000
62
10000001101001001000100001001010001
166
1110100000100000001000000000000010000000
120
111000000000000000001100001101111010000
77
1000000000100010010000010000000011101
165
100010100100000100000000000101000000
56
110000100001010000010000000
20
1000000100000001100000000010011000000
65
1010010001100000000000000000010000000000
159
1000100011000000010101100000000100
154
100100000010100000010101000010000001000
129
1000001000011001000001000010010
66
110000000010000001100000000000000
159
1100000000000010010000101100000000000
146
1000110010000100000000010000000100010100
80
100100000000100010000000000100000100
169
11000000000010000000000
33
100000010010010000100000100100000011000
171
1000011010000000001001010000
198
1100000100100000001000100001001101000000
115
1010000010100001000011100000000
3
1101000010100000000000000100001
90
1000000011001000000000000100111010010000
111
1001000000100000000001100010000100000
172
1000000010000001000000010011000100000
134
101000010000000110010001000000000010010
10
111000000000000010011010110100000000
185
10010000001000001010000010000000000
168
100000000000001100000000000000000010000
102
10010001100001010000010010000000001100
144
101001100010001000101000000001100000000
55
10001001000011000001000000100000100
85
10000000001000000000000100001
72
1000111111001000000000010000000010000
175
100100110000001000100000111000010100000
65
10000000000110000011000000010010000001
26
11010100000000000000000010011000
191
1000000110000010000000011000100001000
16
100010001100000000110000000001
11
1010000100000010000000100000000100000
28
100000000001000100000100100100001001000
35
10000000000000000000000011000000000011
127
1000000000100001001000000000001000000000
29
100010100000000000101010000001000000000
188
100000000000001000110000000010010
110
100001001000100001000000010000001010010
174
100110110000100000000000000100000101110
108
1000000001000000000000000000011010000100
108
1011000110000000000110000000000010010000
184
1000000001000000010000000010000001000100
92
10000110000111000010000000000001000
14
100111001000111000001000001010000000000
124
10000000110001010010000000000100010000
55
100010000000000001100000000000101000
162
1010000001000001000000000001100
188
10101001010000000100010000000001
105
10000010000010000000001001000000010000
171
1100000000000010000000001001000000000100
27
1001010001110000100001000000010000000000
176
1000010100001000010100010000000110
124
100010000000100000010101010000011001
38
10010000000111000000001100000000000
109
1101001000000000000101000000100
42
1010000010000000000000001000000001000
98
1000001010000000000100000000000010100
119
1000010000000010010000000000000000000100
53
1000000001010100000001001001000000
128
10100000010000000000000000101001001000
40
1000000000100010000000100000000000001000
63
1000000110000100000001110000100001100000
162
100000001000110010000000100000000
160
10000000000000100000000110000000101000
57
1000000000000010000010000100001000010000
196
1000010000100100000001010101000001110
60
110001010010001000000000000110000
51
1010010010000000000001100000110010000000
53
10100000101000000010001000100000000000
180
1000000010001010001000100100011100100
153
1000000010100000000000000000010101000001
148
100010000001001000100010000000
97
1010000000100010000000000000000010111
43
10110000001000000000100000110010000001
9
110100000100010001000001000001001
97
1100000010101000000101000010001000001010
25
10100000000000100000100000000100000000
91
100010000001000000000100000000
191
10000001001000111010001000100100010
169
10000100001000000000010010011000001010
120
100000001100001000000000110
152
110000010000000100100100100000000001010
5
10010000000011000010000000000
28
10000001010000000000011100000010000000
26
100000000100000100000000001010000001
46
1000000000000010100000000000010000001
194
1000100001001000010000010100110010100000
132
100000100000000000110000100000000010000
12
101000000000001000101001000001001000
25
1000100000010011000010101100000000000001
152
10000000010100000000000000000000100011
24
100101001001100010000000000000
163
1000000001100010011010010010
162
1000010000000011000001000010000100000001
50
100000000000000001001110100010001001
91
100000000000001000000000000000011010000
144
101001010000111000000100000001100001010
118
1010001000001011000011001010000000000000
123
10000001000010100000000010100
89
1000000000011000001100000010010001110
171
1000010001000000001000110000010001100010
51
100000101000000101000100101000000001000
8
10000001011000010000000000000000010000
50
100100000001111010000000100000000000000
117
1000000101110001000000000010100000001
12
101001011000101000100100001000010010100
165
101010000100000000010011000100000010000
191
10000000111100000000000000000100000
107
100000011010001000001001000101110000000
16
101000000001
43
111111000100000100010000000001010010
12
1010001100000001100100000100000000000001
130
1000001100100010100010010010000010
197
1001000000000000010011000100001101100001
190
1100100000000010010001000101000010110
8
1000000000010001000000001000000101100001
41
100000101000100000000000000001010100
107
1110000001000000000000000001000000101000
9
110001100000001001000000011000000100010
155
1001000100000110010100000010000
184
1000100000001000010000000000010010
139
100101000010000100
20
110000000001101000100000010010011000110
86
1000000000001100000010000000010001001010
96
1000011001000000001100010101000100110001
185
100011101100000000000000000100001000
162
100000100000001000000000000001101000
107
1100000000000110100000001100
181
10100000000100000000000001010100000
71
1001000001001100000100001110001
194
110001010110000000000000000000000100000
14
100000100001000000000000000000000
167
110000000000000110011110000000100000000
45
100000010101010000000011010000000010000
178
100100000001000010011010100100000000
181
11000000000100000000000000010001000000
131
10011000100001000000000000000000010
99
101001000011000000000000000010000010
91
110001000000000010100001000111000000
123
100000010000001100000
36
1000000001101001100000000000010011100
104
1000110101010100000000000000000010000000
86
100000000000011000100011000000000
99
1000000100100011000000100000110000000000
149
1000101010000110000000010101010100001010
13
10010001000000000000000010001000000
184
1000000001000000000000000000000000010000
114
1000000000100000010000000000000000001000
32
10001000000100100000000000010101000110
48
1000011001100001000000000100
58
1000000010001001000000000010001000101110
50
10000000000000000000000000100001001
170
1011000001001100000000011000000001010000
61
1000100000100101000101000000000000
185
1100000001000000011100001000000000000100
194
10110000010000000001010000111000100000
111
101000010000001000011000101010110000
56
101010001000010000000001100000
61
1000000011101101001000100110110010
196
101100010000000001000
68
11000000000110000000000000000000000100
160
1000100100000100000000100011
133
100001000000011110100000000100110010
165
11000100000110000010000010010000
113
100100010100000100100000110100000100
52
10010000000110001000010001001000000
139
101100000000000000000010010000001000
172
100000001000100010000000100000000011
133
1000000001011010100000010000001000100100
200
101000010001101000000011000000000
116
100000000001100000000000001111010111100
138
100000000000100001001001000000000
72
11000000000100000000001100000000
12
110000001000010000001000000001100100000
82
1000100101001010000010010011110001
158
11001000000000000001000000011011000000
28
10000000000100010110010100000001000000
174
100000010001110000000001100000000001001
58
10101100010000100010000000000000
126
1100000001000000000000110001100000000000
104
1000000000001000000010000000010000000010
182
100001010001000011000100000010000000000
61
1100000000000001001000010101010000100
99
10000000010101000010000100000100000101
161
100010001000100110100000011101
180
100000100100011000100000000001011010
7
1011001010001100000101000000011100100000
143
100000000011000000000000000000001000010
64
111001000101000010010000001000000011000
134
100001000000000001000001001000011101001
54
1001100000010010110010000010000000000
167
1100001000000010001000010000001011000001
95
1000100001010000000001000100001001000000
132
10001001001010000000100000000001001000
117
11000000001000000101000010000101000000
111
11000000000000001001100010010000000
82
100000000000111100000100000000000000001
32
1000000110000010000011001001001000000010
192
100101000110011000
41
1100110000000100111001001000000100000000
32
1100000010000000100000000000000100000100
48
1000100010000000000100000010000001000000
143
100000010000000000000000110010000000110
34
1011000110011000000010000001000000001
14
1000000010000000001111000000100000000100
116
