40 300
1111111111111111111011110111111111111101
174
1111111111111111110111011111111111111111
188
1101111111111101111011111111111110001111
130
1111111011111111111111011110110011111111
136
111111111111111111101111111111111111111
83
1111101011111110110101111101111111111111
130
1111101111111111111111111111101111110111
30
1011111111011110110110011111111111011011
24
1011111111011111111111111111111111011111
29
1110001111101111111101111111111111111011
6
1111011111110111111111111111111111111111
111
1101101111101011101111111111111111111111
125
1101011011111111111111110111111111111111
40
1110111101111111111011111111111111110111
170
1111110111111111011111111110110111111111
146
1110111011111111011111111111111101111111
180
1111111111111011111111111001110111111011
12
1101111111111111111111101111111111110111
144
1111111111111110101011111111011011101111
28
1111101111111111111101111011111011111111
128
1111111111111111101111111111101111111110
49
1111111101111111111110111001111111111111
12
1111111111111111111111111111111111111111
85
1111111111111101111111111111101111110111
135
111111110111111011011111011111111011111
35
1111111111110111110111111110111111110111
3
1111110011111110111111111111110010111111
151
1110111111111111111111111111111110111111
132
1111111111110111111111111111111111111111
176
1111111110111111111101111011111111111111
77
1110101111011111111111101101111111111111
15
111111011111101101110111111111110111111
185
1011111111111111111111111111101111111111
104
1111111111111111111111110111111111011001
186
1101111111111011101111111111110111110101
95
1111011111111111101110111111011111111011
76
1011111111111111111111110111111111110111
69
1011111111111111111111111111111111111111
132
1111111101111111111111111011111101111111
43
1011110101111111101111111111011011111111
142
1111111111111111111111111100111111111111
160
1111011101111011111111110111111110111010
172
111111111011111111111111111111111111111
194
111001101111111111101111011011111011111
199
1110101111111111111101111111110110011111
131
1111111111111111111111111001111111101111
133
1111111110111111111010111111011111111111
11
1110100111111010101101111111111111111111
166
1111111111111011111010111110100111001111
14
1111111111101111101111111110111111111111
156
1111111111101011111111111111111011111101
156
1110111111101111111111111111111110111111
60
1111101111111111111111111101111111111111
31
1111111111110111111110111111111111111111
91
1111111111111111111011111111101111111111
123
1111111111011111101111101111111111111111
59
111110111111111111111111111101110111011
88
1111111111111111101010111111111111111101
107
1111111111111011111111101010111011111111
121
1110110111111111111111110011111111011110
148
1111110110111111111111011111111111111101
109
1111101111110101011111111111111111110111
172
1111111111011111110111111111111111111111
39
1111101101111111111111111111011111111111
56
1111101110011111111111001111111011101111
112
1111110101111101111111111111111111111111
178
1101111111111111111111111111111011111101
171
1101111111111111101011111111111111111111
117
1111111011111011110111111111111111110111
113
1111111011011111010111111110111111100111
137
1011111111111111111111110111111001111111
139
1111110111101110110001111011111110111111
193
1111111111111111011110110110110111111111
59
1111111011111111111111111101111111111111
126
1111111111111011011101111111111110011110
117
1111101111110111111011111111110111111111
121
1111111011111111111111011111111011111110
56
1111111110111111111110111111111111111111
161
1111111101111111111111110011111111111111
72
1111111111011111111111101101111111111111
70
1111110111101111111111111111110111111110
87
101111111111110111101101101111110111111
86
1111110101111111111111101111111111111101
69
1111111111011111111111111111111111101111
155
1111111111111111111011111111111011111111
169
1111111101111111111111111111111111011111
59
1111111111111011111111010111111110111111
7
1111111111111111111111100111101101111111
62
1011111111011101111101111101101111110111
166
1111111111111110001111011111101111001101
120
111111011011101110011111111101111111111
77
1111011101111111111111111111110011111111
165
1111111111111111111111111111111111101111
56
110110111011111111111111111011111011111
20
1111111111111110111101111110111011111011
65
1111111101111111111111111101111111111111
159
1001111111111111111101111111111111011111
154
111111111111111110111111111111111111101
129
111111101111111101111111011011101111111
66
1111111111111111011111111111111011110111
159
1111111111011111011111111111111101011111
146
1111111111111110111111110111111110111111
80
1111110111100111111110111111011111101111
169
1011111111101110111101111111110111101110
33
111111111111111111111011111111111111110
171
1111011111111111111111111111101101111100
115
1010111111111111111111011110111111111111
3
1111111111111111011101111011111110111111
90
1111111111111111100110111110111111111111
111
1111111111111100111011111111110111101110
172
1101111111011111111111011110111101101111
134
1111011111111111111111111111111111111111
10
1101111111101111111111111111110111111111
185
1111011111111111111111011111111111110111
168
1111111111111111111110110111111101111111
102
1111111111111111111111111111101110111111
144
1111001111011111001111111111111111111111
55
1110111001111111111111111111111111111101
85
1111101111111111111111111111111101101111
72
1111111111111101011100111111111110111111
175
1110111111111011111111011111111111111111
65
1111111111111111110111100111111111110111
26
111111111111111111111111111111111111111
191
1011111011111110111111111111111111111110
16
1111101111111111111111111011111011111111
11
1111111111111111111110111110101110111111
28
1111110111111111111111111111111111011111
35
1110101111111011111111111111111111100111
127
1111111111111111111011111110011111111111
29
101111111111111110111111111111111111111
188
1111110101111111111111111111111111111111
110
1111111111110111011111111111111111111111
174
1111111111111111011010111111111110111110
108
1111111111110111100101111111111111011101
108
1111111111111111111111110111111111110111
184
1111101111111111111101111111111111111111
92
1111111110111111111111111111111011011110
14
1111111111111111111111111111111011011101
124
1111111100111111111110011111111111110110
55
1111111110111110111111111010111011111111
162
1011011111111111111111111110111111111101
188
1111011110111111111011111111111111111111
105
1111111111111111111111111111110101110111
171
1111111011111111111011111111111111111111
27
1111111111111011111111101111111110111111
176
1111101111111111111101110111011111111111
124
1101111111110111111111111101111001111111
38
1101111111111111111111011111100110101111
109
1011011111111011101101111111111111100111
42
1111111111111111111111111111011111111111
98
1111111111111111111111111010111111111110
119
1111111111111111011111111111001111111111
53
1111111011111101111111110111111111110111
128
1111111110111110111111111111111111111111
40
1101111111111111111111111111110111111111
63
1111111111111111111111110111111111111111
162
1110111111111111111111111111111111011111
160
1110111110110111111100111111110110111111
57
1110110111010111110011110111111111011111
196
1111100111111111111101111111111111111111
60
1111111111111111111111111111110101111111
51
1111111010011111111101111111111011101111
53
1111111111111101110111101111110111101111
180
1111111011010111111111011111111111110111
153
1110111011110110111111100111010111111101
148
1100100111110111111111111111111110111111
97
1111111100101110011111111110111111111111
43
1111111011111101111101111011111111101111
9
1110111111111111111111111111111111111111
97
1111111111111111101111111011011111111111
25
1110111111111100111111111111101110001111
91
1111111111111111101111111110111111101111
191
1111110111111111110111111101111111111111
169
1111111111001101111101111011011111111111
120
1110111111111111111111111101111111101111
152
1111011111111111111111111101111111111111
5
1011011111111111111111111111111111101111
28
1111011111011110101111111110101111111111
26
1001111111110101111111101011111110111111
46
1111110111111111111111111101111111111111
194
1111111111111100110111111110111111101111
132
1101110111110111111110111111111111111110
12
1111101101111111011111101111111111111100
25
1111111111011111111111111111110011111111
152
1111111111111111101111111011010111111111
24
1101111111101111011011111111111111111111
163
1111110111111111111111111111111111111111
162
1111111010111111111111111111111110111111
50
1111111101110111110011111110110111111111
91
1111110111111101111111111111111111111010
144
111101111111111111111111111111111011011
118
1011101110111111111111111111110110111101
123
1111110111111110111110110101101111111111
89
1111111111111111101011111011010011111111
171
1111111111111111111111111111111111100011
51
1101111111111101111111111111110111111111
8
1111110111111111111111111111101111010111
50
1111111011111111111111111110101101110111
117
1111011011111111111111111110111111111111
12
1111111111111111100111111101101111111111
165
1111111111111011111111111111111111111010
191
1101110111101111110111111011001111101110
107
1100111101000111111111111111111110111111
50
1111111110111101111111111111111111111111
116
1111111111101111111111111011111011111111
6
1110111111111101111111101110111111110111
129
1111111111111111111111111111011111110111
190
1111111111111110110111011111111111111111
8
1111111111111101111111011111111111110111
41
1111111011111110110010111111111111111110
107
1111111101111101101111101111011111111101
9
1111111111111111111111111111111111111011
155
1111111111101111111111111111111111110111
184
1111111111111100111111111111111111111111
139
1011111111011101111111110111111111001111
20
110111111101111110111111111111111111111
86
1101111111111110111011110101111111111111
96
1111101111111111101111110111101111111111
162
1111111111111101111111111011011111111111
107
1111111111111111111111111111111110111111
181
1111111111111011111111110111011111111101
71
1110001111111111111111111110111011111111
194
111111111111111111111111111011111111100
14
1110111111111101111111100111101011111111
167
1111111111111101111111111111111111110111
45
111011111111110111111111110011111110111
178
1101111111001111110111111111111111110111
181
1111111110111111111111101110111111111111
131
1111111111111111111100101111101111101111
99
1111111111110111111111110101111111111111
91
1111111101011111111111111111111111111100
123
1111111111111011110111110111111101111111
36
1111111111111111111111111111101111111111
104
1111111111111110111011110101111111101111
86
1111111110111110111111111111111011111111
99
1101111110111111111111111111111111111111
149
1110111111110111100111111111011111111111
13
1111111111111111111101011111111111110111
184
1011011111001110101111111111111110110111
114
1111111111111111011110111111111111111111
32
1111111111101111110110111111111111110110
48
1111111111011111011111111101111011111110
58
1111111111101111111111110111111111111111
50
1111011111110011011011011111111111111011
170
1111011111111111011001111111111111111111
61
111111011101011111111111111011111110111
185
1111110111110111111111111111111011011111
194
1011111110111111111111111111111101111111
111
1011111111111111111111111111111011111011
56
110111111111111111111110001111101111111
61
1110111111101111111111111111110111111110
196
1111111111110111011111111111111111011111
68
11011111101111111111111101111110101111
160
1110111111111111101110111111111111111111
133
1110111111101101111111111011111110111111
165
1111111111110111111111110111101111111011
113
1111111111111111011111111111111111110111
52
1111111111111111111111111111111111110010
139
1111111111111111111111011111111111111111
172
1111111111111111110111001111111111111111
133
1111101111111111111011111111111111111111
200
1101011111111111111111111111111111111111
116
1110011111111111011111110111111110111110
138
1011111110111101011111111011111110110111
72
1010111111111111101111111101111111111111
12
1111111011111111111111111111111111111110
82
1111111111111111111111111110011111111111
158
1111111111110111001111010111111111111110
28
1110011111100111111111111101111111111001
174
110101011111111111111111111111110111111
58
1111111111111111111111111011111111111111
126
1110111111111111110101110111111101111111
104
1100111111111111111111111111111011011111
182
1111111110111111111111110111111111111101
61
1101111011111101111111111111110111110
99
1111111111111111111111111111110111111111
161
1111111101111111111111100111110111111111
180
1111100000111111011111111111011111111110
7
1011111111101101111111111111111111111111
143
1111111111111111111001111111111111111111
64
1111111111111110111011111111111110111111
134
1111011111011111011101111111011111111111
54
1111111111111111010111011111111111111011
167
1110101101111111111111111111111111111111
95
1111111111111011111111111111111111111110
132
1111111011111111111101110111111111111111
117
111111111111111111011111111111110111101
199
1101111111111111111111111110001111110111
21
1011111111111111111101111111111110111111
162
1111011011111011111111111111111111111111
48
111110111111011111111111111111110111111
167
111111111111111111111111111110011111111
117
1111111111110111101111111111111111111111
44
1111011111110111110111101110110111111111
14
1111111111111111111101101111111111111110
34
1011101101111111111111111011101111111
40
1101111111111010111111111001110111111111
190
1111111110101111111111111111011101111111
144
1111011111101111111111110111111111111111
140
1111110111111111111110111111111111111111
54
