40 400
10001011100000010001000000000000
174
10000000000000000001000
188
10000000100000000000001000000000101
130
1010010000000010000000100000
136
10000000000100101000000000000100000000
83
100000001010000000000100010
130
10000000000000000001000010
30
1010100000000000000000000000001000000000
24
1110000000000000000000000100
29
1000000000000000000000000
6
1000000000000000000000000110000000
111
1100100000100000000000100
125
1000000000000000001
40
1000000010000
170
100000000000000000000000000110000100000
146
1000000000000000100000000000001
180
1000000010000000000010000000
12
10000000000000000000001000000000
144
10000000000
28
101011000000
128
100101100000001000110000000001110000
49
10000000000000001000000001000000000001
12
101000000010000100100000001
85
1000000000001000000000000010000000000000
135
100000000000000000101000000000000000
35
100000000000000010000
3
100100100000000000
151
10000000000000001001000010010000
132
10000010001000000010000000000000000
176
10010000000000000000000000000000001000
77
100000000000000
15
1100000000000100000000000000000
185
100000000101000000000100000000100
104
1000000000100000000000000
186
100000101000000000000000000000000100
95
10000100000000000000000001110010000
76
10000000001000000
69
1000000000000001000001000000000001000100
132
11001000001000000000001000
43
1000000000000000000000000000000110000000
75
1000000000100000000000000000001100000000
164
10000000010100000000000000
169
100100000000000000100000101000
156
10000000000100000100100010000
131
1000000000000000000000001000000
133
1011000000100000000000000010000110010
11
10100000000000000000000000100001
166
1010000000000000000000000000
14
10000000000010000100100100
156
1000000000000001000001000000000001
156
101000111010110010000000010000
60
1001000000100000000001000010001000
31
100000000101
91
10000
123
1000100000001000100000000000110
59
1000010000000000000000000000000
88
10000000000000000000000110000100
107
10001000000000000000000000000000010001
121
1000000010000000000000100000000100000000
148
10000000000000000000000000000000000100
109
1010000000000001000000000000010000000000
172
100000000000000000000000000001000000000
39
100000
56
100000000000001001001000000
112
100000000000000000000000000000000001
178
101000001000000000000001000
171
100000000011001000000010000000000000000
117
1010000100000010000
113
1010000010000000100000000000000
137
100000000000000100000000000000000001
139
100100100000000000000010010000000100
193
10000000001100000000000000000000
59
100010000000100000000000001
126
1000000000000000000010000100000000000
117
1001010000100001010000000010000000
121
100000000000000000001000000000000000000
56
1110000000000010000000100000000000000000
161
100000000010001000001010000100000000010
72
1000001000001010000000000000000000
70
1001001000000000000100000010
87
100000000100010000000000000000000000
86
1011100000000000000000001000001000000000
69
1000000100000100100000000011000001000000
155
1000000000000000000000000000001000000000
169
101100000010000000100000000
59
10000000000000000000000000010000000000
7
10100000100000000000000000
62
10000001100000001000100001001010000
166
10000000100000000000000000000010000000
120
110000000000000000001000001001000010000
77
1000000000000000010000000000000011000
165
100000000000100000000
56
100000000001010000010000000
20
1000000000000000100000000010001000000
65
10010000100000000000000000010000000000
159
1000000011000000010101000000000100
154
100100000010000000000101000000000000000
129
1000011001000000000000010
66
110000000010000000100000000000000
159
10010000000100000000000
146
1000110000000100000000000000000000010000
80
11000000000000000000000
33
100000010010000000100000100100000000000
171
1000000000000000001001010000
198
100000100000000001000000000001100000000
115
10000010000001000011100000000
3
101000010000000000000000000001
90
100011010010000
111
1000000000000000000000000000000000000
172
1000000000001000100000
134
101000000000000100010001000000000010010
10
10000000000000000010000010000000000
185
10000000001000000000000010000000000
168
100000000000000000000000000000000010000
102
10010001000000010000000010000000000000
144
1000000010001000101000000001000000000
55
10000000000000100000100
85
1000000000000000000
72
1000001100000000000000010000000010000
175
100100110000001000000000110000000000000
65
10000000010000000000
26
10000100000000000000000010010000
191
100000010000000010000000001000
16
100010000100000000100000000000
11
10000100000010000000000000000000000
28
100100001001000
35
10000000000000000000000001000000000001
127
100000001000000000000000000000
29
10000000000000100010000001000000000
188
100000000000001000010000000000010
110
100110010000000000000000000000000000000
108
1000000001000000000000000000011000000100
108
10000110000000000000000000000000010000
184
10000000010000000000000
92
10000000000111000010000000000001000
14
100111001000110000000000000010000000000
124
100000000000000000000000000000000
121
1000000000000000000000000001100
188
1000000000000100010000000000
105
1000000000010000
171
1000000000000010000000000001000000000100
27
1000000100000000000000000000000000000
176
10100001000000000010000000100
124
100000000000100000000000010000001000
38
10000000000100000000001000000000000
109
1001001000000000000101000000100
42
10000000000000001000000000000
98
1000000000000000000000000000000010000
119
10000000000010000000000000000000100
53
1000000001010000000000000000000000
128
100000010000000000000000100001001000
40
1000000000100010000000000000000000001000
63
10000000000001110000100001000000
162
100000001000000010000000100000000
160
10000000000000100000000100000000000000
57
1000000000000000000010000000001000000000
196
1000000000100000000000010101000000110
60
10001010000001000000000000110000
51
10000000000000000000100000100010000000
53
100000000000000010001000000000000000
180
10000000001000000100001100100
153
10000000000000000000000000000000
148
100000000000000000100000000000
97
10111
43
100000000000000000
9
110100000000000001000001000000000
97
1000000010101000000001000010001000001000
25
100000000000000100000000
91
100010000001000000000000000000
191
110010001000000000000
169
10000100000000000000010010010000000000
120
100000000100001000000000000
152
10000000000000000100100100000000001000
5
10000000011000010000000000
28
1000000000000000100000000000000
26
100000000000000001000000001
46
1
194
1000000001001000010000000100110010000000
132
100000100000000000110000100000000010000
12
101000000000001000001000000001000000
25
100000010001000010000000000000000001
152
10100000000000000000000000000
24
100101001000100010000000000000
163
1100000001010010000
162
10000000010000001000000000100000000
50
1010100010001000
91
100000000000000000000000000000001010000
144
100001000000011000000000000000000000010
118
10000000001011000010001010000000000000
123
10000001000000100000000000000
89
1000000000000000001100000010010000000
171
1000000000000000001000000000010000100000
51
100000000000000001000000100000000001000
8
1001000000000000000000000000000
50
100100000000100010000000100000000000000
117
1100001000000000010100000001
12
101001010000100000100100001000000010100
165
101010000000000000000000000000000000000
191
1000000000000000000000000000000100000000
43
1000000000011
50
1111100001000001000000000000010100100
116
10001000000000000000000011
6
10000011001000001000100100100000100
129
1000000000000000001000000001000100001
190
100000000000000000000000000000000000
8
1000000000000000101100000
41
100000000000000000000000010100
107
1010000000000000000000000001000000101000
9
100000000000000000000000000000000100010
155
1000000000110000100000000000
184
100000001000010000000000000010
139
100100000010000100
20
110000000001101000000000010010010000110
86
1000000000000000010000000010
96
1000011001000000000000010001000100110000
185
1100000000000000000000000001000
162
100000100000000000000000000001000000
107
1100000000000000000000001000
181
10000000000100000000000001000100000
71
1000000001000000100001100000
194
10001000000000000000000000000000000000
14
100000100001000000000000000000000
167
10000000000000010010100000000100000000
45
100000010101000000000010010000000010000
178
10001010100100000000
181
11000000000000000000000000010000000000
131
11000100001000000000000000000000
99
1000000000000000000000000000000
91
100000000010000000
123
1000000
36
1000000001100001000000000000010011100
104
1000100000000000000000010000000
86
10000000011000000000
99
10000000100000010000000000
149
1000001000000110000000010001010000001000
13
10000001000000000000000010001000000
184
1000000100000000000000000000000
31
100000000000000000000000000100000001000
47
100001000000000000000000
124
100010010000000000100000001001100
18
1000010000
50
1011000000001100000000010000000001000000
61
1000100000000001000001000000000000
185
1100000000000000010100000000000000000000
194
10010000000000000000010000101000000000
111
101000010000001000011000101000010000
56
101000001000000000000001000000
61
11000101001000100100100000
196
100100000000000001000
68
110000000000000000000000000
160
100000000100000
133
11100100000000100000010
165
1000100000000000000000010010000
113
100000010000000100000000000000000000
52
1000010000001000000
139
1100000000000000000010010000000000
172
1000100010000000100000000010
133
1000000000001000000000000000001000100100
200
101000010001001000000010000000000
116
1100000000000001011000001100
138
1000000000
72
11000000000000000000000000000000
12
110000000000000000000000000001000000000
82
1001010000010010010000000
158
1000000000000000001000000010010000000
28
100010110010000000000000000
174
1010000000000000000000001000
58
100000010000100010000000000000
126
1000000001000000000000100001000000000000
104
10000000000000000010
182
1000000000011000100000010000000000
61
1001000000101010000000
99
10000000010101000010000100000100000001
161
100000001000100000100000010001
180
100000000100010000100000000000011000
7
1010000000000100000101000000010000100000
143
100000000011000000000000000000000000010
64
100000000001000010010000001000000001000
134
100000000000000001000001001000010000001
54
10100000000000000000000
167
1000000000001000010000000000000000
95
1000000001000000000001000100001000000000
132
1001000000000000000000000000001000
117
100000010000001000000
111
10000000000000000001000000000000000
82
111000000100000000000000000
32
1000000110000010000011000001000000000000
192
100000110010000
41
1000110000000100101001000000000100000000
32
1000000010000000000000000000000000000100
48
100000000000000100000000000000000000
143
100000000000000000000000010000000000100
34
1010000010011000000010000001000000000
14
10000000001101000000100000000100
116
1000000000000000
184
100000000001000000000100000000000001000
112
10000000000001000000010100
140
1000000000001000010000010000000000000000
180
1000000000101001000001000000100001000000
19
10000000101100011000001001001000
24
10000000000000000000000101100000000
129
111000000001010000
14
1000000000000001000000000000
50
100000000000000000000000010000000000000
163
100000100000000000000010000000001100000
85
100000010010000000110100100100000000
33
100000100000010000000000001000000000000
137
1000000000000000000000000000010010
97
1000000000110000000010000000000000
112
10000100010100000000110
32
1000000000000000000100000000000000000
123
10000000000001000000000000000000000000
177
10000000000000000000001000000
1
100100010000000000001000000000001001011
157
1000000000000000000010000000001000
158
100000000000000000000001000000
112
10000000000000000000000001000000001111
159
1000000000000000010100100000000000000
81
100100000000000000010001000000001101000
164
1000001000010000000000000000000000000
96
10000000000000001000000000100000
168
10000000000000001010000000000010010000
75
1000000001000000001010001000100010000
26
1000000000000110000000000011000010
111
10000010000000000001000100000010000
15
10000010000000001000
82
1000
99
100000000000010000100000000001000000000
192
10001000001000100000011000010000000
96
100000101000000000000000000010001000000
11
1001001000000110000000000000000000
25
101000000010000000010000000000010
117
1010000000000000000000000101000
148
100000000010000010000001
178
100000000000000000000000000000000100000
34
1010000010000010000000000000000001
63
1000000001010000010000100000000000001000
142
1000101000000000000000000000000000000000
181
10100100000010000000100000000000
35
1000000001000000000000000001100000
152
1000000100000000000000000000010000000
34
100000100000000000000000000000100000000
140
100000000000000000000
29
110000000010000100000100
38
10000000000000000000000000000
73
10000000000000000000001011000000
110
100000000000000000000000000010000000
83
1000000000000001010000000000000000000000
20
10000000000100000000000000
40
10000000000010000000000000000
152
1000000000000010010001000010000000
177
100000000000000000000010000000000000
34
101000000010001000000000000001000000
197
10000000001000000000000001000000101
142
100000000000000010000100000001000000000
163
1000000100000000000000000000000000000010
147
10100000010000000000000000101
167
1000000000000000000000100010000
119
100010000000000110001000
40
100000000000000000001000000000000
32
10000000000110000000000010010001000001
138
1101000001000000000000000000000
158
1000000100100000010011010100000000001000
183
100100001000000010001000000100000
121
100010000000000000000000000000000000000
173
1000000000000001000100000000010000010
27
10000000000000000000100010000000000000
104
100000000010100000000011000000100000
75
100010000000000010000000100000000000000
195
10100010000110000000000
113
1000000000010000000000011000100
190
10000000000001000001000001001000000000
77
1100000100100000000001000000000000000
138
1000000000000100000000100000000
81
10000100000100001
183
10000000001000100000000000000000001010
109
100001000000010000000
148
1000000000000000001001000000000000010000
122
1010000000000000100101000000100000000
75
11000000000010000000000000100
190
101000000100000000100000000000001000
72
1010000000010000000001000000000000001010
87
110000000000000000100000000000000000
4
10000010000000000000000000000100
146
1001000000000000
132
10101000001000000000
83
1001000000000000000000100000001
193
10000000010000001000000000000000
60
1001000000000000000001001000001000001
12
10000100100001010000000101
115
101000000010000000000000010000000100
10
100000000100000111000100000000000
9
1100000000000000000001010000000010000
131
10000001011000000000001000000000000100
137
1010000000000100001000000001000000
73
10000000000000000000000100
110
1000000000100000100000000000000000001
45
1000010000000000000000001000
62
1000000000000000000000010000000010010
179
101000000000000100000010
170
