40 400
10001011101000010001010000010101
174
110010001000010000000000001011001000
188
10000100100000000000001001100000101
130
111001010001011110011001010000000100000
136
10000000001110101000001000000110000001
83
10000001000100100001011000100110101010
130
111111000000010000100011000010
30
1010110010000010000100010110101010010000
24
1100000001110010000000011010110000110
29
10000100000101000001010100000010000000
6
100001010100010011110100110000111100100
111
101000001101001100100100100000000100110
125
1000011001000000010011000000000000000011
40
1000010001001000001011010101010000010000
170
1110000010000100000001010000110000100000
146
1000010000000001100000000011001
180
10001000001011001010001000000010000001
12
110000011000000000011011010100100
144
1001000001110000100011000000010000000010
28
10000001101000000101011110000
128
1010110101100110001010111100000001111010
49
11110100100000001000001001000000000101
12
10100100101010010010010101101000011
85
1000000000001101001000001010000001100000
135
1110000000000000000111010000001000011
35
1000000000000000100101100100100110011
3
10000000000000000010100100100000010000
151
100111010010000000001111000010010101
132
100110000010011101010110101110000000000
176
10011000000000001000110010000010101010
77
1000101000000000000001000100000110000001
15
10001100000000110101001110000001000
185
10100100100011101000001110101011001100
104
101010000001000001100110000000000001
186
101001101000101000110000010111000100
95
10000111001000000000001011110110000
76
10000000000000100100010100010101100000
69
1001100100110001000001010110000111100111
132
101000011001010101010001000001000
43
1000000001000111000000001001010001000000
142
100001000010010000100100100100011111000
160
1100000000110010001000000011110110000010
172
10001110000001010111000000000
194
100001000010010000000010010010011010101
199
10101000110000010100100001100110010000
131
100001001000001100111000000011000000
133
11011000000100010010100100010100110011
11
1000000110100000000100100000000000110101
166
10000000001010000000000100000000000000
14
1000000000110000011101010000100100101
156
10101000001000000001110001001000000001
156
101000111110110110110000110000
60
1000101001010110110100110101100010001001
31
1010100001000000000100000011101
91
1101100010100010000011110110100101010000
123
1100001101000100000001000101100000000110
59
1000101100110110001000010000000000001
88
110101000100000001010000110000101
107
11101001000000010101000000000000110101
121
1000100010110001000000100010000100010000
148
1011000000010000000000011011001000010100
109
1011001000000001000010010011110000000100
172
101110000010101000000110000001010000001
39
1010101011000000000100000
56
1000001000000110000000000001001001000001
112
10110000101000111011000000001010110101
178
100111000101000001001001001000111000
171
100000100011011100000010011000000000010
117
110000100101010110110101010001
113
1010000010001000110101011000011
137
101011000001011100000000001000001001
139
1110110100000100000110010010010000110
193
110000010110000001100100010000001001010
59
10000001001100010100000100100100000101
126
101000101000000001000011010100000000110
117
100001111010010101001010000010010011010
121
110001001100011010001000000000000001000
56
1110000000000010100010100001011100000010
161
100000100111101010001010010101010001010
72
11100001000101010001000110000000000
70
1100100010001111001100101000000100000010
87
101000010100011001100000000000000000
86
1011110001000001100100101001001000000101
69
1000000110000101101011000011000001000010
155
1000000000000000001000001010011000000000
169
1000001000000101100011110110101100001001
59
1010000110010000000111000100011100000000
7
10000000000111111001100100000000000100
62
110100001101001001000100001001010101
166
1110100010100000001010000101000010000001
120
111001000001000100001101001101111010001
77
1000100000101010010010010000000011101
165
1000110010100100100100000000000101000001
56
110000100011010000011000000
20
1001000010100000101100000000110011000000
65
1010010001101000010001000000010000001000
159
1000100011100000110101100000000110
154
100110001010100000110101000010001001000
129
1010001100011001000011001010010
66
1110000000011001001100000000100000
159
11100000000000010010000101101001000000
146
1000110011000110001000010011000100010100
80
1000100100100001100010100000010110001111
169
10000100011100000000010010000000
33
100000011010110000100000100100000011000
171
1000001000011010001101011001010000
198
1100000100100000011010100101001101000000
115
1010000110100001000111100000100
3
100001111000011101100010110000101011
90
1000000011001101000000010100111010010100
111
1001000000100000000001100010010101100
172
1000010010000011000000110011001100001
134
101000011000001110110001010000000010011
10
111000000000000010011010110100000000
185
11011000011000001010000010000000100
168
100011000000001100000000000000000011000
102
10010001100011110000011010000000011110
144
101001100010001000101010000111100001000
55
1100010001001001011000001000001100000100
85
11001011011110000000000100001
72
1001111111001010000010010010010010010
175
1100110110100001001100001111000010101000
65
10010100000110100011000011010110000001
26
11010100000100000001000010011000
191
1000010111000010000000011000101001000
16
100000000100010001100000000110000100101
11
1010000101100110010000110000010100000
28
100000001001000110001100101100001001000
35
10000000110000000000000011011100000011
127
1001010000100001001000000100001001010100
29
100010100000000000101010000001101000010
188
100000100101001000110100000010010
110
110001011010100001000000010100001010010
174
1100111110100100001000000000100000101110
108
1000000001000110100100100000111010000100
108
1011000110000000000110000001000010010000
184
1001000101010010010000000010100011010101
92
11011010110000111000110001001001001000
14
100111101100111000101000001010001000000
124
110000000110001010010000000010101010000
55
1100010000100000001100000000010101010
162
1000000101010010001000001010000000101100
188
10101001010011000100010000000001
105
10000010010010000000001001100100010001
171
1100000000000110001000001011000000000101
27
1101010001110000100001000000010000000000
176
1000110110001000010100010000101110
124
1000100010100001100000010101010000011001
38
11010100000111000000001100000000000
109
1010000101101011000000000000111011000100
42
1010100010000000000000001000000101010
98
1000001010000100000100000000000010100
119
1010010000100110010000000000000001100100
53
100001000001001011100000001011001000000
128
110100000010000000001101000111001011000
40
1000000100110010000000100100000000001100
63
1000000110000110000001110000111001100000
162
1000100110000011000110010000000100000010
160
110000000000000101000000111000100101000
57
1100000011000010000010000110001000010000
196
1000010000100100100001010101100001110
60
100011110001111010001000100110000110000
51
1010010010000000000001100001111010100100
53
110101000101000100010001000110000001001
180
1010000010111010001000100100011100111
153
1000010010100010000000000000010101001001
148
1100000000100010000011001000101010000000
97
1010000000100010100000000001000010111
43
10110000001000100000100000110010000001
9
10100110100000100011001000001010001001
97
1110100010101000001101000010001010101010
25
1010110100000000100000101000000100000001
91
10000001100010001001110000000100001000
191
100010010101001010111010001000100100010
169
11000100001000010000010010011001101111
120
1010100001011100001000000100110
152
110001010000000100100100100000110001010
5
1000010010000000011000010100000000
28
110000001010000000000011100000110000000
26
100000100100000100001011001010011001
46
1000100000001010100001000010010000001
194
1100100001001000010001110100110010101000
132
100010100100000010110000101000000010000
12
101100110000001000101001000011001000
25
1001100100010011000010101100000010000101
152
111000010010110000000000000010000100011
24
1000101101001001101010000100001011
163
100001000000001100010011010010010
162
1010010000010011000001000010001110000001
50
10100000000100000001001110100011001001
91
100000000000101011000000000000011010000
144
101101010001111000001101000001110001010
118
1011001000011011001011001010110100010000
123
10011000001100010100000001010101
89
101000110001011000001100000010010001110
171
1000010001001000011000110000010001100011
51
100100101000100101000100101000000001000
8
10110101011100010001000000000000010000
50
110100000101111010010000100000000100000
117
1000000101111001000010000010110100011
12
101011011010101000101101001000010010100
165
101011000100011000011011010100100010000
191
110000000111100000000010000000100000
107
1100000011010001000011001000101111000000
16
100000010011000100001101100000001
43
111111000100100100011001001001011110
12
1011001110000001100100010101000000100001
130
1000001100100010100011010010001010
197
1011001000001000110011100110001101100011
190
11100100000000010010001000101010010110
8
1001000100110001000000001000100101100001
41
1000100001101010100000010000001001010100
107
1111010001100000000000000101000110101100
9
110001110001001001100000011000000100010
155
101001000110000111110100000010000
184
1000101000100000001000010000000001010010
139
1000000000000100101000010000100
20
110011010001111010100000010110011000110
86
1000000000001100000010100000010011001010
96
1000011001010001001100010101100100110001
185
1100011111100001000000000001100011000
162
100001101000001000000010010001101011
107
11000000001100000000010110100000011100
181
10100000011100010000010001010100000
71
1001001000011001100000100001110001
194
110011010110100000101000001001100100000
14
10000110000101011101000000000000100001
167
110000100000000110011111000000101000101
45
100000010101010001000011010000000010000
178
1100100000001100010111010100100000100
181
1011000000000100000000000000010001000000
131
10011001100001000000000100000100010
99
10101001000011000010100000100011001010
91
110001000000000010100001000111010000
123
100000000100000000100100010000101101000
36
1000010001101011100000000000010011100
104
1000110101010100000011000000000010000000
86
100100000000011000100011000000001
99
1001000110101011000110100101110101000010
149
1010101011000111000010010101010100001010
13
110010001000000000000000110001100010
184
1001000101000000000000000000000000010110
114
1010000110100000010000011000000100001000
32
1110101000000100100000000000011101100110
48
1000001011000011001100001010000100100
58
1000100010001001001000000011001000111110
50
10011000110001000000000001010110101011
170
1011000101001100000000111000010101010001
61
1011000101000100101000101000000100001
185
1100000001000001111101001000011000000110
194
10110000010000100001010001111100100000
111
101000010100001000011101101010110000
56
10111011111010001001110000000001100100
61
1000000011111101011010100111110010
196
100100000010000101100011110000001000
68
11011000000110010000000000001010100100
160
1000001000001000100100000100000000100111
133
100011000000011110100010000100110110
165
11000100000110000011000010010010
113
10101100010101000100110100111100000100
52
11010010000000111001000010001001000000
139
101100000000000000001010010000011000
172
1000100000001000100010000000100000000011
133
1000100001111010100010010000001010100100
200
111000010001101000100011000000010
116
100000000001100000000000001111110111100
138
100000000001100001001001000100100
72
10010011010000100100110000001100001000
12
110000001000010000001000001001100100000
82
11000100101001010001010010011110001
158
11111000000010000001000010011011100000
28
110010000000100010110010100000001000000
174
100000011001110001000001100000000001001
58
100010111100010000100010000110011000
126
1100101101000000000001110001100000000001
104
1000000001001001000110000000110010010010
182
100001010001000011000100000010000100100
61
1100001000101001001000011101010000110
99
10000000010101000010000100100100000101
161
10000000110011011000100110100000011101
180
100100000100101011000110010000001011110
7
1011001010001101000101010000111100100010
143
100000010011000000000000110011001001110
64
111001000101000110010000001000000011000
134
100001101000000001001001001000111101001
54
1011001110001010010110010000110000010000
167
1110001000000111111000010000001011010001
95
1110100001110000000001000100001001000000
132
10101011101011010000100000000001001000
117
11000000001100001101101010010101000101
111
1000011000100000000001001100010010001000
82
100000000000111100101100100000000000001
32
1000001110010010000011001001001010000010
192
1110000000010010010000110101000111011000
41
1100111100000100111011001001000100101000
32
1100001010000010100000000000000100000111
48
1110111010100010000100000010000001101000
143
100000010000000000100000110010000000110
34
1011001110011000000010000101010000001
14
1101000010000010001111000110100000000100
116
1000001000110100110101010000000010000
184
111000000001010000010110001000000101001
112
10000000010010000100101001000000110111
140
1000000000001100010011010010000000100100
180
1001001110101001100011010011100111100110
19
1000110100100101110011110011011001000
24
1011010000000000010100000001111111010000
129
110101010101100011111000000001010101
14
1000000001001000100010001000000000000
50
100000000000001001000000010110100000010
163
1100000100000000001000010010100001100010
85
100010111010000010110111100101010000
33
101000100010010011010010001010000000000
137
101000000011011010000000000010010110
97
1000100010110000010010000010001000
112
1000100010100010110100010100100000110
32
1001110100001000000110000000000001000
123
10010100000001010000010001011000000000
177
1000000001010001000001001100000001000110
1
100111110000100000001001000000001101111
157
101000000100101110000010100000001000
158
100001100011101000000
138
101000100010100001100010000111000101000
14
1000111000000011010010000100101001111
135
100101100000010011010010010001010001
173
100100010100110100010101000001001101000
164
1011001000110010000000000001000000001
96
1000110010010000000010001000100010100010
168
11000101010010001010001000010010010000
75
1001100001101001000001010011000101010100
26
1001000000010110100000001011100111
111
11000011111000000000000000001001000000
123
1100000010100101011010010001101000000100
89
101000100000100000100000010001010110110
174
110000000000000010001000001000000000100
196
1100100000001010000011100001100
99
100110000100010000100110000001010000000
192
10011001010011100111010011000011001000
96
100010101011000010100010001010011000100
11
11000000001010000101010000100001000
160
1001000100101110010011000000100001000011
25
10010111010101001010101010000000101
59
101000011111010001000000000000001010110
164
10000000101000100101000011010010010001
178
1100110110000111000000000000001010101000
34
1010000010100010000010000100000001
63
1010010001110000110000100000001000011100
142
1000111001000000001000000000001100001100
181
100110000000000010010001001000000000
24
1000011001010110011001100000010100000000
189
1000000001101000000100001001111100
152
1001010100000001000000100100010000001
34
100001101001001001011000000000101001000
140
1100001010000000110001000000000110010
29
1000000100101111011000010001100000100
38
11001000011000001011000001110000000011
73
1001001010000000011010001001001011000000
110
1000100100000000001000011000010010101000
83
10000100010000000001110001100101000100
23
1110110010000010101100010100000100001100
192
10000010000100000001110010
40
1010001010011000000000010001000010010100
152
110001000000100000110010011011110101100
177
10100011000100101100010110111100010100
34
111100100010001000001000000001000000
197
10010000001000000001001001001000111
142
100100110011000010000100001011000100010
163
1000001110101000001000000110010100000010
147
101010100010110010010111011110001010101
167
1001010000000100000000100101011000
119
1011000001000111101010000000000110001000
40
110000100100000010101110001000000000110
32
1011000100010111010010101010010011000011
138
10001001111000001000000100000010110000
158
1000000100101000010011110100010000011010
183
11000110101001010000110001000000101000
121
1100110001100000000000000100100100010000
173
11101010100001001001101000000010000010
27
10010000001001000110110010010000000000
104
10110001000110100001011111010000110001
75
100010001000000010100110100000010010000
195
1101000100000010100011110110010000000
113
11100000000010000000000111100101
190
1010100000100001000011000101001110101110
77
1011100000110100100000001000100000000010
138
1100101011101010000010110000100100000001
81
10000000101001100010010000110000100001
183
10100000011000110011000100000001101010
109
100001010100100001110010011000001
148
1000000001110111001011100010001000010100
122
1010000100000000100101100100100110000
75
1000000010011001000000010010110010000100
190
1101010000100001000100101000000011010
72
1111000000111100010011000011000010101010
87
110100000000110000100000001000000000
4
110001010011010000000000000000001000101
146
111100100000000001001001101100000000110
132
101010000000000001010101010011010001000
83
10010001011001100110000000000100001011
193
101010000000010001101100100001000010
60
