40 400
1110111011111011111011110111111111111101
174
1110110111011111110101011101011111011111
188
1001111100101100111010110011101110001111
130
1111111011111111111011001110110000111111
136
110110101011111111101011111111111111111
83
1111101011111100110101011101111111111111
130
1111001110111111101010111111101111110111
30
1011111110011110100110011111111110011011
24
1011111111011111111110101111111111011111
29
1110000111101111111101111111111011110011
6
1110011011110011111110110111111111101111
111
1101101111101011101111111110101011111110
125
1100011011101111011011110011111111101011
40
1100111101111111111011111101010111110111
170
1111110111110111011101111110110101101111
146
1100110011011111011011111110101101011101
180
111111101111011111111111001110110110011
12
1101101110011011111101101111011111110101
144
1111111111110110101011111111011011101111
28
1111100111111111111101111001111011111111
128
1111110101111111101011111111101111111110
49
1111111101110101011000111001111111111111
12
1001111111111111111111011111101111101011
85
1001111111011101111101111110000011110101
135
111110010111111011010111011111111011111
35
1111110111110111110110111100111110110111
3
1011110010010100010110111111110000111010
151
1110111111111111111111111111111110111101
132
1110111101010111111111111111111111111111
176
1011111110101101101101111011101111111111
77
1010101111011111111111000100111111111011
15
111111011111100101110101111111110111010
185
1011110111111111111011111111101111111110
104
10111111101011011111100110111101010001
186
1101111011101011101111111111110111110100
95
1111011111111101101110101001011111111011
76
1010111111111111111111110111010111100111
69
1011100111111101101111110111011111111111
132
101010101111111101110111011111000101111
43
1011010001111111101111111111011011111111
142
1111101101111111111111100100111111111111
160
1111001101111010111100110111111110111010
172
111101010011111111101111110111111111100
194
110001101111011111100111010011111011111
199
1110101111110011011101101111100110010111
131
1110101101111111011111111001011111101111
133
111111110111111110010111110010111111111
11
1110100111111010101101111101111110110111
166
1111111011111011110010101110100100001011
14
1111101111100111101111111110111111101111
156
1011111110101011010111111111111011111101
156
1000111110101110111111111111110000111111
60
1111101111111111111111110101111111011111
31
1111110111110111111110111111111011111111
91
1111111011111111111011111110101111110111
123
1110111111011111101111101111111010111110
59
111110111111111111111111011001100000011
88
1111111111111111101010101111011110111101
107
11111111111001111111101010111011111111
121
1110110111111111101111110011001111010110
148
1111110100011001110110011111111111011101
109
1011101111110101001111111011111110110101
172
1111111111011111010101110111111111111101
39
111100101011101011111111111011111111101
56
1111101110011111111111001111111011101011
112
1111110101111001111011111001111110111111
178
1001111111101111111101111111111010111101
171
101111111111011101011111111110111111111
117
1110110010110001110111111111111111110101
113
1111111011011101010111110110111111100111
137
1011111011101111111111110011011001111011
139
1001110111101010110001111010111110110111
193
1110111111111111011110110110110101111011
59
1111011011111101111111111101110111111111
126
1101100111011011011101111111110110011110
117
111101111110111111011110111010111111111
121
1111111001111111111111011011111011011110
56
1111111110011111101110110101111111011111
161
111100101111111011101110011111111111111
72
101011101011111111010101101111100011011
70
1111110111101111111111111000110101111110
87
1111011111110111101101101111110110110
86
1111110101111111111101101111101111111101
69
1110111110001111111111110111111111101011
155
1110001111011111111000001111111011110111
169
1111111101110111110111111111111111011111
59
1011111111110011110111010111111110111101
7
1111011001111111111101100111101100111111
62
1001111111001101111101110101101111110111
166
1111111111111110001010011111100111001101
120
111011001011100110011111111101111111111
77
1111010101111111111110011111110010111111
165
1101111111110111101111111111010111101111
56
110110111011111111111111110011111011111
20
1111011111111110111101111010110011111011
65
1111011101111111111111111100111110111110
159
1001111111101111111101111111101101011111
154
101111011111111110111111111111011111001
129
11100101111111101011111001011101111111
66
1111111111111111011111111101101011110111
159
1111111111011111011111111111111101011111
146
1111110111110110111101110111111110111111
80
1101110110100111111110110111011111101111
169
1010101111101110111101101111110011000110
33
110111011110111111111011111111101111110
171
1110111111101111111011011111111111010111
198
1111011111111111111011101101101101111000
115
1010011111111111111110011110111111111111
3
1111111111111111011101111011110010111111
90
1100111011111111100110111110111111111111
111
1111111110111100011011111111110111101110
172
101111011011101111111010110111101100111
134
1101011111111101110110011111010011111111
10
1101111111000111111111111111110111111111
185
1001011011011111111111011111111111110111
168
1111111110101111111110110111111101111111
102
1111111111111011110111111111101110111111
144
1111001110011011000111111111111101011111
55
1110111001111111111100111011111111011101
85
1100101100111111111111111001110101100111
72
1111101111111101011100111111111110111111
175
1110111111111011011111011111011111111111
65
110111101111111110111100111111111110111
26
111111111111111111110010111111111111111
191
1011111011111110111111111111111101111110
16
110001111111011111111111010111011111111
11
1111110101111101111110111110101110111111
28
101110111111010110111111101101111011110
35
110101111111011111111111111111101100111
127
1111110111111111111011111110001111111111
29
101111111111111110111111111111111010111
188
1111110101111111111111111111111011111111
110
111011111110101011011111111111011111111
174
1111111111111111011000111111111100111110
108
1011110111110110100101111101111111001101
108
1111111110111011111111100101111011010111
184
1111101111111111111101001111111111111111
92
1111111110110111111111111111111011001110
14
1111111111101111111111101111110001011001
124
1111101100111011111110011111111111110110
55
1111111110111110111111111000111011111111
162
1010011111110011111111111110111011111101
188
1111011110111111111011101110010111111101
105
1111110111111111111110101111110101110111
171
1111011001101111111011111111011111110111
27
1111111111110010111111101101111110011110
176
1111101011111110011100010101011111111111
124
1101101110110111101010111101111001111111
38
1101111010101111111011011011100110101111
109
1011010111111011101101111111111111100111
42
111011101111001111111111111011111111110
98
1111111111111101111011111000001101111110
119
1111111110111111011111111111001011111111
53
111111011111101111101110011111111000111
128
1111111110111010111011111011111111111100
40
1101101111111111110111111101000111111111
63
1111111111111111111111110111111101111111
162
1110111111111011111111111001111110011111
160
1110101010110110111000100111110110111101
57
1110110111010011100011000111111011011111
196
1011100110111111101100111111111111111111
60
1111111111111111111111111111110101111111
51
1111111010011011100001110111111011101111
53
111101101111100110111101111110110101111
180
1011111011010111111111011100111011100111
153
1110111011110110101011100101010111101001
148
1100100111110011111111111111111110011111
97
11111000100100011111111110111110111111
43
1111110001111100111101110011111110101011
9
110111111111111111111011111111111111101
97
1111111111111111101111110011011111111011
25
1110111110111000101101101011001110001111
91
111111101111111101111111100110111101011
191
1111010111101111110111110101101111111111
169
1011111111001101111101111011011111111111
120
1100111011011111011111111001001011101111
152
1111011111100111111111110101011110111011
5
1001011111111011101111111110111101101101
28
1111011111010010101111111110100111111011
26
1001111101110101111110101011111110111111
46
1111010111111111011111111101111111101101
194
1111110101111000010111111110111111101100
132
1101110101110011111110110111111111111110
12
1111101100110111011111101111111111101100
25
1011111111011111011011101111110011010111
152
111101111111111001111110011010011101111
24
101111110101101011011111111110111111111
163
111110111111111111101111011111110111011
162
1110111010111111111111111111111110111101
50
1111111101110111110011111110110111111111
91
1111110011111101011100110110101111011000
144
111101110111111110111111111111110011011
118
1011101010111011111111111111110110011101
123
1110100110111010101100110101101111110111
89
1101111111111111101011111011010011111111
171
1001011111111111111111111111111111100011
51
101111111011101111111111101110111111111
8
110110111111111110101110111101011010111
50
1111111011111111111111011100101101110110
117
1011010011111111111101111110111111111011
12
101111011110101100111111101101111110111
165
111011001111011111111111111111111111010
191
100110111101111110010111011000011101110
107
1111111011110111010011111111111111111101
16
1110001110100011111011111111111111001111
43
1111111111011110110111111101111111111111
12
1111111111110111110111011101101101101111
130
111011111011110100111110111011111111011
197
1111011111111011111011111111011111110011
190
1111111111111110110011011001111111111111
8
1011111101110001111111001111101101110011
41
1100101001111110100010011111111111011110
107
1111111101111000001111101111011111111101
9
1111111111111111111101111111111111111010
155
1111111111101001111111111110101111110111
184
1111111110111100111111111111111111111111
139
1011101111011001111111100111101111001111
20
110111111001111110101111011111111111111
86
1101111011111100111011110001110111111110
96
1111111111110011111110111111101111111111
185
11100111111111101111010001101111111111
162
111110111111101111001111011011111111111
107
1111111111111111101111111110111110111111
181
1111111110111011111110110011011111110101
71
1010001111101111111111111110111001111101
194
111111111111111100111111111001110111100
14
1110011110010101011101100110101011111111
167
1111111111111101111111111111110111110111
45
111001111111110111111111110011111110111
178
1101111111001111110111111111111111110111
181
1111111110111111001111101110011111111111
131
1111111111111110111000101111101111100111
99
1111111111110111101110110101111111101111
91
1111111101011110111111111111101111111100
123
110111010110011010111100111111101111111
36
1111111111111111111111111010101011111111
104
1110111111111100101011110101011111101111
86
1111110110111110011111111111111010111111
99
1101110110111111111111100111111111011111
149
1110111111110111100010111101011111011011
13
1101111111111111111101010111111101110111
184
1001001111001110101111011001101110010111
114
1011011111111111010110111000011111001111
32
1111111111101111110110111111111101110110
48
1111011111011111011111111101110011111110
58
1011110011101111111110110111111111111111
50
1010011011110011011001011011111110111011
170
1111011111111111011001111110011111111111
61
111011011101011111111110111011110110111
185
1111110111010111111111111111111011011111
194
1011111110111111111111111111111101111111
111
1011111110011111111011111111101011111001
56
110111111111111111111110001010001111111
61
1110001011101111111111111011110111111110
196
1111111111100111010111111111111111011110
68
11011111100111111111111101001110101111
160
1110111111111111101110110111101111111111
133
1110101111101101111111111011111110110111
165
1111111111100111111111110011100011111011
113
1111111111111101011101111110111111110111
52
11111111011111111111111111111111110010
139
1111101111111111111111011111111111111111
172
1100111111111110110011001111110111100111
133
1111101011111111110011110111111111101111
200
1101011111101111111111111110011111101111
116
1110011111111111011110010111111110111110
138
1001111110011101011111101011111110110111
72
1010110111111111100111111101111111101110
12
1111111011111111101111111111011111111110
82
1111111111101111001111111110011111110111
158
111111111110111001111010111111111111010
28
1110011111100111111111011101011111111001
174
110101011011111111111111110111110111111
58
1101111111111101111111111011111111111111
126
1110111101111111110101110111101101110111
104
1100111111101101011111001111111011011110
182
1111111010111111011111110110111111110101
61
1101111011101101111101111111110111110
99
1111011110111111111111111111110111111111
161
1011111101111111111101100111110111111111
180
101100000101101011101111110011001111110
7
1011111111101101011111111101111101111110
143
101111111111111011001011111111111001111
64
111111101111110111011111011110110111111
134
101011111011111011101101001001111111111
54
1111111111111111010111011111111001110011
167
1110101101111111111110111111101111111111
95
1111111111111011111111111110111111111100
132
1111111011111111011100110101111111111001
117
1111011111111100111111111111011111111111
111
1011111111111110111101111111111111011100
82
1111001101101111111111111111000001011101
32
1010111110111110101111011111111110001111
192
1111110110111010111111110111110111111111
41
1101111101101100111111101101101101101111
32
1110111111011111111111011011111110011111
48
1111111110111110111101101111110111111110
143
1111111011111011111110111111111110110111
34
1101111101111111001111011010111011001111
14
1111101111111111111111110110111110111111
116
1111000101110110111111111111111101110111
184
1111101111101011010111111111001110111111
112
1110111111011010010111111111011101110111
140
1010111101111100111111011111011111111101
180
1111111110111011111111110111111111100110
19
1001110111111110101111111111111011111111
24
1011111111011101010111001111111111110010
129
1110110111111111111111111100101111010111
14
1001111011111001111110110101111110100011
50
1111111101111101111111010111111111100111
163
1111011110111110111011111110111011111110
85
111111110111111111110110111101111110110
33
111011110111111111111111111111101111011
137
1010111101011111111010111111011111011111
97
1011101000101110111111011111110111101011
112
1011111111111101111111110111111111100111
32
1111011111101111111111111010101111101010
123
111110110011111111111111001111011111110
177
1111111011011111111111011111011111111111
1
1111111111011111110111001101110111111111
157
1101111111011111101111111111110100001111
158
111111111111101100101111100111111001111
138
1111111111111111111111111111111111101110
14
111111111010111011110110000101111011111
135
1100111101111010011111010111011101110001
173
1110110011100111111111111011001111111001
164
111111111111111011111100001111101101111
96
1111111110111000101011111100110010111110
168
1111111111110111101011011101111111111101
75
1101110111111011101111111111110111110111
26
11011100111011111110110111111101111
111
1111111111111000101111010101111111111011
123
1110110010111111111011011111111110110111
89
1111010110111101101110111011001011111111
174
1110001100110110111011110111100101101101
196
11111111111111101111111000011101011111
99
1111111011100111111111110111111110110101
192
111111101111111110111111111101111011011
96
1100011111111110011111111111111111111111
11
1011111100010111110101101111111100101100
160
1111110110101111111111001011111111010111
25
1001011110111111111111111111111110110101
59
111111111111011111010001011011111111110
164
1111111110111110101101011111110111111111
178
1110110111110111111101011100101011111011
34
1101111110100011110111101011110110111111
63
1111011001111110110010111101111011111111
142
1111111101101111011110110010111111001111
181
1111111111111011111111111101111011011111
24
1111011101111111011111111011010101011101
189
1101101110111111101101101101011101111111
152
11111011101110001011111111101110110001
34
1111101111001011011111100110010101011001
140
111101011111110111110111111111111111111
29
1101101110111111111111111110101111101111
38
111101111111110101111111111110111011111
73
1111111111001111011111111101111111111111
110
1100110111100111101111011111110111111111
83
1110110111111110101101111111111111011111
23
1111110110010111101111110100110111011111
192
1111111101011111111111110101011111110111
40
1110111110011100111111111011001010111101
152
1111111010111111101110010011111110111101
177
1011100111111111111111011111111111110100
34
1101111111110010111111101101110001110010
197
1110111111111111111111111111111101100111
142
110111110111000110011111111111111110111
163
1111101110111011111110110111111101001111
147
1111110101110110110110111011110011111111
167
1101101111111111001111111100100111111011
119
1011101111001111111110111111111111111111
40
1110111101101111111101111111000100001111
32
1111111111010111111111111111011111011111
138
1011111111111111011110111100011111110111
158
1100110101101110010011111111111100011110
183
111100111111101111101111111011000101101
121
1101111001111010111111111111111101111110
173
111101111111001111111101101110111101111
27
1011111111111101011111111111111010011110
104
110111101011111110101111111111000111011
75
111111111111110111111110100111110011111
195
101111011101100010111011111111011101111
113
1111111111111011111011011010111111110101
190
1111100110111111011011001111111111101111
77
1111101000111101101110101111101110111110
138
1111111011111111111111111001111101011111
81
1011111110101111111011011110111111101111
183
1011101010111110110011110101110011111111
109
1111111111111011111101001111110111111111
148
1110111011110111111111111110111111111100
122
111011111110111110111111101110111110111
75
1110001111111001010011110011110010011111
190
1101111110010101111111111111101100111011
72
1111101101111111011111111111110010111111
87
1011111111101100111010111111011010011111
4
1111011110111111100101111011011101001111
146
1111111101001100111111111111111110110111
132
1101011011110111101010111111111111001111
83
1111110101111111111111011110111111111111
193
1011111111111100111111111110110011101011
60
