40 500
1010001010101011101010010001011000010101
174
110010001001010000000100001011001001
188
1000010100100100000000010011101100000101
130
111001010101011110011001110000000100000
136
10100100001110111001001010000110000001
83
10100011010100100101011000100110111010
130
10111111100000010100100111000010
30
1010110010000010100100010110101010010010
24
1100000001110110000000011110110011110
29
1110000101000101001001010101101010000010
6
110001011100010011110100110000111100101
111
1101000001101001100100100100000000101110
125
1000011001000001010011100000100011000011
40
1000011001001000101011010101010000010100
170
1110100110000100000101011010110001100100
146
10001010010000000001100000000011001
180
10001000001011001010101000000010010001
12
100000110000011001101000011011010100100
144
1011100001110000100011101000011001000010
28
1000001110001011101000000111011110001
128
1010110101100110001010111101000001111110
49
111110100100100001000001001110000010101
12
1001010100100101010010010010101101000011
85
1000000000001101001000011010000001100000
135
101110000000000010000111010000001000011
35
1001010000100110000100111100101100110011
3
10000000000000000010101100100000010000
151
100111010010000000001111000010010101
132
100110001010011101010111111110001000000
176
10011000100000001100110010000010111010
77
1000101010000100000001000100010110100011
15
111001100000101110101101110000011000
185
10100100110011101001001110101011001100
104
101010000001000111100110010000000001
186
101001101000101000110000110111000100
95
10000111001101000000001011110110000
76
10000100001001110101010100010101100100
69
1001100110110101001001010110000111100111
132
101000011101010101010011000101101
43
1010010001110111000000001001010001000100
142
101001000010110010101100100100011111100
160
1101000001110010011000110011110110000010
172
11000010011001111000101010111000000100
194
100001000010010000000010010010011010101
199
10101100110000010100100001100110010000
131
101001001110001100111000000111000000
133
11011100000110010010111100010100110011
11
1000000110100000001101100000100110110111
166
10010010001010000000000100000000000010
14
1011000000000111000011101110000100100101
156
1010101000001000000001110001001010011101
156
1010101000111110111110110000111000
60
1110101001110110110111110101100010011011
31
1110100101000000010110000111111
91
1101100010100010010011110110100101010000
123
1100011111001101000011100101100000001110
59
101110101100111111101010010000000000001
88
10110101000100000001010000110001101
107
11111101001000010101000000001000110101
121
1000100010111001001000100010000100010000
148
1011010000010000000100011011001001010101
109
1011001000000101000010010011111000000100
172
101110111010101000000110000001010000101
39
1010101011000000000100000
56
1010001110000110001010000001001001101011
112
1110110000101000111011110000001010110101
178
100111100101111001001001011000111000
171
100001100011011100000111111110000000010
117
100000110000100101010110110111010001
113
100001010000010001100110111011000111
137
101011000001011101000000001000001001
139
1110111100000100000110010010010010110
193
1110000011110000001100110010000001111011
59
1110010001011100010110000100100101100101
126
101000101000000011000011010100000000110
117
100001111010010111001010100010010011010
121
111001001110011111001000000111001001000
56
1110000000010111100010100001111100001010
161
101000100111111010101010011111110001110
72
11100001001101010101000110000000000
70
1110100110001111001101111000100100001110
87
101000110100011001100100000010000000
86
1011110001000001101100101001001001000101
69
1100010110000101101111010011011001000010
155
1010000100000000001000001010011000000000
169
1000001000100101100011110111101100001001
59
1010000110110001010111000100011100000000
7
10000000010111111001100100000000001110
62
110100001101001001000100001001010101
166
1110100010100000001010000101000010000001
120
111001000001000110001101001101111111101
77
11010100100101010010010110000000011101
165
1100110011100100100100011110000101000001
56
111000110111010000111000000
20
1001001010100010101100000010110011000010
65
1010010101101000010001000000010100001000
159
11000100011100100110101101000010110
154
100111001010100000110101010010011001001
129
10000001111001100011011000011101010010
66
1110010001011101011101100000100010
159
11100010000000010010010101101001000001
146
1100110011110110001000010111001110010100
80
1000100100100111111010100010011110001111
169
1000001010000100011100000100010011000000
33
100000011010111000101000110100100111010
171
111101001100011010001101011011010100
198
1100010100100100011010100101001101011000
115
11001010000111100001000111110010100
3
100001111000011101110010110010101011
90
1000011011001111000100011100111011010100
111
11001000001100000000001110010010101100
172
1001010010000011001000110011001100011
134
101000011001001110110011110000011011111
10
1000111001000000010110111110110100000000
185
1011011000011010011010000010110000100
168
101011100100001100000000010100000011000
102
10010001100011110000011010000100011111
144
101001100010001000101010000111100001001
55
1100110001001101011000001000001110000100
85
11011111011110000000000100011
72
11001111111001010000011010011010010110
175
1100110110100001001111001111000010101100
65
10010100010110100111000111110111000011
26
111011110010110010011000010011001
191
11000010111000111000101111010101011000
16
110000000100010001100000000110000101111
11
1010000101100110010010110000010110100
28
100000001001000110001101101100001001000
35
10000000110000000000000011011100000111
127
1011010000100001001010000100001011010100
29
101010100000010000111010000011101000010
188
101100101101101000110100000010010
110
111001011010100001000000011100001010110
174
1100111110100100001000000000100000101110
108
1000000011110110100100100001111010000100
108
1011100110000000000110000001001010010001
184
1001000101011110011000000011100011011101
92
11011110110100111101110001001001001100
14
110111101100111000101001001110001000000
124
110001000110001111110000001010101110000
55
11100010100100100001100000001010101110
162
1000000101010010101100101010001000101100
188
1000000110101001010011000100010000001101
105
10000010010110010000001011100101110011
171
1100000000000110001010011111000001000101
27
1101110101110000101101000000010110001000
176
100001000110110011000010100010000101110
124
1000100110100001100000011101010001011001
38
11010101101111000011011100000000000
109
1010000101111011000100110100111011000110
42
1010101110000100010010111010000101010
98
1001001111100100000100000000101011100
119
1010010000101111010001000000000001110110
53
100101011001001011100010001011101000010
128
110100000111010001001101000111001111000
40
1001000100110010000001101101000000001100
63
1000001111001110100001110100111001100000
162
1010100110000011000110011000010100000010
160
110000000000000111000000111000100101000
57
1100100011010010000011000110001000011000
196
1000010010100100100001011101110001111
60
110111110001111010001000110110000110000
51
1111010010000000000001110001111010100100
53
110101000101000100110001000110010101001
180
1011010010111010001000100100011100111
153
1000010010100010000000000000010101001001
148
1100000010100010000111001010101010001100
97
1011000000100010100000110011000010111
43
10110000001000101000100000111010100001
9
110100110100010110011011000001010001001
97
1111101010101000001101000010001010101010
25
1010110110000000101000101010000100000001
91
10000001100010101001110100100101001000
191
100010010101011010111010001000110101010
169
11100101001000010001011011011011101111
120
100001001010111001011101001000011101111
152
110001110100000101100110100000110001011
5
1100011010000110011000010100100001
28
110000011010000000100011100000111000000
26
101100110100100110001011001110011011
46
101010101000001010100101000010010000001
194
1100110101001000010111110110110010101100
132
1100010101100001010110000101000000010000
12
110101100110000001001101001100111001000
25
1001100100010011000010101100100010000101
152
111000110010111001100000000010000100011
24
1001000101101001011101110010100011011
163
10000100011000100001100010011010010010
162
1110110000110011000001001010001110110001
50
10111000000100010001011110110011001111
91
100000000001101011000000010000011010000
144
101101010001111010001101000011110001010
118
1011001000111011001011001010110100011101
123
10011000001100010100000111010101
89
1101100110001011000001100010010011011110
171
1000010001011000011111110100010011100011
51
101100101000100101100101101000000111000
8
10110101011100010001100000000000010011
50
110110000101111010110000100001000100000
117
1000001101111001000010000010111111011
12
101111011010101000101111001000010010110
165
101011000101011100011111011111100010010
191
110000000111100000000010000000101000
107
1100101011010001000011001000101111000001
16
1100000100000010111001110001111101000001
43
101111111000100100100011001101001011110
12
1011001110000001100100010101100101101011
130
10011000011100100011100011010010001010
197
1111001000001000110011100110001101100011
190
11100100000000010010001000101011010110
8
1001010100110001000001001000100101100001
41
1100100001111010100010010000001001010100
107
1111010101110000000001100101010110101100
9
111011110011001101101100011000000100010
155
1010111101000110011111110100000010010
184
1010101100100000001000010001001001011010
139
1100001000000000101100101000010001100
20
110011011001111010100110010111011101110
86
1000001011101100100010110000010011001110
96
1000011001010011001100011101101100110001
185
1100011111110101000000000001110011000
162
110011101001001001001010010001101011
107
11000000011100100000110110100010011111
181
1010110000011100010000010011010100000
71
10001101001000011001111000111001110101
194
110011011110111000101100001001100100000
14
110000110000101011101000000001010110001
167
1110000110110000110011111000100111100111
45
100001010101010101000011010000000010100
178
1111100000111100011111010100100100111
181
1011000110010100000010000100010101100000
131
110011001100001000000110100000100010
99
1010101101000111100110100000110011101010
91
110001000010000010110101000111010100
123
100101000100000000110100110000101111110
36
111001011001101011100000000000010011100
104
1100110101011100000011000100000010000000
86
100000100100100000011000100011000101011
99
1001000110101011000110100111110111000010
149
1110101011110111000010010101011100011010
13
100110011011000010000000000110001110011
184
1001000101001000000001010000000000010110
114
1010001110100010010110111000000111001000
32
1110101000000100100000000010011101100110
48
1010111011000011011110001010000101100
58
1000100011101001001000100011001001111110
50
1010011000110001010000011011111110101011
170
1011010101001100001001111000010101010101
61
1011000101010101101000101000010100011
185
1101000001000101111101011010011001000110
194
1010111000010010101001010001111100100000
111
1101000010110101011111101101010111001
56
10111011111010101001110000000001100100
61
110001000000011111101011010110111110010
196
100101000111000101101011110100001000
68
11011000000110010000101100001010100101
160
1010011000001000100100000100000001101111
133
100011000001011110110010000110110110
165
10111000100000110000011100010010010
113
10111100110101001100110100111100000100
52
11011010000000111101000010001001000000
139
1000101100111000000100001010010100011010
172
1100100000101010100010000000100000000111
133
1000100011111110100010010010011010100100
200
11111000011101101000100011000000010
116
100000010101100000110010001111110111100
138
10100010000001101001001001010100101
72
10110111010011100100111001101101101110
12
110001011001010100001000001001100111000
82
10011000100101001010001010010011110101
158
11111100100110000001000110011111100000
28
110010000000100010110010100000001010001
174
100000011001111001100001110100100011101
58
110010111100010010100010001111011000
126
1110101101100001000001110011100000100001
104
1000101111001001000111000000110011010110
182
1100111010001101011100100000010000100100
61
1100001000101101001001011101010110110
99
1010000000010101010011000101100110001101
161
10000001110011011000100110100001011111
180
100100000100101011000111010000001011110
7
1011001011001101011101110000111100100010
143
100000010011000000000000110011001001110
64
111011000101000110010000001000000011101
134
101011101010000001101001001000111101001
54
1011101111001010010110011000110001010001
167
1110001001100111111000010000001011010011
95
1110100011110001000001010100101001000000
132
111101011101011010000100101000001001001
117
11010110011100001101101010010101000101
111
1000011000100110000101011100010110001000
82
110000101100111100101111100000000001001
32
1000001110010010100011011001011010000011
192
1110000010010010010010110111000111011110
41
1100111100000100111011001001000100101000
32
1100001110001010110101001000000110010111
48
1110111010100010000101000011000011101100
143
100000010010000000100000110110000100111
34
1011001110011000001010000101010001101
14
1101000011101110011111110110100010000111
116
1000101000110100110101010000000110000
184
111100010001011000010111001000000101001
112
110100100010010000110101001010000110111
140
1010000000101100010011010110000001100100
180
1011011110111001111111010111100111100110
19
1000110100100101110011111011011011000
24
1011011000000000010101000011111111010000
129
1000110101011101110111111000000001010101
14
1000000001001000100010001001010000010
50
101001000000001011000000110110101000011
163
1100000100100000001010010010100001100010
85
100111110111110000010110111100111010000
33
111010110010111111010010001011000010000
137
10101000000111011010000000000010010110
97
11101000100110110001010010110011001000
112
11100100011100010110100010101100000110
32
1011110101101000100111000100000001000
123
10010100010001110000011001111010001000
177
1000000001010001001001001100000001000110
1
100111110010111100001001100000001101111
157
101000001100101110110010110000001011
158
101000000000000000100001100011101000000
138
101100100110100001101010000111000101000
14
101000111000011011010010000100111001111
135
100101110010010011010011010001010001
173
100110010100110100010111010001001101000
164
11011001101110010001000000001000000001
96
1000110010010000101011011000110010100010
168
11001111010110001010001000010010010000
75
1001110011101001001001111011010101010100
26
11011000000010111100000001011100111
111
1011011011111000001000000000001011001000
123
1100000010100111011010010001101100000100
89
111000100010101000100100010001011110111
174
110000000000000010011100001000000000100
196
10000101100100001011010000011100011100
99
101110011100010100100110000001010000001
192
11011001010011110111010011000011001000
96
1100010111011000010100011001010011000111
11
11000000011010101101010011100001000
160
1001010100101110110011000000100001000111
25
10110111011101001011101010010100101
59
111100011111010001000000000000011010110
164
11000000101000100101000011110010010101
178
1100110110010111001000001000001010101000
34
101010000010100010100010110100000101
63
1010010001110000110000100000001011011110
142
1000111101000000011000000000001101001110
181
100110001000000010010001101000000000
24
1010011001110110011011101011010100000001
189
100001000010011101000000100001001111100
152
1001010100000001000101100101010010001
34
110001111001001001011000000000101001001
140
1100001111100000110101000001000111010
29
1000000111101111011000010001101000100
38
11001100011000001011011001110100000111
73
1001001010001000011010001001001011000000
110
1000100100000000001000011010010010111100
83
10000100110000000001110101100101001101
23
1110110010000010101100110100000101001100
192
1001010000000010010010000100000001110110
40
1010001010011000000000010001000010010101
152
111001000010100101110010011011110101100
177
11100011100110101100010110111100010100
34
111111100010001000101000000001000010
197
1000010010110001010101001001001001000111
142
100100110111000010000111001111110100010
163
1100101110101000001000000110010100000010
147
101010100010110010010111011110001010101
167
1000001001010100000100000000100101011010
119
1011000001000111101010000001001110001010
40
110011100100000111101110111000000001110
32
1011000100010111010010111010010111000011
138
10101001111000011100001100000110110000
158
1100000100101100010011110100010000011110
183
11000110101101010000110011000000101000
121
1101110001110000001011100100101100010100
173
111101011100001011001101000000111000011
27
10010100001001000111110010010000001010
104
10110001000110100001111111110000110001
75
100010101000000011100110100000110011000
195
1111000100100010100011110110010101001
113
1010000011100010000010000000000111110101
190
1110100000100001000011001101101110101110
77
1011100000110101101100101101101100100010
138
1100111011101110001010110000100100000101
81
10000100101101100011010000110000100111
183
10100000011000110011010100010001111011
109
101001010101100001111010011000001
148
1000000001110111001011110010001101010100
122
1010000100000000101101100100100110000
75
1000000011111001000000010010110010000101
190
1101010010100001000100111100000011010
72
1111001000111100010011100011000010101010
87
1110100000100110000110000001000000000
4
1110001010111011100101000000000001000101
146
111100100000000001011111111111010000110
132
101011000010010001010111010011010001001
83
11010101011001100110001100000100001011
193
101110000100010111101100100011000010
60
1011010110000010101111011010001110101
12
11100001001010101100110111010001101111
115
111101000010011100010000100111010010101
10
10001111000100101100111000101000010001
9
101100000101000010010001011110000110000
131
11010101011110001001111100100000010101
137
10101110000100000101111101000111000100
73
1000100000111001100001000001011100110
24
100010100110001100110000011010000010111
12
1000100100001011001010000100000000010100
117
1000001101011101011010001001001010100100
92
1100000001100000101000001000010001001
15
11110010101101011010110110101100010
127
10011011001101110100000010000110011001
100
110111001000100010010010100100011101000
76
1001001000010111000001001001010000010111
110
110110100111011001011001000110101111011
196
111000000000000101010000001010001101100
125
11100111010101001010000101101110100
115
100000100101000001011110001011000
131
100001100000000010001000000010101100
1
111000111000100000001010001010101000100
38
1010001010001011100111011011101101100
105
1011001000010101011101001001011000100
100
1001001000101100001000010000100001001000
66
1001110000100011100000001001000101100000
35
1010011110001110100000110001100000001001
52
101101100101001010101001011000000000
25
10100101000010111000110001000110010001
106
1010000010000011001101111011000000
149
100100100000000000110010010000100001000
66
1000100000110100010100011000100000011
87
110011011000001100111110110001011001000
41
1001110001001000000101100001101
102
1111000001110110001110000010101111000100
99
10110011000000111000011000110101
154
101010011000000011111100000000100000111
130
110000100100110101011010000100111000101
62
101010000101111100110001000010001001000
26
1111010010001100000110100011100111100001
138
11101011011001000000000100011101
25
1010000111000100010110010100011110100001
5
1111110001110010011100101101001010100
10
1000000000001001010110110001001110110110
24
10000101011001001010100000100010011111
88
1100000110110001000100111101000100011
184
100010011011000110101110000010001110
153
1101100000111100011101111010011001101
103
100100000011100101111001010011011111110
156
1011011011100101001011000100001011010000
14
1000111101011001001111111110111100001000
36
101010111010101000101110111111010100
82
11010001010000011001100111000101100000
5
101000010010000100100101001000010000110
22
1100101100110000111000010000000000011010
53
11010000000111010001011110001000000
92
100000110100101001000110001011101
117
1001001001101000010110001011000000101010
18
101000110000000100001111010110010101111
166
1100000001000100010110000001100011100010
150
101000101001110110100110001000101100101
99
10101111001010000111011100000101001
15
100111000001111111000010000110110100011
8
1100010001001011100000111110110011100011
66
100001110000011111111000011000110101010
41
10010110100010001111000011111101011111
187
1110110000100011100001111100010111001100
108
1001000100100000101010000000010001000
87
100001001100011001000100000110110000100
156
11000011101011111111001001000100000110
137
1000000011010110000001100110100110000000
73
110001011101000110011100011001000000000
15
1100100100101001110011001000000101111010
18
101101000001010110000100110110001000
77
1010000001100100001011110000000000
159
110001100100100000000111010110011100
42
1101000110001100101101000001100000010001
138
1100101101001101100010000001100001001100
151
1010000000001100011000100010001101001000
16
1110000111001110100110011100111000100001
16
101111100111100011000110001011101000111
117
11101010100000111000000011010001110010
18
1101001111000110110010111100010011000000
136
1100010010000010010101010100100000100000
47
101110000100101100000111011010000100101
38
1001111001010000110001000010111100000
181
10110010110100011001110000000000001000
41
1101101100001111000000100010000000001101
7
111110001011010101010101000110101010000
1
110110001000000000001000001011001001110
30
1011110100010111000110100010001000011001
16
1001100001011110101111100100010110100000
93
1000101000100000000100100101010110110000
82
101001100010010101010001001110010100110
66
100100010100101000100000111111100111
159
10000000010101011001100001001100100100
94
1001010000000001110011000001011011010101
58
101000000000001111111010111101000000001
160
101100110100010100100110100000100
144
1010010000101000100100000010000001011010
11
