40 500
1110001010101011111011010001011000011101
174
100110011011001010000011100011111001101
188
1001010100100100101010010011101100001101
130
1111111011111011111011001110010000110100
136
10100100001110111001011110101110010111
83
1010100011110100100101011100111111111110
130
1111001110111111100010011101101111100110
30
1011111010011110100100011110101110010011
24
11101001011111111010100011110110011110
29
1110000111101111101101011111111011100011
6
1110011011110011111110110110011111101101
111
1101000111101011100101110100001000111110
125
1000011001101111011011110010100111001011
40
1000011001011000101011111101010010010101
170
1111100110010101011101111110110001100111
146
1000010011010010010011001110100101011101
180
10101100111011101011101001000010110001
12
101101110001011111101101011011011100101
144
1111101101110010100011111010011011101010
28
1101000011110001011101110000111011110101
128
1011110101110111001010111101100101111110
49
111111101100100011000011001111110011101
12
1001011101111101111111010010101111100011
85
1001111101011101101100111110000001100001
135
111110010010111011000111010100101011111
35
1011010100100111010100111100111110110011
3
11010000000100010110111101100000010000
151
1010111111011010010110101111100110011101
132
1100111001010011101011111111110001010101
176
11111010100100101100110010001010111011
77
1000101110010101101101000100011110111011
15
111111011110100101110101111111000111010
185
1011110111111011111011111111101111111100
104
10111010101011010111100110111000000001
186
1000101001101011101000111110110111010100
95
1000011101111101101010101001011110110000
76
10000101001111110101010110010111100101
69
1001100111110101001001110111000111100111
132
10101010111101010101010011000101101
43
1010010001111111001011111111011011110100
142
1101101100111111011101100100100011111100
160
1111000001111010011000110011111110101010
172
111100010011001111100101010111010010100
194
110001101010010110100010010010111010111
199
1010101111110010010101101111100110010001
131
1110101101011111011101111001001111101110
133
111011110101110110010111100010101111011
11
1110000110110000101101101100110110110111
166
11010011001011110000101100000000000010
14
1011000011100111100111111110111101101111
156
1010111010101010010011110011111010011101
156
1000111010101110111110111111110000111101
60
1110101111110111111111110101101110011011
31
1001110101110110101000011111110011111111
91
1111101010110111111011110110101111110001
123
1110111111011111001111101101111010111110
59
101110111110111111111011010000000000011
88
111111111111010101010101011001110011101
107
11111101001001011111101000111000111111
121
1000110110111101101011110010000100010100
148
1111110100011000000110011111111001010101
109
1011101110000101000010010011111100000100
172
101110111011111000000110100101011010101
39
1000101001101010101011110011000101101
56
1110101110010110011110001111011011101011
112
1111110101101000111011111001001110110111
178
110111101111111001001111111000111000
171
101011101011011100000111111110100011011
117
1000100000110000100101011111110111110101
113
11100011010100010011100110111111100111
137
1000101011101111011111000000011001001011
139
1001110111101000100001110010111010110111
193
1110110011110001001110110110100101111011
59
1111010011011100010111110100100111110111
126
1101100111010001011000111010100000010110
117
111101111110110111001010100010010011111
121
111011001110111111101011011111011011110
56
1111111110011111100010100001111110011110
161
101100101111111010101010011111111011110
72
11100001011111010101000111000000011
70
1110100110001111101101111000110101011110
87
1111010110100011101100100101010010000
86
1111110001000101111101101111101001010101
69
1100110110000111101111010011111101100011
155
1110001110000110011000001010011010100000
169
1100111001100111100011110111101101011011
59
1011000111110011010111010101111110000100
7
10011000011111111001100110100100001111
62
1110110001101001001010101001111010111
166
1111110111100100001010000111000011001001
120
111011000011000110001111011101111111101
77
1011010101111111010110011110010010111101
165
1100110011110100100111011111010111000101
56
110010101010111110111111110001111011111
20
1111011010100010101100010010110011110010
65
1011011101101000111111110100111110101010
159
111010100011110101110111101001011111
154
100111011011110010111111110010011011001
129
11100001111001100011011000011101111011
66
1011001110111101011111111101101011110110
159
1111110010010000011111010111101101001111
146
1111110111110110001001110111001110010100
80
1101110110100111111010100010011111001111
169
1010001011100100111101000110010011000000
33
100100011010111010101011110101100111110
171
110111101001110011010011101011111010100
198
1111011110100101111010100101101101111000
115
1000011011010110111110011100111111111110
3
100110001111111011101111010110010111011
90
1000111011111111100100011100111011111101
111
111101100101100001010111110010011101110
172
101001010010101011001000110111101100111
134
101010111111101110110011110000011111111
10
1001111001000001111110111110110110010111
185
1011011010011010011011001110110000101
168
101111110101011101100100011110100011011
102
1110111111100011110011011111001100011111
144
101001100010001000111110110111101011111
55
1110111001101111011100001001001111000101
85
11011111111110001000000100111
72
1011101111111001011000111110011010110110
175
1110111110111011001111001111010011101111
65
110111101011111110111000111111111000111
26
10111111110110110010011100110011001
191
1011000011111110111111101111110101111100
16
110000010110011101111111000111000101111
11
11010000101101110010111110100010111110
28
100110001101000110011111101101111011000
35
110000110110011000011111111011100100111
127
1011110010100011101011100110001111010101
29
101111111010111010111011011011101000011
188
1000100101111101111101100110111010011111
110
111001011010101001001000111110001111110
174
1111111111111100001000000100100100111110
108
1000100011110110100101110001111010000100
108
1111110110000001001111100001101011010101
184
1001100111111110111100000111110111011101
92
1011011110110110111111111111011001001110
14
1111111111101111101111101001110001011000
124
111101100111011111110010001111111110100
55
111111010111110100011100000111010101110
162
1000010101010010101111111110111000101101
188
1111001110101001011011000110010110001101
105
11000011110110110110101011110101110011
171
1101010001100111101011111111001011010111
27
1101110111110010101101001100011110001110
176
111001001110110011100010101011000101110
124
1000101110110001101000011101010001111101
38
1101111010101111111001011011100010001001
109
1011000111111011000100110111111011000111
42
1010101111000100111011111010111101010
98
101101011111100111010110000000101011100
119
1111011000111111011001111100001011111110
53
110111011001001111100010001011101000010
128
110101100111010011011111010111011111000
40
1001001100110010100111101101000111001111
63
1110101111111110100001110101111101110110
162
1010110110111011110110111000111110011110
160
110101010100010111000000111000100111000
57
1100110011010011100011000110011011011110
196
1011000010010101100100111011101110101111
60
111111111111111011111100111110000111000
51
1111111010000001000001110101111010101110
53
111101101111000110110001100110010101001
180
11011010010111110111000100101011100111
153
1110010011110110000010100001010111101001
148
1100100010100010010111011111111010001101
97
1011000000100011111010110011100110111
43
110110000101000101001110010111010100011
9
110100111100010110011011000011010001101
97
1111111111101010001101110011011110101011
25
1110110110001000101000101010000100000111
91
111110001100011101101111100110111101000
191
1101010010101111010111010101101111111011
169
1011100111001001111001011011011111101111
120
1100111001011111001011101001001011101111
152
111011110100000101101110101010110111011
5
1001011101111010000111111000010100101101
28
111010011010000100110011100000111000001
26
1001101101110101101110101011101110111111
46
1101010111110111010100101001111110000101
194
1101110101001000010111111110111011101100
132
1100010101100001010110110101100001011100
12
110101100110101001111101101110111001000
25
1011101101011011010010101111100010010101
152
111101110011111001100100000010010100011
24
1011000101101001011111111010111011011
163
10000100011101111101110011111110111011
162
1110110010110111110011111111101110110001
50
1110111101110110110001111110110011101111
91
100110010011101011100010110101011011000
144
111101010001111110101111110111110011010
118
1011101010111011101011001111110100011101
123
100110011010101100110101001111110111
89
1101100110011111101001100011010011111110
171
1000011101011100011111110101011011100011
51
101100111010101111110111101000110111111
8
10110101011101010101110100100000010111
50
1110110000101111110111011100101100100100
117
11000001101111011101111110010111111011
12
101111011010101000101111101001110110110
165
111011001101011111011111111111111010010
191
110110001111100010011011000011101000
107
1110101011110101000011011110101111110101
16
1110001110100010111001111011111111001101
43
111111111000100110111111101101011011111
12
1011101110110101100100011101101101101111
130
10011110011110100011100011010011111010
197
1111011011101001110011110110001101110011
190
11110100000100010010001001101111111110
8
1011011100110001000101001010100101110001
41
1100100001111110100010011111101011011100
107
1111010101110000001101101101011111111100
9
1111111111111111111101100111001110100010
155
111111111101000111011111110101110010110
184
1110111100110000001101010001111001011011
139
1100001011000110101100101101110001101
20
110011111001111110100111011111011111110
86
1000101011111100111011110001010111001110
96
1010111001010011111110111101101101110101
185
11100011111110101011010000101111111010
162
10110011111001011001101011010101101011
107
1011001010111100101010111110101010011111
181
101011110001011111010010011011111100101
71
1010001101101100111111111100111001110101
194
110011111111111100101100101001110111000
14
1110001110010101011101100000101010111001
167
1111111111111101110111111100110111100111
45
110001010101110111010011110001100010100
178
1101111111000111100011111010110111110111
181
1111001110010101001111101110011101110101
131
10110011001110011000100111100011100110
99
1011101111000111101110110100111011101010
91
111110001001010000110110111101111011100
123
110111000110010010111100111110101111110
36
1111111011101111111101100010000011011110
104
1110111101111100100011010100000011000001
86
1110100110100110010111100101111000111111
99
1101110110101011001110100111111111011011
149
1110111111110111100010011101011101011010
13
101110111111000110001010010110001110011
184
1001001101001100101111010001101010010110
114
1010001111110010010110111000011111001110
32
1111111101000111110000000111011101100110
48
101010111011011011011111001010011101100
58
1010110011101011111010110111001111111110
50
1010011000110001010001011011111110111011
170
1111010101001110011001111000010101110101
61
11011000101011101111100101001110110011
185
1101100011000101111101011010011011001110
194
1011111100010110101101010101111101110011
111
1111010011110101011111101101011111001
56
110111011111010111111110000000001111110
61
1110001001000111111101011011110111111110
196
1110100111100111010111101111110100011000
68
11011110000111111011101101001110101111
160
1010111000101101101100010100100011111111
133
100101111101101011111111010010110110111
165
100110111100100001111100011100010111011
113
1010111111110101001100111100111101010100
52
11011011011001111111100110001111010010
139
1101101101111011011110011111110101011111
172
1100110101101110110010000011110110100111
133
1100101011111111110010110010011111100110
200
1100011111001011111111001110011000000110
116
1110011111111100000110010101111110111110
138
111100011101011101001001011010100101
72
10110111110011100100111101111111101110
12
111011011101110101101100111011110111010
82
10111001100101001011011110011011110111
158
11111110100111001001000111011111100000
28
1110010010000110010110010100000101010001
174
110100011011111111110011110101110111101
58
101111110111101010111101011001111111101
126
1110101101101001000001110111100001100101
104
1100111111001101011111001010110011011110
182
1101111010011111011111110010010110110101
61
1101001010101101011101011111110110110
99
1011001010110101110111111111100110001111
161
1010110001110111011101100111100011111111
180
101100000101101011101111010011001011110
7
1011011111101101011101111001111100100010
143
100000011111101010000011110111011001110
64
111111000101110110010010011110000011101
134
101011101010000011101101001001111111111
54
1111111111111111010110011011110001010001
167
1110101101111111111010111100101011010011
95
1111111011111001010001011110101001100100
132
1111101011111111010100100101111111011001
117
11010111011100111111111110011101110101
111
1001011111100110000101111111111111001000
82
1110001101101111111111111100000000011001
32
1000011110010010101011011011111110001111
192
1110010110011010010111110111110111011110
41
1101111101000100111011101101100101101100
32
1100111111011011110101011000101110011111
48
1110111010101110011101000111100011111110
143
1110110011010010100110111111111100100111
34
1111101111011001111010010111011001111
14
1111001011111110111111110110101110111111
116
1101000101010110101111101011000101110001
184
111100110101011000110111011001100101011
112
1110101101010010010110111011011000110111
140
1010110100101100010111011111000001101100
180
1111011110111011111111010111101111100110
19
1110111111110101110011111011011011111
24
1011111001000101010111001011111111010010
129
1000110111111111110111111100001001010101
14
1000000101001001110010001111110000010
50
1111111000110101011100000110111101100011
163
1101000110101110001011111110100011111010
85
110111110111110100010110111100111110000
33
111010110111111111011111101111101010000
137
1010111001000111011010101101000010010111
97
1011101000100110111111011010110111001001
112
11111100111100010111100110101111000111
32
1101011110101111101111111000100000001000
123
11010100010001110000111001111010001110
177
1101010001011011111001001110011001110111
1
110111111010111100101001100100001111111
157
100101000011110101110110011110100001011
158
111011000111000000100001100111111000011
138
101111100110111101101110110111001101100
14
111110111000011011010110000101111011111
135
1100111101110010010011010111010001010001
173
1110110010100110100110111010001001111001
164
111111101101110011101000000011100001011
96
1100110110010000101011111000110010101110
168
1011111111110110001010011001011111011000
75
1001110111111011001001111011110111110101
26
11011100011011111110110011011100111
111
1111011111111000101010010100001111111001
123
1110110010110111011010010001101110010100
89
111010110110101000110111010001011111111
174
1110001000110110011011100111100000000101
196
11011111111100101111010000011101011111
99
111110011100010101110110101101110110001
192
111111101111011110111011011001011001000
96
1100010111011100010111111001011111111111
11
1000111100000111110101101110111100101100
160
1011010100101111110111001000101001010111
25
11110111111111001111101110010110101
59
111110011111010111010000011011011111110
164
111011100101110101101001011110111010111
178
1100110111110111011001011000001010111011
34
111110100010100110101010110100101111
63
1011011001110000110000101001101011111111
142
1100111101101111011010110010001111001111
181
111110111111010110011011101101000001001
24
1011011101111111011111111011010100000101
189
1101101100010011101100101100011101111100
152
1101010100000001010111100101110110001
34
1110101111001011011111000010000101011001
140
101100001111100010110111001001000111111
29
1001001000111111111111110110001101101100
38
111101111111100101111011111110110001111
73
1011011111001100011010001101001111001101
110
1100110110000011001100011111010010111111
83
110100100111000100101110101100111011101
23
1110110010000110101101110100110101011111
192
1111010100011011011011100100000111110110
40
1110011010011100111011010011001010110101
152
1111101000011101101110010011111110111100
177
1011100111100110101101011111111111010100
34
1100111111100010011111101000000001000010
197
1100010110110111011111101111001101000111
142
110100110111000110010111011111110110011
163
1111101110111010011000000111110101001011
147
1111010100110110110010111011110011010101
167
1101001101011100001111111100100111011011
119
1011100111000111111110101101101111101010
40
110111101101010111101111111000100001111
32
1111111101010111110010111011011111011011
138
10111011111100011100011100000111110110
158
1100110100101110010011110111011100011110
183
11000110111101110000110111010000101000
121
1101111001110000011011100110111101011110
173
111101111100001011001101100110111101011
27
10111101001101011111110111011000011110
104
110111001011111110001111111110000111001
75
111110101001000111111110100110110011010
195
1111001100100010111011110111011101001
113
1110011011111011010011001000100111110101
190
1111100110111011011011001111111110101110
77
1111101000111101101110101101101100110010
138
1111111011111111001011111000100101001101
81
10001110101101101011010000110110101111
183
1011100010111100110011110100110001111011
109
1000101011010101100001111110111010101
148
1110000001110111011011110010001111011100
122
11011011110010100101101101100110110000
75
1110001111111001000000010011110010001101
190
1101010010100001001100111101100011011
72
1111001000111111011011111111100010101010
87
11111110101100111000111110001010001010
4
1111001110111011100101010011010101001101
146
1111111100000000011011111111111110010111
132
101011010110011001010111110011010001001
83
111010101111101110111001110000101101011
193
1111110011100011111101110100011100010
60
1011011110011010101111011110101110101
12
111111011101011101100111111010011101111
115
111111100110111100110001110111010110111
10
10011111101101101101111101111101010001
9
1111101010101100010010101011110000111111
131
11011101011111001011111110111001110111
137
1010101111010111101111111101001111000101
73
1001010100010111001100101101001111100110
24
100010110111111101110001011010000010111
12
1000100101001011111110101100010011110100
117
1100001101011101011010101101101010101100
92
1110100001100011111010111110110011001
15
1011110110101101011010110110101110110
127
11011111101101110101011010000110111001
100
111111011110110011010010101100011111001
76
1011101000111111100011101101010001110111
110
1110111110111011111011101001110101111011
196
111010000010001101110000001010001111110
125
10011100111010101001110000101101110111
115
1000000101000100111011011011110001011101
131
10100001100100010111001001000011101110
1
1111101111010101100101110111011101001101
38
1111001011111011100111011111101101100
105
111011001000010101011101101001111010100
100
1011001110101100001000010010100001011010
66
1101110000100011100011001111000101100001
35
1010011110001110100100111001100000001001
52
1000111111100101101011101111011010011011
25
10100101110011111000110101000111010101
106
1010101010000111001101111011000000
149
100100110100000101110011011000100111000
66
1111111100001111101111100011001111100111
87
1110011111001001100111110111001011001001
41
101001110111001100000101101011101
102
1111000011110111101111100011111111100110
99
101100011110011110100111100111111111111
154
1101110011000000011111110000100111110111
130
1110010101101110111011110101100111010111
62
101010111101111110111101000010111101010
26
1111111010101110110110100011101111110011
138
111111011011001100010101110011111
25
1011010111000110011110111100011111101011
5
1011111110011110010111101101101011111110
10
1001001101001001110110111001001111110110
24
11011101011101001011100100100010011111
88
1100000111110011010111111101011101011
184
110110011011110111101110000010101111
153
1111101100000111100011101111110111111101
103
1100101100011111111111001010011011111111
156
1011111011101111111011110100011111010001
14
1010111101011011001111111111111110101100
36
1101010111110101000101111111111010101
82
1011011101010000011101111111011101101001
5
111010011011001110111101011000110010111
22
1100101110110011111110010100000110011010
53
100011110000001111110001011110101101000
92
1110110100000110101101001001111001011111
117
1011001011101011110110111011001001101110
18
101110111000100110001111010110010111111
166
1100010111000110010110100101101111101110
150
101100101001111110100110001000101110101
99
1000010111111011111000111111100011111001
15
1101111111101111111100111110110111101011
8
1100010101001011110000111111110011100011
66
100001111100011111111011011000110111010
41
10110111100010001111000011111111011111
187
1111111000111111111101111110010111001100
108
111101001101100000101011010001110101011
87
1110101011111011011000111011110110001101
156
1011000111111011111111011001001110101110
137
1000000011010110100011100111100111001110
73
110001011111010110011100011001110001000
15
1110101110111001110011111100100101111011
18
101111101000001010110000110110110001001
77
110011010100001110100001111110000001100
159
1110110011110111100010000111011111011110
42
1101000110101100101111110101100000010011
138
1101111101101111100010000101110111001100
151
1111000000011100111000100010001111001100
16
1110000111101110100111011100111101101101
16
1111111100111111011001110001011101010111
117
111111011110000111010000011011001111010
18
1111011111000110110011111110010011001000
136
1110111011011011011101010100100010111011
47
101110001101101101000111111110100101101
38
101001111101010001111101100110111100100
181
10110011110100011001110100110110001100
41
1111101100011111010010100011010000101101
7
111110011011010101010101001110101111001
1
111111001000011010011000001011011011110
30
1011110111110111010110110010011100011001
16
1001100111011111111111100111110111110100
93
1000101100110111100101110111010110110001
82
101011101011110101011001101110111100110
66
1100110100010101101000110101111111110111
159
110110000111101011101110001111100100111
94
1101110000100011110011101101011011010111
58
101000100010001111111111111101110100001
160
11001101101110100010111100110110100100
144
1111011000111000100101100010000011111010
11
