40 600
1110001011111011111011010111011100011101
174
110110011011111010100011101011111011101
188
1001011100101100101010110011101110001101
130
1111111011111011111011001110010000111101
136
110100101001111111101011111111110010111
83
1110101011111100100101011101111111111111
130
1111001110111111100010111111101111110110
30
1011111010011110100110011111111110010011
24
11111101011111111010101111110111011111
29
1110000111101111111101011111111011100011
6
1110011011110011111110110110011111101111
111
1101101111101011101101111100001010111110
125
1100011001101111011011110011100111001011
40
1100111001011111101011111101010111010111
170
1111110111010101011101111110110001101111
146
1100010011011110011011001110101101011101
180
10101101111011111111101001110110110001
12
1101101110001011111101101111011011110101
144
1111111101110010100011111111011011101011
28
1101100011111001111101110000111011110111
128
1111110101110111101011111111101101111110
49
1111111101110101011000111001111111011101
12
1001111111111111111111010110101111100011
85
1001111111011101111101111110000001100101
135
111110010011111011000111011100101011111
35
1111010101100111010110111100111110110111
3
11010010010100010110111101110000110010
151
1110111111111010110110111111111110111101
132
1110111101010111111011111111111101011111
176
11111010100101101101110011001011111011
77
1000101110010101101111000100111111111011
15
111111011111100101110101111111000111010
185
1011110111111111111011111111101111111110
104
10111110101011011111100110111101000001
186
1101101011101011101101111110110111010100
95
1111011111111101101010101001011110110011
76
10101101001111111111010110010111100101
69
1011100111111101101101110111010111111111
132
100010101110111101010111010111000101111
43
1011010001111111001111111111011011110111
142
1101101100111111111111100100111111111110
160
1111000101111010111100110111111110101010
172
111101010011011111101101010111011111100
194
110001101110010111100111010010111010111
199
1110101111110010010101101111100110010111
131
1110101101011111011111111001011111101111
133
111011110101110110010111110010111111011
11
1110100110110010101101111100110110110111
166
1111010011001011110010101100000000000011
14
1111001111100111101111111110111111101111
156
1010111110101010010111110011111011111101
156
1000111010101110111111111111110000111111
60
1110101111110111111111110101111110011111
31
1011110111110110111110011111111011111111
91
1111101011110111111011110110101111110011
123
1110111111011111101111101111111010111110
59
101110111110111111111111010000100000011
88
111111111111110101010101011001110011101
107
11111101011001111111101000111011111111
121
1000110110111101101011110010001110010100
148
1111110100011000010110011111111011010101
109
1011101111000101000011011011111100000101
172
111110111011111000101110101101111010101
39
101000101001101010101011111011001111101
56
1111101110011111111111001111111011101011
112
1111110101111000111011111001111110111111
178
111111101111111001011111111000111000
171
101111111111011100001111111110111111111
117
1010110010110000110101011111111111110101
113
11100011011101010011110110111111100111
137
1000101011101111011111010011011001001011
139
1001110111101000100001111010111010110111
193
1110111111111101011110110110110101111011
59
1111011011011100111111110100110111110111
126
1101100111011001011101111111110110010110
117
111101111110110111011110101010011111111
121
111111001111111111101011011111011011110
56
1111111110011111101010100001111110011111
161
111100101111111010101010011111111011110
72
101011100011111111010101100111000011011
70
1111100110101111111101111000110101111110
87
1111010110100111101101101111010110000
86
1111110001001101111101101111101101011101
69
1100111110000111111111110011111101100011
155
1110001111010110111000001111011010110111
169
1111111001100111100011111111101101011111
59
1011011111110011010111010111111110111100
7
111011001011111111001100110101100011111
62
1001111111001101111001110101001111110111
166
1111111111101110001010010111100111001001
120
111011001011000110011111111101111111101
77
1011010101111111110110011111010010111101
165
1100111111110101100111111111010111001111
56
110110111011111111111111110001111011111
20
1111011011101010111101110010110011110011
65
1111011101111001111111110100111110111010
159
1111111101011111101110111101101011111
154
101111011011111010111111111110011111001
129
11100001111111101011111001011101111111
66
1111101111111111011111111101101011110111
159
1111111110011110011111010111111101001111
146
1111110111110110011001110111101110111111
80
1101110110100111111010100111011111101111
169
1010001011100100111101100111110011000100
33
110100011110111110111011111101101111110
171
110111101101110111011011101011111010111
198
1111011111101101111011100101101101111000
115
1010011111110111111110011100111111111111
3
111111101111111011101111011110010111011
90
1000111011111111100110111100111011111101
111
1111101100111100011011111111010011101110
172
101011011011101011101000110111101100111
134
101011111111101110110011111010011111111
10
1001111101000001111110111111110110111111
185
1011011011111111011011001110110110111
168
1111111110101011101110100011111101011011
102
1110111111110011110111111111101110011111
144
111001110010011000111110111111101011111
55
1110111001101111111100011011001111001101
85
100101100011011111111110001100000100111
72
1111101111111101011000111110111010111110
175
1110111110111011001111011111010111111111
65
110111101111111110111000111111111000111
26
111111111110111110010011100110111101
191
1011001011111110111111111111111101111100
16
110000110110011111111111000111011111111
11
111110000111101111010111110101110111111
28
100110101111000110111111101101111011110
35
110001110111011001111111111111100100111
127
1111110011101011101011111110001111010101
29
101111111011111110111111011111101000011
188
1000100101111101111101101110111010111111
110
111011111110101001001000111110011111111
174
1111111111111110001000101101111100111110
108
1010100011110110100101111001111111001100
108
1111110110100011011111100001111011010111
184
1101101111111110111100000111110111011101
92
1011111110110110111111111111111001001110
14
1111111111101111111111101001110001011000
124
1111101100111011111110010101111111110100
55
111111110111110110011110000111011111110
162
1010011111110011111111111110111000101101
188
1111011110101101111011101110010111001101
105
11110011110111111110101111110101110111
171
1101011001101111101011111111001011110111
27
1101110111110010101111001101111110011110
176
1111001011111110011100010101011010101110
124
1000101110110001101000111101111001111111
38
1101111010101111111011011011100110001011
109
1011010111111011101101111111111111000111
42
111011101111000110111111111010111101010
98
1111101111111101111011110000001101111100
119
1111111100111111011101111110001011111111
53
110111011101001111100010011111101000111
128
111111110111010011011111011111111111100
40
1101101111110010100111111101000111001111
63
1110111111111111110001110101111101110110
162
1010110111111011111110111000111110011110
160
1110101010100110111000000111010100111101
57
1100110111010011100011000110011011011110
196
1011100110110101101100111111111111111111
60
111111111111111111111110111110101111101
51
1111111010000001100001110111111010101111
53
111101101111000110110001101110010101111
180
11011011010111110111000100101011100111
153
1110011011110110000010100001010111101001
148
1100100111100011010111111111111110011111
97
1011000000100011111011110011100110111
43
1111110001101000111101110010111010101011
9
110110111111110111011011011111110011101
97
1111111111111010101101110011011110111011
25
1110111110111000101101101011001100000111
91
111110101100111101101111100110111101000
191
1101010011101111010111110101101111111111
169
1011101111001101111101011011011111111111
120
1100111011011111001111101001001011101111
152
1111011110100010111101110101011110111011
5
1001011111111010000111111110110100101101
28
1111011011010010100111111100000111001011
26
1001111101110101101110101011111110111111
46
1111010111111111010101101001111111101101
194
1111110101011000010111111110111011101100
132
1100110101100011011110110111100011011110
12
111101100110111011111101111111111101100
25
1011101101011011011010101111110010010111
152
111101110011111001100110000010011101111
24
1111100101101011011111111110111111111
163
11010101111101111101110011111110111011
162
1110111010111111110111111111101110111101
50
1111111101110111110011111110110011111111
91
100110011111101011100110110101111011000
144
111101110001111110101111110111110011011
118
1011101010111011111011001111110110011101
123
10100110011010101100110101001111110111
89
1101101110111111101011111011010011111111
171
1000011111111100111111110111111011100011
51
101100111011101111111111101000111111111
8
110110111011111010101110101101011010111
50
1111111000101111110111011100101101110110
117
1011010011101111011101111110111111111011
12
101111011010101100101111101101111110110
165
111011001111011111011111111111111011010
191
110111101111110010011011000011101100
107
1110101011110101000011111110101111111101
16
1110001110100010111011111111111111001111
43
111111111010100110111111101111011111111
12
1111101111110101100100011101101101101111
130
11011111011110100111110011010011111010
197
1111011011101001110011110110001111110011
190
1011111111001100010011001001101111111111
8
1011011101110001110111001110100101110011
41
1100100001111110100010011111111011011100
107
1111110101110000001101101111011111111101
9
1111111111111111111101111111011110100010
155
1111111111101001111111111110101110010111
184
1110111100110000101101011001111111011011
139
11100111011000111101100111101110001111
20
110111111001111110101111011111011111111
86
1001101011111100111011110001110111001110
96
1011111011010011111110111111101101110101
185
11100011111111101011010001101111111110
162
11110011111001011001111011011101101111
107
1111101111111111101111111110111010011111
181
1101111110001011111110010011011111110101
71
1010001101101110111111111100111001110101
194
111111111111111100111111111001110111000
14
1110001110010101011101100010101010111101
167
1111111111111101110111111101110111100111
45
110001110111110111111111110001111010101
178
1101111111001111100111111110111111110111
181
1111001110011111001111101110011101111111
131
111111111001110011000101111100111100111
99
1011111111010111101110110101111111101011
91
1111111101011110000111110111101111011100
123
110111000110011010111100111110101111110
36
1111111111111111111101111010000011111111
104
1110111101111100100011110101000011000101
86
1110100110111110010111110101111010111111
99
1101110110111111001111100111111111011011
149
1110111111110111100010111101011101011010
13
101110111111000111001010010110001110111
184
1001001101001110101111011001101010010111
114
1010011111111011010110111000011111001110
32
1111111111100111110000000111111101100110
48
101010111011111011111111101110011111110
58
1010110011101011111010110111011111111111
50
1010011011110011011001011011111110111011
170
1111011111001111011001111110010101110101
61
11011011101011101111110111011110110011
185
1111110111010111111101111110011011001111
194
1011111110011111111101011101111101110111
111
1001111110011111101011111101101011111001
56
110111011111011111111110001010001111110
61
1110001001000111111111011011110111111110
196
1111101111100111010111101111111100011010
68
11011111100111111011101101001110101111
160
1110111010111101101110010110101111111111
133
110101111101101011111111011010110110111
165
1110111111100111011111100011100011111011
113
1010111111110101011101111110111101010110
52
11011111011111111111100110001111010010
139
1111101111111011011111011111111101011111
172
1100111101111110110011001011110111100111
133
1110101011111111110011110010111111101110
200
1101011111101111111111101110011100000110
116
1110011111111110000110010111111110111110
138
1111110011101011101001011111110110111
72
10110111110011100101111101111111101110
12
111111011111111101101100111011111111010
82
111111111101111001011011110011111110111
158
111111110100111001011000111011111110010
28
1110010110000111011111010101000111111001
174
110100011011111111111111110101110111111
58
1101111110111101010111111011001111111111
126
1110101101101011100001110111100101110101
104
1100111111001101011111001010111011011110
182
1111111010011111011111110110011110110101
61
1101001011101101011101011111110110110
99
1111011110111101110111111111110111101111
161
1011111101111111111101100111100111111111
180
101100000101101011101111010011001011110
7
1011011111101101011101111101111101101110
143
100011111111101010001011111111111001111
64
111111101111110110011111011110110011101
134
101011101011111011101101001001111111111
54
1111111111111111010110011011110001010001
167
1110101101111111111010111111101011010011
95
1111111011111011011011111110111101100100
132
1111111011111111011100100101111111011001
117
1111010111011100111111111110011111111101
111
1001111111111110110101111111111111001000
82
1111001101101111111111111111000001011001
32
1000011110010110101011011111111110001111
192
1110010110111010010111110111110111111110
41
1101111101100100111111101101101101101110
32
1100111111011111111111011010111110011111
48
1111111010101110111101000111110111111110
143
1111110011111011101110111111111110100111
34
1111101111111001111011010111011001111
14
1111101111111111111111110110101110111111
116
1101000101110110111111101011011101110111
184
111101111101011000110111111001100111011
112
1110111111011010010111111011011100110111
140
1010111100101100011111011111010111111100
180
1111111110111011111111010111111111100110
19
1001110111111110101110111111011011011111
24
1011111111000101010111001111111111010010
129
1010110111111111110111111100001111010101
14
1001111011101001101110110001111110000010
50
1111111001110101111110010111111111100011
163
1101011110101110011011111110111011111010
85
110111110111111110010110111100111110000
33
111010110111111111111111111111101110011
137
1010111001011111111010101101011111010111
97
1011101000101110111111011011110111101001
112
1011111110111100111111110111101111000111
32
1111011110101111111111111010100011101010
123
111010100010101110001111001111010101110
177
1111010001011111111101001110011001110111
1
1111111111010111110111001101110101111111
157
1101111011011110101110111011110100001011
158
111011000111101000101001100111111000111
138
1101111100111111101101111110111011101110
14
111110111000111011010110000101111011111
135
1100111101110010010111010111011101010001
173
1110110010100110111110111011001011111001
164
111111111101111011101000000011101001111
96
1110111110110000101011111100110010111110
168
1111111111110110001011011001111111011100
75
1001110111111011001001111011110111110111
26
11011100011011111110110111111100111
111
1111111111111000101110010101101111111011
123
1110110010111111011011011111111110110111
89
111010110111101100110111010001011111111
174
1110001000110110011011100111100101100101
196
11111111111100101111110000011101011111
99
1111111011100011101110110101111110110101
192
111111101111111110111111111001111001000
96
1100010111111100010111111001011111111111
11
1010111100000111110101101111111100101100
160
1111010100101111111111001010111001010111
25
1011110111111111011111111110010110101
59
111110111111011111010000011011011111110
164
111011110101110101101011111110111111111
178
1110110111110111011001011000001011111011
34
1101111110100011110111101010110100101111
63
1011011001110010110010111101101011111111
142
1111111101101111011010110010101111001111
181
1111110111111010111111111101101000001101
24
1011011101111111011111111011010101000101
189
1101101100110011101100101100011101111110
152
11111011100100001010111111101110110001
34
1111101111001011011111000110010101011001
140
111100001111110010110111111111010111111
29
1101101110111111111111111110001111101101
38
111101111111100101111011111110111001111
73
1011011111001101011011011101111111011101
110
1100110111000111001101011111110011111111
83
1110100101111100100101110101101111011111
23
1110110110000111101101110100110111011111
192
1111010101011111011011100100000111110110
40
1110011010011100111011111011001010110101
152
1111101000111111101110010011111110111100
177
1011100111111110101111011111111111110100
34
1101111111100010111111101001110001010010
197
1110010111110111011111101111011101100111
142
110101110111000110010111111111111110011
163
1111101110111011011110000111111101001111
147
1111010100110110110010111011110011010111
167
1101101101011111001111111100100111011011
119
1011101111000111111110111101111111111010
40
110111101101110111101111111000100001111
32
1111111111010111110011111011011111011111
138
11111111111111011110011100010111110110
158
1100110101101110010011110111011100011110
183
111000110111101111001110111011000101101
121
1101111001110000111011111110111101111110
173
111101111110001111111101100110111101011
27
10111101001101011111111111111010011110
104
110111001011111110101111111111000111011
75
111110111101110111111110100110110011010
195
1111011101100010111011110111011101011
113
1111011111111011011011011000100111110101
190
1111100110111011011011001111111110101111
77
1111101000111101101110101101101110110010
138
1111111011111111111011111000111101011111
81
11111110101101101011010010110111101111
183
1011101010111110110011110100110001111111
109
1001111101111010111100001111110111110101
148
1110000011110111111111111110111111011100
122
11011111110010100101101101100110110111
75
1110001111111001010000110011110010011111
190
101111110010101101111100111101100011011
72
1111001100111111011111111111110010111011
87
1011111110101100111010111111001010011111
4
1111001110111111100101110011011101001101
146
1111111100000000011011111111111110110111
132
1101011010110011101010111111111011001111
83
111110101111111110111001110001111111011
193
1011111111011100011111101110110011101010
60
1111011110011010101111011110101110101
12
111111011101011101101111111010111111111
115
111111100111111110111001110111010110111
10
10011111101101101111111111111101110011
9
1111111011101100110010101011110011111111
131
11011101011111001011111110111001110111
137
1111101111010111101111111111001111000101
73
1001010101010111011110111101111111110110
24
1111010110111111101110001011010000011111
12
1000111101001111111111101100111111110100
117
1100011111111101111010111111101110101100
92
101110101001101011111010111110110011001
15
1011111110111101011010110110111111110
127
11011111101101110101011010110110111001
100
1111111011111111111110010111111111111001
76
1111111100111111100011101101010001110111
110
1110111110111011111011101101110101111011
196
111110000111001101111010001010001111111
125
10011110111011111001111000101111110111
115
1010010101101100111011011111111001111101
131
110100011100101010111101011010011111110
1
1111101111011101100111111111011101001111
38
101111001011111111100111011111101101100
105
111011001000010101011101101011111010101
100
1011001111101100001000110010100101111011
66
1111110100100011100011011111000111101001
35
1110011110111110110100111111100101011011
52
1000111111100101101111101111011010011011
25
10100101110011111111111101000111011111
106
1100001110101010000111001101111111100001
149
1110100111100001101110111111000100111001
66
1111111101001111101111100111001111110111
87
1110011111001001100111110111101011011001
41
11011111001110111101101000101111111111
102
1111001111110111111111110111111111110111
99
1111101011111111110100111100111111111111
154
1111110111010010111111110000100111110111
130
1111010101101110111111110101100111011111
62
111110111101111111111101000111111101110
26
1111111010111111110111110011101111110011
138
111111011111001101110101111011111
25
1011010111000110011111111110011111101011
5
1011111111011110010111101101101111111110
10
1011001111001001111110111001011111110110
24
11011101011101001111100110101111111111
88
1100101111111111010111111101011101011
184
1010110110011011110111101110000011101111
153
1111111101000111110011101111110111111101
103
1100101111011111111111001110111011111111
156
1111111011101111111011111100111111010001
14
1010111101011011001111111111111110101100
36
1101101010111110101010101111111111010111
82
1011111101010001011101111111111101101001
5
111010011111001111111101011101110110111
22
1110111111110111111111010100011110011110
53
1100111110000011111111001011111101101000
92
1110110110000110111101001101111001011111
117
1011011011101011110110111111001001101110
18
111110111100110110101111010110010111111
166
1110110111000111010110101111101111111110
150
111100101011111111100110111000101110101
99
1011011111111011111110111111100011111011
15
1111111111111111111100111110110111101011
8
1101010111011011110011111111110011100011
66
100001111100011111111011011001111111011
41
110110111100010011111010011111111011111
187
1111111001111111111101111110010111001110
108
111101001101110000101011010001110101011
87
1111101111111011011000111111111110111101
156
1011000111111011111111011101011110101110
137
1100000011011111111011110111100111001110
73
1110001011111010110111100011101110001010
15
1110101110111001110011111110100101111011
18
101111101100101010110000110111111011001
77
111011010100001111100101111110110001111
159
1111110011110111101110000111111111111111
42
1101000110111100101111110111110110110111
138
1101111101111111101010101101110111001100
151
1111001010111110111001100010001111001110
16
1110000111111110101111011110111101101101
16
1111111100111111011001110001011101010111
117
111111011110000111010011011111001111011
18
1111011111000111110011111110010011001000
136
1110111111011011111101010101111010111011
47
101110111101101101100111111110100101111
38
1111001111111010101111101101110111100111
181
1010110111110100011101110110110110001100
41
1111101100011111111010100111010011101101
7
111111011011011101010101101110101111001
1
111111101001011010011000001011011011110
30
1011110111111111011111110110011111011001
16
1011110111011111111111111111111111111100
93
1000101100110111100101111111010110111001
82
1101111101011110111011001101110111101111
66
1100110100110101101000111101111111111111
159
1110110110111101011101110101111110111111
94
1101111000101011110011101111011111010111
58
1101100100010001111111111111101110111101
160
111001111101110100010111100110110100110
144
1111011000111000101111110010110011111010
11
1100110111010001000111011111101011110010
68
1010001111111111100110111000011101010111
183
101011001101110101111010101111111010011
7
100100111101110101111110010101011111110
85
11111111111111101010101101001010010111
32
1101011010111111001101000011010011110110
89
1001010011111111101110111100011110111011
72
1111110110010111111111001111110101000111
186
1011111110111110111111010110111111111011
87
101111111100110100111111001111111111111
68
101111111101011011010101101010111101001
8
100110101010100010111010110011101011111
85
1110011111110011010011010110001001111111
163
1111111110110000001110111111001111111111
32
1111111110011100010011111111110111000111
129
1111101110011111011001111111111111001101
126
1101011111111110001110111101111010100001
62
101111111111110010011011001111001111101
101
1111111011001111111100111010101100111011
198
110101111111111000100111001100111111111
186
110111110010110111100001101011101001011
97
111101101011011111100011011110011110101
191
1110111011111101111101101111111001000111
198
111100110111110111110111011011000100011
185
1111111011111011111111110110101011011110
199
11011111000111100101101011101010100
144
1101111111111110011101101001110111111111
75
1100100010110110111111111101111001111110
137
1001111111011011111111111101111001101010
144
1111111111001110010101010111000000111011
112
1101110110110110011001110101111111110111
16
1110001111111111011010111011111100111001
178
111011001111111101101111110100011110111
74
1111111111001011010111111101101100111111
71
1100101000100011110100110101111101111111
157
1111010111011101001101111111011000110111
185
1010100110110111111111011010111011111111
126
1101110110101001100011111011111111011110
195
10111001011001000110111111110111100100
52
1111110111101001101010101111001111111
183
1110111110001001001011111110011111110
148
1101111110010011111110111010010110110101
55
100111111111111111101111011101111000101
30
1110111111111100101111101110101110100
124
1010001111111111101111101101111111111111
176
1111110111001110011101010111110110001010
20
10101110111110010011110111111011111011
53
1110111111111011111111111101111111011010
132
111100111111101101110111100110111011101
83
1101110001010111111110011101110111110101
8
1101101111010110110010111111111111011111
86
1011101111111111011110100000111111101110
156
1010110111001111101111101110100010110011
170
1011011111101110111110100011101100101011
91
1111001110111110100011011100111101001111
125
110101011110111110111111100001110010111
145
111111110110000110111110111001111001111
15
1111111111001110111011011111010111111100
44
1110110111111111110001111100010100111010
196
100110011100110011100100011111011111110
135
111111011100000111101111011101101111111
74
1111001000101110011100111111011101011111
74
1111011111110001100100111110111000001111
104
1111100101000111011101010001011101010011
174
11111011111010010111010010111110011110
71
11000111111111011111101110010101111111
164
1111011111111110100001101010111001011111
20
110011101101110110101111101111111111101
86
11111101101101100001111000000111111111
111
1111111100111011111001111111110001011101
187
1101010111011101111100111111111111011111
185
1111011001011111011001111110110001001101
149
10111111111111110111001100111010001111
36
1110111111101000101010111010001110111110
113
1010111011101101101011001111011111010100
88
1010011101101101111011110111110100111011
111
1101111010101011101111101110001101111100
111
100111100110010111111111101011110110111
11
1111111110101111110101110111101111001011
134
1110111111101111011011110101110011011101
89
110111110100010011010011111111111111110
158
1111111111010110111111111100101100111110
31
1010101111110110110111111110111110010110
143
100011101110001111011111111111011111100
124
1110111100001010111100100011111001100010
113
111111001010101110111011010001011011010
139
11100101111111011111111101101111001
184
1100010111101111101111110101101001101111
192
1011111110111001110001111111111111100111
97
1011101111111111111111111111010111010100
54
111111001101111111110011101011111110111
9
1010000111011001101001010110111001101111
55
1111011000111010010111011101111100111111
165
1101111110011110101110101011101111110111
57
11101001011010110111111101011011100100
11
11111010000010110110000011100111010110
111
1011011001100001110001011111000011111100
124
1011010101011011100011100100111000111111
119
1110110111101111111111111111100111111011
34
1111010110110011010111111110001111101001
154
