40 700
1111111111111111111011110111111111111101
174
1111111111111111110111011111111111111111
188
1101111111111101111011111111111110001111
130
1111111011111111111111011110110011111111
136
111111111111111111101111111111111111111
83
1111101011111110110101111101111111111111
130
1111101111111111111111111111101111110111
30
1011111111011110110110011111111111011011
24
1011111111011111111111111111111111011111
29
1110001111101111111101111111111111111011
6
1111011111110111111111111111111111111111
111
1101101111101011101111111111111111111111
125
1101011011111111111111110111111111111111
40
1110111101111111111011111111111111110111
170
1111110111111111011111111110110111111111
146
1110111011111111011111111111111101111111
180
1111111111111011111111111001110111111011
12
1101111111111111111111101111111111110111
144
1111111111111110101011111111011011101111
28
1111101111111111111101111011111011111111
128
1111111111111111101111111111101111111110
49
1111111101111111111110111001111111111111
12
1111111111111111111111111111111111111111
85
1111111111111101111111111111101111110111
135
111111110111111011011111011111111011111
35
1111111111110111110111111110111111110111
3
1111110011111110111111111111110010111111
151
1110111111111111111111111111111110111111
132
1111111111110111111111111111111111111111
176
1111111110111111111101111011111111111111
77
1110101111011111111111101101111111111111
15
111111011111101101110111111111110111111
185
1011111111111111111111111111101111111111
104
1111111111111111111111110111111111011001
186
1101111111111011101111111111110111110101
95
1111011111111111101110111111011111111011
76
1011111111111111111111110111111111110111
69
1011111111111111111111111111111111111111
132
1111111101111111111111111011111101111111
43
1011110101111111101111111111011011111111
142
1111111111111111111111111100111111111111
160
1111011101111011111111110111111110111010
172
111111111011111111111111111111111111111
194
111001101111111111101111011011111011111
199
1110101111111111111101111111110110011111
131
1111111111111111111111111001111111101111
133
1111111110111111111010111111011111111111
11
1110100111111010101101111111111111111111
166
1111111111111011111010111110100111001111
14
1111111111101111101111111110111111111111
156
1111111111101011111111111111111011111101
156
1110111111101111111111111111111110111111
60
1111101111111111111111111101111111111111
31
1111111111110111111110111111111111111111
91
1111111111111111111011111111101111111111
123
1111111111011111101111101111111111111111
59
111110111111111111111111111101110111011
88
1111111111111111101010111111111111111101
107
1111111111111011111111101010111011111111
121
1110110111111111111111110011111111011110
148
1111110110111111111111011111111111111101
109
1111101111110101011111111111111111110111
172
1111111111011111110111111111111111111111
39
1111101101111111111111111111011111111111
56
1111101110011111111111001111111011101111
112
1111110101111101111111111111111111111111
178
1101111111111111111111111111111011111101
171
1101111111111111101011111111111111111111
117
1111111011111011110111111111111111110111
113
1111111011011111010111111110111111100111
137
1011111111111111111111110111111001111111
139
1111110111101110110001111011111110111111
193
1111111111111111011110110110110111111111
59
1111111011111111111111111101111111111111
126
1111111111111011011101111111111110011110
117
1111101111110111111011111111110111111111
121
1111111011111111111111011111111011111110
56
1111111110111111111110111111111111111111
161
1111111101111111111111110011111111111111
72
1111111111011111111111101101111111111111
70
1111110111101111111111111111110111111110
87
101111111111110111101101101111110111111
86
1111110101111111111111101111111111111101
69
1111111111011111111111111111111111101111
155
1111111111111111111011111111111011111111
169
1111111101111111111111111111111111011111
59
1111111111111011111111010111111110111111
7
1111111111111111111111100111101101111111
62
1011111111011101111101111101101111110111
166
1111111111111110001111011111101111001101
120
111111011011101110011111111101111111111
77
1111011101111111111111111111110011111111
165
1111111111111111111111111111111111101111
56
110110111011111111111111111011111011111
20
1111111111111110111101111110111011111011
65
1111111101111111111111111101111111111111
159
1001111111111111111101111111111111011111
154
111111111111111110111111111111111111101
129
111111101111111101111111011011101111111
66
1111111111111111011111111111111011110111
159
1111111111011111011111111111111101011111
146
1111111111111110111111110111111110111111
80
1111110111100111111110111111011111101111
169
1011111111101110111101111111110111101110
33
111111111111111111111011111111111111110
171
1111011111111111111111111111101101111100
115
1010111111111111111111011110111111111111
3
1111111111111111011101111011111110111111
90
1111111111111111100110111110111111111111
111
1111111111111100111011111111110111101110
172
1101111111011111111111011110111101101111
134
1111011111111111111111111111111111111111
10
1101111111101111111111111111110111111111
185
1111011111111111111111011111111111110111
168
1111111111111111111110110111111101111111
102
1111111111111111111111111111101110111111
144
1111001111011111001111111111111111111111
55
1110111001111111111111111111111111111101
85
1111101111111111111111111111111101101111
72
1111111111111101011100111111111110111111
175
1110111111111011111111011111111111111111
65
1111111111111111110111100111111111110111
26
111111111111111111111111111111111111111
191
1011111011111110111111111111111111111110
16
1111101111111111111111111011111011111111
11
1111111111111111111110111110101110111111
28
1111110111111111111111111111111111011111
35
1110101111111011111111111111111111100111
127
1111111111111111111011111110011111111111
29
101111111111111110111111111111111111111
188
1111110101111111111111111111111111111111
110
1111111111110111011111111111111111111111
174
1111111111111111011010111111111110111110
108
1111111111110111100101111111111111011101
108
1111111111111111111111110111111111110111
184
1111101111111111111101111111111111111111
92
1111111110111111111111111111111011011110
14
1111111111111111111111111111111011011101
124
1111111100111111111110011111111111110110
55
1111111110111110111111111010111011111111
162
1011011111111111111111111110111111111101
188
1111011110111111111011111111111111111111
105
1111111111111111111111111111110101110111
171
1111111011111111111011111111111111111111
27
1111111111111011111111101111111110111111
176
1111101111111111111101110111011111111111
124
1101111111110111111111111101111001111111
38
1101111111111111111111011111100110101111
109
1011011111111011101101111111111111100111
42
1111111111111111111111111111011111111111
98
1111111111111111111111111010111111111110
119
1111111111111111011111111111001111111111
53
1111111011111101111111110111111111110111
128
1111111110111110111111111111111111111111
40
1101111111111111111111111111110111111111
63
1111111111111111111111110111111111111111
162
1110111111111111111111111111111111011111
160
1110111110110111111100111111110110111111
57
1110110111010111110011110111111111011111
196
1111100111111111111101111111111111111111
60
1111111111111111111111111111110101111111
51
1111111010011111111101111111111011101111
53
1111111111111101110111101111110111101111
180
1111111011010111111111011111111111110111
153
1110111011110110111111100111010111111101
148
1100100111110111111111111111111110111111
97
1111111100101110011111111110111111111111
43
1111111011111101111101111011111111101111
9
1110111111111111111111111111111111111111
97
1111111111111111101111111011011111111111
25
1110111111111100111111111111101110001111
91
1111111111111111101111111110111111101111
191
1111110111111111110111111101111111111111
169
1111111111001101111101111011011111111111
120
1110111111111111111111111101111111101111
152
1111011111111111111111111101111111111111
5
1011011111111111111111111111111111101111
28
1111011111011110101111111110101111111111
26
1001111111110101111111101011111110111111
46
1111110111111111111111111101111111111111
194
1111111111111100110111111110111111101111
132
1101110111110111111110111111111111111110
12
1111101101111111011111101111111111111100
25
1111111111011111111111111111110011111111
152
1111111111111111101111111011010111111111
24
1101111111101111011011111111111111111111
163
1111110111111111111111111111111111111111
162
1111111010111111111111111111111110111111
50
1111111101110111110011111110110111111111
91
1111110111111101111111111111111111111010
144
111101111111111111111111111111111011011
118
1011101110111111111111111111110110111101
123
1111110111111110111110110101101111111111
89
1111111111111111101011111011010011111111
171
1111111111111111111111111111111111100011
51
1101111111111101111111111111110111111111
8
1111110111111111111111111111101111010111
50
1111111011111111111111111110101101110111
117
1111011011111111111111111110111111111111
12
1111111111111111100111111101101111111111
165
1111111111111011111111111111111111111010
191
1101110111101111110111111011001111101110
107
1100111101000111111111111111111110111111
50
1111111110111101111111111111111111111111
116
1111111111101111111111111011111011111111
6
1110111111111101111111101110111111110111
129
1111111111111111111111111111011111110111
190
1111111111111110110111011111111111111111
8
1111111111111101111111011111111111110111
41
1111111011111110110010111111111111111110
107
1111111101111101101111101111011111111101
9
1111111111111111111111111111111111111011
155
1111111111101111111111111111111111110111
184
1111111111111100111111111111111111111111
139
1011111111011101111111110111111111001111
20
110111111101111110111111111111111111111
86
1101111111111110111011110101111111111111
96
1111101111111111101111110111101111111111
162
1111111111111101111111111011011111111111
107
1111111111111111111111111111111110111111
181
1111111111111011111111110111011111111101
71
1110001111111111111111111110111011111111
194
111111111111111111111111111011111111100
14
1110111111111101111111100111101011111111
167
1111111111111101111111111111111111110111
45
111011111111110111111111110011111110111
178
1101111111001111110111111111111111110111
181
1111111110111111111111101110111111111111
131
1111111111111111111100101111101111101111
99
1111111111110111111111110101111111111111
91
1111111101011111111111111111111111111100
123
1111111111111011110111110111111101111111
36
1111111111111111111111111111101111111111
104
1111111111111110111011110101111111101111
86
1111111110111110111111111111111011111111
99
1101111110111111111111111111111111111111
149
1110111111110111100111111111011111111111
13
1111111111111111111101011111111111110111
184
1011011111001110101111111111111110110111
114
1111111111111111011110111111111111111111
32
1111111111101111110110111111111111110110
48
1111111111011111011111111101111011111110
58
1111111111101111111111110111111111111111
50
1111011111110011011011011111111111111011
170
1111011111111111011001111111111111111111
61
111111011101011111111111111011111110111
185
1111110111110111111111111111111011011111
194
1011111110111111111111111111111101111111
111
1011111111111111111111111111111011111011
56
110111111111111111111110001111101111111
61
1110111111101111111111111111110111111110
196
1111111111110111011111111111111111011111
68
11011111101111111111111101111110101111
160
1110111111111111101110111111111111111111
133
1110111111101101111111111011111110111111
165
1111111111110111111111110111101111111011
113
1111111111111111011111111111111111110111
52
1111111111111111111111111111111111110010
139
1111111111111111111111011111111111111111
172
1111111111111111110111001111111111111111
133
1111101111111111111011111111111111111111
200
1101011111111111111111111111111111111111
116
1110011111111111011111110111111110111110
138
1011111110111101011111111011111110110111
72
1010111111111111101111111101111111111111
12
1111111011111111111111111111111111111110
82
1111111111111111111111111110011111111111
158
1111111111110111001111010111111111111110
28
1110011111100111111111111101111111111001
174
110101011111111111111111111111110111111
58
1111111111111111111111111011111111111111
126
1110111111111111110101110111111101111111
104
1100111111111111111111111111111011011111
182
1111111110111111111111110111111111111101
61
1101111011111101111111111111110111110
99
1111111111111111111111111111110111111111
161
1111111101111111111111100111110111111111
180
1111100000111111011111111111011111111110
7
1011111111101101111111111111111111111111
143
1111111111111111111001111111111111111111
64
1111111111111110111011111111111110111111
134
1111011111011111011101111111011111111111
54
1111111111111111010111011111111111111011
167
1110101101111111111111111111111111111111
95
1111111111111011111111111111111111111110
132
1111111011111111111101110111111111111111
117
111111111111111111011111111111110111101
199
1101111111111111111111111110001111110111
21
1011111111111111111101111111111110111111
162
1111011011111011111111111111111111111111
48
111110111111011111111111111111110111111
167
111111111111111111111111111110011111111
117
1111111111110111101111111111111111111111
44
1111011111110111110111101110110111111111
14
1111111111111111111101101111111111111110
34
1011101101111111111111111011101111111
40
1101111111111010111111111001110111111111
190
1111111110101111111111111111011101111111
144
1111011111101111111111110111111111111111
140
1111110111111111111110111111111111111111
54
1111110111110111111111111111111101111111
28
1111111111111111111111001111110101111101
151
1110111110011111101111011111101111111111
45
1111111111111111111101111111111011111101
60
1111101111111111101111111111111111101111
122
111101111111111111111111111111111111011
184
1111101111111111111111101111111111111111
47
1110110111111111101111111011111101111010
51
1111111110111111111111111111110111111111
54
1111110111111111111101010111111111011011
137
1011001111111111111100111111111111111111
119
1111110111111111111111111111111111110111
73
1111110111111111110011111101111111111111
111
1111110111111111111111111101010111110111
112
1111111111111111011111111111110011110111
194
1111010111011110111110101111011111111111
89
1111111110111111010111011111111111101111
76
1101110111111111111101100111111111111011
6
1111111111111111111000111111011011111110
164
1111111101011111111110011011011111010111
35
1111111101111111111111111111111111111111
161
1011111111110111111111111011111111111111
22
1111111011101111111111111111110111111111
137
1111111100011111101110111111111111110100
110
1111111111101111111111111111111111111101
90
1111011011011101111111111111111110111110
134
1111111111111011111110011111111111111110
87
1110111011111111111111111111111101011101
59
1111111111101111111111111111111111111111
161
1110011111111011111111111111010111011110
197
1111101111111111101011111111011111010111
58
1111111111111111111111111111111101111111
18
1111111011111110101011011111111110111110
87
1111011111110111101111111111111111101111
168
1111111111111111111110110101111101111111
166
1111100111111111101011110110111111111111
72
1101111110110110111111111011111111111011
38
1111111111111111110111111111101111111111
22
1111111111011111111111011111011111111111
18
1111011111111111110110101111111111111110
95
1111110111010101111111111111011110101111
89
111101111111111111011101010111110111011
72
1111111111111111111110111111101111111111
172
1111111101011111111111111111111111110111
25
1110111110111111111111111111111111011110
35
1111111110110111111111111101111111101110
19
1011111110111111010111111111111111111111
97
1011111111111111101010111111111111111111
126
1110111101111111111110110111111011111111
20
101111111111111100111111101111110111111
14
1111111111111111111111111111110110111111
133
1111110111111111111111110101111110111111
191
1111111111111111111111111111100111110111
6
1111111101110111111111111111110111111111
113
1111011101111111011111111110101111111101
60
1010111111011011111111111011111111101111
128
1111111111110011111111101101111111111111
71
1011110011111111111111111111111111111111
31
1111011111111111111111110001000111111101
134
1111110101111111111111110111110111111111
22
1111111111110111111111100111111111111111
105
1111111011101110111111111111101111100111
154
1111111111101111101111111011100111111111
41
1111111111010111111111111111101111110111
148
1110111111111111111111110111011111111111
183
1111111111111111111111111111010011111101
6
1111101111111110111111111111101111111110
20
1111111111110111111111100111110011111101
67
111111110110001111111111111111111111101
115
1111111111111111101101101011111111111110
81
1111011101111110110110111111111111011111
18
1111110011111011111101011111011101111111
46
1111110111111111111111111011111011111111
21
1111111111011111111111111101111111111111
116
1111101011111111111111111111111011111111
109
1111111111111011111101011111110111111111
148
1110111011111111111111111110111111111101
122
1111111111111111111111111101110111111111
75
1111011111111011111111111011111111011111
190
1101111110010111111111111111101111111111
72
1111101111111111111111111111110110111111
87
1011111111111111111010111111011011011111
4
1111111111111111101101111111011101001111
146
1111111101011110111111111111111111111111
132
1111011011111111111010111111111111001111
83
1111111111111111111111111110111111111111
193
1111111111111111111111111111110111111011
60
1111111111111011111111111011111111110111
12
1111111011111111111111111101110111111111
145
1111111111011011111111111111111111111111
159
1111110111111111111101111111111111111111
85
1111111110111111011111111111111011101111
139
1111111111111111111111111111111111011011
84
1110111110101110111111111011111111111101
92
1111111111111111111111011111101100111111
110
1101111110111111111111011111111111111001
45
1111111111111111011111111110111111110111
179
111111111111101110111101101101111111110
92
1111111111111111101111111111111111111111
189
1110111111111101111111101110111111111111
68
1111011111111101111111111111111111111111
195
1101111110110111101101111010111111111111
183
1111111111111111111011111111110111111111
198
1111111011111111111111110011111111111011
153
111101110101111111111111111111111111101
133
1111111011101111111110111110011111111110
90
1111111111111111111111111111111001111111
92
1011010101011111011111111111101111011111
195
1111111111110011101111110111111110111011
78
11101111011111111111111111111111011101
111
1011111011011111111111010101111111111111
53
1111011111111110111111101111111111111111
41
1101111111111111110111111110110111101111
100
1111111011111101111011111111111111111111
168
1110111111111111110111111101111111111111
192
1111111111101111111111101111011111111100
144
1111111111111111111111111111111100111111
183
1011111111001011111111111101111101111111
127
1111111111011110011111111111111111111011
56
1111111110100111111110111111111011101111
23
1111011111111111111111011111111111111111
50
1111111111111111111101111111111111110111
123
1111111111111111111111111110011011111111
167
1111111111111111111111110111111111110101
47
1111110111011011111111110111111111110111
140
1111111111110111111111111111110111111110
149
1111011111111101011101011111111111111111
62
1111011111111001111111111111111101011111
196
1111111111111110111111111010111111100111
37
1111111111111111110100110111111111111111
182
111111111111111110111111111111111111111
156
1101011111111111111111111111111111011011
36
1110111111111111111111111111101011111110
144
1111111111110111111111111111111101011111
21
1111111111111111011111110111111011111111
62
1111111111111101111111111011111110001111
101
1110111111111011111110111101101101111111
56
111111010111111111111111110111111011111
79
1101111111101101110111011101101110101111
169
1111111111001111111111111111111111111111
74
1101111111111111011111101101111111111111
46
111111111111111001111111111111111111111
123
1111110111111111110111111111111111111111
59
1110111111111110111111111011111111011111
40
1111111111111111111111111111111111011111
180
1111110110011101010111111111111111111111
187
111111111111111111110111101011101111001
198
1111101111110101110011111011111111111111
62
1111111110111111110111110001111111111111
80
1111111111110111111111110111111111111111
51
1111111101101111011111111111111111111111
180
1101111111111111011111111111011101111111
165
1111111111011111111111111111111101111111
106
1011111111111111101111111111111111111101
155
1111111111111110111110111101111101111111
141
1011111111111111011011111111111111110101
132
1111111111101101111111010111111111111111
60
101111111011111111111111111111101111111
4
1111101110011111111111111111011111101111
8
1111110101111111111101111100111111111111
123
1111101111111111111111111101101111111111
199
1111111110111111111110111111101101101111
197
1011111010111111111011111111111011111111
89
1101101111110111111111111111111111101111
110
1111110111110111111111111011111111010111
99
1111101111111110111111111011111111111101
135
1001111111111110111111111111011111011111
112
1111111111111111111111111111111011111110
19
1111111101111111101111111111111101111111
149
1111111111111111111111011111101111110111
159
1111111111111011111111001111111111101111
153
1111111111111111111111101111111111111111
101
1101111111111111011110011111111111111011
37
1111110111110011111001011100011111111111
159
1111111111111111110011111011111011111111
24
1111111110111111111111011110111111111110
78
111101111111111111111111111011001111111
152
111111111111111111011111111111011111111
170
1111111111110111011111111111101011111101
168
1011110111111011011111111111110111111111
110
111111111111101111111111111110101111111
34
111111111111111101101011111100111110001
123
1111110001111110111111111111110111011111
38
1111111111111111111111001111111111111111
42
1111111111111111111111101111111111110111
146
1110111101011101111111111101111111111111
128
11111111111111111111111010111111111111
70
1111011111111111011101111111100111111111
52
1111111111111111100111111111110111111101
112
1111111111111111111111111111000111111111
94
1111111111110111111111111111111011111111
57
111111111110111111111111011111011101111
85
111111111011111011111111111111101111111
77
1111111111111111111110111111111111011110
153
1110111111110110110111111111111001111111
86
1111111111111011011011111011111111110000
25
1111111111010111011111111111111111111111
162
1111111111110011111111101111111111111110
44
1111010101111111011111101101111101111111
175
111111111101011011111110111111111111111
176
1011111111111111111110111111111011111101
129
1111111111111110111111111111111101111111
14
1111111111101111111111111101111111111111
98
1111001011111111110111111110111111111111
58
1111111111111111111111111111111100101111
50
1111111110111111111111101101111110111111
107
1111110111111111111110011111111111111111
84
1111111111111111111111011011111111111111
18
1111111111111111111111111111111111010111
72
1111111101111111101110111110111111111101
40
1110111111111111111111110111111101111101
72
1111111111110111101111110111111011111111
80
1111111111111101111111111011010100111101
43
1011101111101111111111111110111110011101
124
1111111111111111111011111111111111111111
117
1011101011111011110101111110111111011001
92
1111111111111111111111101111111010111111
167
1111111111111111110111111111111111111111
140
1101111111111111111100111101111111111001
56
111111111111110111110101111111111111011
57
1111111111111111101111111111111001111111
130
111101110111011111111111111111111111111
47
1011101111111110111111111001111111111011
194
1111111111110111111111111110111011111111
198
1101111111111111111111111111111111111111
167
1111101111111111011111011111111110111111
125
1101111111101111111111111111111101111111
86
1111111110011111111111111111111111001111
54
111111111001111011111111111101111111111
25
1111111111111110101111111111110101101111
58
1110110111111111111111111111111101110111
174
11111011111111111111111111111111111111
149
1011111101111111101111101111111111111111
78
1111011111111111111111111111001111111111
87
1111111011111111111111011101111100111001
10
101011111111011111110111111110111011001
32
1011111111111111011111011011101110111111
133
111101010111111110111111011111110010111
173
1111111111101111111111001111111111111111
80
1110111111111111111111111111111111100101
54
1111010111111111111111111111111111110111
24
1111111111111110111111111111111111111101
65
1111111111011111111101111111011101111110
15
111111111100111110111101111111111101111
12
1111101111111111111111011111111111111011
134
111111111111111001111011111111111110111
108
1111111111101111111111011111110110110111
27
1111100111111111111101111110110111111111
101
1111110111101101111111111111010111111111
82
1111111011110011111010011111011111011111
17
1101111101110111111111111111110111111110
7
1111111110111111000110111111100011011111
87
1111111111011111011111111111011111111111
95
1111111111111110111111111111110110111111
167
111111011100111111110111111101111111111
157
1011111111111111111111111111111111111101
57
1111111101111111111111111110101011111110
93
1011110111110111110011111101111111111111
165
1111111111111111111100111111111111111111
186
1111011111111110111111111101110111101111
90
1101110111111111111111100110111111111101
157
1011111101111111101011111101101111111111
103
1111111111111111111111110111111011111101
117
1111011011101110111111111110111101111101
172
111011110101111011111110111111111011111
176
1101111111110110111111010111110110111110
170
1111111111111111111111011100011100110111
158
1101111111011111111111111110111100111101
188
111111111111111011011111111111111111111
149
1101110111110111111111111111111111111111
112
111111011111111111111111111111110111111
6
1111101111111111111111111111111011111110
68
1111111111111111111111101011111111111101
142
1111111111111111111101110111111111111111
146
11111111101111111111111111110111111111
75
1111100111111111111111111111111011111111
179
1111011011111111111111111111111111111111
132
1111101111111111111111111111111110111011
4
1111111111110101111111011110101111111111
105
1111111111111111111011111111010110111111
90
1111110111111011011111101101111110111110
72
1111110111101111111111111111101101111111
148
1111111111110110101101111111111110111111
100
1111111111111111111101111011110111111111
81
1111111101111101111111111111111111101111
39
11111111001110101111110111111111111111
35
1111111111111011011111111011011111101111
127
111111111111111111111111101011111111111
132
1111111111101111110110111111111110101111
41
1111011111111110111111011110111111111111
68
1111111111111111111011010110111011011101
152
1111111101111111111111111111111111110111
139
1111111111111111111111111111010101111111
54
1100111111111111011111111111111111111111
153
1111111110111111001111111101111111011111
4
1011111011111111110111111111101111111111
179
1111111110011111111111111110101110011111
132
1111111111111101111111101110011111111111
84
1101111111111111111111111111111011111111
142
111111111111111111111111111111110111111
169
1111011111111111101111111111111111111111
129
1110111111101111111111010111111111111111
125
1111111111011111111111111111111011111111
28
1111011110111111111011111111111011111011
101
1111111111111111111011011111111111111111
190
1111111111111111111101111111111001111110
193
1110011111111011110111111110011111110111
192
101111111110110111111110111111100111111
157
1111111111111011111110111111111111110011
80
1110111111110111110110111001111111111011
166
1101111011111111011011101111111111111111
172
1111111111111010111111111111110111111111
81
1011110111111111111110111111110101111111
139
1011111111111111111111110111111111111111
114
1111111101011111110111111111111010111011
96
1111111101111111111111101111111011111111
157
1111111111111111101111110110111111110111
128
1111111011101100111111111110111111011111
28
1101011111011111111110111111111110101111
36
1111111111111101011110111101111111101011
37
1101111010111111111111111011111111111011
197
1111111111110111111111111111111011111110
93
1111101111111110111111111110111111111111
24
1110111111111011101111111111111111110011
110
1111111111101011111111111111011111111011
198
1101111111111111011011111111111111111111
132
101111111111111111111011111111010111111
86
1111111111110111110101111111011111111111
109
1111110101111111111110111111111111111111
51
1111111111110111011110111111111111111111
93
1111111110111111110011111111011111111110
105
1110111111111101111111111111011111111101
177
1111111101101100111110111011111111111111
53
1111111111111111111111111111111111001111
10
1111111111111111101101111111111111101111
43
1110111111110110111011111110111110111111
133
1111111111101111111101111110111111111111
33
1111101111111011101110111010111011111011
50
1111111111111111111011111111111111011111
143
1111111111011101111011111111110111101111
175
1111100111111111111111111111111111111111
19
1111111111111011111111111101111111111111
74
1011111111111111111111111110101111111111
166
111101111111111110111111111110111111110
27
1111110111011111111110111111111101111111
126
1111111101101111101111111111111111101111
144
1101111111111111101111111011111100111111
149
1101111111111110111111111111101111101111
117
1110111111111111111111111110111111111111
176
111111110111110111111111011111111111111
135
1111111011111111111011110100111101111110
176
1111011101110110111111101111111111111111
153
1111111101111111111111111111011111110101
111
1111111101111111111111111111101111101111
95
1111111111101111111111111111111111111110
21
1110111111111111111111011111111111110111
67
1111111110111111101111111111111111101111
128
1111111011111110111111111111111111111111
11
1111111101011101111111110111111011111011
47
1111111110111111110111110110101111111111
112
1011111101111011011110111111111111111011
80
1111111111111111111111111111111010111101
84
1011101111011001111111011111111111111011
51
111111111111111011011111111111111110101
26
1111111111111011111111111011111111110110
119
1111111110111111011111101111011111110111
155
1111110111111111111100111111111110111111
48
1111101101111111011110110101111111111111
103
1110111101111111111111011110010111111111
143
1111111111101111111011101111111110111110
34
1111111111111111111011101111110100111111
49
1111111101111111110111111111101111111111
86
1111111101111111110111111111111111111111
34
1111111111111011100111011110111111101111
170
1111101111111111101111111011111111111110
82
1011011111111111100111110111111111111111
174
1111110111111111111011111110101111011111
88
1111111111101111011111111101010111111111
148
1111111111011111111111111111111111110111
65
1011111111101111101111111111111111011111
99
1111111110110111111111101111111111110111
158
1111111101101111001111101111111111111111
109
1011111111111111111011111101110111111111
70
1101111110110111111111111011101011111111
50
1111111110111111111111111011111111111100
192
1101111110111111111111111111111111111101
147
1111111011111011011111111111111111111011
134
1111111001111111011111011111111111110111
44
1111111111101101111111111111111111111011
199
1101111011010111111111010111111111111111
42
1111111110111111111111111111101111111111
94
1111111111101101111110111111111101110111
119
1111111111111111111111011111011110111111
48
111101111101110111111111111111111111111
12
1111011111111111111110111111111111111111
53
101111111110101111111111011011111111111
181
1111111111111111111111111111111111111101
16
111111111111111111111010110011111111111
58
110111111011111101111111111111011111111
143
1110111111111111111111111111111111111011
4
