40 800
1010001010101011101011010001011000011101
174
110010001001010000011100001111001101
188
1000010100100100100000010011101100001101
130
1111101011111011111011001110000000100000
136
10100100001110111001011110001110000111
83
1010100011010100100101011100111111111110
130
1000110111111100000011100100111100010
30
1011111010010110100100010110101010010011
24
1100000011110110010100011110110011110
29
1110000101100101101001011101111011000011
6
1110001011110011011110100110001111101101
111
1101000111101001100101100100001000111110
125
1000011001001111010011110000100011000011
40
1000011001001000101011111101010000010101
170
1111100110000101011101111110110001100111
146
1000010011010010000010001100000100011101
180
10101100101011101011101000000010010001
12
100101110000011101101101011011010100101
144
1111101001110010100011111000011011001010
28
101000011110001011101100000111011110001
128
1011110101110111001010111101100001111110
49
111111101100100001000001001111100011101
12
1001011101101101110111010010101101000011
85
1000100100011101001000011110000001100000
135
111110000010000011000111010000101000011
35
1011010000100111000100111100111110110011
3
11010000000100000110111100100000010000
151
1010101111010010000010101111100010011101
132
1100110001010011101011111111110001000101
176
11011000100100101100110010001010111011
77
1000101010000101101101000100011110111011
15
101111011100100101110101111110000011000
185
1010100110110011101011011110101111001100
104
101010101011010111100110111000000001
186
1000101001101011101000111000110111010100
95
11000111001101000100001011110110000
76
10000100001001110101010100010101100100
69
1001100110110101001001110111000111100111
132
101010111101010101010011000101101
43
1010010001111111001001111001011011010100
142
1101101100011110011101100100100011111100
160
1111000001111010011000110011110110100010
172
11000010011001111000101010111010010100
194
110001001010010010100010010010111010101
199
10101100110000010100100001100110010000
131
1000101101011111011101111001001111001000
133
111011100000110110010111100010100110011
11
1000000110100000101101100000110110110111
166
10010010001011110000101100000000000010
14
1011000011000111000111101110100101101101
156
1010111010101000000001110011011010011101
156
1000111010101000111110111111110000111001
60
1110101011110110111111110101100010011011
31
10101110100101000000011110011111111
91
1101100010110110011011110110101111010000
123
1110011111011101000111101101100000001110
59
101110101100111111111010010000000000011
88
111010110111000100010001010000110001101
107
11111101001000010101101000011000111111
121
1000100010111001101000100010000100010000
148
1011110100011000000110011011101001010101
109
1011101010000101000010010011111000000100
172
101110111010101000000110000101010000101
39
1010101011100011000101000
56
1110001110000110001110000001001001101011
112
1110110000101000111011111000001010110101
178
100111101111111001001011011000111000
171
100001101011011100000111111110000000011
117
100000110000100101011110110111010001
113
1100011010100010011100110111011000111
137
101011101101011111000000001001001011
139
1001110111100000100000110010111010110110
193
1110000011110001001110110110100001111011
59
1110010011011100010111110100100111100101
126
101100101010001011000111010100000000110
117
110101111010110111001010100010010011111
121
111001001110111111101010011111001001000
56
1111101110011111100010100001111100011110
161
101100100111111010101010011111111001110
72
11100001001101010101000111000000010
70
1110100110001111101101111000110101011110
87
1101000110100011001100100001010000000
86
1111110001000001111100101111101001010101
69
1100110110000101101111010011011001000011
155
1110000110000010011000001010011000100000
169
1100001000100111100011110111101101011011
59
1010000111110001010111000100011110000000
7
10011000011111111001100100000100001110
62
1110100001101001001000100001011010101
166
1111110111100100001010000101000011001001
120
111001000001000110001101011101111111101
77
11010100110111010010011110010010111101
165
1100110011110100100110011110010111000001
56
10010000000111000111111010001111010001
20
1111011010100010101100010010110011100010
65
1011010101101000110111110100111100001010
159
11010100011110101110101101000010110
154
100111011011110010111111110010011001001
129
11000001111001100011011000011101110011
66
1001110111101011101111101101001110110
159
11110010000000010111010111101001001111
146
1110110111110110001000010111001110010100
80
1100100110100111111010100010011111001111
169
1010001010000100011100000100010011000000
33
100000011010111000101011110101100111110
171
100111101001100011010011101011011010100
198
1100011100100100011010100101001101111000
115
1000011011010100111110011000111110011110
3
110001111011011101110010110010101011
90
1000011011001111100100011100111011111101
111
111001000001100000000011110010010101100
172
1001010010100011001000110111101100111
134
101000111001101110110011110000011011111
10
1001111001000001110110111110110110010110
185
1011011000011010011010001110110000101
168
101111100101001101100100011100000011011
102
1010111001100011110011011111001100011111
144
101001100010001000111110000111100011111
55
1100110001001101011100001001001110000100
85
11011111111110000000000100111
72
11101111111001010000111010011010110110
175
1100111110111001001111001111000010101101
65
110111101011111100111000111111111000111
26
111011110010110010011000110011001
191
11000010111110111011101111010101111000
16
110000000110011101100010000110000101111
11
11010000101101110010111110100010110110
28
100100001001000110011101101100111011000
35
110000110110000000010011011011100000111
127
1011010010100011001011100100001011010100
29
101110110000111000111011010011101000010
188
100101101101101101000110101010010111
110
111001011010101001000000111100001010110
174
1100111111110100001000000100100000101110
108
1000000011110110100101100001111010000100
108
1011100110000000000111000001101010010101
184
1001100111111110111100000111100111011101
92
11011110110110111111111001011001001100
14
1111111101100111101111001001110001010000
124
111101000110011111110000001010101110000
55
11101010101100100001100000111010101110
162
1000000101010010101100101110111000101100
188
1100000110101001011011000110010100001101
105
11000010010110010000001011100101110011
171
1101010000000110001010111111000001000111
27
1101110101110000101101001100011110001110
176
101001000110110011000010101011000101110
124
1000101110100001101000011101010001111101
38
1111010101101111000011011100000001000
109
1010000111111011000100110101111011000110
42
1010101110000100011011111010011101010
98
1101011111100100010100000000101011100
119
1010011000101111010001100100001001111110
53
110101011001001011100010001011101000010
128
110100000111010011011111010111011111000
40
1001001100110010000111101101000000001110
63
1110101111111110100001110100111001110000
162
1010100110001011100110011000111100010110
160
110000000100010111000000111000100111000
57
1100100011010011000011000110011011011100
196
1001000010010100100100001011101110001111
60
110111110111111010001000110110000110000
51
1111110010000001000001110101111010101100
53
110101101101000110110001000110010101001
180
1011010010111010011000100100011100111
153
1100010011110110000010100000010111101001
148
1100100010100010000111011011111010001101
97
1011000000100011111000110011000010111
43
110110000101000101000110010111010100001
9
110100111100010110011011000011010001001
97
1111101011101010001101100011011110101011
25
1110110110000000101000101010000100000011
91
11100001100011101001111100100111101000
191
101010010101011010111010001100110101010
169
1011100101001000011001011011011111101111
120
1100011001010111001011101001000011101111
152
111011110100000101100110101000110101011
5
1011101011010000110111000010100101001
28
111010011010000000110011100000111000000
26
1000101100110101100110001011101110111011
46
1101010101110111010100101001110010000101
194
1100110101001000010111110110111010101100
132
1100010101100001010110100101000000010100
12
110101100110101001001101001100111001000
25
1011101100011011000010101101100010010101
152
111101110011111001100100000010000100011
24
1001000101101001011111110010101011011
163
10000100011101100101110010011110111011
162
1110110000110111010011101110001110110001
50
1010111001110110010001011110110011001111
91
100100010011101011000010110000011010000
144
111101010001111010001111100011110011010
118
1011101010111011101011001010110100011101
123
10011010001100110100000111010111
89
1101100110001011001001100010010011011110
171
1000010001011000011111110101011011100011
51
101100111000101111110101101000000111001
8
10110101011100010101100100000000010011
50
1110110000101111110111011100001100100000
117
11000001101111001000010000010111111011
12
101111011010101000101111101000010110110
165
111011000101011101011111111111100010010
191
110000001111100000011011000000101000
107
1100101011010001000011001100101111100101
16
1110000100100010111001111001111101001001
43
101111111000100110100111001101001011111
12
1011001110000001100100010101100101101111
130
10011010011110100011100011010011111010
197
1111011011001000110011110110001101110011
190
11100100000100010010001000101011111110
8
1001011100110001000001001010100101100001
41
1100100001111110100010011010101011011100
107
1111010101110000001101100101010110101100
9
111111110011101111101100111001110100010
155
11010111101000111011111110100100010010
184
1110111100110000001000010001001001011010
139
1100001011000100101100101101110001101
20
110011011001111110100111010111011101110
86
1000001011111100111010110001010111001110
96
1010011001010011111100111101101100110101
185
1100011111110101000010000001110111000
162
110011111001011001001010010001101011
107
11001000011100101010110110101010011111
181
101010110000011100010010010011010100000
71
1010001101101000011111111000111001110101
194
110011111111111000101100101001110111000
14
110000110010101011101100000101010111001
167
1110010111110001110111111100100111100111
45
110001010101110111000011110000000010100
178
101111100000111100011111010110101100111
181
1111000110010101000010100100011101100100
131
110011001100011000000111100000100110
99
1010101101000111101110100000110011101010
91
110001001010000010110111101111011100
123
100101000100000010111100111100101111110
36
1111011011001101011101000010000010011110
104
1100110101011100000011000100000011000001
86
100100100100110000011100101111000111011
99
1001110110101011000110100111110111010010
149
1110111011110111100010011101011100011010
13
101110011011000010000000010110001110011
184
1001000101001100001101010001101000010110
114
1010001110100010010110111000000111001000
32
1111111001000100110000000011011101100110
48
101010111011000011011110001010001101100
58
1010110011101001111000100111001001111110
50
1010011000110001010001011011111110101011
170
1111010101001110011001111000010101010101
61
11011000101010101111100101000110110011
185
1101100001000101111101011010011011000110
194
1011111000010010101101010001111100110010
111
1101000010110101011111101101011111001
56
10111011111010111011110000000001110110
61
1110001001000011111101011011110111111010
196
1000100101000111000101101011110100011000
68
11011010000111010011101101001110100101
160
1010011000101100100100000100100001101111
133
101111000001011111110010000110110110
165
110111000100000110100011100010111010
113
1010111100110101001100110100111101010100
52
11011011010001111101000010001011010010
139
1000101101111011001110011011110100011110
172
1100110100101110110010000011110000000111
133
1100100011111110100010010010011010100110
200
11111001011101101000100011000000010
116
1100010111111100000110010001111110111100
138
111100010001011101001001001010100101
72
10110111010011100100111001111111101110
12
110011011101110100101100101001110111000
82
10111000100101001010001010011011110101
158
11111100100111000001000110011111100000
28
110010010000100010110010100000001010001
174
110000011001111111110011110100110011101
58
1111010111100010010100010001111111101
126
1110101101100001000001110011100001100001
104
1000101111001001010111000010110011010110
182
1100111010001111011110100010010100110100
61
1100001000101101011101011101010110110
99
1011001010010101110011100101100110001101
161
1010010001110111011000100110100011011111
180
100100000100101011101111010011001011110
7
1011001111101101011101111000111100100010
143
100000011011101010000001110111011001110
64
111011000101100110010000001100000011101
134
101011101010000011101001001001111111011
54
1011101111001110010110011000110001010001
167
1110001001101111111000010000001011010011
95
1111100011111001010001010110101001000000
132
1111101011111011010100100101011011011001
117
11010111011100001111101110011101100101
111
1000011010100110000101011101011111001000
82
1110000101101111101101111100000000011001
32
1000011110010010101011011001011110000111
192
1110010110010010010110110111010111011110
41
1100111100000100111011101001100101101000
32
1100101110001010110101011000000110011111
48
1110111010100010001101000111100011111100
143
1100110010010010000110111110111000100111
34
1111101111011000011010010101010001101
14
1101000011101110011111110110100010010111
116
1001000101000110100110101011000000110001
184
111100010101011000010111001000100101011
112
110100101010010010110101001010000110111
140
1010100100101100010011010111000001100100
180
1011011110111001111111010111101111100110
19
1000110111110101110011111011011011110
24
1011011001000101010111001011111111010010
129
1000110101111111110111111100000001010101
14
1000000101001001110010001101110000010
50
1101001000110101011100000110111101000011
163
1100000100101000001011011010100011110010
85
100111110111110000010110111100111110000
33
111010110011111111010010101011101010000
137
10101001000111011010100000000010010111
97
11101000100110111001011010110011001001
112
11100100011100010111100110101100000110
32
1011110101101001100111000100000001000
123
11010100010001110000011001111010001000
177
1101000001010011101001001100001001110111
1
110111110010111100001001100000001111111
157
100101000011100101110110010110100001011
158
101011000110000000100001100111101000010
138
101101100110110001101010100111000101100
14
111100111000011011010110000101111011111
135
111101110010010011010111010001010001
173
110110010100110100010111010001001101001
164
11011101101110011101000000011100000001
96
1000110010010000101011011000110010100110
168
1011101111010110001010001000010110011000
75
1001110111101001001001111011110111110101
26
11011100001011111100110011011100111
111
1011011011111000001010000000001111011001
123
1110000010110111011010010001101100010100
89
111000110010101000100101010001011111111
174
110001000100110011011100111000000000101
196
10010101110100001111010000011101011101
99
101110011100010100100110101101010000001
192
11111001110011110111011011001011001000
96
1100010111011000010101011001011011101111
11
11100000111010101101010111100001000
160
1011010100101110110011001000100001000111
25
10110111111111001011101010010100101
59
111100011111010001010000011010011111110
164
11001100101000101101001011110110010101
178
1100110111010111011001011000001010111010
34
111110100010100110101010110100000101
63
1010010001110000110000100001001011011110
142
1100111101100001011010100000001101001110
181
100100110001010110011011001101000000001
24
1011011101111111011111101011010100000001
189
1101001000010011101000100100011101111100
152
1001010100000001010101100101110110001
34
110101111001011001011000000000101011001
140
101100001111100010110101001001000111010
29
1000000111111111011000010001101001100
38
111001111111100101011011111110100000111
73
1011011111001100011010001101001111000001
110
1100100100000011001000011011010010111111
83
10000100110000000001110101100101011101
23
1110110010000110101100110100010101011100
192
1011010000011010011010100100000111110110
40
1010001010011100111000010011000010110101
152
111101000010101101110010011111110111100
177
1011100011100110101100011110111100010100
34
1100111111100010001101101000000001000010
197
1100010010110011010111001111001101000111
142
100100110111000110000111001111110110010
163
1111101110101000011000000110010101000011
147
111010100010110010010111011110011010101
167
1101001101010100001110010100100111011010
119
1011000111000111111110100001101111101010
40
110111100100010111101110111000000001110
32
1111000100010111010010111010011111011011
138
10101011111000011100011100000110110110
158
1100010100101110010011110101010000011110
183
11000110111101010000110011000000101000
121
1101110001110000001011100110101101010110
173
111101111100001011001101000000111100011
27
10011100001001011111110010011000011110
104
10110001000111110001111111110000110001
75
111110101000000111110110100110110011010
195
1111000100100010111011110110011101001
113
1010010011100011000011001000100111110101
190
1110100100100001010011001111101110101110
77
1111100000111101101100101101101100100010
138
1101111011101111001011111000100101001101
81
10001100101101101011010000110110100111
183
10100010111100110011110100110001111011
109
1000101011010101100001111110011000001
148
1100000001110111001011110010001101010100
122
11011000100010000101101101100110110000
75
1100000011111001000000010010110010000101
190
1101010010100001000100111100100011010
72
1111001000111100011011111111000010101010
87
1110100100100111000110110001010000000
4
1111001110111011100101000001000101001101
146
1111110100000000011011111111111110010111
132
101011000010010001010111110011010001001
83
11010101011001110111001100000100101011
193
1111110000100011111101100100011000010
60
1011011110010010101111011110101110101
12
11100001001010101100111111010011101111
115
111101000110011100010000100111010110111
10
10011111000100101100111000111100010001
9
111100010101000010010101011110000110000
131
11010101011111001011111110111000010101
137
10101110000101100111111101000111000101
73
1010100000111001100101001001011100110
24
100010100111011101110000011010000010111
12
1000100101001011111110001100010001110100
117
1000001101011101011010001001001010101100
92
1100000001100001101000001110010011001
15
1011110110101101011010110110101110010
127
10011011001101110100010010000110011001
100
110111011100110011010010100100011101001
76
1001101000010111000011101101010000010111
110
1110111100111011001011001000110101111011
196
111000000010000101110000001010001101110
125
10011100111010101001110000101101110110
115
1000000101000100111011011011110001011001
131
10100001100100010011001001000011101110
1
111000111000100000001010011011101001101
38
1010001011111011100111011111101101100
105
1011001000010101011101101001111000100
100
1011001100101100001000010010100001011000
66
1001110000100011100010001011000101100000
35
1010011110001110100000110001100000001001
52
101101100101001011101001011000010000
25
10100101100011111000110101000111010101
106
1010001010000111001101111011000000
149
100100110100000100110011011000100101000
66
11110100001110100010100011001100100011
87
1110011111001001100111110110001011001001
41
101001110011001000000101101001101
102
1111000011110110101111000010111111000100
99
101000011110011000000111100111000110111
154
1101010011000000011111100000000110110111
130
110010100101110111011110101100111000111
62
101010101101111100111001000010011101010
26
1111010010001110010110100011101111110011
138
111101011011001000000000100011111
25
1011000111000100010110110100011111101011
5
1011111110011110010011101101101011110100
10
1000001001001001010110111001001110110110
24
10011101011001001010100100100010011111
88
1100000110110001000101111101000100011
184
110110011011100110101110000010001111
153
1101101100000111100011101111010111001101
103
1100101000011101111111001010011011111110
156
1011111011101111001011000100001011010001
14
1010111101011001001111111110111110101100
36
101010111110101000101111111111010100
82
11011001010000011101110111011101100000
5
111000011010001110101101011000110000110
22
1100101110110011111100010000000010011010
53
100011010000001111110001011110101000000
92
1110000100000110101101001001110001011101
117
1011001001101011010110011011001000101110
18
101100111000000110001111010110010111111
166
1100000001000100010110100101101011101010
150
101100101001110110100110001000101100101
99
1000010111111001111000111111100011111001
15
1100111110001111111100111100110110100011
8
1100010001001011100000111111110011100011
66
100001110000011111111000011000110101010
41
10010110100010001111000011111101011111
187
1110110000110111100101111110010111001100
108
11001000100100000101010000000010001001
87
100001011101011001000110001110110000100
156
11000011101011111111011001001110100110
137
1000000011010110100011100111100111001000
73
110001011111000110011100011001000001000
15
1110101100101001110011001100100101111010
18
101101101000001010110000100110110001001
77
110001010100001110100001011110000000100
159
10110001100100100000000111011110011110
42
1101000110101100101101000101100000010001
138
1101101101001111100010000101100011001100
151
1111000000011100011000100010001111001000
16
1110000111101110100110011100111100101101
16
1101111100111110011000110001011101000111
117
11111010110000111010000011011001110010
18
1111011111000110110011111100010011001000
136
1100011010000011010101010100100010101001
47
101110000100101100000111011010100101101
38
1001111101010000111001100110111100100
181
10110011110100011001110000000110001100
41
1111101100011111010010100011000000001101
7
111110011011010101010101001110101011000
1
111110001000011000011000001011011001110
30
1011110111110111010110100010001000011001
16
1001100111011111101111100101010110100100
93
1000101100110111100100100111010110110000
82
101001101010010101010001001110111100110
66
110100010101101000100101111111110111
159
10110000111101011101110001111100100110
94
1101010000100011110011001001011011010111
58
101000100010001111111011111101110100001
160
1101100110100010111100110100100100
144
1011011000111000100101000010000011011010
11
1000000111010000000111010111101010110010
68
1010001011111101000110110000001001010011
183
100011001000100101110000001110111010001
7
100001101110100101110010101011110110
85
1111010101111001010001100000010000010
32
101011000101110001000000011010011110110
89
1001010010111111000110101000011110011011
72
1110110010101101101000111110101000100
186
11100110011010101110000010011111111011
87
1110111100110100011011000111111111111
68
100111110100011010010101100010111100000
8
10100010100010001010110011101011111
85
1110001111110011000001000110001001111110
163
1100110100110000000110110010001110111111
32
1111110110010000010011111001010111000111
129
1011101010001111011001101111011111001001
126
100010010111010001110100001101010000001
62
101111101001010000011001000011001011001
101
1100011011001110100000001010101100111000
198
10000001111101000100001000100011111111
186
10011110000100100100000100011101001001
97
10101100011011111100001011010011110001
191
10101011001000111101100110001001000110
198
101100100001010101110111001011000000011
185
1111111011101001110110110100000001001010
199
11011101000111100101101001100010100
144
1101011010001110010001101001010101110110
75
1100000000110110101011011000101000111010
137
1001011110011011011111101101111001000000
144
1010111010001100010101010111000000010011
112
1101110110110100011000110101110101100011
16
1100000001101111000000100011001100011001
178
10000110111101100010000000011110111
74
110111000001011000110110001101100111101
71
1100100000100001100000100100111000110011
157
1011000101010101001101111001001000110111
185
1010100110110111000111001010110011011111
126
1100110010001000100011110010111111010110
195
1000001000000110110010110011100100
52
1100100111100001001010101111001111101
183
1000011100000001001010011100010101110
148
1000101110010011001010111000000110110001
55
100110111111011100001111001001111000101
30
1110110101011000000110101110100100100
124
1010001101110110000111101100110111011110
176
10010101001010010101000100110110001010
20
10101100101010010011110111101011111001
53
110111011111011101111111100110011011010
132
101100111101101101010111100100101011101
83
1101100001010111111010000101110101100001
8
1001000111010110110010110011111110001111
86
1011101011110101000010000000101010101000
156
10000111001111001101100100000000110011
170
1011011011101110110110100001000100101001
91
1111001110101110100011001100110001001111
125
110101011110101000101111100001110010111
145
11011000110000010111110010001111001000
15
111101111001110000001011111010111111100
44
110010011111101110000111100010100100010
196
110001100110001000000001110011100110
135
111111001100000111101111000101101111110
74
111000000100110011100001101010001001010
74
1011011111000001100100011000100000001100
104
1011100000000111000101010001011101010011
174
1011110010010110010010111110011000
71
10000110111110010111101010010101001111
164
1110000111111010000001101010010000010110
20
110001001101010010101101100011111111101
86
11111001101101000001111000000001011111
111
10001100111011000001111110110000011101
187
111011000101000110100111100010101
185
1011011000011010001001011100010001001101
149
10111110100111110101001000100010000111
36
100101101101000101000111010001010111000
113
1010111011101101101010000110001010010100
88
1000011000101101011011110111100100101011
111
1101111000001011101000000110001100101100
111
100111100010000111000011100011110110111
11
1111100101000110001000111101101001011
134
1110110011101101010001100001110000011101
89
10101110100010010010011111111111101100
158
1111101111010110101010011100100000010100
31
1010101111110010100110011010111010010010
143
100001001010001110011011111101011010100
124
1100111000000010001100100011111001100010
113
1100001000101110110011000001011001010
139
11000101111011001101110001000010001
184
1100010110101111101111010101101001101101
192
11100110111000100001011111101100100111
97
1001101011010111011111101101010011010100
54
111110001000011001000011101000101010111
9
10000000011001101000010110100000101101
55
110011000111000010010000001101100110111
165
100001110011010101000001011100011110111
57
10001000011010000111111001011000000100
11
11110010000010110110000000100101000100
111
1011011001000000110000011111000000110100
124
11010001001001100001100100011000111111
119
110110111101100011111110111100111101001
34
1100010010110011010111101010000111101000
154
110000101100111001000110000100011010101
12
1001010101111110000000101101010100101110
67
1011111111010011001011010011100010000111
40
1001011011001100010101010110000010010010
92
111001110010001000111100100011000100001
17
11110111011111110111110101011110111100
172
1010011101010100001110011011001011010100
1
1111100100010011011001001111101101000111
65
1010001110101111100011111010101011000000
3
1101010111010100111000001001001010011000
58
1010100011101010010100111011110011001010
164
11101001001001000110111011010010111001
51
11100100101000110011000001010001101
35
1000011101110101100101011110101000100000
156
101001111011010000110001010110101011
14
111110000110011110100000000010011111001
124
101101010010100010000001100000110010101
102
1010101001010110111010101000100011101010
145
10000001001001011001100011100001110110
115
1111010111100001011001011111011110000000
55
1011110000001100101010100101001000011111
196
1100010100111101110001100001111110111000
33
11100010001001110110010011101100100101
125
1011101010101010011111100100001100101000
83
1101100101111000100011100110111100110001
61
1100101110111111111111111101111100111011
120
1000000101110010010100000010000011111111
138
1000101110101000011100001001010100100000
143
1010101001010111111010000111100110001101
17
1100000011000101010011001001110101001101
159
110011110111001100100111000101101010
162
1101000110101111101001111011011110111011
2
1110001101101001010110100101011001110111
173
101011000111011100111001111010011011101
50
1011110110111110000110011110100000001110
99
11001010101000101001110011101111011100
95
111010000111100001100101000101000110110
150
110110101011100100101101101011001111011
118
1100101001001110111000110011000111000010
199
1101111010111110101100111001010010101011
44
10110000001101100111001100111000011111
43
1010100011110110001010100011101111001111
80
1101011010100011000111110000010000011101
42
1001111000010111111000001001110100011
124
1000000111001001000000111000101001010100
136
111111110100101001000111010101111000001
73
1001100010011010101111010010111100010100
40
110101101010110011110100100010111011000
75
1011011101111110100110111010111010101
129
1001000111110101101001000000010000010101
3
1101100111110100100011101000111111010110
69
11010101011100110110001000011010010
63
1011100000111100011100001001011011011001
114
1111010010000110101001111100101110111110
27
1100011101011110111101011001001000110010
120
1000001111001110000010000001110001101101
144
1100110010101000011001010100000011000011
141
111000011010001001011101110011000010
117
1000001010110110011110110011000110000
191
10100010100101111110011011000010011001
11
110111011100001111010110000100101001101
174
101000000111111010110010010101011010010
92
110100101110001000101010011100110001001
122
1001110010010100111101110011100001010011
170
10000111000011010011001110110011101
55
11101110010110000010011100000100101001
172
111000011000100001010001100101100111011
68
1000101111010000001001000010110010000001
197
1010010010000110010000111110000111010
142
1100100011010000001111010111001100011
11
10001011111110100011111000100111000
77
1111011000000100110011100010000010100001
9
1100010010011011111100101100111001101011
161
1110100111111101001111100011111100100010
96
1110101110110100101100101011011011111011
19
110001011100010101000000000110011111111
151
101011011110111001100110100111000111111
168
101101101100000100111111100000101100010
15
1010010000000011111101110111000100011101
125
1101001110000001100111001100110100101111
144
1000010110010000101010111101100111010101
101
1001110010000010010111011011101010001010
197
100010001001001100110010001111101010110
32
11111110101110000111100010111101001
19
1101110001111011101110000001010101101000
143
1110010011111001101101011000100001000001
85
11011011101011111110110101001000010010
8
1111011011100001001000011001111001110010
1
1011010010111100111111100110011000100010
169
100001110000010110000010100101100100100
50
100001111111110000101001001011101100001
41
1000000000000110111001100110110100101010
182
10000101000010101010110011110001010011
178
1100111110001111111101000000100011000010
45
1011000101000001001011101000010000000011
97
1001111101101111100000111100001001111111
11
111010101010000010111111101110000111110
65
1101001110011111000010110100100000001001
32
10111011100001100011110111101110101000
131
100011001011010101010111101
76
1011011001011111111010111101110110011111
45
1000010101001100111010110100011101001100
98
1000001010101011100001001010000
48
10110010100111001010001101000010000100
40
1101101010000010011001101001011000001011
52
1011100100011011010001100101110100110
39
11111111001111110100011100111010100100
142
110110010110010001000010011000000100000
174
111000110111000110011010001110110001
68
1010011110000001000101000100111111101110
68
1110111010001100011100011001111011110101
29
100100110010101010001100010000011001011
29
1110011101101011010100001011100110000000
143
111101111010010000001001100000101111101
123
10101101110000101001110000111011101111
143
1110000011111000010011101000101100000010
68
1001110010011000110011100001110001000110
180
110100000100111100000110111010000011
119
1111001111111001000001111111011110100001
182
11000010110000011110101100011011101010
108
1001010100111100100101110010101101001100
8
1100110010101010000010000001010100101
123
1101101101001011100011001011101100000101
173
100000100110101000000000111010011001111
178
111011010111000101111110100100001100000
112
1000110100001101101101111101110000111001
97
1100000000010000111100111011000001011011
33
1111101000111000110101111000011101011001
7
1001111101100000100110000001001001010110
154
11010000010110101111001110101111011110
14
1000010011101110011010000011110111110010
62
10011101111110110101111111110010101011
68
110010000010100110101100001011111110110
65
1011000011111110101100011101011111000000
141
1111110100010011011001100111111001000101
125
1100010011010101001110010011001111100001
42
10001000011111101110111100100011111000
94
1100001011100101110110111010101001100100
119
111101100001110100101011100011000110000
48
110001000101010101111110011111011110000
12
1000011000000111101010101011011110111011
53
100010000110001001100001001000001010110
181
1110000111000010111100011000111110111001
16
111011101110100110100010110000101010101
58
10110111011111000100011011111010010110
143
1110010001110101101101011110000111110011
4
11011000000110100111001110011101001110
65
1100000101110101101111101110100001010010
191
1111001100110111000110111100011101101000
164
1101011001111111010101101010100100100100
140
1110011101111110011010100010100110111011
174
100010100010001010101101000000001011101
109
101111111001011011110100110111100110110
54
111101101010001000111010110111101100
112
1000011101111100011001011010010101001011
83
1101010101010001101011110010011010011011
37
110111100100010110001110101111010000100
181
1110000001101010110110010010000000000101
79
101000101010110100000001010010111101
131
1111101100000011110111010101100101001000
70
10110000001000110001100100001001000
93
110110001100111011110100010011101001011
46
1101000100101101100010010011011001101010
176
1000101111010100100110001010100011101011
139
101100110011100001010001100011010011011
2
110100111001101010010100001010011110
180
1110100010100100100111111101000111111100
143
1011111011001000101101001111110111111000
118
1111100011000001100100011001100101011011
101
101100101011000100101111001111010001
43
111010010101000010110101010000101010
64
1111111101101011101001100101101110011001
57
1110100100101001110111001110110010000111
129
1001101111011100010111011000101100110011
54
1100010011100110111101100011000100111
181
110001100110110100001110011001110111001
98
1011111001100110110010001011101111100000
172
1000010001011111101100000000101011100000
105
1101011011111011011011011100101011101000
159
1101001100000010100011000110111101111110
170
1001000011100110111110100110011100110100
171
1110000111010101101011110101001101000001
186
1111101011101001000011110010010001000001
164
1110011110010000110000000100101001010110
176
1001110110000110010000100000010111010101
129
111010000101000100101001000001101110110
152
1010111011100101110101000000101111100011
96
1001000000010011110100010010101101110011
105
1111110011010100101000100010110110000010
84
1001001001010011101010110101001010000000
194
11111111001000100101000001011001110111
171
110010011001111101000001110011010010111
49
110011110011011000010100000111001110110
127
100100011110010010101011111110101110111
116
110101011000101111111010000001010001011
63
111111010010001111010010001001011100100
62
1010011001000111000001111110000110001110
169
111001101101000110011001101010100110001
132
1000101010110010111110110111110110100110
53
11110101111101111111011100101100100101
35
