50 100
10010010000000000010001011101000010001010000010100
191
1000000000101000001001000000001000000000000
148
101111001000001000000010000000000010000000100000
69
100000000001001010000010000001100000000000100001
83
100001000010000001000100000001010000000110100010
84
100001010100000001000000000000011100000001000000
97
1110010000000010000100000110110101100100000100001
186
10000100000001000001010100000000000000100011000000
63
1001000000000100000001000000010010000011110010010
111
1001000000000000011001000001000000
166
1001010101000000010000000000110000000000000110
102
100000000000000000001100001000001000010000000
28
1000010000000001100000000010001011
1
10001010100100100000000000010100000100010000000
78
100000001000000000000000000010000011000000
135
10010000001010110100001100100000000
116
101010100101100100001000110000000001111010000
100
1001010000111001010010010000000100000000100000
7
1000000010000000100000000000101000001010100100
17
10000000000000000010101000000100000101000000000001
38
10000100010000000000000001000011001001001100010000
104
11100001001000000000000000000000000010100100100000
2
10010001100001100000000000000000001000001000000000
23
1100000000000000001001000001010100001001100000100
182
1000000000000000000000000010000000000000100010
166
10100010001100000001000110000000010010100001000000
24
10010000000000000100000100100100001101000001
6
1000101000001000000000000100000100000010100000000
8
1000011000100000000000001111011000000000
133
11100100000100000000000001000000101000001010
40
101010101000100000100001000000100000001000001010
200
100000100000000000100000000000000000000000000011
159
10001000010000000000000001000000000110110000000000
158
10000000000100000000110000001000000011000110000
5
1001001000001010100000000000000011100000010
121
10000010100100001100110010000010000000001001
38
100000010000100100000010001100000001100000000010
192
1001011000101100000010001000010000001000011
130
10000001101000000000001000
80
100000011010100001001001011000000000000101
135
10101000001000000001000001000000000001000010
60
11000100010000000000000010100011111011011000000011
145
1000000000100000011101100001010010001001100000100
63
10000000001000000000000001000000000000001010000
91
1000000001010001000000010001001000000001100010010
147
11000010000001000101000010000001000000000000000
90
1100010000000001010100010000000100
25
10000001000000100000000100000000000111010000000000
94
101000000000000000000000000000100000010001000000
183
1010000001101000000000000100000000001111000000000
72
1000000000010000000101100000000000000000010000
118
1000000000000010010010000000000000000000000101
57
100000000000100000000000000000100101010000010
152
1001110001010000010010000000000110
17
1010100001001010100000010000000001100110000001000
111
1010000010001000110101011000011000000000000100001
159
10001000000100110000000000000000000100000000
33
100000000011101001000001000001100100100100001
158
1001000000001010000000001001000000110010000
170
10000000010000100001000000000100001000000100010001
84
100001111010010101001010000000010010010001010000
159
11000000100010000100000001000000100000000000000000
19
101000010101000101011100000000000101000001000010
122
10000010100000000100000000000010000010001100100
129
100100000001101001000100000000100000010000000011
130
10000000000000010100001010001100010000000000000000
129
11000001000000010111100010000001000001010010
60
1100000000001000000100000100101
97
1000001000000101100011010100100100000001100000000
186
11010000000000000000100000100010000000000
110
10001000010010100010001000000000001111000010010000
150
10000000100000000000001000000000000100000011010010
161
11100000000000000000110000110111101000001110100000
148
10100000000010000000001000100100000100000000111010
136
10100000100000000000010001010010000010000000000
165
11000000000100110000001000000000000011000010
127
10010001100000000000000000010000000000000010000001
107
10000000000100010001100000001010110000000010001
200
10000010000100100010010000001010000001010100001000
57
10000001100000000000000000000000010000010000110
68
10000000000001001000010110000000000000000000110000
21
100010001100100001000000000100000001000101000000
108
100000000000000100100000000100010000000000100
173
1000001001000000110000000000000000000001100000
166
1000011010000000001001010000010000001001001
51
11000001001000000010001000010011010000000000
191
100001100000000010100000101000010000111000
157
10011101001000000000000001101000010100000
47
10000001000000000011000100001000000100000001100100
115
100000100000001000000100000001001100010000000010
5
10110100000000101010000100000001100100010000000000
54
10000010100000100000000000000111000000000000010011
187
1100000000000000000010000000001001000000
66
1001000110000101000001001000000000110000100
74
100000100001010011000100010001010000000011000
162
1000000000000100001000000100010010000110000010
54
11111100100000000001000000001000000000000000010000
34
100100100110000001000100000111000010100000000100
168
1001100010010000000000110000011000000010010000
47
10000000011000100001000000000001101010000000000000
174
