50 1700
11110111011110001011111011111011010111011100011101
191
10110011101110001101011011001101111101010001110101
148
11101111101100111001000011110101001011100101100101
69
1101001010011111111010111111111100101110111111101
83
11111011001110101011111100100101011101111111111111
84
111111111100100111111100111011111110001011111110
97
11111111010101111110111011111110111110100111101001
186
10000111101111111101011111111011100011100111111010
63
1111101111001101111001111111011011001111110111111
111
10011100111001011011011011111010111011011111000010
166
11101011111101010111010111111000110011011110110111
102
11101110101010111011111101100011011111100111001011
28
1100011100010011011110011011001110101101011101011
1
1111011011110101100101011011110111111111010011101
78
1010001111111101101110101101101101110001011111101
135
11000111110011111011100001110111101111111111110111
116
1110111111110101110111101011111111101101111110011
100
1101011111000111111111110111010101100011100111111
7
1111101111110000001100101110011111111111111111110
17
11001001111101100011101110010101111101001111111011
38
10010111110101011001110101101111001111101101111011
104
11111111011110100011010010010100010110111101110000
2
11110111111111111010111110111011111111101011011011
23
11101010010110110111001100101111101111101111010101
182
10101100010111001010110111100010011111111101110011
166
11101111111110011111101111110010111010111111100011
24
1111110011011110100000111011110111111111111011111
6
1011101011101101111110110111010100001011111010101
8
1011111101111111110110101010100101111011001111101
133
11010111111111100101011010011111111110101100101111
40
10101011101011100010111101011100111111101101101110
200
111111100111111111101101111011110100010101110111
159
10011011011001111111111111001001111111111100101101
158
1110111111001111000101111010111100110111111110101
5
11110011101001011101011101111010100110111111011010
121
1111110010010101101111100110010111011000110111001
38
10110111010110101111101111111100101111110111101110
192
1101101101111011101111010111011001011111001011111
130
11001010110000000000001111101001101100101011011111
80
11111001111011111111101111111011111111101001100101
135
11101010111110101010010111110011111011111101011110
60
11111100111111100011101010111011111111111111000011
145
11110011111111011111111111101011111101111111111101
63
1111011111101111011010111111001111011110111110110
91
11111101111110111111011111011111110101111100111110
147
111001110110101110111110111111111111010000100000
90
11111010001110111111111011111111111111010101010101
25
10111101101011110010001110010100000111111010110011
94
11111111010001100001011001111111101101010101000110
183
1111010101101110111100010100001101101111110000010
72
10101111101100111110110111110111011111000101110101
118
111111111110011111110111010111010100010100110101
57
1111110101111000111011111001111110111111111111011
152
11011111111100001111111011111110010111111110001110
17
1010111111111111101010010111111111101110000111111
111
11011101010011110110111111100111010101100101100001
159
10100010101110111101111101001101100100101100011100
33
11010111101110011101111010001000011110101110101101
158
11111101001101111101111111011111111110101111011011
170
10110010111011111111101100101100111101101101110011
84
111101111110110111011110101010011111111011011001
159
11100111111011111100111111111110101101111101101111
19
10101001111111101111011111111100111111010101000011
122
111111110101011001110000110111011110010111111101
129
11111100110101111111101111000110101111110101010111
130
11010111011000111101011010011110110110111101011000
129
11110011111101100011111111100010011011111011011111
60
1011011100000111101101011011101100111110000111111
97
11111111001100111100011111111101101011111111000111
186
10001111111011011111110011010111010111111110111100
110
11101010011111101111011101100101111111100110011010
150
10111000101001011110011100100110011111110011011110
161
11101100101100011001111111110111111110101111111111
148
11100111110110101011111111101100111110100101111011
136
11111100011110111111110011111111010110011111111101
165
10101111011100101100111100111011011011101111111111
127
11011101111001111111110100111110111010111110110111
107
11110010000111111110101111110111011110110101111101
200
10010111011111110010111101101111101011111111111001
57
11011111111101101011110111100111000011111111010111
68
11111001111001111101011111110100111101111101111111
21
1111111111101111101100110011101111011101111110111
108
1111100110001001101110110100111111010100111011111
173
11101110111111011011111101101000101110010011110110
166
11101101110111011011101011111010111011010001111011
51
11111011110111111011011110111001011011011110000110
191
11110010111011110100111111101111111100111001111111
157
10011011110011101111110110111111101111111011101111
47
11001111000110111111110100111011101100011101111111
115
11110010101101101110101110100011011110110011111111
5
11110110111111101010111111111011101100111110100111
54
11110110110011101101101111001111101000001111110111
187
11110101011101110100011111101011011000101101101111
66
11110111011111111001111011111111110111001111111111
74
11001111001101101110011100100110001111101111111010
162
11111110001100000100111111101110011011111111000110
54
11111110101100011111011101011111010100101100011011
34
11111110111110111011001111011111010111111111111110
168
10011011110110110111101111111110111000111111111000
47
11111111111111101111100000011111111111011111001001
174
10110011111111111000111011111111110110010111111101
181
10111110000111101111010111110101110111111101100001
168
10010011110100110101111000110111111101101111011110
197
11111000111101010100110001110111011001111111111111
70
11111101111110111111010000111111111001110101110101
90
10010111110111110110111011101011111101011111110
94
10011111001110111111101010010010001111100111111111
107
11110011111110011001111111111111111000100010110111
157
11011111100001111011010111110101000111101101001
97
11011011111111101111000001111101110111011111110110
92
101100011011111110110110111111111111111001001110
134
101011111111101000111111111110111111111110100111
21
11110110011110000111011111110111111011001110111111
164
1001111111001111111111111011100010110101111111101
38
10111011111111011110101101111011101110010111001101
146
11111111001011110111001111001111011111111010111111
145
11001010111100110111111001111011101011001101111101
21
1111001011111110011100010101011010101110110111011
17
1100010111100010111011000110100011110111100111111
148
1111111111111000111111011110101011111110110110111
52
11100011011111111101011110101011011010111111011101
57
11111011111111011110111100000011011111001011101110
119
10100011111111111100111111011101111110001011111111
29
11110111111111111000011011101110100111110001001111
77
10010100111111101000111001111101111111101110100110
7
11011111111111111000111010111110111011011101101111
29
10011110101010110111111011111110111000111110011110
151
10001100110110111101111010101010011011100000011101
13
11010110110011111111111111111111001101110100111000
144
1111111111111111111111101111101011111011101110011
51
1010111111111111010000001100001110111111010101111
177
10001001010111001110111101101111000110110001101110
71
10110000010100001010111101001000110110110101111101
20
10010011110001101011111111111111001111101110011011
35
10101011100010110000001000111110111100111001101111
116
1101111111001110111111110001101000111101110010111
34
10101011011100110111101110111011011011111111011101
108
10111110111000101101101011001100000111111111111111
185
11111110111110101100111101101111100110111101000111
63
1101101111111111111010100111011110101111101011011
178
11100111110100100101110111101011101111001101111101
96
10111101000101111011101010111101110110110011101101
2
101111001011111111010000111111110110100101101111
58
10111111101111111111101101101001010011111110000011
156
11010101101001111111101101110011111011101011011101
80
11101010110000101111111101110111011001111010111111
110
10110011100110101100011011110110111100011011110011
2
11111100100101111011110110011011101111110111111111
144
11001100110000010011101111010111011010110110110101
16
11110010110101101111111111011111111110111101110011
58
1111010011010101111101111101110011111110111011000
35
11110110011111111111101110101111111101111111111011
91
10101110011011010111101100011111111101110111110011
169
10111000111111010111111011111001101100100110011111
19
10111010111010101110111110110011111101100111010011
174
11010011111111100101001100110101011001101010011111
198
11111111011111101110001111011011101111111010111110
162
11101110111111111110100011111111111000011111111100
114
10101101101110111110101011101011010110101111010110
197
11111111011011111110001011111101110111001011011101
193
1111101101111110110110110100111011110111011111101
14
11110111110111111111111110110100101111011010101100
136
11000011011110111111001001101100001110110001110110
142
11111001111111101010111101010000111111101011111111
200
11111101111011111111111100011101000101110111111111
13
11010110010001110110110110111110111111111010100110
106
110111110111101001111100110100111110100111110111
197
11111111111111011011101001110011110110001111110011
116
11001110100101110011110111111110011000100110010011
82
11111010001001111111101101110011011011101110001110
176
11111010111000000110110111101111111110111100100001
189
101110111111111111111111110111111101111010001011
85
1100111111101101111111111111010011111111111101011
91
10001111011001111011100011110111011110011000010110
182
1111110011111101011110111110111111111001110011101
199
10101110011010111111001110111100011101110011101011
6
11011111111101011111011010011111110111111101101
181
1011001111011011101101111001110001111111110101101
176
1111111111101111111110111010011111100111100111110
182
1011110111111000101111111001001101111111010111111
29
11100111011100010100011011011101111111111001110011
102
10111011000101010101111011011111111111111110011111
150
11111111110111011111110111011110011111100011100101
93
11011101100011101111101111111111100011110101011111
162
11100111011111111101111111001111100111111110111111
147
10011000101111100111100111011110011100111110011111
166
11111010111101110110101111111101011101111111110011
22
11100111111110101111000011111011110111101110011011
53
10000011111111101101110001100110101111001111101011
140
10001111010100001100010111111111111111111111101111
160
1101111100101111101011110101111111111011110111110
114
1001101110110111111001111100111111111011011111101
197
11000111011111110111111110111100010111101011101011
128
1111011001101010010111010111011111100011100101001
82
11111101101011011100001111100111001001001101001110
60
10111111111111001111100000001111111011001101101001
32
1111111111110101010111011111011111111101110011111
36
10010110111111101110111101011001110101111101011011
60
11100111101100111111001010111010110100110111100110
112
11100110110111010111011111101110111101100111111101
93
1111101110111111111011101011111110111111001101100
87
10101111110110101111100111011111110011111111101011
109
10111110111111111100010100011111101100111111001111
39
10101110001001000111111111011011110111111110101101
76
1001110101111111111011111001110101111011111111000
63
10111001011010111111111100011011111100111111011101
90
11111011010111111110110101101101110111011101011110
163
11001110111111100111011111100011100011111011011010
151
11110100101101011111111010101110111111011110101
13
11111011111111101011111000110111110111111111111001
178
10111111011001100101111011110011111111011111110110
193
10111010101111111111001111001011111110111001100111
96
11111011111001101011111101111111111101110011100000
3
11010010111111101101110111001111111111000011001011
80
11110011100101111101111111101110100011111100111010
172
10111111011111111101101100111011111111010100101101
32
11111100100011111111110111100101101111001111111011
16
11010101000111111001101111111101001110010110001110
16
10111111111111111101011101111111110010110000111011
25
1101111110111101010111111011001111111111101101000
168
1101111011110101101101011100001110111100101110101
100
11110110011110110101110011111100110101111100101011
58
1110110101110101111111011011011111111010011111011
48
11110111101111011101111111111101111011111000110100
161
10010111101011111101111111111101100111100111111111
75
1111101111101101110101011000001011010111011110100
4
11110101000101111111111100111101011011111101101011
70
1111111011111101100111110111101100111011010001111
134
101000110101011101011111011101101001001111111111
118
10111111101011010011111111111111111101011001101111
115
11101101101111111011110110010011110101101111111111
2
11111110111111110111001001011111110110010111111101
117
11100100011111010111011100111111111110011111111101
78
11111110000010110011100111111111111011010111111111
89
10110101011011111111110001111111110011011011111111
113
11100101101110100101111101111101111111101000011110
41
11001111111101111101100100111111101101101101101110
89
10001111101111111101110011111101111111111101101011
159
11011101110111111111110100111011111110101011101111
107
111110111111100111101101011101100111111111110011
128
1110111011111011111111111111111101101011101111111
90
1111110011001110111101000101110110111111101011011
31
11010010111111011011100110111101111011111010110001
197
10111100101100011111011111010111111100011101111110
182
10111111111111111011101111111101011111111110011010
21
1111111111010010110011101111111101011101111110110
144
11111011111110000111101010101011111111000101010111
50
11110111010011011101100011111100000101101011011111
189
11101011111110011101011111100101111111111000111100
10
1111001111100001110101111010111001101111111011101
173
11111111111111111011100111011011111011111111001011
168
10010111111110101011010111110101110011101011011111
83
11111011101000101110111111011011110111101001110101
144
1000111010101101111111011110011111111011110111100
110
10001111001111010101110011110111101011111111111110
169
101111111110100111001100111011101110101000101011
189
10111111111101011111011100110111010111111111111010
50
11111000111011011110110111101011101110111101000010
78
10111111011101110111000111011000111101000101001100
21
10001110110101100001011110111111110111110011111110
18
11100111101110010010111010111011101010001001111101
134
1110100111111101100101001101111101110110010111110
171
1111110011001011111010111111111101111011101000000
51
11110110001011011001111111011100111011111011000010
165
11001110111111011001001111011110111110111111111111
189
11111101110000011011100011011111110110111111100111
30
10111111111101101110111111111111100010111001010110
40
11101100110111010001011111111111101100101111110110
92
11100010001101100110111001111001011001010111010110
196
11011010110011111111111100101111110000011101011111
8
11111111001111001000111111101110001110111011010111
10
11110001011111100101111111111110111111101111111110
186
1011110000011111010110111111110010110011100010111
86
10110101111110101001011111111110010101110010101110
118
1101101111111010001011110111111111011111111110
153
1110101101011111110111111111011111011111101111101
47
11101101111101110110010110000010111110110111011110
34
1111111111101111110100011110111101010110100101111
41
1100101011110011110101101100111001011001011110110
163
11010111111111101101000001101111111110110111101101
189
11011101111111011111111011010101000101111111101111
118
10110001011011011001100111011001011000111011111101
187
110010101011001100111110111001000010101111111011
126
11001011011111111101011111101111101111001011011111
57
11011101111111111111111100011111011011011110000111
151
1110110111101111111100101111011111110111001111111
2
11111100111111111101101111100110101101101110111111
42
100101110101101111011111111001101110001110011010
110
11011000011110110111010011011101111111110100101111
113
11010111111010101011111011011100100000111110110111
186
1111111011110001110011010011100111011111011001010
156
10101111011111111111110100111110100011111110111001
48
11111110001011111110100111000101001011011100111111
111
11001101110010111110111011111101111011101100111110
182
1111111010011110110101110111000110010111111111111
184
1100101110111100110101110111110111011101101111000
37
10110101111100111111110010011101101111110101001101
71
1111110111011110001111111101111011111111110100110
156
1101111101111110110111101101110111101111111000100
41
10111100111000101111101100111111111101011111001111
107
10101101110010011110111011100011110000111111111111
184
11100011100011011110111100111011101100010110111001
44
10011011110101111011110011100001110111111101111011
27
10111111111111110100111101011110111111000111111110
182
10010111111101011111111110001110111001011110100110
40
10110111110111101110111111110100110110011010101101
138
100111110101000011110111011000101110111101110111
154
10110110011111111101011111111011111111011011011011
85
1000111101101110101101101110110010111111001101110
1
11111111111101111111111101111100011110101111101111
132
10011000111111100111111101011011010110100101101111
133
1111000011111101111101011101110101011111011001111
25
11110111111111111110111111011100010011111011110
119
11111001101111111001010010110110110011011011101110
105
11110110001101111100011111110010100001100111100100
120
10111111111111100101110111010111111001010110111110
81
11110101100111010111111001010011111111110011001111
183
11101111001110111111100101110011011101001101110111
186
11101100111101111111100000000011011111111111110110
106
1110011100011111110111110101101011001110101011111
198
11011100011111101110110011101010011111010111111111
59
11000111101111001101010111101111010111010111011111
39
11010110111001111110111010111011011111110101111111
55
11111111111110111001110111111100111111110111001110
180
10110011001010101111001111111110010011111101101101
101
110111010111110010111111101110011101110111111101
137
11111011011111101111010111101111111111001111000101
189
101101000001111111001010101010111011110111101111
176
11111111110110011111111010011111010110111111101110
21
111111111011110101111111011101011000100011110100
136
11111010101110101001101011111010111110110011001111
8
10101101101110010000101111111011110101101011011011
185
11111100101111111111110011001101111110110111010101
74
11100111111100011101101010001110111111111110111111
68
11111111011111011101111101110110111010111101111111
55
10111111011100111110000111001101111010001010001
108
1110110111111110011111010001001111011101111100111
156
11100101010111101011010011111110010100101011011
7
11001111110111101110110011111111101110100111110110
177
10111110101011010111100101111111110011101111110110
137
1000110010100101111011101110110010000101010111011
144
10010001110001101111100011110100111011001111101100
135
11111100111101111101101001111111001010110111111111
170
111011111110001111111001011011111011110110100110
128
11100110111111110000110010100101110011111111111101
163
10000110111011111100010011100101100001110101010000
100
11111111010011111011111001110011111101111111010011
87
11111111111110011111001001100111110111101011011001
17
11101111111111101111001101111100111011110110100010
20
11111110100111100111111111111111110011111101111111
29
11111011101001011111111000010011111011101111101011
77
11101110111110101011011101111111101011001110111110
197
10011101111110011101111101111011111111111010001111
48
1111100110111010111101111101111111010111111110111
29
10101110001100111111111100111111010111000000011111
195
10110110111111110111100101111011011011111111101101
163
10101111111111110110011110010011111101110010111111
66
11101011111110101110101110011011101011101001111100
103
10110011011110111101110000011101111000110010111111
35
11111111111110100011111001110111111011111110101010
192
1111110100010110010111101111111111100111011101111
137
1111111111111110101100111111110111011111110111111
156
1011111010101010111111111101011111010111101011011
32
11110111111010100010111011111111111011010011110110
42
1111001111010111010011111001111111101011101110110
138
11110010111111011010001111011111111011111111101010
194
1101111010011011110010111111110011111000001111
166
10110110111010111101101111110010011011100111011011
18
11111111100111110111100110110101111010110010111111
126
110111000101110101011101101110001110101101011111
48
11101111111011111110001111101110111100101011111111
16
11111111111111111111001111101101111010111101101111
8
11111101111101010111011011110011111111110011100011
108
10100111111110111111010000111110001111111101101100
18
11111111110111111001011100111001101101111000100111
103
1111010011011100001010110100011101010111111111100
87
11010111001111101111111011011000111111111110111101
71
11101111001110011100101100011111101111111101110101
80
11010110111100011101110001010111000000110111111110
12
11010111011100111001111111010010111101111110001011
58
10001111101011111011001010101100001101111110110011
98
11111111111111100111011010100001111100101111110
120
11001011111101111101101101111111111001111011110111
104
1111101111111101010101101110111001100011010001101
5
11011011111100101011111011100110001000111100111001
124
10001011101010111111100001111111101011110111101111
57
11101001101111100111101101111111100111111011001
148
10111110001111100111111100100110010001011111101111
67
10111111110111111011011111101010101111010111011011
134
11011101111001111010111011110110110110011111111010
132
10001110111011011011000110011110011111110101011111
143
11011000111111110101001110100111011011101011011111
74
1111010111111011011011101010101101110101111001111
175
11001111101100110111111101001011010011000001011011
160
11111111111111111111111001101111011111111101111111
30
1100110111100101111111010110111001110111101110111
5
11111110111110101111011101100110111011110111111000
76
1111110111111011001101001101011010001111011111111
180
10011101111011111010111111101101101111010111011101
167
10001111111111111101110111101111011110001010111
67
11100111110111010001011110011011010011001101100
199
10111100101111101100011100010111111001011001111101
118
10111000011101010111111001101110100010001110111111
15
11011101011110101011111110100111010001111111111100
114
10100100111101110101111110010101011111110101010110
90
111101101001111111111111110101010110100101001011
164
1111000111101110111110101101011111100110100001101
52
10111111111001111110101000111110010100111111111011
150
10111111101111101111110101101111111110111111110110
87
11110100110101111111100110100111111001111111111111
148
10101100111010111111010111111110101101101010110101
177
110100110101100010011111111010011010101010001011
33
11111111011000000111011111100111111111111100111111
13
11001101011111111100111000100111111111101110001111
43
11110111101010000101111101110011111011001111111111
137
11100100110110011110011111011110101111111111000111
82
11111011001111111100111010101100111011101011111111
52
10100101101101011111111110001001110011001111111111
76
110111100111101011011011111001011011110000110101
139
11110111110110111111100100011101111011010110111111
63
111100110111110111110111011011000100011111011101
163
11101010100111111101111101111111111011010101101111
169
1101001110111111111000000110111110001111001011010
85
11011011111111110111100111111011101111111111110011
164
111111101101111111111110111100110101001100100010
169
11101111111111111100111001010101011100000011101101
89
11011111100111001111011101101101100110011101011111
67
11111011011111101000111101111110001111111111011010
161
11111110010110101111111011011001111111011101100111
17
11011101100101000100011110100110101111101111111111
135
11010111011111111111101011101110100110111111101100
175
1100011111011111111011110010101001101101111111110
148
1110010110010001101111111101111001001101110110101
109
11111100001111110111101001101010101111001111111100
33
11010010110110101000011101111100010010010111111100
4
11111110111101110111100010111101111110010011111110
171
11011111111110010111110111010111010010100111111111
19
101010100011111111111011111011011111111111110000
137
1111110111110111111111011100111001110101011111011
59
11111111111101111111011010100101011101111100100111
118
10011111110110111011110011011101110101110111111111
59
11111111011100010101111111100111011101111101011011
157
11111110111011101101111010110110010111111111111
182
10111110111010001011001101011101111111111011110100
10
11111101110111110100011101100101011101011011100111
127
1110111100111011111010001101110011110100111111011
200
10011110011110011010101111011111011111110000111001
80
11011011111010111111100101111111101100001101111101
81
11111111111000111110001010011101011111111111001110
132
11100100110011100110011100100011111011111110111011
6
10111010111111011111101110000011110111101110110111
82
100111110111000001111111110010001011100111001111
42
10100011101110101000101110101001111111011111110001
118
11110011111011111010010111010010111110011110111110
3
10111001011111001100011111111101111110111001010111
137
11010111110111111111110111111011111111110100001101
196
10110110110000111100000011111111110110011101101110
32
11111111111001110111110011111111100010111011001111
85
10110001001101110101011101110111110011111111111101
19
11011100110011101000111101111011001011111011001111
2
11111010001010101110100011101111101001011111111111
105
1111010111011101101101011001111011111010100011101
14
11011111001101001110110110111101111011111010011
33
11111111101011110110111111011110101010111011111011
21
11010111111010111011110111100101110100111100110010
9
10111101111111011110110111101011100110111010111111
7
10110011111000110111110100010011010011111111111111
113
1111111101111100101101111111111101011011111111110
105
1110001111011111111111011111100010101011111101101
94
111011110000101011110010001111100110001000100011
74
1101111001001111110010101011101110110100010110110
104
11111101011010011011110000011100101111111011111111
163
10111001110001111111111111100111110001011110111110
46
11101110111111111111111111111101011101010011011111
17
11001101111101111110011011111111100111010111111101
4
11101110111110011111111010000111011001101001010110
181
111101011101010111011111101111111011000111010010
44
10011101001011010110111111101011011100100111011111
187
1111110010011111010000010110110000011100111010110
137
11001001110001111110101101100110000111000101111100
101
1111111111111111100111111011010110101010110111000
188
11010110110011010111111110001111101001111101101111
50
11011101111111011110011110110111100111001101011101
88
11011110010101111110010101111111100000011011010111
139
10101011111111000001001101111011111111010111101111
23
11011101100010001111011000111001010011101101101110
70
10111101111110111111111110111111101011110111110111
200
11111011111001111111101111111010110111001101100111
169
11001111110111110110011111111111111101101101100100
38
11111111100111110011101101011011001110110011101011
183
10111010111011101011010100111011111011001110111010
181
1010111111111001111101101100100011011101111001011
127
1101011111111011101001100000111101011010101101111
41
111101101110011100101111010101101100011101110101
165
10111111000111001111010101010111111111110110010101
113
1111111011101011111101111110101010011101101110101
39
110111110001111111001110101001110110111110111011
35
11111010111011111110111100100010001100010100101101
54
1111110000101100101010100101001010111111111110101
141
11100101101111000101001111011110111111011111101111
63
11110111011111110111001011110010001001110110111011
55
11111001010111111101111001100111101111101011111011
88
1110101110111111111111111111111101111011111111101
72
1101000010110001011111001011110000011001001111111
1
10111111101111101101010111011101011010111011111111
140
110101001100111111011110110111110111101111111111
15
10001110111101110011101111111001111110100111000011
162
1111111111111101111101111111011111111111111111111
163
10011110111111111111111001101111101110110100111011
47
11111111110111110111111101110101111110101110111001
57
1111101110101110100111001110111101110111111110111
156
1111011011110111101111111111001111101010101111101
93
11011111011101011001111111101011101111101111101011
88
11111101100111011011010111011111011100100111111110
50
11011110110110110011110110111111111111111101111010
86
11111110101001111101101011111001111011110011111
157
11110101111111101111111011110110111101111111100010
20
10010001111110111010011111110110110111111111011111
88
11111110110101011010111110111111110111011000001110
71
11111001111111001001101111111101011111110101010010
31
10111111111010111101111011111111100111101101011101
21
11110101100001011101101010100001111011111111110110
147
11011111101011000111110001111111111101100100111111
178
11111100111111101010111101101110011000110110101110
128
10010111011111001011101000111100111110111111011111
34
1111010110011010101100101111101011100011010101111
38
11111111110011010111101110011101111011000111010111
131
100111011101111101001110101110000001100001101000
93
10011001111001000101110110110111111110111011110110
69
11111100111111000111110011001100101110110111011110
172
11111000011110101100001001111011011111110001111110
32
10111011101010111111101011011001011101101101011111
148
11100011110011011101001111101010111110100111001111
91
1111110110111111110111111101110111111100111111110
98
11111111111010011011101100100101101101011110101111
24
1011111111000110011100011111111111011111110111111
93
1111110011111101110101111110000011001000011110010
140
10001011111111111101111011011010110100100111110101
133
1101111111111011001111100110011111010101100100011
126
11111111110110101011001101111001110001111010011110
43
111111101100101101110110011011111100111100111111
134
1111110101111011111111111111101101111111010111111
31
11101110001010101000101111101111111111110101111110
100
10001101111110111111110011001101101110111111110011
18
1110011010111011111111111111101111011111110001111
12
1101111011110111111111111010110110010010111111111
103
11111001101111101111111110011111110101101001110011
137
1011110011110101100110111110111111011101110111100
72
11010111111010011111101000111111111111001010111110
62
11101111001111010101101001110010111111101011100101
183
11011111001111111111101101011100011011011101011110
149
101011101111111101111111011010100111111001111111
31
10011110110010111110110111001010111010110111110111
6
11100001101011011001111101011010011111111111111101
79
11111111110010101001101011101100011111100011101000
181
111010101100110111111001111111111101111111111100
80
11010001101001010110011011000111011111100111111010
190
10111111111111111001011111100111110101111111101100
5
11011011111010101111111110011111111101101011110010
8
11111111011111010000110111111111110101111110110111
59
11011101011001110111111011111100111011011011110010
35
11101111010111110111111001101111111011011110111101
132
10111111111101011111111011101111111110000001000110
66
110001101011111001110101101011111010011011101101
112
1000111011111000011011001110101011110101001011
49
10111111011110100111111001111001111011111101000110
77
111011011110101100111110101110111011010110011101
197
111111111011111110100011101111010110100101110111
132
1110110101111011001011001110100101001110001010001
141
10100110011111110111010001111000110111001110011111
117
111011111000110011110111111111101101111110010100
76
10101100111011111010011110010110011111111111111111
90
1111111010111101110110111101110100111111011100001
149
1111000111011111111001111011110111100110010111100
91
11100001111111111111110100011000110101111111110111
8
11011101110111001110111000111110011011111111000011
180
11010110101001110110101100111111000111111111110111
7
10111100011011101011111110111111110101110111111101
73
11110010110111001011110110110010011011010111000011
112
1011001100111010101001101000111111011111111101010
123
111011111111111101111111101111001111111110011101
49
11111110010101110100101011111011101011100000011110
66
111111111011111111100001111111111101101111111010
134
11101001001110001111101111111111111111011111011101
199
111111111111111010111001111101111000111111011111
65
11011101011110111110111111110111110010011010001101
45
1110111111000111110111110010101110100010101111111
22
1011110111111111111111111111001110101111010011011
144
11001110101111100100101101111111100110111111101101
16
11111111111110010101011100011111110111100011101011
177
11110111001001100111111010101111111101010011011001
158
110001111111111111111011001111110101110001101101
64
11001101100101011101101110110111010111101100101110
165
11111111111000111111111101111110111111011110011010
113
11111101111110111101110111011000110010101010111111
28
11000110101001111111001011011011111111010110010111
140
10111111101011111111101111010111011111111111010101
120
1111101101011110111011111110111111100010110000111
56
11011011111111011111110110001011011101111110110011
82
11011100110110111101110011111001110111101111011111
153
1111110011011111011110111111111110001111101010011
58
11101011001111001111011111110111000110111100111111
153
11111011100010100110111011011111110111111111101111
78
10101111100011101011011100110010111011111011101111
82
10110111101111111011111111110110110111100110110101
13
11101101111010111000011110111111000100111101111111
49
1101111111111011011111011111010111011111001110110
143
11111111101011101111110111101010110111111010111110
85
11110111110010111101110110110011010110110011111011
90
1111011010111010110010101010111011010000011101001
53
1100111011100110001101100111111111010000111101111
116
11110110011111111011101011111110101111110111110000
111
11101111011001101011011000100101111110011010101011
176
10111101001101101001101111010101101111001110100011
67
11010110111110011100111111110111011111111001111101
97
11011010010010011111110100011111111100001101001111
152
11111011111111110010111111110011111111111111100111
187
11011111110001111111101110100111011110111011001110
30
1011011011101011110101110000101110111011011100101
23
11111011111011011001011011101111011011111101001010
23
1101111101110111101111111001111110011000111111111
158
10111011001111111111111101111011011111110111110011
175
101111111001110111001000110111101110111111110110
67
1110011111101011101111111110001010111111110110110
8
1111101011101011111101100111100101011101101111111
27
1111011111100110111101111101111101101110010111111
7
11111111011001110111010111010011000101101111111001
144
111110111101011110111111111011001101101001111011
132
1111011111010111010011111111100100110010100011110
57
1001011111110101111111111001000011100000111011101
6
10010101110000111111011001111110111011110110000
28
11111111001011101111000011011111100110111101101110
37
111111001000110010111111100010110101111110111110
93
1111011111000011111111001101011011101011001011011
74
10010011110000101110111011111011010010110111111111
70
10110011001111111001111110111010010111101111111100
76
11101110111001111011101110001010100011100111011010
98
10011001111111011011001010111101111101110111111111
200
1111010011101011011100110111111010111111011111111
155
1110110011100010111111101011001111111111111010111
92
11011101111001101101010110111011101011110110011101
132
11001011001111111100011111111001011111111011111011
168
10011011110101010001101011111011111110111111111
199
10111110111111110000101101101000101101110100101110
153
11100111010111111010011111111100111011110110111101
79
11101011101111101101111110110111111111110111011111
51
10001011011010111011000111111011011111011110001011
111
110110101011110101111001100000111011100110111101
42
11011101011010101100101011011111111110001010111101
114
11011111101111111111100101111111100010101111111011
61
11001010011110111001100111101010011011111011110011
10
10010110110111001001111101111110111111111011110110
62
11110010100101111110111111111101010111101110101110
64
1111110110111011010101100101111111100001101010111
108
11011001000101011001011011011111011110111001111101
28
10010110111110111111000111010010011011001101000011
46
1111110111110111111111110110010110010111011111111
71
11101010101110111011101101101111111100101111010111
86
1110111111111111110111100101001111111101011001011
46
1110011111111111011100110001111111011001110011001
181
11111111111011101001010111111101010101010011110111
170
100111111011110001110011111111011011011011111110
168
1110011110110111110111101110011010100111111011111
93
11110111111111011110100111011011111110001100011010
6
1101110010110111100111001110110010110110101101100
25
111110000010000011110111111111011110011110111001
95
111011011010011110111111111111011111010011110101
19
11111110110000100111111111111001110111101011101110
176
11101001101011101011111111111001001111100111011111
39
11100111111111100111111001111111111101101111100110
94
11111011110001100011111101101001101001111011101100
168
1111101111011111110100100101111110111111101110111
188
10101000010110011011010111001111110111011111101110
2
1111110001101011111111011110001011111101111111110
146
11111011011111111111101111011111101111111111010111
148
11011110110001011011100001101001011101011101101011
155
110111101111010001110010111110110101110000111111
86
11101111011101011111111101110010111101001110111111
164
11011101111101111011111000111011111001101001101010
12
11111111111110001111101110111111111100001110110111
149
10011111010110101101111001000111110110001001110101
39
10100010110011111011111011100110111011010011111111
126
1100111101111111111000110100110111110100011111111
48
11101111110011111100100101100111011111100101011111
48
11111001111110110001011010010111110110101111111111
196
1101111011011010111100101100010110111001001101111
65
1011111011101101001110111111011011110011000101111
195
1111111100110001001110001111110110110011111011011
34
11010100010111110111010011111111110100011110101111
10
11011101101101110011010111010001111001011001111101
43
1111111110111111111111101011010011101111000001011
67
11111011100100101111011111111011101001101010011111
101
11101111111111110100011000011111011011101111111101
142
10101101111111010101011011011110111111011111111010
171
10001101111101010011101011111111111111010110100010
32
1111111111111111111101011111111010001110100111110
176
11110101111000100011100011111101001101100111101111
59
11111101010111001010011111101101111100101101101001
72
11111001111111111011111011001111110000110101111001
31
111111111011101111111111101100111110001000001101
128
10011111110111001111001110101101001011101111000111
106
11110110111110101010111111111101010101100010111101
110
11011101110010011010010101011011111011011101001011
178
11100100111101101110110101110010101011011000101010
27
10011111111011010001011111111111111111101111110100
182
10111000011111101100110111111111110101111111011101
158
110011101111111110100110110111111111111111010111
190
1110111110010101100111100110011001100110111010000
57
11111101011011111111011011110011011111111100110110
120
10111100111111011110011010111111111011001110011101
17
11001111011011110011111011011001111100010011011011
49
1111101011111111110001110111111101100001110011111
78
11111100100011110111100011111111101111110101010101
175
11101111111001101111110001111001111111111101111001
37
1010011101101111111111011000111000111011011001111
17
11011000111111111010111010111011101110110111110111
40
11010100010111011011111011000101111000101011111011
138
11011111101011000111111110110011011011111111111
122
10110001100111111111100111010110101110111101100101
104
111111111111111011111111011111001011011011110111
180
11101010011011101000000111111011000111000111100111
129
10111110010100011011101100111101111101001001001111
154
11101111111110001110110111111100011110111011111111
156
1111011001111110111101110011011111001011101001000
3
10010111111111001111001011011011001111110111111101
6
11111101111111111111110111111111101001010001110111
151
11111110110110100111011000101111010011100111101101
147
11100111000011101101111011001010111011111111011111
87
11110101001011111010101011101111111111001101111101
159
11111110111010111111101110001101011101111111111010
25
1011110011011001111111111101011110110110011101110
101
11111111110001011011111111111101110010111111111110
93
11101111011111110010001110011111101101111110110001
35
10110000100111111000011111001111110110101100101011
34
1111111011010111101011101110001011001010111111111
58
10011111101111010111100111111111110010000111100110
1
11101110101101010010101101011101111101111001011101
4
10001111110101101110110110111111110101101111010110
71
10101011111100011101011111011110001011100001001101
48
11111101001111101011111110010111111011010001000011
168
11111111011111101011111011111111111110111011011110
110
10111111110011000110111111010110001101011101110010
89
11110101100101111111110001111011111110000110111011
127
10100111111111101111101011111101110111111010011101
15
111110101011100111111011111111101101000110111110
198
1111111110011100111011111011111111101101111011110
16
11111010111011010101101111110111110111011110011110
49
10111111110110000011011101101111110110011011110101
42
11011110010011010101100011011111110110111010110
193
11111011101101001101000110110001111111101111111111
171
11111011001101111110111101111101101111011101011111
69
10001000011110111110101100001111111101110101111101
50
10110111111110011111101101011101110011011010001100
20
10110110010111111111111011001010110001011000111101
49
11101111101011111111111110111111111011111111100111
44
11111101111111111100101100011110101111011011010101
186
11110111111010000110010111010111110011111111100111
50
11111111000111001111100110011100111110111111111111
17
11010110111111011111111110100010110101010111001101
91
11110111010011111010101110011101010011011011111000
64
11110110001111101110001011110011101111011011111110
138
101110100000111101111111111111111001101111101111
122
1000111111010111111111111111110111101001111110100
60
1111111110111111101100110101110111101111011111100
31
11011011111110111111111110011110111101011001111110
66
11011101011111101111111110111101111101111111110111
58
10010101000100110110011110011011010100111111110111
137
1111101011111010111011111111101111011111111111001
40
11111101110111011101001101111111111101111111100111
107
10111011100011111110111101111101101111011101010011
14
11110011110111011111101101111011110101111110010110
68
11011111000001111111110011011111111111011111100100
48
11111011110111110111110110100101011111101111111111
149
10000111101010111000101110011111101100010011111001
131
1111001111110010011101011000011000110111001001111
8
10010111011010101101110001101011100111101111101101
93
10011111011101111111011111111111111000111111011011
181
110101110111000101110101111000110011111111001111
154
11010101010110111111011000011101101110111011110001
16
11110111111111111011111101111111101110111011110011
20
1111111100010110101101101101110111001111111011010
136
1011100110000111100011101011111111011011110101
119
11101111101110111111011111110110111110111111011011
136
10111110111011110100111011010101100111101001111011
151
11101110101110111111000011101111110110010111011111
163
11111111011111101000111111011101100111011111111001
76
1000011010110111001101001100101001110111101111010
16
10111101100010111111011111110110011111111010011111
53
101100111001101101110001111001101111000100010111
64
11110101111111110111000111111110011111101111101101
86
11110110110101111000111111110011100110111111110001
22
10101011011011011100111111111110001000100111111011
61
11101110010110111111011100111111110110111110111110
192
11111110111010111100011011011001000110111100111010
37
1010011011110101000100110110111001001001011101000
14
11100111110001111111101111001110011111111111001111
197
11100011101111111111111110001111111100101100111111
20
10101010111000010000101111110111111011010111010111
22
11010111001110010111111111011010101111111011111111
26
11010111101111100111100111001111111110111111110000
93
11111111111111111111111110111110111100010110001111
175
111111000101110110010001011000011111101111011100
60
1100010111011000110111111111111100111111111010001
126
1110101011100111100101001110011111011110111011111
166
1110111000010011101110111001110111111001111110111
171
11111011110101001100011001001010101011101110111011
138
11111000011011111111010011111110011011101011101111
125
10111100001110111111011100111011011011111111001111
138
1010110111011111110111111001110001011011011011100
117
101011000111011111111101100101110011110101011111
147
10110111111111001100110011111111100010111011010111
18
1111111100111000010111111011011111011011111111110
19
11011011011110110101101010001111111111000110111111
29
1011110011110110111001111000100101000111111110111
22
10011110111110010111010001011001010011011100010110
126
1111111011010010101110110110011111110111110101011
150
1110110110110111111100100011101110111001101111000
190
11010110110001001110101111110111100101110111111100
60
11011101111001101111110011111111010011111111111110
199
11110111111101111001001111011111000111111001010111
71
11100101100111101111011111111111101010111111111101
152
10100111000110110011111110111110111111011101111111
139
11101110100110011011111111101001110110110011100011
12
11001111011111010111111101101111001111010111101010
190
11110011111011111011101111110100011011101110101101
141
11010111111011111100011100110110110100111010011011
61
1111100111110010110111111000000111101011100110010
165
11000010110111111111110111011011011101011001010000
164
11110111111101101111111011010001111111100001011001
61
11001000101110101011111101110111111101111011011111
166
1111111100101011001011111011110111101001110010101
163
11001111111100111101111111011100110101110101011111
97
1100011011000100001011111111111110100011011001011
166
1001110101011111110110111001101010100110000111
168
11110011001101110010111111110111011001100011111011
177
10111100110110100011000111011011011111111011011111
10
11111111111011111011011110011111111111110111111011
159
1111100111101101110111101101011011101011010110111
140
111111001111111001110101111100111111101111111111
70
11011111110001110101101101010010111111001100111100
146
11011110110101111010101010110110100111110101111110
117
11011110111011110101011101101111111011111111101111
119
10111101110111011111110101110111011110111101111111
144
1011011011111100110111111111101001000111101001111
60
11100111100110111111111111101000110101111111011111
67
11111111111101001100100111111011011111111110100100
21
11110110101111010110110010111111111111111111111111
109
1011011111011111001111111110101111111011100111101
196
11001101100011101111111111011011100101111011010110
107
11010110110110111000111101110000111111110001100011
3
10101100101101100111110101111011111010010110000011
84
11101111100010111100100011111111010101111011001111
60
10111110111111101011111001111101011000010110010100
87
11111001011111111111111101110111011111010100111111
109
1101110111101111101111011111101010111001101111010
18
1010011001101111110101101111101011100011111001010
160
11011001011111011111110111101110111111110101001011
111
11101010101111110101110001111001010110111000100111
110
11011111011101111110011111110010110110111001111001
101
110010110101101011101111011101110001111001011010
122
10110110111110111100110101110110111100101111010
143
1011111111010111101110111101111010101011000101110
22
11110100110011011001111111011100010011111001111011
148
11101011110000110111110101011111011111000011110111
7
11111111011111100101111101111111101011111110101110
155
1011110111111001111111010011111110111001011111011
66
1110111110001111100110111111111111100110111011110
17
11110001110011111111100111111011010101000001011
58
110111100110100110101010111110111011101111001001
140
10111101010011000101110101110111010111001110111101
10
11011110011011111110111100011011101111001001111111
28
10111111100001111100111111111101101100111111000111
156
111010111111101100111111011100111011111011101001
1
11101011000111111111110101101111100001011111111101
35
111110111011100011000100110101111010111011111010
139
1011011110011001000001111011100110111110101010101
22
11110111111001101111111111001111011110111111111111
3
1111000011100010010111010111111111101001110101101
136
10100100011111111010001101011011011110111001011110
175
1111011111101011111100110111111111111011101101011
199
1101111111111000111111111110111001111101111010111
88
11100111111111001110100011011111111011000110110000
185
11011111101110011001100111110110111100111101111111
111
11001011111111010010110001101011100011110101101101
121
11010110111010000111110111111111011110011110111011
188
1100011111101111110110110101101101101101000100000
38
10101001100111100111110110100010110101010011010101
160
11100001101001101011111001111011101101101101110101
98
11110001111101011111011111101111110111101100010101
60
1111010100110011110111111111101111010111110010100
195
10011010111111111101110111111111001000110111110111
108
11100001011110111001111001111110110111011111011110
142
10001011100111100111111110011110110111111111111111
43
10101111110110010110111000001111100001101101011111
32
11111011111111111011111101011101111111111111111111
121
11011111110010001110111100110001010110101011110101
144
11111100001010111111110010111100011101011111111111
77
11101001111011111111110110011110111110110100100010
17
11011101010111111111110111100101001001110110010100
84
1100011111111111101110101001001111000110110111101
78
11111011100111110001001001111101111101111001000111
21
10111111001000001111111100111111111011000010111101
122
1110100111011111111111111101101001001111011110011
130
10011111111100111111011101111110101101110100100000
144
11011010001101001111010111101111100111011110101111
74
111010101011110110101111111100111111001011111110
78
11111111001010011110110001010011011110111111110110
93
11101111110100111111111101111111111101001100010111
54
11111110110011111011111011011010111000011011001010
194
1011011111111111111101111111111010011101010111111
5
11111001111111011011111111111111111110101100011101
2
10111110001111011001100010011111010111110111111011
6
11111101111100011011110011100111111010010111111111
157
1111101101110001001111100110101111111110111100011
35
11011001011110110110111111010011110000111011111000
66
11101011110101100110101111011001111111001100111010
184
11101010111111111111111110111110110111111011011111
178
10110010101110111110011110001111111111110111111011
147
1111111011111111110000111110110110100111100111000
111
110000111111001011111111011101010001111110001010
11
11101100111001111100101000110101111100010111001110
190
11011011101101101100101011101111110110011000101011
84
1011110100010111111001111011111010111111111000110
167
1011010010011011101111111001111110011010011011011
160
11101111001111110101111000111110100111111111100101
161
1111011100111001110010111111110000011110110011011
146
1000110011111111110101001101011111101111111100101
54
10000101101110101000111000011101101011110111111011
145
11111111101101111100111111110110100011111101111011
61
11101111111111001111101111100111111111110110101
168
1011101111110101010101110101110000011110111011110
74
11111111111011111111011111101110111001110110001101
172
11010111110111011010111011101011101111011111111101
106
11010111101101011111111000101111010101011111110111
93
11111111011011111011100001111100001011011100110100
115
11011111011011111110111110111111101100010111101111
141
1111000100010100111110001111010111010011111101110
81
11011111010011001101111110101111111101101101110111
39
1011000111001111111111111111000111010111111111101
175
1010101111101010111111111111011000111101100101010
147
11001101111111101011011110111010111100110111110
172
1111111110011111011111111011111110110111110101011
182
10011100110100111101011111111000011100010011111110
27
11101111111111111011111110010110110000010011111110
97
11011010011101101111011111101011011101111010011011
53
10110111001110010101011111111011011001101010111110
182
11101100001111110111001111111111010001011011111101
151
1111111110111111101100011111111011111111101110111
71
10111111101011010101111101111110111100111010101001
96
11101110111010011111110111111100110111101111111111
10
1101011000000101101111111010001110111111010111110
33
101111100110010011011101110101101010010101101011
172
1111111110011100101100000111011101110011111100011
64
10111111110011111100110111111111011101011010010010
144
11111001110001100110101010001101111001110111111110
20
11111110111111111111111110100011011111000011010110
107
11011110111110110111011111111110111111111011111011
145
11101101000011111011111110011111011111110111100110
136
111101100101111110010101101111110011111101111111
156
11110110100111001001101101010001101111011100101001
26
10111110011011110110111111011000111111111100110111
142
111111111100111101111011111011011101111111110001
92
1011101111110111110100110011111111011111111110100
182
11011011111011111111001111110110111000101101001101
19
11011011111101111111111111111110011101011111111111
162
11110110111101011011101110101111001001011111111000
83
1111101111111101110111110110010110111110011110111
32
11101101110111111111010110011101111010110111111111
198
11101011001111111111100111111011011010011111010101
40
11100001111011110101011011011110001111110001111111
42
11111101101111011010111111011101111110111111011111
161
11011101101111110110101111110111111101101011110111
162
10101110101010101010110011010011111101110111111111
135
11010111000110001010101110000101111111111110111000
162
11011011111011100011110101010111100010111101111101
23
1101011001011111110000111110111111101001111111011
57
11001011111000010011111111111011110111111111110001
29
11011110101110000100111110011110001110110110011111
91
11011111011111011000111101100110100011101111011111
109
11101110110111110111111000011000111110111111010011
119
11101001101011100011011100101111110110111011001111
153
11111011101100101011111111011111111111001101100011
3
1101011011111101111111111010111110001111111100001
115
11100111100011111111011101011111000011111111110010
25
1011101011111111111100011111011101110110101000000
51
11101110010011001011111111011111011111100111111111
142
1111001011111110111110101111001000111100111101111
186
1011111010101100000010100111101011111110001111110
145
11110111111011011001011010101111111110011001111111
12
10111100010001111011011100011011111011000011010111
28
10111011111111011111111100101110101111110111110111
70
11011111100101111100011110011111001111011111110111
177
10010110110110101111111111110101110111111011111111
172
11010101011101110110011110001101111101011010011011
143
11011110110101100000110110010011110111011111101000
131
11101111111111001111010010111100101101100111011101
5
11111110111111111111110111100001101111110011111101
95
10010111011111110011111111010110111111010101111101
139
11000100011111011101001101010100011101011010111111
102
10011001010111110110111011111011111110101111100101
86
10111101101111001101111010010101111110111111111010
186
10001010011111111011010010010101111111111010011101
187
1111110101101101111001111111101100100110100111111
150
11011111111110111111001010011000111111110011110111
24
1111111101101100110111101100101111011110000001100
134
110111100111101110100001110101010111111111011110
10
1101111001111001101101111111101110111000111111101
61
1110101111111011011111010010100111010011111111111
176
1111011011100100110111100100011011101010111111010
86
10111110111110010110111100111111110101001111101011
80
11011001111111001101111110101000111111011001001101
149
11110110010111101100110011111111110111111111111000
173
1111001110101011110111111111100110001111001111110
51
11100110101000111111110110010101011110111000011111
159
1111011101011100010101101101111010110110101011110
80
10111010111110010111111011111110011011110001110111
41
11100111101011111111101101111101111111110101010101
36
11111111111101000110110001011110111001101111111110
63
11101111111110111110011111111000011111101111001011
114
10111111011101111101010000001000000110111111011101
152
11101110110111100110111111001110110001110111101011
127
10011110011111011111101110111111001111100001010101
100
11111011111100011011010010110111001111111111111111
74
11111111100111011111110111101111000001111110011111
64
10011001110111110001111110110111000000111011000011
144
1111011000011111011010010011111101100100011100111
180
11111111110111010111010100011111110011100111111001
137
11111000101100001111011101111111111011011111100111
31
11111001110011110111110111001111111010110101110010
170
11101101111110011110010110101011101111110011011101
37
10011100111111100001001111110111111011111111111100
42
1111111101111101011111111100011101111111010010111
133
11001110111111111101111111010111010111111001001110
190
11111110011111011111011111110111110111110111111011
193
11110101111110111010111111011010000101011111011
153
11101001111101011111101011101100111111010111101001
4
11011110101111011110111101111111101011111011110100
78
11011011011100011101100100111010110111111001101101
36
1111111011111001111111111110101110110100011011110
124
11111110111010101001110100011111110011111101100101
111
11111011111001000101011100011110101110101011011001
66
10010111000100001011101111011011101110110101010011
67
11101110110011111011111100111011011111110110101111
145
11101011111111100000110100111110011111110001011011
117
10110101101101101111100100001111000111100111111011
171
11110001110101111111011111101111111101101111111111
65
11101111001000001101010111111101110101101110111111
87
11001001001011001111011111111101011111110111111110
45
1111111000011111110100011011111111001000101101011
111
1110111111101011111110110101100100011011110110111
97
1110101101001111100101110110111101001101011011101
148
1000101111111001111111111010111010000101011111001
82
11010111111101000101111101011111111011111010110111
40
1110011100011011001001110111111101111111111000001
42
11001101111101011101011110001001101101111011111010
106
11110100110101101111011011000110101010101111011111
38
1100011101101010110011111111111111011111010111101
57
11011101111111111111111111011001101111100011110111
133
10010101100111001111100111111111011000100111110111
115
11111111101110101001011111010110011111111010111011
85
11110101111010101100101011001111001011010111011101
175
1111010111010101111111001010111111111111001011111
77
11010111110011110011111010111000110111011011111101
71
10111111101101101110010011001101110111100110111111
175
101111101011111011000110010101110111011111110101
51
11111110101111110111011101111111110011011011011111
102
110111011111110001110110010111011110110101111
167
11111101110001001110110100110111010111110111111110
65
101111111101001101010111111111111111111111111111
93
10011011111110101001101011010000101111111011111001
155
11111100010110101111100110111101110100110110011
168
10111111001110010000111100111111011011111101011100
125
11001101111110001010010011010010001111111110110111
36
11101010011011111100110111011111111001110111011101
127
1100110101011011011011111001001110011100110011011
87
11111100001101111011111001110010101110011001011001
154
11011101001001111111011111110111111011111111010001
150
11111111100111010110010011110110001110110110011111
178
11001011111111111001110011110001101110100111011111
124
11101111101010011111111110101110111111111110111010
162
1101111101111000111011110111101111110011101010100
142
11010111111011010011111011010111101101110111010101
124
11110110011011111111101001111110011010110111101111
139
11110101001011110111110110011011111111000001011011
147
1011111111111111001100111001111111010110010110111
166
10110111110110111101110011001101110110110111111110
1
11110010011010111111110000101001011111111110111001
86
11000011001111101111101011010111110100111001010011
47
11110111101111111110111101110111011101010100101011
21
11111001101011011010100111111111111111100111110101
17
10111111111100101000101110111111111111111111111111
17
11101111111001011110101110111111111111011011111110
50
11110010111101011110111111100111101110100101011111
12
1101110110111111111110111110110111111111101110111
151
1010101011111100111111001011111011001011111111111
155
1111111111011001101111101111101111110111100111001
12
11100010010111111110100011010010111010111101110111
149
11010110111111111111101000111110000101110011001011
125
11111011011001110111010011101111011111100100011111
4
11101001010110110101110101111111100101111011010111
79
11111100110101001111111111100111111111111111111101
95
11111000110111101111110111110001111111111111000011
160
11111110010100011011110111010111111110100110001101
41
11111011111111101101110111110100100010111110001001
136
11111100110111110010111010110011001111101111111011
39
11111101001111011011100111011111101111111011111110
5
11111011111000110001101011110110111111111011111110
148
10111011110101001010101110000110100100110110011110
9
10111110111111011101101111011110001111111110100110
53
111100111011011000110111000111101111010000011111
117
11001110011111111111110111111011111110011101111111
138
1011111100101110111011101101011100111101111101
37
11010011101110011111110111111001110011111111111110
140
110011111111110011010101111011101111111101111111
92
11110111010001100011000111011010111111111100111110
162
10001101000111111001101110101101110010111111110100
25
11101011011100111111111111101111101100111111101111
5
111101011110111111110101001101111010101011111010
81
11110000010111100100111011101111001101111111110011
68
1011011111100111101100110110111011100111011011100
86
11111111011111111110111111111001111011001011111110
28
11110111011011110111111111100100011011001101111011
14
11111011001111111110111111101001100110110011111011
27
11111111111111011111111101101110111111101000110011
30
1111111001011010110111110001110111011110110011101
78
11011110111101101111110010111111111011011011011110
88
1111101111110111101101111111010111111001101011011
131
1011011111111111110011100001101111011101111011110
166
110111111111001011111100110110000010110111101111
96
11011110111110101110111111011100011100111100101111
31
11010110111111101001011110011111111100011111101111
178
11111101110111101111111011111101101011110010101111
56
10001001111011110010110101111011111100100101100111
83
11001101001101001011100111010001011111110111001000
175
11111010011011111110011011001110011000011111111100
21
10001110110111110001111011001101100111111010110111
38
11010011111110111111111111111011100111111111111101
31
11111110101111110010111011111110111011011010010101
173
11110101111101111011011101001111110010101101100110
140
10111110111111011010011011111100100010001100111111
28
1010111111011101010110010010110010111111001001111
178
1111111110111111011110001011111011011001011111001
151
11111100111111011011111111110101110011111111010101
72
10011010111011011101101100111111011101111110101111
13
11100001111110110111110011111100111100011001011111
117
10111100001111110101011111110101101011011101011111
191
11110111110101111011011011111110011011001010110100
185
1110110101011011111001000111010011011111011000111
80
11110010111111000010011001001101010011111110111100
14
11111101111110101111011101011110110111011111111111
80
11110001011100011101000111111101011011110110011001
1
1111101101000001111011011010011110111101100111101
85
111110110111011010110111101010111001101111111111
37
11101011011101111101111110110110011011110100100111
60
11110111101011111011000110111111111110101111110011
182
1111111111110001011111111111110010100110111011011
30
11111000111111111111100000011101001100101111011000
71
1010010110111111010101111101110101001101110101111
110
10111110111011111111000110111011011001101100011110
34
10110100011111101110111111111111110101111100011101
64
10011011010111111001111100111101011011110100010010
135
1001111010011111100001011100000111111111110111100
71
1111111011111111010011011111110011110011010000001
95
11101101011111111100110100010111101000110001101111
180
11111111110111110000111101110111111110000111110111
152
11111111100111101101101101100111111110010111011011
67
11111111111010010101101001110111110010110001110111
119
1011101011111111101101011011101110100011011111111
128
11111111100110111111101100101110110011111011100100
120
11011111110100110111011011101101011111111111111010
20
11010111101011111011111101000010111011101110111111
154
10001111111111111101010111100011110100100011001101
1
11110101111010101101001111001111001100101111011110
113
11011110111111101111110001011111101010100101111101
92
10011111111111011101010111111001011111011111111111
160
10111111001011101110011111100101111001111110111110
141
11110110010100110111100001111011001101011111011110
56
11111010111010111111111111101111101110111011001011
51
1011101101000111011100010111010001111111010101111
149
111011100110011101111010110111111100011010111111
120
11101010111101011100111010100101110111101111110110
195
11111111110101111111011011001001111111011110100010
99
11111110111011101111111111101111100111011011010001
45
11111011110110111010101010111010101001110110110100
65
111111111101111001111001011111011111011111111011
22
10111011111111111111111111101000111111011001111001
178
1011111111111011111111101111111001001001111111011
62
1111111111110111110111010110111011111111101101011
49
101100101001011101011111111111001111111010011111
93
1111100111101001001111010110100001110100001000111
100
11101001111101010100111101001011111011110010101010
25
1011111001100011001110010111111011001000111110111
169
11101001101101111001111110111111100111110110011111
133
11100010011101000111101111010111111100111011111111
48
10111111101111101011111011111000111111111101001001
184
10101111111001111110101101011011001001011011001111
123
11001101111011111111101110111011110101111111101110
178
11111110011110111010011101101111111011111011111111
87
11001111101110111010111010110101101001110110011100
64
10101110111101011101111111111110110111011111010110
31
10110001111000110111101011110111111000111011100011
25
1111101111011010100111111111111111010110110000111
45
11101111111011110100111111111111111001110001111000
91
10011101101110111111110110111010111111111111100111
144
1110001101011110011101111111110110101101110111111
146
10101101010000111101100110111101110111001111111110
108
11011100001110011111101011111111001101011111111111
197
11011001001111111111110111111011011101110111111011
166
11011111011110001010111111011111001011111101110101
102
10100110111100011111010100111111111101011111111110
159
11110110111010111111110111011111011110011111111011
153
10110110101000101011011111111001111110111111100110
178
1111101100101110111101101011110111111111000111111
164
10001101111011111111111111111110010111101111011011
112
10111111101110011000110110111110111101101011111010
132
1001011110111011111111000111111101111110001110111
174
11110110111110111011111111011111100111010110011111
170
111011111110010011111111111010111111101101010010
106
10111111101011101101100111111111111111100011110111
184
10110100110011011111011111111000110011101111101110
29
11010101111011010100111110110101101111101111110011
157
10001111110001101111011101001111111101101101011011
79
10111101111101111110111101110101111101010011111111
116
10110010100101010111000101010110100100111100110100
173
11111111100010101011110000001111111010111011111111
197
10110011001111101111101010110010110010011111111110
131
11011111011011000111001111100111110110011011111101
6
1001111111111010100011111111111111111001110010001
11
11111110010110010100110010111101011110110001111111
110
11010110110011101111011011111101111111111001111001
2
11111111111101101111101101110101111011001101000001
97
11110111111011110010101111101111011101100111111111
109
10101011111100110110100110111110111111110110011010
106
11110101111101001010111110101111111111111111110111
46
11110011001111010111011011111101111010101111111110
88
1111110111110101011100011111111111011110110111011
124
11100111011110110101110100010111111110110101110101
89
1001111111001111111010011110101110000111111111011
152
11111111100100011111010111111010111110010001011001
60
10101111110101111011111011100111110110110111111111
4
11011111000111110111101111000110110111111110111110
128
10111111111111110011100101010011101111111100000100
80
11111001101101011000011111110111111111001001001111
111
11011110111110110011001110111110011101011110110101
62
11011111110011111101111111011101001111011101101110
61
10011101111111101110110111100101100000010110011111
90
10101111111111100001011110111001010011011001111011
125
11110011111111111011110110101011111011110110111010
142
10011010111111111111110111111111001111111011001101
33
11111111110111111101100010100111011111011111101111
52
1111101000100111101111111011110111111111111100010
105
11110111101111100111110011011011111111001100010110
4
11101111111111011111110111111110011110001011101110
134
11011111111111110111011111011111111011101111111011
37
10011111101111101101111111011110111110011110011001
17
11010110100101111101111100110100101111111101010110
106
11111011010100111111011001000111111001011111101010
33
11011101010111111011111011111011100101111111111011
135
11001110111111011111010110111110111111111011011101
14
1110110101001011101110100010100001111111101110111
111
1101101011111111101001101110011110111111011111111
25
11101111011100000011100111110111111001101110101010
189
1100001011011101011101111101001111111001011101111
47
11010011111110001010011100011100111011111101011111
142
11010110111011111111111110110101111011110001101111
23
10111111011101111000011111101100011101110110110101
161
1011011101111001111101100111010111001111101111110
24
10010001111100111111101111111111000100101010110010
196
11100111001111110111001101110011101110111111111101
64
11011101111001111011011011101011111101101110100011
142
11111011011011100111110100100001011010111110111
34
1111010011001001011101011111111111110100011111001
151
110111111011011011111101101111100110111000111000
32
11111011111000111000111111111011101110111111101100
144
10111101111001011110000100111110011110011101111101
169
10111111001110111110001001100111101101011010001001
179
11110110111110011111100111111011111110010111111011
60
11111111111000110111110011111101111110110111111111
52
10101111111111101111111101000010111111011110101101
156
11011111111101101011010111101100001110101010111001
132
10111011011111011001101110100010100100010111100001
108
1111101111110111011001111111111000001011110011110
167
11011011011111110010111011111011000111010100011111
101
11011100011110010011011111110100101001000000110110
39
1111101010110011111111111010010100111111111100111
158
11110111001110111010011110101111011110110001101111
71
11110100100100011011110111101011011111111010111111
98
11010110111110011011011111110111101111011011111001
153
11001110111110011110111011100111010101110011101101
127
1011110111111110101110101011101110011101111011011
142
11111111111111111111111100011101011111111111011110
118
11111001110011101111010011111111111011001111100111
106
11110111001101111001111000101100111010111110101010
155
1100111000111110011101110110111101011011110111100
196
11111101110111011001111111111111011111111010011111
19
1111010011111111011111001111001011111001111100111
87
11010101000110011110101111111111100011101011101
44
111011011111111100111101001001010110110111101111
68
1011000010111101110010000110111111111101101110
180
11101110001101110000111111101110111000001011111011
171
1110001110011101011111111101101111111111101101111
44
11011101110100001111111011111111101011110111001011
95
11111101101011011111101001111010110110111000110111
116
11111110111111101000101000000110110111011111010011
178
11111111111111011111111111111110100100010100010100
65
1010101101110111101000000011111011111111100001011
6
110111111010111110110010011110100001111110110110
133
11100010111100110101011001001000011101100110111111
70
11111000111011110110011110101011101001101101010111
145
110001000001101111100110110110011110011111110111
78
11011001111111110001011000110011111011111100110110
71
10101110010011101110010111000101101111000100110111
171
1011110101101011000000011100100011111110111111101
88
1111110111111011101011101011111110101101101010000
149
11001111100000001001011101101111101111110101111011
141
11011111111110111100111111111110011101101101011001
138
11010001111111101111111000001110101001101101001010
98
11100111010010001110011011001110001110101100001111
4
10101111010111011000101101100011011111111101100
89
1101110011110101111001001110110010100011001011111
111
11110010111001110101111111110111111111101111101011
3
10111100111011111110101011001101111111111111111111
17
1101011001111101010111001011111000010110110011110
58
1011110011101110110011111111111111110010001011111
87
10001101010101100101111111101110111111010110111001
41
10000110101011111111111101111101111110111100001010
7
11111111110111111111111101111111111010111111010111
120
1011011111001101011111111111010100011010100011011
95
1101111101011001110011110011101110101101011101111
4
1000111111001001101110011010000111001011110110111
27
10101011011011110110101110111111111011101111011110
152
11101010111111001111101111011111111111101111011111
25
11111111011011011001001111111011011111011011001011
64
1101011111111100111111110111110101011111001101110
188
11111110110110111111101001100111011111100101111011
143
1111100011110011000110101100111110110100101011100
142
1110001011101111111100011011001101101111010011011
11
10110000111011111111011111100111110110110101111000
146
11111011111101011000110001101010100100111000111101
166
111111101111111001010111101111110000110100100001
179
11000111111110111011111111111110111101111100101001
170
10110101101111111100111111110111100111101111011110
195
11111100110110001010100101101000011110011111011111
78
1110101110111100111111000100110111101100110010111
1
10101111101011011110110001000011011010111111010010
157
11111011001110011111111101111111011011011111111111
82
10111101011100111110110110111111001111110111111111
76
10111101111101011101011001010001101111010111110110
121
11101011111011111100111101110110101010110111000110
161
11111001110110010010101111110000110111110001111101
129
1111111110101101110101111111111101101111011111111
169
10101011100110111111100111111011010111001100111011
134
11111111111011111110011011111001100111111111101110
87
10010111101111010111010111011111010011111101111100
164
11111011110111111101010111111101010110111111011111
71
11111010111010101110101111011111100011111001111011
143
1110000011111110111101110001101100101111010101011
192
11011100111111010110001110101111110011101000101111
159
11110101111110110001111111110110111100111011010111
154
1111111010111101111011011111010010111001111101011
14
11111110000111011101110111110011111011111110111101
31
11111101101011000101101010101000110110111011111101
80
11110111101110001110001011010001011111111111111
8
1100101011001111111111111111111011101101111111011
198
10001110101010100101101001111100111001011011111110
25
100001111111011101000111111111111100110111111001
141
11011111111111010111111011101111101101011100010010
71
11000111111011011111101011101011011011111111110011
63
11111101111010110011011110101111101011010111100101
113
11000100111110010001111111101110000111011100110001
22
1000011111111000001001111110011001111000111010001
49
11010011010111100000101011001111111100101001111110
57
10101101010111110111110011111011101101111100001111
2
11111110001010111011000110111111111101101111111110
154
10111001111011101111111111101011111111011011101
131
11111001010101011101110001110110001011101111011111
156
11111000110101001111110011001010101110010111001001
15
11001111000111101011111111100111101000101001111110
96
11110111011010111011010011100111111001111101101110
197
11100111111111111101111101110111110111101110101111
146
1111110101101001101110111001111101100000001111110
112
10111011101101011111101011101111110111110111010000
181
11101101111111011101110101111010011111111101101101
72
11110100110100111011111101111001111110110101001111
170
1011111111011101110111011010110010110111101111011
200
100101010111101101111001110110101111000011111100
117
1111100100111100001111110111101001011011101111111
114
11110100111111110111001101110101111001100111111000
19
1111001111100101110111101101011000111100011111110
21
11010011111111010011111111101111111111111111111101
143
11101011010100111110111111111110001101110000010011
88
11011000110001111100111111111101001001111110011011
135
10111011010100101111111111111001011010111111111101
39
1001111100100001010010011111110111111011111001111
93
11101010111010111011111101110011001101101101000100
157
11101111100111011011101110011101110100111011101111
66
1111111111011111101010101101001111011111111100101
126
11110110100111110011100110001110010101011111110111
134
11011111010111110111101110101111111111100011111100
30
11001110011111101100011111111001000111110110111111
1
1111111100110111111110101111011011011111111111010
170
10001100111100111111101000111111111111011010010110
27
11111101110010111011101101101101111110011010111110
98
11100111010011000110011111111011110010101011110011
122
1111001100011110000111010001101011111001110011011
46
11001111111110010011111000111101011111111111100110
40
10100111111001010101111001011110111110011111011101
73
11011011111011110110111111110111100110111101111110
102
11011010011111111111011110010111111101111011101111
74
10010111011001010000111010110011111110111110111111
130
1101111101101111111111110101111100111101111011100
90
11110001101111110111111110101010110110110101111011
117
10111010011111011101111001110111110101110110110000
101
10111011111100111110101110101101111111111111110001
175
11010010111101100011101111101100010001011011111110
179
10001100100011110111101111110101011101011110011010
34
11111110100111111110101111001001111110000111100111
31
11011101110011010111111110101101011000111111110100
156
10001110110110111101110111010111011011011111110101
13
1011100010100010101111111101110101111011100010110
14
1101110111110111101010101100111110111111110111101
139
11011010111111011110110100111010101111111111111111
99
11101001011101011001111111111101111111100111011111
53
1111000101110111101111101111110101111100111110111
23
11000100110100111100111111111011111111001001011101
14
11110010100111111110001110111011111110011111111010
102
11101111111011111111111011101011010100110111100100
120
10111011111101011000011011111101001111000101111011
84
1101011111101001111101010111110111010011110110111
179
10011110111110011111110011111101111001011110110111
125
11011111111100010000111010100111001101110111111100
99
11101011111010011011110111010101111001011011111111
23
1100111110111010101100111110110111011001111111111
175
1011111111011011110110111110101101001111111110011
41
10111110111011011111111111001111011111100100011101
18
11111001010101110000001111111111111101111011101010
185
11111101110111110100101010001011111011011111101001
149
10110101110011010100111111111000011111111111011000
25
10110101001111110111101001011101111100011100111101
183
11011111110101011011101101111011011101111110000
181
1011101111011110101101110111111110101001010111110
193
11101111111111110101011110110111110010101111011
129
10111111110111111100000110110101111111100111011
54
11111111011100000101111111101011100111010110111111
178
10101110111010111110111011001111111110011111111111
16
11110110011111101111111001111101111001000011111101
144
11101110111011001011111111111111011011011000111111
80
1111001101110111111111111011111011101000101111001
143
110110111110001110111011100111111001011111110011
51
11111010111111111100111101100111011001111100101110
104
1110100011100111101111110111100101111100011111111
164
10111001111111011111011011100001111110111101111110
89
1000011110111101111101010110111111110100100011111
148
1101101000100011111111111011011100101011111100010
136
10110111111111011111100111111011011110001111111110
7
11010111011010011010110111000111101100111011000000
152
10101011000111101111111111111011011111111111011111
167
11011111101101110111110001101110111111101111001111
142
11111111011101111111011101111011110101111001110101
106
1111111001101101001101010111101000111111011010011
41
10111001111011101110010111111111101101111100111101
128
111111100111111111111111101100100011110111111111
176
11001111100101101010111111001101011110111100000101
43
11111111111100011111111001111111011111111111111111
1
11111010111111111101111110110011111001110111111000
105
10111111010111011101111010000111111011101111011111
124
10111000011100110100111010010010011111001011011000
147
11100000100101100110100011101110111011011011110111
112
10111100011111001010110101111011101011111110101111
80
101111111010111101111001001111111011111111000010
133
1111111100110110110111100010110101111111010111111
42
1111110001111011101111011111100110111100101111111
143
11110111110111011011001011110011010000101010101111
98
1110111111110011101100111111011111011110111100111
95
10111101111111111111111111011110111100011110111111
198
1111111100011011011000110111111011010001011111111
99
11011001111100101111110100101111000111101101101110
55
10010111111011111101111001101001011111011111001101
151
11111011101101001101101000111011101001100011010101
147
10110111010111100111111111111011101111101111011000
95
11101101111111101011111110001111110111111111111011
8
110111000111101111110111010110101101101110011
51
11110110111011101011011101010111011111110101111110
1
110000111101001010111101110111111011101111111101
137
10001011111111110100001110011010111111111111111111
1
11111110011011100010111111111001010111110000111
186
11111000010100011101001111110111101010011110111110
9
11110111011100111111111110111011101011100111111010
176
11111111001010011101011011101111101010011000110101
28
10011110111011101111110001101110011011111111000110
188
11111111111111101011000110100111011000110000111011
154
11111100100111111110010111101100011011010110111100
110
11101111111111111111000111011101100000011110110111
118
11101111111001110111011101100101111110010111010110
39
11111101011110110101111101111111111000111111111111
197
11011110101101111111111111111110011111011111111111
157
1101111001111100011111111010011111111111111101111
116
11111100110100100100010111101110011111111101011111
29
1100110110111111001101100000011111101101000110101
48
1101110001101111111111011011111111011111110100101
114
11101110101101101111110011111011111111011110010011
43
1010111111011011110111011011101101111000011110101
167
11011110101111111111110101110011111101111110111110
125
111011110110111110111111011101111110010111001001
118
11101110111111100111111111010111100101011110011110
34
1110011111111111110110111010101111100111111011101
168
10010110100111111100001110111101111111011111110101
159
11011101111001111011111100110110010011101011111011
45
1010101011101111100101111100111110000010001111111
136
10100110101011111111001010100111110101111111110011
56
11101110101011111110111010111101111011101111111011
106
110110000011110111011111111000011001101110111100
137
10110100011111001110110010111000110111111001111111
23
11010101111111110011111101001111100011111001101010
194
10100011101010111011111010111101111111010111111101
30
11111011011001111111001001110001111001101110101111
134
1010110111111011110110101100111111101111110101101
75
10100111100101110110111100111111010101011111011011
46
10101110110110101011111111110010110111010110110101
159
10010110101111111101111111111110111110100101011101
16
11101010001100111111111110010110010111110110001011
168
11100111011011101101011111010011010010011001111011
199
11111111011011111011011111011010111011110111100011
108
11111011101010110110001000110111101111110111011101
16
1011110111101111111111011111111101100111011111011
112
10010101101001100101111011000001000111111110111011
118
11111111110111111111101111111110111111011011111000
77
1111111100111001101111011111100110111111110111011
65
11111101111111010111111110011111010111101110111110
52
11011001010101100110010111100011111101101110011001
37
1111011111111111101101011100111111011011010101011
46
1111110010110101111111110010011001110111110111111
58
11101111111011111010111111111110101011100100110110
104
10101011001010111111111101011111110011011111110111
151
10010111111011101111011010111111111110110111111110
15
101111011010111110111011111111001111101011011101
158
11111110110111010111111111110111111110111111101101
73
11111011000111010101111111111011101011010101111111
63
10011111111001010111101101010100111101101111001011
76
11011100000111111111011111001111101011011101100101
78
11101110011101110110110100010011111011111010010101
89
11011110111110010101110111111100101000001110011111
58
11111111000111111111101011011110111111111110111111
103
11001101110011110110100110111101111101001111110000
24
10101100101110111000111011011100111110011100101011
3
1011011111111101110111111111100011111111111011111
183
11100100011111111101011011101110111101110111111111
60
1100001101111110111111011111101111011111110010111
133
10001100111100011101111111111010101111010110001010
37
11001101111010111000110101100101111111110111100000
141
11011110001101000110111110100110000110111111011111
129
11101101010111111101111101010111111011101011001110
163
1010101111011011000001100110111111011101011111111
6
11011110101101110100110111111111011101110111111000
15
11101101111100111100101010011001111111011110011111
133
11110011110011111011110111101110101111111110000011
29
11101111010010101101000011010111100110000100100111
94
11111101110101011000100111111111010111101011001110
2
11111000001111111101110101111001111101111010110111
132
10110111101110111100100111100110110110111011111111
187
11101111100111111110111100000111111011111111111011
131
11111111111010011111011011001111101011011101111011
112
11111001101111110010010111101111011101101010100100
81
1111001011111101111010111110111111110111011100111
136
11111111111101111110101111011010110111111011110111
182
1111101111011101101110111111101011100111000100001
48
10110111111111110101111111011110110011011111110111
55
10101111011111101010011011111111011011010111111111
111
10100010001110110111001110011101100110100001110011
196
10110111111110110100110110101011011111011110101011
38
111111011111101101010100111110111101111011101101
187
1110011010100101111011111010111111001110111001011
38
10101010011111010101111100111101011111101011101110
64
11011001001110100010101111001011100011110001001
149
11111110110101011001111110111101101110111110111111
33
10101101101110011101010101001101111101100110101111
73
10010110110010000011011111011101101011010010101010
4
101111010111101100111101111110000111100111111101
77
11100100011111011110011100010011110001111001001101
41
10011101111011001100001101110100011111001111111011
15
11111101110110111110011110101110110110011001010010
161
11111111111111101110111111111101110011111110011010
92
1111010111111111101111111011111111111001110110110
79
11111101101101011100011011110011001011111010011011
2
11110001101010101110101101001011100110010011011111
44
11110011111011111110010010100111111111110111011101
170
11101011011011111011111001001110010111110110001011
163
11110111011111000010001100111111010011101010111111
124
10101100111111100001100011101110010111110001111101
196
11111110101110111101010011111101001111110111011001
113
1111111101111110111101011011010110010111111100010
56
110011011101011111101101110110111011111111110100
88
11010111111101111101111110010111101111011101011001
62
111100111111011111101001111101001111111100111111
153
11111111111111111110110110101111110111010111101111
85
1001110001101111101001111010111111001011101111101
192
1111101111101111101011011111110111101111111111110
187
11001111111110001110110110110110011111111111000111
199
11011010011011101101111111111110111111101110111
164
11111011111111111111010111011101011111001111111111
46
11011010111011100011100111101111111101100110000110
66
11101011111011110111111111110011110111111110011101
105
111110110110110110101111111110111101111000100101
162
11001111011011101011101101011010011011101011101110
151
11110010001101101011111010111010111111111111001110
49
10011110001111011101011010100001111011101111110110
169
1111110111001111110111100011000111010011111100001
196
111101101001011111111111101111011110101001010111
46
11011101111011101110001101100101101011001110110111
103
11011001001101010110111011100001011110100101010110
142
10110011101101110011111001111100010111011110111011
39
111110011111101111111111101111110111001110011101
84
11111101011111110111011001111000101111111001011
124
11101011110111111011111101000101111111111101101111
73
11001111011111000111100111111010001111000111101011
194
11111111011111011010101011000111011111111111111111
152
1011111101011111011001010001011011101011010111111
161
1011110111001111011010100110000011101000111101101
30
111111100110110010100111011111111111011010111111
200
11100111011111111010011101111101111111111100100110
23
1011011011110000111100000101111100010111111111101
96
11111100111111110101011111011111111111110101001011
76
11011011110100100111010100011011011101000111011111
175
11011111101101100111110101001101110100100111010100
19
11011110111011100111001110111111111000111011101101
65
1111111011011001111010111111111111111110011101111
172
11111101111000110101101111011011001111110011101011
155
11010011011110110111111111101111011101011101101111
180
1110101000100110111110111100010111010111111000100
16
11111110111101110110111011111111110111100011100111
63
11111101001011010101100101111100100111000101111001
64
1111111000000011111011111101001111011111011101101
81
11110111110111110110100111111111110001101101101011
180
11110111110101011010100111101110111110011101101111
171
111101111011011101110111111111110111110011000011
101
1100110101101110001011011111000111111111110110110
124
11011111111101111001011010111101111111101011001111
152
1111111100010111011101100110101111011111111011011
60
11011111011111001001111101110011110111110111101
15
11101011001111011111111011001111110111110110111111
63
11000101011110101111111100010111101011110111111001
81
11110111101111011111111010111011111111010110111110
36
10111111001110001111011111011111001110101010111110
29
1110111101111111011110011111101111111101011101101
30
1101111111111111010111001100101111101001001110111
68
1110101011111110101101111111010000111101110001100
193
11111100001001111110111111011101101011111001110110
195
11111111011011101110101111110010000111100101111
4
1111001011111110111100101001100101110111111101010
103
11011101011010110101110111111101011110111111011111
191
11111110001001111111111101101111101101110110011100
127
11001111111010111110111000111111111101110111101111
142
11111111110111001011010110111111111100111001100110
128
11110111111111111011111010111101100111110111110010
159
11000000111111010110111001111110011110110111011111
123
11100111111111101111101011100101010110010101001110
58
10110001101111101111111110011110111101001100011110
178
10111000101110001110000111111001101111111011011111
143
11110011111011101011110111111011111111000011110101
120
11011111111110011111101001111011111101110111111001
167
11111011011010101111110111110111111110101111011011
67
10111010110010100011111111111111100111010111111100
72
1111100000011010110111001111011100110011100011111
70
1100011100001001111010110100110011110001111100011
160
11111110110011011100011111111101111001011111101011
165
11011001011100011110111000111101110111111011001101
115
11111010000101100111111111111111110111110111001111
129
11101111110110110001111110111101011111111111011111
57
1101111111101011101011111111111110000101100010111
91
11011110111111011100111111111101101111010111011100
190
1111111100111000100101011101111100101001011110110
50
111011001001000111011011111001011111111111010111
175
11110111110111111111110011111101001000011111111110
65
11111010101111111001110100011100110110111101000100
27
10011110010010101110111111011111110111111100111100
156
11101100010101111111111111111001111110111111100111
67
11000101101000110111011011111101110101101110111011
149
10111111010111010110111111111111001111011100111101
58
11110011011100100111101000111101101111110110010110
153
10011011111111111111101111011000111111011111110111
128
1011111110001010110111010111101110101100110111011
18
11011111011101101101101110001101111011110011110011
68
10001011011101110101111111101011000011001100110100
37
10110001001101011110111011101011011111001101101010
33
10111011100111101011111100101101000111101001000111
43
11101110101001111110001111101111011111011010001011
140
1101111101111110101111101011110011000111100100101
191
101101110111101110100110111111011011101110111101
64
11111111001110111010111010011111110101011010111101
9
11011111001111001101101001100011111110100011111111
155
11000111101100100011011111101111001111110111001111
115
10101111111101101111111101101101101110111110101111
38
10100101001100111111101111011111111011111110100111
157
10011111111001011110010101110100111010010011011111
144
11111001111111011011100111110111111110100110101111
107
11010101111110111011111001001101010111101111011011
45
11111110101111101000111011001101101011010001111110
11
11110111111001101011111111011110011011110111011101
121
10111111110111111111010111001111100010101110110101
175
11110111111110101111011011111111000101111011100001
198
