50 100
10000000000010001011100000010001000000000000
191
1000000000101000000000000000001000000000000
148
101001000000001000000010000000000010000000100000
69
100000000001001010000000000001000000000000000000
83
100001000000000000000100000001010000000000100010
84
10000000000000000000000001000000000000000
97
1110000000000000000000000100010101000000000000000
186
1000000000000000000000000000000000000
63
1000000000100000000000000000000000011000000010
111
1000000000000000011001000001000000
166
1000000010000000000000000000000000010
102
1100001000000000000000000
28
1000000000000000100000000000001001
1
1000000000100000000000010000000100000000000
78
1000000000000000000010000000000000
135
1010110000000000000000000
116
100000100101100000001000110000000001110000000
100
1001000000011001000000000000000100000000100000
7
10000000000000000000000000001010000000
17
10000000000000000010100000000000000001000000000001
38
100000000000000000001000000000000000100000000
104
100001001000000000000000000000000000100100100000
2
10000000100000000000000000000000001000000000000000
23
1000000000000000000000000000000100000000100000100
182
1000000000000000000000000010000000000000000010
166
100000000100000000000110000000000010000000000000
24
10000000000000000000000100000000101000000
6
101000000000000000000000000100000000000000000
8
1000010000000000000000000111001000000000
133
1000100000000000000000000000000100000000010
40
100000100000000000100001000000000000001000001000
200
100000000000000000000000000000000000000011
159
1000000000000000000000000000000110000000000000
158
100000000010000000000000000000110000
5
1000001010000000000000000010000000010
121
10000000000100000100100010000000000000001001
38
100000000000100000000000000000000000100000000000
192
1000011000101100000010000000000000001000011
130
101000000000000000
80
100000000000100001001001001000000000000101
135
1000000000000001000001000000000001000000
60
10000100010000000000000010100011101011001000000001
145
100000000101000000010010000001000000000
63
1000000000000000000000
91
10001000000010001000000000001100000000
147
11000010000000000001000010000000000000000000000
90
100010000000001000000000000000000
25
10000000000000100000000100000000000100010000000000
94
1000000000000000000000000000000000010001000000
183
1000000000101000000000000100000000000001000000000
72
10000000100000000000000000000000000
118
1000000000000010010010000000000000000000000000
57
100000000000000000000000000000000001000000000
152
1010000010000000000000010
17
10100001000000100000010000000001100100000001000
111
1010000010000000100000000000000000000000000000000
159
10000000000000010000000000000000000100000000
33
1001001000000000000000100100000001
158
1000000000000010000000001000000000110000000
170
100001000000000000000000000000010001
84
1001010000100001010000000010000000000010000
159
10000000000000000000100000000000000000
19
101000010000000001011100000000000100000001000000
122
10000010100000000000000000000010000000001000100
129
1001001000000000000100000010000000010
130
10000000000000010000000010001000000000000000000000
129
11000001000000010111000000000000000000010000
60
100000000001000000100000100100
97
101100000010000000100000000100000000
186
10010000000000000000000000000010000000000
110
10001000010010100000000000000000001010000010000000
150
10000000000000000000001000000000000100000011000000
161
11000000000000000000100000100100001000000010000000
148
10000000000010000000000000000100000000000000110000
136
10100000100000000000000000000000000010000000000
165
1000000000100010000000000000000000010000000
127
10010000100000000000000000010000000000000010000000
107
100000001100000001010100000000010000
200
10000000000000100010010000001000000000010100000000
57
10000000100000000000000000000000000000010000110
68
1001000000010000000000000000000110000
21
10001100000001000000000000000000000100000000
108
1000001001000000000000000000000000000001100000
166
1000000000000000001001010000010000001001000
51
1000001000000000010000000000011000000000000
191
1100000000000100000100000010000111000
157
10001101001000000000000000101000010000000
47
1000000000000000000001000000000001000100000000100
49
100000000001010100000000000010001000100000000001
19
1000000000000000100000000000000000100
16
10000000001000000000
66
1001000100000001000000001000000000000000100
74
100000100000010000000100010001010000000010000
162
1000000000000000000000000000000000000100000000
54
110000000000000001000000001000000000000000000000
34
100100110000001000000000110000000000000000100
168
1001000000000000000000000000010000000010000000
47
10000000010000000001000000000001000010000000000000
174
100010000100000000100000000000100000000001000000
181
10000100000010000000000000000000000100000000
168
