50 1300
11110111111110111011111011111011110111111111111101
191
10110011101110001111111011011101111111010101110101
148
11111111101100111011000011111101001111100101100111
69
1101101010111111111010111111111111111110111111101
83
11111011101111101011111100110101011101111111111111
84
111111111100110111111100111011111110101011111110
97
11111111110101111111111011111110111111100111101001
186
10000111101111111101111111111011110011110111111110
63
11111101111001101111001111111011011111111110111111
111
10011111111101011111011011111010111011111111101010
166
11111011111101010111110111111000110111011110110111
102
11101111101110111011111101101011011111100111101111
28
1100111100110011011111011011111110101101011101011
1
1111011111110101101111111011110111111111110011101
78
11010101111111101101110111101101101110011011111101
135
11001111111111111011110011110111111111111111111111
116
11111111111110101111111101011111111101111111110111
100
11111011111010111111111110111010101100011100111111
7
1111101111110000011110101110011111111111111111110
17
11001011111101101011101111111101111101001111111011
38
11010111111101111101111101101111001111101101111011
104
11111111011110101011110010010100010110111111110000
2
11111111111111111111111110111011111111111111111111
23
11111010110110110111101110111111111111101111010101
182
10101101010111101111111111100010011111111101111011
166
11101111111110011111101111110010111010111111111011
24
1111110011011110101000111011110111111111111011111
6
11011101011101111111111110111110100001011111110101
8
1111111101111111110110111010100101111111101111101
133
11011111111111110101111111111111111111101110101111
40
10111011101111100010111101011100111111101101111110
200
111111110111111111101101111111110101010101111111
159
10011111011011111111111111001001111111111110101101
158
1111111111001111001101111010111100110111111110111
5
11110011101001111101111101111010100111111111011111
121
1111110011011101101111100110010111011000110111101
38
11110111010110111111101111111100101111110111101110
192
11111101101111011111111011111111001011111001011111
130
11001010111010010000101111101001111110101011011111
80
11111001111011111111101111111011111111111101111101
135
11101011111110101011010111111111111011111101011111
60
11111110111111100011111010111011111111111111000011
145
11110111111111011111111111111011111111111111111101
63
1111111111101111111010111111011111111110111110111
91
11111101111110111111011111011111110101111101111111
147
1111011110110111110111111111111111111011001100000
90
11111010101110111111111111111111111111110101010111
25
11111111101111110011001111010110100111111111110011
94
11111111010001100111011001111111111101110101110110
183
11111111101101110111111010100111111101111111011010
72
11111111101111111110111111111111011111010101110111
118
111111111110011111110111010111011110010101110101
57
11111110101111001111011111001111110111111111111011
152
11011111111110011111111011111111011111111110101111
17
1111111111111111101011010111111111101110101111111
111
11011101010111110110111111100111111101100101100011
159
10101111101110111111111111001101100111101101111111
33
11010111101110011101111010101100011110101111101101
158
11111111011101111111111111011111111111101111011011
170
10110110111011111111101100111101111101101111110111
84
10111101111110111111011110111010111111111111011001
159
11110111111111111100111111111111101101111101101111
19
10111001111111111111111111111100111111011101101011
122
10111111110101011011111000110111011110010111111101
129
11111110111101111111111111000110101111110101010111
130
11111111011000111101111111011110110110111111011011
129
11110111111111101011111111101011111111111011011111
60
1111111100000111111101111011101110111110001111111
97
11111111101110111110111111111111111011111111000111
186
10011111111011111111110011110111010111111110111101
110
11101011011111101111111101100111111111110110011110
150
11111000101001111110011100110110011111110011011111
161
11101100101110011001111111110111111111111111111111
148
11110111111110101011111111111100111111100101111111
136
11111100111110111111110111111111011110111111111101
165
11101111011110101100111110111011011011101111111111
127
11011101111111111111111100111110111110111110111111
107
11110010100111111110111111110111111110110101111101
200
10010111011111110010111101111111111011111111111101
57
11011111111101101011110111100111001011111111010111
68
11111101111101111111111111110101111101111111111111
21
1111111111101111101101111011101111111101111110111
108
11111100110001101101110110100111111110110111011111
173
11111110111111111011111101101010111110111011110110
166
11111101111111011011111111111010111011011101111011
51
11111111110111111111111110111011011011011110001110
191
11110010111111110100111111111111111100111101111111
157
10011011111011111111111111111111111111111011101111
47
11101111000110111111111101111011101110011101111111
115
11110010111101101110111111101011011110110011111111
5
11110111111111111010111111111011101100111110100111
54
11111110111111111111101111101111111000111111111111
187
11110101111111110110111111101111111100101101101111
66
11110111111111111101111011111111110111011111111111
74
11111111011101111110011100110110001111111111111010
162
11111111001110101100111111101110011111111111001110
54
11111110101110011111111111011111111100101100111111
34
11111110111111111011011111011111011111111111111110
168
11111111111110110111101111111110111100111111111110
47
11111111111111101111110011111111111111111111001011
174
11111011111111111010111011111111110111110111111101
181
11111110101111101111110111110101110111111101100011
168
10110011110101110111111010110111111101101111011110
197
11111000111111111110110101111111011111111111111111
70
11111101111111111111110101111111111011111111111101
90
11111010111111111111111111111101111111101011111111
94
10011111001110111111101010110111111111110111111111
107
11111011111110011011111111111111111101100011111111
157
11011111111100101111011010111110111101111101101001
97
11111011111111111111010011111111111111111111111110
92
101100111111111110110111111111111111111011001110
134
111111111111101101111111111110111111111110111111
21
11110111111111000111011111111111111011001110111111
164
1001111111001111111111111011101111110111111111101
38
10111011111111011110111111111011101110010111111101
146
11111111011111110111111111011111111111111010111111
145
11001011111110110111111001111011111011001101111111
21
11111101011111110011100010101011111111111111111111
17
1101011111110110111011011110101011110111100111111
148
1111111111111100111111011110101011111110110110111
52
11100111111111111101111111111011011010111111011101
57
11111111111111011110111110000011011111101011101110
119
11100011111111111110111111011111111111001011111111
29
11110111111111111001011111101111110111110111001111
77
11111110111111101000111111111111111111101110101110
7
11111111111111111111111011111110111111111101101111
29
11011110101110111111111011111111111001111110011111
151
10001111110110111111111010101011011011100010011111
13
11111110110011111111111111111111101101110100111000
144
11111111111111111111111111111101011111111101110011
51
11010111111111111010011011100001110111111011101111
177
10111001110111001110111101101111100110111101111110
71
10110101011100101010111101001010111110110101111111
20
10010011111001111111111111111111001111101110111011
35
10101011100111110001001000111111111101111101111111
116
1111111111111110111111110001111100111101110011111
34
11111011111100110111111110111011011111111111111111
108
10111110111000101101101011001110001111111111111111
185
11111110111111101111111101111111100110111101011111
63
11101101111111111111110101111011111101111101011011
178
11101111111100100101110111111011111111001101111101
96
10111111001111111111101010111101110110110011101101
2
11101111001011111111011101111111110111101101101111
58
10111111101111111111101111101001010111111111010011
156
11011111111101111111101101110011111011101011111101
80
11101011110000101111111101111111011001111010111111
110
10110011101110101110011111110110111111111111110011
2
11111100110101111111110110011011101111110111111111
144
11001111110011010011101111010111111110111110110111
16
11111010110101101111111111011111111110111101111111
58
1111010111110111111111111101111011111110111011010
35
11110110111111111111101110101111111111111111111111
91
10101110011011010111101100011111111101110111110011
169
10111011111111011111111111111001101101111110011111
19
10111110111010101110111111111111111101100111011011
174
11010011111111111101001101110101011001101011011111
198
11111111111111111110001111011111111111111010111110
162
11101110111111111110111011111111111001011111111111
114
10101101101111111111101011101111010110101111010111
197
11111111011111111110111111111111110111001011011101
193
11111101101111110111110110100111111111111011111101
14
11110111111111111111111111110100101111011110101100
136
11010011011110111111001011101100001110111001110110
142
11111001111111111110111101110100111111111111111111
200
11111101111111111111111100011101000111110111111111
13
11011111011101110110110110111111111111111011110110
106
1110111110111101001111101110111111110110111111111
197
11111111111111011111111011111011111111011111110011
116
11001111101101110011111111111111111101100110110011
82
11111010001001111111111101111011011111101110001111
176
11111110111100000111110111101111111110111100101001
189
11101110111111111111111111110111111111111111101011
85
11111111111111111111111111111010011111111111101011
91
10011111111001111011110011110111111111011110011111
182
1111110011111101011110111111111111111101110111101
199
11111111011110111111001110111100011101111111101011
6
11011111111111111111111110011111110111111101111
181
1111001111011011111111111001110011111111110111101
176
11111111111101111111110111110111111101111101111111
182
11011111111111011101111111011001101111111010111111
29
11100111011110010100011111011111111111111101110011
102
10111011001101010111111111011111111111111110011111
150
11111111110111111111111111011111011111100111100101
93
11011101110011111111101111111111100111111101111111
162
11100111111111111101111111001111110111111111111111
147
10111000101111101111100111011111111101111110011111
166
11111110111101110110101111111101111111111111111111
22
11111111111110101111011111111111110111111110011111
53
10101011111111101101110101100110101111001111111011
140
10101111010101111110111111111111111111111111111111
160
1101111100111111111111110101111111111011111111110
114
1101101110110111111111111100111111111011111111111
197
11110111011111110111111110111100010111101011111011
128
1111011001101110010111110111111111111111110101011
82
11111111101011011100001111100111111001001111001110
60
10111111111111011111101101111111111011101101101101
32
11111111111111111011111011111011111111101110011111
36
10010110111111101110111101111001110111111111011011
60
11111111101100111111001111111111110100110111100110
112
11101110110111010111111111101110111101101111111101
93
11111101111111111111011101011111111111111111101101
87
11101111111110101111100111011111110111111111111111
109
11111111111111111100010100011111111101111111001111
39
11101110001011101111111111111011110111111110101101
76
1001110101111111111111111001110101111111111111110
63
10111011011110111111111100011011111100111111111111
90
11111011011111111110111111101101110111011111111111
163
11111111111111100111111111110011100011111011111010
151
11111111100101111111111111110101110111111011111111
13
11111011111111111111111000111111110111111111111111
178
11111111011001100111111011110011111111011111111111
193
11111110101111111111001111011111111110111101100111
96
11111011111011101011111101111111111111110011111101
3
11111010111111101101110111001111111111101111001011
80
11111111100111111101111111101110110011111100111010
172
11111111011111111101111111111011111111110110101101
32
11111110100111111111110111100111111111001111111011
16
11011101011111111001101111111111101110011110101111
16
10111111111111111101111101111111110011111100111111
25
11101111111111101111111111011111111111111101101010
168
1101111011110111101111111110101110111101101110111
100
11110110111111110101110011111110110101111100111111
58
1110110111110111111111011111011111111010111111011
48
11110111101111111111111111111101111111111000110111
161
10011111101011111101111111111101100111110111111111
75
11111101111101111110101011000001011010111011111100
4
11111101100101111111111100111101011111111101101011
70
1111111011111101110111110111101101111111010111111
134
111001110101011111011111011101101001001111111111
118
10111111101111111111111111111111111101011101111111
115
11101111111111111011111111110011110101101111111111
2
11111110111111110111001101011111111110010111111111
117
11101110011111011111111100111111111111011111111111
78
11111110000010111011101111111111111011110111111111
89
11110101111011111111110001111111110011011011111111
113
11111101101110101111111101111101111111111010111110
41
11001111111101111101101100111111101101101101101111
89
11011111101111111101111011111101111111111101101111
159
11011111110111111111110110111011111111101111101111
107
10111110111111100111101101011101100111111111111011
128
1110111111111011111111111111111101101111101111111
90
11111110011101111111111000101110110111111111111111
31
11010010111111111011101110111111111011111010110101
197
10111101111100111111011111011111111101011101111110
182
11111111111111111011101111111111011111111110011010
21
1111111111110010110011101111111101011111111111110
144
11111111111110010111101011101011111111011101010111
50
11110111110011111101101011111101000111111011011111
189
11111011111111011111011111110101111111111001111100
10
1111011111101101111101111011111011101111111011101
173
11111111111111111011110111011111111011111111111011
168
11010111111110101111110111110111110011101111011111
83
11111011101000101110111111011111110111101011110101
144
1011111010101101111111111110111111111011111111110
110
11111111001111011111110111110111111011111111111110
169
1101111111111101111101111111111101111101100111111
189
10111111111101111111011100110111011111111111111111
50
11111001111011011111110111111011111111111101000011
78
11111111111111110111000111111111111101100101111100
21
10101110111101100001011110111111111111111111111111
18
11100111101111010011111010111011101110001001111111
134
11110110111111101100111001111111111110110011111110
171
1111110011001011111010111111111111111011111100001
51
11110111101011011101111111111101111111111011100010
165
11101110111111011101111111111110111110111111111111
189
11111101110000011011100111011111110110111111101111
30
10111111111101101111111111111111100010111101010111
40
11101101110111011001011111111111101100101111111110
92
11100011001101101110111101111001011011011111010110
196
11011010110011111111111111101111111000011101011111
8
11111111101111011011111111101110011111111111011111
10
11111001111111111111111111111110111111101111111110
186
1111110001011111010110111111110010110011100011111
86
10110101111111101101011111111110010111111110101110
118
101101111111111011001011110111111111111111111111
153
11110101101011111110111111111011111111111101111101
47
11101101111101111111010111001010111110111111111110
34
1111111111101111110100011110111101011110110111111
41
1100101111110011110111101100111111011001011110111
163
11011111111111101111011011111111111110110111101111
189
11011101111111011111111011010101011101111111111111
118
10110001011011011101111111011011011010111011111111
187
110010101011001100111110111011100010111111111011
126
11011111011111111111111111101111101111001011011111
57
11011101111111111111111101011111011111011110101111
151
11111110111101111111110101111111111110111011111111
2
11111101111111111111111111100111101111111110111111
42
10101101111111111111011111111001101111001111011110
110
11011001011110111111010011011101111111110110111111
113
11110111111111101011111111111110101011111110111111
186
1111111011110101110111110011100111111111011001010
156
11111111011111111111110100111111101011111110111001
48
11111111001011111110110111000111001011011100111111
111
11011101110111111111111111111111111111101100111110
182
1111111010011110110111110111000110011111111111111
184
1101101110111100111111110111110111011101111111011
37
10111111111100111111110010011111101111111101011101
71
1111110111011110011111111101111111111111111111110
156
11101111101111111110111101101111111101111111000100
41
10111101111000111111101110111111111101011111111111
107
10101101110010011111111111100011110010111111111111
184
11101011110011111110111110111111101100010110111001
44
10111011110111111011110011110101111111111111111011
27
10111111111111110100111101011110111111100111111110
182
11010111111101011111111110001110111101111111111110
40
11110111111111111110111111110100111110011111101101
138
10111111110101101011110111011000101110111111110111
154
10110110011111111111011111111111111111011111011011
85
1000111101101110101111101110111110111111001101111
1
11111111111101111111111111111100111110101111101111
132
10111001111111110111111101011111110110111101111111
133
11111010011111101111111111101110101011111011001111
25
11011110111111111111110111111111100011111111111110
119
11111011101111111011111011111110111011111011111110
105
11110110011101111100011111110010100111100111100100
120
10111111111111100101111111110111111001010111111111
81
11111101100111010111111011010011111111111011011111
183
11101111011110111111100101111011011101001111110111
186
11111100111101111111101001100111111111111111110110
106
11110111101111111111111110101101111011110101011111
198
11111100111111111110110011101011111111010111111111
59
11111111101111001111010111101111011111010111011111
39
11011111111101111110111110111111111111111111111111
55
11111111111110111001110111111100111111111111111110
180
10110011001011101111111111111110111111111101101111
101
110111110111111011111111111111011101110111111101
137
11111111011111101111111111111111111111111111001101
189
101111011001111111001010111010111011111111101111
176
11111111110111111111111110011111111111111111111110
21
10111111111011110101111111111101111101110011110100
136
11111010111111101011111011111110111110110111011111
8
10101101101110111010111111111111111101111011111011
185
11111101101111111111111111011101111111111111010101
74
11100111111100011101101010001111111111111110111111
68
11111111011111011111111101111111111010111101111111
55
110111111011111111111010111001101111011001010101
108
1111110111111110011111011001011111011111111110111
156
11110111010111111111111011111111011100101111011
7
11001111111111101110110011111111101110100111110111
177
10111111101111010111101111111111110011101111111111
137
1100110010100101111111101110110011010101010111011
144
10011001110011101111110111110100111011101111111110
135
11111110111101111101101101111111001010110111111111
170
10111011111111101111111001111011111011111110111110
128
11110110111111111110110111110101110111111111111111
163
10001110111111111101010111100101100001110101110100
100
11111111111011111011111001111011111111111111010111
87
11111111111110111111011101111111110111101011111001
17
11101111111111101111001101111100111011110110100011
20
11111111110111100111111111111111110011111101111111
29
11111011101011011111111000011011111111101111101011
77
11101110111110101011111101111111101111001110111110
197
11111111111110011111111111111011111111111010001111
48
11111111110111110111101111101111111010111111110111
29
11101110001100111111111101111111011111001000111111
195
11110111111111110111111101111011011011111111101111
163
10111111111111110110111110110011111101110110111111
66
11101111111110101110101111111111111011101111111111
103
11110011011110111111110000111111111100110010111111
35
11111111111110101111111011110111111011111110101010
192
11111110100110110110111111111111111101111011111111
137
1111111111111111101111111111111111111111111111111
156
1011111010101011111111111111011111011111111011011
32
11110111111010111110111011111111111011110011111110
42
11111011111110111111011111101111111101111101110110
138
11111010111111111011101111111111111011111111111010
194
1111111111011011011111011111111110111111100011111
166
11110110111011111101101111111110111111101111011011
18
11111111111111111111110111110101111010110110111111
126
1111111101101110111011101101110001110111101011111
48
11101111111011111110011111111111111111101111111111
16
11111111111111111111001111111101111011111101101111
8
11111101111111110111011111111011111111111011100011
108
10101111111110111111111001111110001111111111101111
18
11111111110111111111011101111001111101111000101111
103
1111010011011110011110110110011101010111111111101
87
11010111001111101111111111111001111111111111111111
71
11101111101110111100101100011111101111111111110111
80
11010111111111011111110001110111110100110111111110
12
11011111011101111111111111110110111101111111111111
58
10111111101111111011001011111111101111111111111011
98
1011111111111111101111111010110011111100111111111
120
11001011111101111111101111111111111111111111111111
104
1111101111111111010101101110111001110011110011101
5
11011011111100101011111011101110001000111100111001
124
10001011101011111111101101111111101111111111101111
57
1111101001101111101111101111111111110111111011011
148
10111110011111101111111100100110011101011111111111
67
10111111110111111011011111101011111111010111011011
134
11111101111001111010111011111110110110111111111011
132
10001110111011011111000110011111011111111111011111
143
11011010111111110101101110100111011011111111011111
74
11111110111111111011111101011101101111101111101111
175
11001111101111110111111101101011011011010001111011
160
11111111111111111111111011111111111111111101111111
30
11101110111110101111111011111111011110111111110111
5
11111110111110111111011111100110111111110111111110
76
1111110111111011001111001101111010001111011111111
180
10011101111111111010111111101101101111010111111111
167
110001111111111111101111111111111011110011111111
67
11100111110111010001011110011011010111001111100
199
11111101111111111110111100010111111001111011111111
118
10111000011101110111111111101111100011001111111111
15
11011101011111101011111110100111110001111111111101
114
10100101111101111101111111010101011111110111011110
90
1111101111101111111111111110101011110100101001011
164
1111110111101110111111101101011111100110100001101
52
10111111111001111111111000111111010101111111111011
150
11111111101111111111110111111111111111111111111110
87
11110100110111111111100111101111111101111111111111
148
11111100111011111111110111111110101111111011111101
177
11110110111101101110111111111010111010111010001011
33
11111111011000011111011111100111111111111100111111
13
11001101011111111110111000111111111111101110001111
43
11110111101111100111111111110011111011001111111111
137
11110100110111111111011111011111101111111111100111
82
11111011101111111101111010101111111011111011111111
52
10111101101101111111111110001101110111001111111111
76
11111111101111111011011011111001111011110000111101
139
11110111111110111111101101011101111011010110111111
63
111110110111110111110111011111100110011111111101
163
11111010110111111101111111111111111011010101101111
169
11101011111111111111001110110111110001111001011111
85
11011011111111110111101111111011111111111111110111
164
111111101101111111111110111111110111001100101110
169
11101111111111111100111001011111111100100011101101
89
11111111100111001111111101101101110110111111011111
67
11111011011111101011111101111111001111111111011111
161
11111110010110101111111011111001111111111101101111
17
11111101110101100111011110100110101111111111111111
135
11011111111111111111101011111110100110111111101101
175
1111011111011111111011110110111001111101111111111
148
11110110110010101111111111101111011111101110110101
109
11111101111111110111101101111010101111001111111101
33
11010011110110101011011101111110110011010111111110
4
11111111111101110111100011111101111110010011111110
171
11011111111110010111110111110111010010100111111111
19
10111010100111111111111011111011111111111111111001
137
11111111111110111111111011100111101110101111111011
59
11111111111101111111111011100101011101111110100111
118
10011111111110111011110111011101110101110111111111
59
11111111011111011101111111100111011111111101111111
157
1011111110111011111111111010111110010111111111111
182
11111111111110101011011101111101111111111011110110
10
11111111110111110100111101101111111111011111100111
127
11111111101111011111110011111110011110100111111011
200
11011110011110111110111111011111011111110111111001
80
11011111111111111111110101111111101110001101111101
81
11111111111001111111011010111101111111111111101110
132
11100100110111101111111110100011111011111111111111
6
10111111111111111111101110011011110111101110110111
82
100111110111010111111111111010001011100111001111
42
10111011101111111000101110111101111111011111110001
118
11110011111011111110010111010011111110111110111110
3
10111111011111101110011111111101111110111001010111
137
11011111110111111111110111111111111111110100001111
196
10110110111010111101000111111111110111011111101110
32
11111111111001111111111011111111110010111011111111
85
11111101011111110101011101110111110011111111111111
19
11011101111111101000111101111011101111111011001111
2
11111111001010101111101011111111101111011111111111
105
11111010111011101101101011001111011111111100111101
14
11111111101101111110110111111111111011111110011
33
11111111111011110110111111011111101011111111111111
21
11010111111110111011110111100111110100111110110110
9
10111111111111011110111111101011100110111110111111
7
11110111111000110111110100010011111011111111111111
113
11111111111111101101101111111111101111011111111110
105
1110001111111111111111111111100010101111111101101
94
1111111110000101111110010011111100110001010101011
74
1101111001011111111110101011111110110111011110110
104
11111101011011011011110000111100111111111011111111
163
10111001110101111111111111101111111001111111111110
46
11101111111111111111111111111101011111110011111111
17
11001111111111111110011011111111100111011111111101
4
11101110111110011111111010000111011001101111110110
181
10111101011101110111011111101111111111000111110011
44
10111101001111111110111111101011011101100111111111
187
1111110010111111010011110110111010011101111010110
137
11101001111011111111101101100110000111000101111101
101
1111111111111111101111111011110111101010110111000
188
11010110111011011111111110011111111101111101101111
50
11011111111111011110011110110111110111011101111101
88
11011111010101111111111101111111100100011011010111
139
11101111111111010001011101111011111111010111111111
23
11011101110010111111011001111101011011101101101110
70
10111101111111111111111110111111111011110111110111
200
11111111111011111111111111111010111111101101100111
169
11001111110111110110011111111111111101101111100110
38
11111111100111110011101101111011001111111011101111
183
11111010111011101111010100111111111111001110111110
181
1111111111111011111101111100100011011111111111111
127
1101111111111011101001110010111101011010111101111
41
10111101101111011101101111110101101101111111111101
165
11111111000111101111010111110111111111111110010101
113
11111111011101011111101111110111110011101111111111
39
10110111110011111111001110101001110111111110111011
35
11111010111111111111111101100011001100010111101101
54
1111110010101100111010100101001110111111111110101
141
11101101111111011111001111011111111111011111101111
63
11110111011111110111111111110010101001110110111011
55
11111001010111111101111011100111101111101011111011
88
11110101110111111111111111111111101111111111111101
72
11111100010110001111111001111110010011001001111111
1
10111111101111101101011111011101011010111111111111
140
10111101011100111111111110111111111111101111111111
15
11101111111101110011101111111001111110100111101011
162
1111111111111101111101111111011111111111111111111
163
10011110111111111111111001101111111111110100111011
47
11111111110111111111111111111101111110111110111101
57
11111111110101110101111001110111101110111111110111
156
1111111011110111111111111111011111101111101111111
93
11011111111101111011111111101111101111101111101111
88
11111111100111011011011111111111111110110111111111
50
11011110111111110011111110111111111111111111111010
86
11111110101001111101101011111001111111110011111
157
11111111111111101111111011110110111101111111100011
20
10011001111110111011011111111110110111111111111111
88
11111110110101011110111110111111110111011000101110
71
11111011111111001001101111111111011111110101010010
31
10111111111010111101111011111111101111101101011101
21
11111111110001011101111011100011111111111111110111
147
11111111111111001111110111111111111111100100111111
178
11111101111111111011111101101110111100110110101110
128
11010111011111111011101000111100111110111111011111
34
1111011110011010111110101111101011101011010101111
38
11111111110111010111101111011101111111100111010111
131
10110111011101111101101110111110110001100101101000
93
10111001111001101111110110111111111110111011110111
69
11111100111111100111111011011101101110111111011110
172
11111010011111111100001101111011111111110101111111
32
10111111111010111111101011011101011111101101111111
148
11110011110011111111101111101010111110101111001111
91
1111110110111111111111111111110111111100111111111
98
11111111111010011111111111110101101101011110111111
24
11111111111000110111100011111111111011111110111111
93
1111110111111111110101111110000111111000111110110
140
10111011111111111101111011011111110101101111110101
133
1111111111111011011111100111111111111101101100011
126
11111111111111111011011101111011111011111111011110
43
10111111101100111111110110111011111110111110111111
134
1111110101111111111111111111101101111111011111111
31
11101110111010101010101111101111111111110101111110
100
11101101111110111111111011101101111111111111110011
18
1110011010111111111111111111101111111111111001111
12
1111111111111111111111111111110110011010111111111
103
11111011101111111111111111111111111101111011111011
137
11011110011111101101111111110111111011111111111100
72
11010111111010111111111100111111111111101011111110
62
11101111001111011101101011110111111111111011101101
183
11011111001111111111111111011101011011011101111110
149
1101011111111111101111111011111100111111001111111
31
10111110111010111110111111001110111010110111110111
6
11100001111111011111111101011111011111111111111101
79
11111111110011101001101011111100011111101011101001
181
111010101110110111111101111111111111111111111101
80
11111011101011111110111111010111111111100111111010
190
10111111111111111001111111110111111101111111101100
5
11011111111010101111111110011111111111101011110010
8
11111111011111010011110111111111110101111110110111
59
11111101011101111111111111111100111111011111110011
35
11101111010111110111111011101111111011011111111101
132
11111111111101011111111111101111111111000111001110
66
10110111101111111001110101101011111110111011101101
112
1011100111011111000111011011110111011111101011011
49
10111111011110100111111111111101111111111111011110
77
10111011011110101101111110101110111011110110011101
197
1111111111011111111101011111111010110101111110111
132
1110110101111011011111001110100101101110011011011
141
10100111111111111111011001111100110111001111011111
117
10111011111001110111111111111111101101111111011110
76
10101101111111111011011110010110011111111111111111
90
1111111110111111110110111101110100111111011100001
149
11111100111111111111111111111111111110111010111101
91
11111001111111111111111111111001111101111111110111
8
11111101110111001110111001111110011111111111010011
180
11111111111101110111111101111111001111111111110111
7
10111110011011101011111110111111111101110111111101
73
11111110111111101011110111110011011111111111000011
112
1111011100111011111011101000111111011111111101011
123
111011111111111101111111101111001111111110011101
49
11111110111101111110111111111011111011110000111110
66
1111111111011111111101101111111111101111111111111
134
11111001001110001111101111111111111111011111011101
199
1111111111111111011111111111111111000111111111111
65
11011101011110111110111111110111110110111010001101
45
1111111111101111110111110010101111110110101111111
22
1111110111111111111111111111011111101111011011011
144
11101110101111100101101101111111100110111111101101
16
11111111111110011101111110011111110111100111101011
177
11110111001011101111111010111111111111011011011101
158
111001111111111111111111001111111111110101101101
64
11111111101101011101101111110111010111101100111110
165
11111111111101111111111101111111111111011111011010
113
11111101111111111111110111011100110110111010111111
28
11100110101101111111001011111011111111110110010111
140
10111111101111111111111111010111011111111111010101
120
1111101101111110111111111111111111101010110011111
56
11011011111111111111110110001011111101111110111111
82
11011100110110111101110111111001110111101111011111
153
1111111011011111111111111111111110101111101010011
58
11111011001111001111011111110111000110111110111111
153
11111011100011100111111111011111110111111111101111
78
10101111101111101111011100110010111011111011101111
82
10110111111111111011111111110110110111110110110101
13
11111101111110111000011110111111001111111101111111
49
11101111111111011011111111111110111011111011110110
143
11111111101111111111111111101110111111111111111110
85
11110111110110111101110110110011010110111011111111
90
1111111010111010110110111010111011110010011101001
53
1101111111110110011111101111111111011100111111111
116
11110110111111111011111011111110111111110111110010
111
11111111011001101011011000100101111110011010101011
176
11111101011101101001101111111101111111001110100011
67
11010111111111011100111111110111011111111011111101
97
11111010011010011111110111111111111110001101001111
152
11111111111111111011111111110111111111111111110111
187
11011111111111111111101110100111111110111111001110
30
11011111011101011110101111000111110111011011110101
23
11111011111111111111011011101111011011111101011010
23
1101111101110111111111111001111111011000111111111
158
10111011101111111111111101111011011111110111110011
175
1101111111011110111101000110111111111111111111110
67
1110011111101011101111111111001010111111111110111
8
11111101011101111111111101111101111011101101111111
27
11111111111100110111101111101111101101110111111111
7
11111111011111110111110111010111000111101111111101
144
111111111101111110111111111011001111111011111011
132
11111111111010111110011111111100100110010110011110
57
11001011111110111111111111001001011100011111111111
6
10110101111001111111011001111110111011110110100
28
11111111001011101111000111011111110110111101101110
37
1111111011010110011111111101011110111111111111111
93
1111111111011011111111001101111011101011001111011
74
10010111110000101110111011111011111011110111111111
70
11110111011111111001111110111010010111101111111100
76
11111111111011111111101110101110100011110111011110
98
10011001111111111111001010111101111101111111111111
200
1111110111111011111111110111111011111111011111111
155
1110111111100011111111101011011111111111111011111
92
11011101111001111101011111111011101011110110111111
132
11001111001111111100111111111011011111111011111111
168
11011011111101010001101111111111111110111111111
199
10111111111111111011101111101000101111110111111110
153
11100111110111111011111111111110111011110110111101
79
11101011111111101101111110110111111111111111011111
51
11101011011011111111000111111111111111011111101011
111
10111110111011111111111001110010111011101110111101
42
11011101111010101100101111011111111110101010111101
114
11011111101111111111101101111111110111101111111011
61
11001011011110111101100111111011011011111011111011
10
10011111110111101001111111111111111111111111110111
62
11110110100101111110111111111101110111101110111110
64
1111111110111011011101101111111111110111101010111
108
11011011011111111111111011011111111110111101111101
28
10011111111111111111010111110010011111101101000111
46
11111110111111111111111110110110110111111111111111
71
11111110101111111111101101111111111100111111010111
86
11110111111111111110111100101001111111111011001111
46
11110011111111111011100110101111111011101111011001
181
11111111111011101001110111111101011101111111111111
170
11100111111011111001111111111111011011011111111110
168
1110011110111111111111111110011010110111111011111
93
11110111111111011110110111111011111110111100011010
6
11101111111110111111111101110110011111110101101111
25
1111110110111010011110111111111011110011110111001
95
1111011011010011110111111111111011111110011110101
19
11111111111000101111111111111111110111101011101110
176
11111101101011101011111111111111101111100111011111
39
11100111111111100111111001111111111101101111100110
94
11111011110011101011111101101111111111111011111100
168
1111101111111111110100100101111110111111111110111
188
10101010010111111011010111111111110111011111101110
2
1111110001101011111111111110001011111101111111111
146
11111111011111111111101111111111111111111111011111
148
11111110111111111011100001111011011101011101111011
155
1110111101111111001111010111111111101111000111111
86
11101111111101011111111101110110111101001111111111
164
11011111111101111111111000111011111111111001101110
12
11111111111110011111101110111111111111011111111111
149
10011111010111101101111101001111111110111101111101
39
11100110110011111111111111101110111011111111111111
126
11100111111111111111011110101110111110111111111111
48
11101111110011111101100101101111111111110101011111
48
11111011111111111011111010110111110110111111111111
196
1111111111011010111101111100010110111111101101111
65
11011111011101111001110111111011111110011001101111
195
1111111100111101001110011111110110110111111011111
34
11010100010111110111010011111111111100011111101111
10
11011111111111110111110111010111111001011011111101
43
1111111110111111111111101111110011111111001111011
67
11111111100101111111011111111011111101101010011111
101
11101111111111111111011001111111011011101111111111
142
10101101111111110101011011111110111111111111111010
171
10101111111111111011101011111111111111010111101011
32
11111111111111111111101111111111010011110111111111
176
11111101111010111111110111111101001111110111101111
59
11111101011111101010011111111101111101101111101001
72
11111101111111111011111011011111110000110111111011
31
1111111111111111111111111101111111110011001011101
128
10111111111111011111001110111101101111101111000111
106
11111110111110111010111111111101110101100010111101
110
11111101110011111111010101011011111111011101111011
178
11100100111111101110111101111011101011111000111010
27
10011111111111011001111111111111111111111111110111
182
10111100011111111110110111111111110111111111111101
158
110011111111111110101110111111111111111111010111
190
1110111111010101111111110110011001100111111110011
57
11111111111111111111011011110011111111111100110111
120
11111101111111111110011110111111111011001110111101
17
11101111111011111011111011111001111101010011111011
49
1111111011111111110001110111111101100011110011111
78
11111101100011111111100011111111111111111101011111
175
11111111111001111111111111111011111111111101111001
37
1110111101101111111111011000111100111011011011111
17
11011000111111111111111011111011111110110111110111
40
11111101011111011111111111001101111101111111111111
138
1011011111111011100111111110110011011111111111111
122
10111101110111111111110111011110101111111101110101
104
111111111111111011111111011111011111011111111111
180
11101110111011101000010111111011000111001111100111
129
10111110010101011011111110111111111101011111101111
154
11111111111111101110110111111110011110111011111111
156
11111011001111110111111110111011111001111111111010
3
11011111111111001111101011111011001111110111111101
6
11111111111111111111111111111111101101010111111111
151
11111110111111100111011101111111010011110111101111
147
11111111000111101101111011011010111111111111111111
87
11111101001111111010101011101111111111011101111101
159
11111111111010111111111110001101011101111111111010
25
1011110011011011111111111101011110111110011101110
101
11111111111001011011111111111101110110111111111111
93
11101111011111111011101111011111101111111111111101
35
11111000101111111100111111001111110110111101101011
34
11111111111010111101111111110011111001110111111111
58
10111111101111110111101111111111110010100111111110
1
11111111111101111010111101011101111111111101111101
4
10001111111101111110110111111111110101111111110111
71
10111111111100011111011111111110001111100001111111
48
11111101001111101011111111110111111011011011010111
168
11111111011111101011111011111111111110111011011110
110
11111111110111100110111111011110001101011111111011
89
11110101100101111111110101111111111110000110111111
127
10100111111111101111101011111101111111111010111101
15
10111110101011110111111111111111101111001110111111
198
11111111110011111111111111011111111101111111011111
16
11111011111011111101111111111111110111011110011110
49
11111111111110110111011101101111110110011111111101
42
10011011110010011011111100111011111110111111010110
193
11111011111101001101011110110011111111101111111111
171
11111011101101111111111101111101111111011111011111
69
11101000111111111111101101001111111101110101111111
50
10110111111110011111101101111101110011011010001110
20
10111111110111111111111111101110111101011100111101
49
11111111101111111111111110111111111011111111100111
44
11111101111111111100101100011111111111111111011101
186
11110111111110000110010111011111111011111111110111
50
11111111010111111111100111011100111110111111111111
17
11111111111111111111111110100110110101010111011111
91
11110111010011111110101111111101010111011111111010
64
11110110101111101110101011110011111111111011111110
138
1111110110000111101111111111111111001101111111111
122
1000111111011111111111111111110111101101111110111
60
11111111111111111111101110101110111101111011111100
31
11011011111110111111111111011111111111111001111111
66
11111111111111111111111110111101111111111111110111
58
11010101001110110111011110011111011101111111110111
137
1111101111111111111011111111101111011111111111011
40
11111101110111011101111111111111111111111111100111
107
11111011101111111110111101111101111111111101010011
14
11110011110111011111101101111111110101111111011111
68
11011111000111111111111011011111111111011111100101
48
11111111110111110111110111100101111111101111111111
149
10011111111010111110101111111111111100110111111011
131
11111111111110011011101111010011001111111011101111
8
11111111111011101101110001101111101111111111111101
93
10011111111101111111011111111111111100111111011011
181
111101111111000101110111111100111111111111101111
154
11011111110110111111011001111101101110111111111001
16
11110111111111111111111101111111101111111111110111
20
11111111100011111101101101111111111101111111011010
136
11011100110010111100011101011111111011111111101
119
11101111111111111111111111111110111110111111011111
136
10111111111011110100111011011111100111111001111111
151
11101110111111111111101011111111111111011111111111
163
11111111011111101001111111011101110111111111111001
76
1111111011111111001111011100101011111111111111011
16
10111111110110111111011111111110011111111011011111
53
111110111101101101110001111111101111100101010111
64
11110101111111110111000111111110111111111111101101
86
11110110110101111000111111111011100110111111111101
22
10101011011011111100111111111111111001110111111011
61
11101110111110111111011110111111111110111110111110
192
11111110111111111100011011111111000111111110111111
37
1010011111110101000110110110111101001001011101010
14
11100111110101111111101111111111011111111111011111
197
11100011101111111111111110011111111111111101111111
20
10111010111111011100111111110111111011010111010111
22
11010111101110010111111111111110101111111011111111
26
11111111101111100111100111001111111111111111111000
93
11111111111111111111111111111110111110111111101111
175
10111111000101110110111101111010011111101111011100
60
1100110111011000110111111111111111111111111111011
126
1111101111100111100111111111011111011110111011111
166
11110111011011111111111111011110111111011111110111
171
11111011111101101100011001001010101011101110111011
138
11111011111011111111010111111111011011101011111111
125
10111100001111111111011101111111011011111111001111
138
11011110111011111111111111001111001111111111011101
117
101011000111011111111101110101111011111101011111
147
10111111111111001101110111111111100010111111111111
18
11111111100111011010111111011111111011011111111111
19
11011011111110111111111110001111111111000111111111
29
1111110011111110111111111010110101010111111110111
22
10011110111110011111110001011101010011011100010111
126
1111111111010110111110110111011111110111111101011
150
1111110110110111111100101111111110111101101111000
190
11011110111001101110111111111111100101111111111110
60
11011111111001101111110011111111111011111111111110
199
11110111111111111001011111011111001111111001010111
71
11100101100111111111011111111111101011111111111101
152
10111111010111110011111110111111111111011101111111
139
11101110100110011011111111101111110110110011100011
12
11011111111111011111111101101111011111010111101110
190
11110011111011111011101111110101111011101111111101
141
11110111111011111100011111111110110101111011011011
61
1111101111110111110111111000000111111011110110010
165
11000010110111111111110111111011111101111011011001
164
11110111111101101111111011010011111111101111011011
61
11001000111110101011111101110111111111111011011111
166
1111111100101111011011111011111111101011111011101
163
11101111111101111111111111111111110111110101011111
97
11100111011000101001011111111111110100011011101111
166
11101001110101011111110110111101101111111111101111
168
11110111111101111011111111110111111001101011111111
177
10111101110111100011001111011111011111111011011111
10
11111111111111111111011110011111111111110111111011
159
1111111111101101110111111101011111111011110111111
140
10111111001111111001110111111110111111111111111111
70
11011111111011111101101111011010111111111110111110
146
11011110111101111011101010110111100111110101111110
117
11011111111011110101011111111111111011111111101111
119
11111101110111111111110111111111011110111101111111
144
11011111011111100111111111111111001000111101001111
60
11100111100110111111111111101000110101111111011111
67
11111111111101001100110111111111111111111110100111
21
11111110101111010110110010111111111111111111111111
109
1011111111011111011111111111101111111011101111101
196
11101101101011111111111111111011100101111011110110
107
11011111110110111111111101111110111111110111100011
3
11101100101101101111110101111111111011110110101011
84
11101111100111111100100111111111010111111011101111
60
10111111111111101111111011111101011010110110010111
87
11111101011111111111111101111111011111110100111111
109
1111110111111111101111111111101010111101101111110
18
1010011101101111110101111111101111101011111111111
160
11011011011111011111110111101110111111110111111011
111
11111010111111111111110011111011011110111110110111
110
11011111011101111110011111111011110110111001111001
101
110110110111101011101111111101110001111001011011
122
11010110110111110111100110101110110111110111111010
143
11111111111010111101110111101111111111011111111111
22
11110100110011111101111111011100010011111001111011
148
11101011110100110111110101111111011111000111110111
7
11111111011111110101111111111111101011111110101110
155
11111111111111101111111010111111110111101011111011
66
1111111111001111100110111111111111110111111111110
17
1111110001111011111111100111111011010101011101111
58
10110111100111101110111011111111111011101111111101
140
11111101111111100101110101110111110111101111111101
10
11011110011011111110111100011111101111001001111111
28
11111111100001111100111111111101101100111111011111
156
111011111111111101111111111110111011111111101101
1
11101111111111111111110101101111100001011111111101
35
111111111011100011000100110101111111111111111011
139
11011011110011001000001111011100110111110111010101
22
11110111111011101111111111101111111110111111111111
3
1111000111111010010111011111111111101001110101101
136
10100110011111111010001101011111111110111001111110
175
1111011111101111111110110111111111111111101101011
199
11101111111111010111111111111111001111111111010111
88
11100111111111001110101011011111111011010110110100
185
11011111101111011101111111110110111110111101111111
111
11101111111111010111111111111011100111111111101101
121
11010110111110011111110111111111011110011110111111
188
1100011111101111110111111101101111101101101110100
38
10111011111111100111111110111110111111010011111111
160
11101101101011101011111001111011111111101101111101
98
11110011111111011111111111101111110111111111111101
60
1111010101110011110111111111101111010111110011100
195
10011111111111111111110111111111111110110111111111
108
11100001111111111001111001111110111111111111011111
142
10001011110111100111111110111110110111111111111111
43
10101111111110010111111001001111100001101101011111
32
11111111111111111011111101011111111111111111111111
121
11011111110110001110111100111001011110111011110111
144
11111110011111111111110010111110011111011111111111
77
11111101111111111111110110011111111111110101100110
17
11011111110111111111110111100101001101110110010100
84
1101011111111111101110101001101111000110110111101
78
11111011100111111001001011111101111101111011100111
21
11111111101111001111111101111111111111011010111111
122
11111100111111111111111111101111101011111011110011
130
11111111111101111111111101111111101101110110100010
144
11111010101111001111111111101111111111011111101111
74
11111010101111110111111111111100111111001111111110
78
11111111011010011110110001110011011111111111110110
93
11101111110110111111111111111111111111011100010111
54
11111110110111111111111011011010111000011011001111
194
1111011111111111111111111111111011111101010111111
5
11111001111111111011111111111111111111111101011101
2
11111110011111011111110110011111010111111111111111
6
11111111111100011011110011101111111010010111111111
157
11111101111110101011111100110111111111111111111011
35
11011101011111111110111111010011110000111011111100
66
11101011111101110110101111111001111111001110111010
184
11101010111111111111111110111111111111111011011111
178
11111011111110111111011110011111111111111111111011
147
1111111011111111110100111110111111100111100111010
111
10110001111111011011111111111101111001111110011010
11
11101100111011111100101011110111111110010111001110
190
11111111101101111110111011101111111110111111101011
84
1011110110010111111001111011111110111111111101110
167
11011010011011011101111111011111110111010011111111
160
11111111011111111101111000111110110111111111100101
161
11111111101111111111110111111110101011111111111011
146
1111111011111111111101101101011111101111111110111
54
10000111101110101001111011111101101011111111111011
145
11111111111101111101111111110111100011111111111111
61
11111101111111111001111111111100111111111111110111
168
1011101111110101010101110101110100011110111111111
74
11111111111011111111011111101110111101111110111101
172
11010111110111011011111011101111101111011111111101
106
11010111111101011111111000111111010101011111111111
93
11111111111011111011100001111111001011111100110110
115
11111111011111111111111111111111101100011111101111
141
1111011110110100111110101111010111110111111101110
81
11111111010011001101111110111111111101111111110111
39
11111010111001111111111111111101111111111111111111
175
11010111111101010111111111111011110111101110101010
147
11011001101111111101011111110111110111101110111111
172
1111111110011111011111111111111111110111111111111
182
10011110110111111101111111111110011101110111111110
27
11101111111111111011111111110110110000010011111110
97
11011010011101111111011111111011011101111010011011
53
10110111101111111101111111111011111111101110111110
182
11101100001111111111011111111111110111011111111101
151
1111111110111111111111011111111111111111111110111
71
10111111101011010101111111111110111101111111101001
96
11111110111011011111110111111100111111101111111111
10
11111011000001101111111111011001111111111010111111
33
10101111101110010011011101110101101010010101111111
172
11111111111011110101110000111011101110011111110011
64
10111111110011111110111111111111111101011011111011
144
11111101111001100110111010101101111011111111111111
20
11111110111111111111111111100011111111011111010110
107
11011110111110110111111111111111111111111011111011
145
11101101000111111111111110011111011111110111110110
136
111101101111111110010111101111111011111111111111
156
11110111111111111111111111011111101111011101111001
26
10111111011111111110111111011010111111111100110111
142
111111111110111101111111111011011111111111111001
92
11111111111110111110100110011111111011111111111110
182
11011111111011111111011111110110111110101101101101
19
11011111111111111111111111111110011101111111111111
162
11110110111111011011101111101111011111111111111010
83
11111101111111101111111110110110111111110011111111
32
11101101110111111111010111011101111010111111111111
198
11101111011111111111100111111011011011011111010101
40
11100001111111111101111011011111101111110001111111
42
11111111101111111110111111111101111110111111011111
161
11011111111111111111101111110111111101101011110111
162
10111110111110111010111011011111111101110111111111
135
11011111001110001010111110000101111111111110111000
162
11011011111011100011110101010111100010111101111101
23
1101111001111111110000111110111111111001111111011
57
11101011111010110011111111111011110111111111111011
29
11011110111110110101111110111110011111110110011111
91
11111111111111011010111101101111110111101111011111
109
11101111110111111111111001011100111111111111111011
119
11101001111011100111011101111111110111111111001111
153
11111011101100101111111111011111111111001101110011
3
11101111111111101111111111011111111101111111111001
115
11101111101011111111011101111111000011111111111011
25
1111111011111111111101011111011111110110101001001
51
11101110011011001011111111011111111111100111111111
142
11111001011111110111110101111101100111100111101111
186
1011111010101100110010101111101011111111101111110
145
11111111111011011001111010101111111111011101111111
12
11111100110001111011011100011111111011001111010111
28
10111111111111011111111101101110101111110111110111
70
11111111100111111111111110111111111111011111110111
177
11010111111110111111111111110101110111111111111111
172
11011111111101110111011110001111111111011111011011
143
11011110110101110110110111110111110111011111101100
131
11101111111111101111011010111100111101110111111111
5
11111110111111111111110111100001111111110011111101
95
10010111011111111011111111010110111111010101111111
139
11101110111111011101101111011101011101111110111111
102
10111001010111111110111011111011111110111111101101
86
10111111111111001101111110010101111110111111111011
186
11101011111111111011010111011101111111111010011111
187
1111111111101111111101111111111100111110110111111
150
11011111111110111111011011011000111111110011110111
24
11111111101101100110111101100101111011110100001100
134
110111101111101111100001111111110111111111011111
10
11101111001111011111101111111101110111100111111101
61
1110101111111111011111010010100111111111111111111
176
1111011011110110110111110101011111101011111111111
86
11111110111111010111111100111111110101011111101111
80
11111011111111001101111110101101111111011011001101
149
11110110010111101111110011111111110111111111111000
173
11111111110101011111111111111100110101111111111111
51
11111111101000111111111111011111111110111000011111
159
1111111101011100011101101111111111110110101011110
80
11111010111110010111111111111110111011110001110111
41
11110111101011111111101101111101111111111101011101
36
11111111111101011111110101011110111111111111111111
63
11101111111110111111011111111001011111101111001111
114
10111111111111111101110010011101011110111111011101
152
11111110110111111110111111111110110011111111101111
127
10111110011111011111111110111111001111110001011101
100
11111011111111011011110010110111111111111111111111
74
11111111110111111111110111111111001001111111111111
64
10011001110111110001111111110111100100111011011011
144
1111011010111111111010010111111101100100111110111
180
11111111110111111111111100011111111011101111111011
137
11111110101101011111011111111111111011011111100111
31
11111001111111111111110111001111111011110101110010
170
11101101111111011110111110101111111111111011011101
37
10011101111111101011101111110111111011111111111111
42
11111111101111101111111111100011101111111111011111
133
11011111111111111101111111011111011111111001001110
190
11111111011111011111111111110111111111111111111011
193
111110101111110111010111111011011110111111111011
153
11101001111101011111111111111110111111010111101011
4
11111111111111111110111101111111101011111011110110
78
11111011111101111101100110111010111111111011101101
36
11111111011111011111111111110101111110111011111110
124
11111110111011101101110110111111111011111101100111
111
11111011111111101101111110111110101110101011011001
66
10110111100111001111111111011011101110110101011111
67
11111110111111111111111110111111111111110111111111
145
11101111111111110010111101111111011111110011011011
117
10110101111101101111100100101111110111110111111011
171
11110101111101111111011111101111111101101111111111
65
11101111001000011111110111111111110101111111111111
87
11011101001111011111011111111111011111110111111110
45
1111111010011111110101111011111111101101101101011
111
1110111111111111111110110101111100011011110110111
97
1110111101011111100101110110111101101101011011111
148
1101111111111001111111111010111011001111011111101
82
11010111111101001111111101011111111111111110110111
40
11110111111111011101011110111111101111111111000101
42
11011111111101011101111110001001111111111111111110
106
11110100110101111111111011000110101010111111011111
38
1101111101101010111011111111111111011111011111111
57
11011101111111111111111111011011101111110111110111
133
11011101100111001111110111111111011000101111110111
115
11111111101111101111111111010110111111111011111011
85
11111101111010111101101111001111011111010111111101
175
1111011111011111111111111011111111111111001011111
77
11010111110111111011111011111100110111011011111101
71
11111111101101111111111111011101110111111110111111
175
1111111101011111011110110011111110111011111111101
51
11111110101111110111111101111111110011011011111111
102
1111111011111110011110110011111011111110111111
167
11111101110101001110110110110111110111111111111111
65
10101111111101111101010111111111111111111111111111
93
10111011111111111101111011010000101111111011111011
155
1011111111110110101111101110111101110110111111011
168
11111111011110010010111101111111011011111101011100
125
11001101111111101010110011010011001111111110111111
36
11101010011011111100111111111111111011111111011101
127
1110110111011111011011111101001110011100110011011
87
11111101001111111011111101111110101110011001011001
154
11111101101011111111111111110111111011111111010101
150
11111111101111011111110011110111001110111111111111
178
11011111111111111001111111110111101111100111111111
124
11101111111110111111111111111111111111111111111010
162
11111111101111001111011110111101111110011101010111
142
11010111111011010011111011010111101101110111011111
124
11110111011011111111101011111110111110110111101111
139
11111111001011110111111111011011111111010001011011
147
1011111111111111001100111001111111011110111110111
166
10110111111111111101110111011101110110110111111111
1
11110011011010111111111000101001111111111110111101
86
11110011001111101111101111010111110101111101011111
47
11110111101111111111111101111111011101110111101111
21
11111101111111011110111111111111111111110111110101
17
10111111111110101110111111111111111111111111111111
17
11101111111001111110111111111111111111011111111110
50
11110010111101011110111111110111101110110101011111
12
1101111110111111111110111110110111111111101111111
151
11110101011111100111111001111111011001011111111111
155
1111111111111101101111101111101111110111100111001
12
11100010011111111110100011010011111010111101110111
149
11011110111111111111101000111110100111111011101111
125
11111011111101111111010011101111011111100100011111
4
11101101010110111101110101111111111101111011110111
79
11111100110111011111111111100111111111111111111111
95
11111000110111101111110111110001111111111111000011
160
11111111010100011011110111010111111111100110001101
41
11111011111111101111111111110100100011111111011001
136
11111100110111110010111111111011001111111111111011
39
11111111101111111111100111011111101111111011111111
5
11111111111000110101111111110110111111111011111111
148
10111011110101001010101111010111100110111110111110
9
10111111111111011101111111111111011111111111100110
53
11111101111111011010111111110111101111010100111111
117
11011110011111111111110111111011111110011111111111
138
11011111100101111111111111111111101111101111101
37
11010111111110011111110111111111110011111111111110
140
1111011111111111111010101111011111111111101111111
92
11111111110011111011011111011011111111111110111110
162
11001101100111111111111111101111111011111111110100
25
11101011011101111111111111101111111100111111101111
5
111101011110111111110101001101111011111111111011
81
11111000110111111110111011101111001101111111110111
68
11011011111111111101110111110111011100111011111100
86
11111111111111111110111111111001111111111011111110
28
11110111011011111111111111100100011111101101111111
14
11111011011111111110111111101101100110110011111011
27
11111111111111011111111101101110111111111010111011
30
1111111001011010111111110001111111111110110011101
78
11011110111111111111110011111111111011011011011111
88
1111101111110111111101111111010111111011101011011
131
11111011111111111111111101111111111011111111011110
166
10110111111111101111111100110111000011111111101111
96
11011110111110111111111111011110011100111100101111
31
11010111111111101011011110111111111110111111101111
178
11111111110111111111111011111101101111110110111111
56
10101101111011110010111111111111111100100101101111
83
11011101101111001011101111011001011111110111001001
175
11111011111011111110011011111110011101011111111110
21
10111111110111110101111111011101101111111111110111
38
11011111111110111111111111111111101111111111111111
31
11111110101111110111111011111110111111011010111111
173
11110111111101111011111101001111110010101111100111
140
10111110111111011011111111111100100110001100111111
28
1111111111011111111110111010110111111111001101111
178
1111111110111111011111001111111011111011011111101
151
11111101111111011011111111110101110011111111010111
72
10011011111011011101111100111111011101111111111111
13
11101101111110110111110011111110111101011001111111
117
10111111001111110101011111110111111011011101011111
191
11111111110101111011111011111110011011011110110100
185
11111111101111111111011010111010011111111111001111
80
11110110111111100010011101011111011111111110111101
14
11111101111111101111011101111110110111011111111111
80
11111011011100011101110111111111111011110110111011
1
1111101111010101111011111110011110111101101111101
85
10111110111111011111111111101011111001101111111111
37
11101011111101111101111110110110011011111110111111
60
11110111111111111011011110111111111110111111111011
182
11111111111111011111111111111110011110110111011111
30
11111011111111111111111011111111101101101111011000
71
11010011110111111110101111111110101001111110101111
110
10111111111011111111111111111011011001111100111111
34
11111100011111101110111111111111110101111100011111
64
10111011110111111001111110111101011011110100010010
135
1101111110011111100101011100010111111111110111101
71
1111111111111111110011011111110111110111110000111
95
11111111011111111100110110110111101000110101101111
180
11111111110111110000111101111111111110010111111111
152
11111111100111111101101111100111111110011111011011
67
11111111111011011111101011110111110011111011111111
119
1011101011111111101101011111111111100111011111111
128
11111111110111111111111100101111110111111111100111
120
11111111111110110111011011101101011111111111111010
20
11111111101011111011111101100011111111101110111111
154
11001111111111111101010111100011111110110111011101
1
11111101111110111101111111001111011100101111111111
113
11011110111111101111110001011111111011101101111101
92
11011111111111111111010111111011011111011111111111
160
11111111111011101110111111111101111001111111111110
141
11110110010100110111110001111011101111011111011110
56
11111011111010111111111111101111101110111011001011
51
1011111101000111111100011111011001111111010111111
149
10111111100110011111111010110111111110011011111111
120
11111110111101011101111111100101110111101111110110
195
11111111111111111111111011001001111111011110100011
99
11111111111111111111111111111111100111011011010011
45
11111011110110111010111110111011101001110110111111
65
111111111101111001111111111111011111111111111111
22
11111011111111111111111111101100111111011001111011
178
11011111111111011111111111111111001001101111111011
62
11111111111111111111111011111111011111111101101011
49
1101100101001011111011111111111011111111010011111
93
1111100111101101001111011110111011110100001000111
100
11111001111101111110111111001011111011110110111010
25
1011111001101111001110011111111111101100111110111
169
11101001111101111011111110111111111111111110111111
133
11110110011101000111101111010111111100111011111111
48
10111111101111101111111111111000111111111101011001
184
10101111111011111110111101011011101001011111001111
123
11101101111011111111111110111011110101111111101110
178
11111111011110111110011111111111111011111011111111
87
11101111111111111010111110110111101111111110111100
64
10101110111101111101111111111110111111011111010111
31
10111101111100110111101111111111111001111111110111
25
11111111111011010110111111111111111110110110101111
45
11111111111011110100111111111111111101110001111010
91
10011111101111111111110110111111111111111111101111
144
1111101101011110111101111111111110101111111111111
146
11101101010000111111100111111101110111001111111110
108
11011101001110111111101111111111011101111111111111
197
11111001001111111111110111111011011101110111111111
166
11011111111110011011111111011111101111111101110101
102
11100110111110011111010101111111111101011111111110
159
11110110111011111111110111111111011110011111111111
153
10111110101001111011011111111111111110111111100111
178
1111101101101111111101101011110111111111010111111
164
10001101111011111111111111111110011111101111011011
112
10111111111110011101111111111111111101111011111010
132
1001111110111111111111000111111101111111011110111
174
11110111111111111011111111011111101111111111011111
170
111111111110011111111111111110111111111101010110
106
11111111101011101101100111111111111111110111110111
184
11111110110111011111011111111101110011111111101111
29
11011101111111010100111111111101111111101111111011
157
11001111110001101111011111011111111101101101011011
79
10111111111101111110111101111111111101011011111111
116
10110110110101010111010111010110100101111101111100
173
11111111110110111011111111001111111011111111111111
197
10111111011111101111101010111010110011011111111110
131
11011111111111010111101111100111111110011011111111
6
1001111111111110100111111111111111111011110110101
11
11111111011110110100111111111101111110111101111111
110
11110110110011101111111011111101111111111101111111
2
11111111111101111111111111110101111011011101010001
97
11110111111011110011101111101111111101100111111111
109
10101111111100110110110111111110111111110111011110
106
11110101111101011010111111101111111111111111111111
46
11111111101111110111111111111111111010111111111110
88
11111110111110101011101011111111111011110111111111
124
11101111011110111101110100010111111110110101110101
89
1011111111011111111010011110111110000111111111011
152
11111111100111011111111111111010111110010101011001
60
11101111110101111011111111100111110110111111111111
4
11111111011111110111101111001110111111111110111111
128
11111111111111110011100101111111101111111100000111
80
11111101101111011100011111110111111111011111101111
111
11011111111110110111111111111111011111011111110111
62
11111111110111111101111111011111011111111111101111
61
11011101111111111110111111110101101000010110011111
90
10101111111111100001111110111001011011011001111011
125
11110011111111111011111111101011111011110110111110
142
10011010111111111111110111111111011111111011101111
33
11111111110111111111101011100111011111011111111111
52
1111101010100111111111111011111111111111111110110
105
11110111101111101111110111011011111111111100010111
4
11111111111111011111111111111111111110001011101110
134
11011111111111110111011111011111111111101111111011
37
10011111101111101101111111011110111110011110111001
17
11110111101101111101111100111110111111111101010110
106
11111111011101111111011011011111111001111111101111
33
11111101011111111011111011111011101101111111111011
135
11111111111111011111010110111110111111111011111101
14
1111110101011011111110110010101011111111101110111
111
11111111011111111101001111111111110111111011111111
25
11111111111100000011100111110111111101111110101010
189
1100001011011111011101111101001111111011111111111
47
11011011111111011010111100011101111111111111111111
142
11010110111111111111111111110101111011110101101111
23
10111111011101111001011111111100011111110110110111
161
1011011101111001111101100111010111001111111111110
24
10010011111101111111101111111111110101101110110110
196
11110111001111110111111101110111111110111111111101
64
11011111111011111111111011101011111101101111100111
142
1011111111011011100111110110100001011011111110111
34
1111010011011001111101011111111111110110111111011
151
110111111011111011111101111111110110111100111010
32
11111011111000111001111111111111111110111111111100
144
11111101111001011110000100111110111111011111111101
169
10111111011110111111101101110111101111011010001101
179
11110111111110111111101111111111111110011111111011
60
11111111111100111111110011111101111111110111111111
52
11111111111111111111111101000010111111111110101101
156
11011111111101111011111111101100001110101011111011
132
10111111011111011001101111100110111100011111100011
108
1111101111110111011011111111111101001011110011110
167
11011011011111111110111011111111001111011110011111
101
11111110011110011011111111110100111011010000110110
39
1111101010110111111111111010110100111111111110111
158
11110111111110111011011111111111011110111011101111
71
11110110101110111011111111101011011111111111111111
98
11111111111110011011111111110111111111111011111111
153
11101111111110011111111011110111011111110011101101
127
11111110111111110111111101011111110011111111111011
142
11111111111111111111111100111101111111111111011110
118
11111101110011101111110011111111111011011111100111
106
11110111001111111101111101111100111010111110101110
155
1101111000111110111111111111111111111111111111111
196
11111111110111111101111111111111111111111010011111
19
11111010011111111011111001111111011111001111100111
87
11010111001110011110111111111111111011101011111
44
111011011111111100111101001001010110111111101111
68
11101111011010111101111011100110111111111101101111
180
11111110011111110001111111111110111010011011111011
171
