50 100
11110011011110001010101011111011010001011000011101
191
10010011101100001101010011001101100101000001110001
148
11101111101100111001000011010001001010100100100101
69
101001000011101110010111101011100101110111111101
83
11110011001010100011110100100101011100111111111110
84
111101011100100111111100111011111110001001110110
97
11111111010100011110110011110110111110100111101001
186
10000111101111101101011111111011100011100111010010
63
1111100111001101111001111111011011001111110110111
111
10010100111001011011010001111010111001011101000010
166
101011111101010010010101110000110011011110110111
102
11001100101010111011111101100011001111000011001011
28
1100011000010011010010010011001110100101011101011
1
1011011011100101100101011001110111010111010010000
78
1010001111101001101110101000101101110001011111101
135
10000111100010111011100001110111101011111110110111
116
1110111011110101110111001010111101100101111110011
100
101011111000111011111110110010001100001100111111
7
1101100111110000001100001110010111011111011111110
17
11001001011101100011101010010101111101001111101011
38
10000110110101001001110101001111001111101100111011
104
11110011001110100011010000000100010110111101100000
2
11010111111111100010101010101011111101101001011010
23
11101010010010110011001000101011101111001110010100
182
10101100010111001010110110100010001111011101110011
166
11101111111100011111101111010010111010111111100011
24
1011110011011100000000101011110111111011111011111
6
1001101011101000111110110111010100001011101010101
8
1011100001110111110110101010100101111011000011000
133
11000111100111100100001010011111101010101100101111
40
10101010101001100010110101001100111110101001001110
200
111111100101111111101101111010010000010101010111
159
10011011011001111110111011001001000111111000101001
158
1110100101001111000001111010011000110011111110101
5
11010001001001011101011101111000100110011111001010
121
1111110010010101101111100110010001011000110101001
38
10110111010110101111101110111100100111110111001010
192
1101101101111011101111010111011001011110001010111
130
11000010110000000000001011100001101100001011011011
80
111001111001111111101111011011111001101001100101
135
10101010111010101010010011110011111010011101010110
60
11011100110111100011101010111011111011111111000011
145
1000011111110011111111111101011111101111111111101
63
1011011111101111011010111111000111001110101110110
91
11111101111110111110011111011011110101111100111110
147
111001110110101110111110111111111011010000000000
90
11111010001110001111110011111111111101010101010101
25
10111101101011110010000100010100000111111010010010
94
111111010001100000011001111111100101010101000110
183
1011010101101110111000010100001001001111110000010
72
10101111001100010110110101110111011111000000110100
118
101100111100011110110111010111000100010100110101
57
1111110101101000111011111001001110110111011101011
152
11010001101100001101111011111110010011111110001110
17
1010111111101111101010010101110101101110000011111
111
11010100010011100110111111100111010001000001100001
159
10100010101110111101111100000001100100101100011100
33
10010111101110011101111010001000011100101110101101
158
1111101001001111101111111011001111000100111011011
170
10100010110001110101000000101100111101001101110001
84
111101111110110111001010100010010011111011011001
159
11100111101011101100111011111110101101111101101111
19
10101001111111101111011111111100111111000101000011
122
10111110101010001110000000111010110010111111101
129
11110100110001111101101111000110101011110100000111
130
10010101011000111101011010001110110010010101001000
129
11010011111101100011111111100010001011111011011111
60
11001100000101001101010000001100110110000111101
97
11100111001100111100011110111101101011011111000111
186
10000111111011000111110011010111010101111110000100
110
10101010011110101111001001100001111111100110011010
150
10010000101000011100001100100100011101100011010010
161
11101100001100011000111101110111111110101111110111
148
11100010110110101011111110101100111100100101111011
136
11111100011110111111110011001111010010011101111101
165
101011000100101100111100101011001010101011111011
127
11011101101000111111110100111110101010111110110101
107
10110010000011101010001111010111011110100101111101
200
10000111011110110010011101101111001011111111001001
57
1011111111101101011110110100111000011110011000110
68
11001001000001111101011110110100111101011001110111
21
1111111111101111101100010011101110011100101000111
108
1100100110000001101110110100111111010100010011111
173
10101010111101011001111101101000101110010011110100
166
11101001110011010011101011111010100010010001101011
51
11110011110111101001011110101001011011011110000110
191
10110010111011110000110110101101111100111001111111
157
10010001110011101111110110100110001111111011101111
47
11001011000010101111100100111011100100011101111111
115
11110010100101001010101100100011011110110011101111
5
10110110010111101010101111111011101100111100000111
54
10100110110011101100001011001111001000001111110111
187
11110101011101100100011110100011011000101101101001
66
11110111011111110001111001101111100110001111100101
74
1001111000101101010011000100010001111101101111010
162
11111110001000000100111111101110011011110111000010
54
11111100101100011111001101011011010000000000011011
34
11111110111110111011001111001111010011101111101110
168
10011001100110110111101011111110111000111111111000
47
11111101111110101111100000001011111111011011001001
174
