50 100
11110111011110001011111011111011010111011100011101
191
10110011101110001101011011001101111101010001110101
148
11101111101100111001000011110101001011100101100101
69
1101001010011111111010111111111100101110111111101
83
11111011001110101011111100100101011101111111111111
84
111111111100100111111100111011111110001011111110
97
11111111010101111110111011111110111110100111101001
186
10000111101111111101011111111011100011100111111010
63
1111101111001101111001111111011011001111110111111
111
10011100111001011011011011111010111011011111000010
166
11101011111101010111010111111000110011011110110111
102
11101110101010111011111101100011011111100111001011
28
1100011100010011011110011011001110101101011101011
1
1111011011110101100101011011110111111111010011101
78
1010001111111101101110101101101101110001011111101
135
11000111110011111011100001110111101111111111110111
116
1110111111110101110111101011111111101101111110011
100
1101011111000111111111110111010101100011100111111
7
1111101111110000001100101110011111111111111111110
17
11001001111101100011101110010101111101001111111011
38
10010111110101011001110101101111001111101101111011
104
11111111011110100011010010010100010110111101110000
2
11110111111111111010111110111011111111101011011011
23
11101010010110110111001100101111101111101111010101
182
10101100010111001010110111100010011111111101110011
166
11101111111110011111101111110010111010111111100011
24
1111110011011110100000111011110111111111111011111
6
1011101011101101111110110111010100001011111010101
8
1011111101111111110110101010100101111011001111101
133
11010111111111100101011010011111111110101100101111
40
10101011101011100010111101011100111111101101101110
200
111111100111111111101101111011110100010101110111
159
10011011011001111111111111001001111111111100101101
158
1110111111001111000101111010111100110111111110101
5
11110011101001011101011101111010100110111111011010
121
1111110010010101101111100110010111011000110111001
38
10110111010110101111101111111100101111110111101110
192
1101101101111011101111010111011001011111001011111
130
11001010110000000000001111101001101100101011011111
80
11111001111011111111101111111011111111101001100101
135
11101010111110101010010111110011111011111101011110
60
11111100111111100011101010111011111111111111000011
145
11110011111111011111111111101011111101111111111101
63
1111011111101111011010111111001111011110111110110
91
11111101111110111111011111011111110101111100111110
147
111001110110101110111110111111111111010000100000
90
11111010001110111111111011111111111111010101010101
25
10111101101011110010001110010100000111111010110011
94
11111111010001100001011001111111101101010101000110
183
1111010101101110111100010100001101101111110000010
72
10101111101100111110110111110111011111000101110101
118
111111111110011111110111010111010100010100110101
57
1111110101111000111011111001111110111111111111011
152
11011111111100001111111011111110010111111110001110
17
1010111111111111101010010111111111101110000111111
111
11011101010011110110111111100111010101100101100001
159
10100010101110111101111101001101100100101100011100
33
11010111101110011101111010001000011110101110101101
158
11111101001101111101111111011111111110101111011011
170
10110010111011111111101100101100111101101101110011
84
111101111110110111011110101010011111111011011001
159
11100111111011111100111111111110101101111101101111
19
10101001111111101111011111111100111111010101000011
122
111111110101011001110000110111011110010111111101
129
11111100110101111111101111000110101111110101010111
130
11010111011000111101011010011110110110111101011000
129
11110011111101100011111111100010011011111011011111
60
1011011100000111101101011011101100111110000111111
97
11111111001100111100011111111101101011111111000111
186
10001111111011011111110011010111010111111110111100
110
11101010011111101111011101100101111111100110011010
150
10111000101001011110011100100110011111110011011110
161
11101100101100011001111111110111111110101111111111
148
11100111110110101011111111101100111110100101111011
136
11111100011110111111110011111111010110011111111101
165
10101111011100101100111100111011011011101111111111
127
11011101111001111111110100111110111010111110110111
107
11110010000111111110101111110111011110110101111101
200
10010111011111110010111101101111101011111111111001
57
11011111111101101011110111100111000011111111010111
68
11111001111001111101011111110100111101111101111111
21
1111111111101111101100110011101111011101111110111
108
1111100110001001101110110100111111010100111011111
173
11101110111111011011111101101000101110010011110110
166
11101101110111011011101011111010111011010001111011
51
11111011110111111011011110111001011011011110000110
191
11110010111011110100111111101111111100111001111111
157
10011011110011101111110110111111101111111011101111
47
11001111000110111111110100111011101100011101111111
115
11110010101101101110101110100011011110110011111111
5
11110110111111101010111111111011101100111110100111
54
11110110110011101101101111001111101000001111110111
187
11110101011101110100011111101011011000101101101111
66
11110111011111111001111011111111110111001111111111
74
11001111001101101110011100100110001111101111111010
162
11111110001100000100111111101110011011111111000110
54
11111110101100011111011101011111010100101100011011
34
11111110111110111011001111011111010111111111111110
168
10011011110110110111101111111110111000111111111000
47
11111111111111101111100000011111111111011111001001
174
