50 100
10110010000000000010001011101000010001010000010101
191
1001100000101000011001000100001000000000000
148
101111001100101000000010000000000010000100100000
69
100000000011101010000010000001100000010011100101
83
1100001000010000001000100100001011000100110101010
84
101101010100100001000000000011111100000001000010
97
1110010000000011010110000110110101100100000100001
186
10000100000101000001010100000010000000100011000000
63
1001100010000101010001001111010011000011110010010
111
11001010000011010011001001001000000
166
1011010101010000010000110000110010000000100110
102
100001000000010100001100001000001000010001001
28
10000000001000010000000001100000000011001011
1
11011010100100100100010000010110010100010000000
78
10001100000001000000001000000000110000011000000
135
100000011010000001010111100001100100000111
116
10101010110101100110001010111100000001111010000
100
101011010000111001111010010000000100000100100000
7
1001000001010000001100000000000101001001010100100
17
11000000000000000011101000000100001101000000000001
38
10000100010000000000000001001011001001001100111000
104
11100001001010100010000000000000000010100100100000
2
11010101101011100000000000000010011101001000000000
23
1100000000000100011001000001010101001001100000100
182
10001100010100000000000000100010000011000000100010
166
10101011001100000001000110000000011010100111000000
24
110011000000000000100010100100100011101000001
6
1001101000101000110000010111000100000010101000000
8
1000011100100000000000101111011000000000
133
10000111100111000100000000000001001000101000101011
40
101010101000100000100001001100100110001000001010
200
100011100000000100101000100000010000000101000011
159
10001000010000100100001001001001000111110000100000
158
1110000000001100000000110010001000000011110110000
5
1001001001101010100000000000100011100000010
121
1000110000010100100001100110010000010000100001001
38
110000010000100100000110011100000001100000000010
192
1101011001101100000010001001010010001010011
130
10000000000000010000001101000000001001000
80
1100000111010100001001001011001000000000101
135
10101000001000000001110001001000000001000010
60
11000100010010000000000010100011111011011011000011
145
1000000000100000011101110001010010101101101001101
63
1010001000001111011010010101000000000000001010100
91
1011000011010001000000010001011000000001100110110
147
11000010100001000101100110110001000010000000000
90
1010000000000001101010000000011010100010000000101
25
10110001000000100010000100010000000111010010000000
94
101100000001000000000001101100100001010001000100
183
1010000001101100100000000100001001001111000000010
72
10101100000000010000010101110000010101000000110000
118
1100000000000010010010000010000000000000000101
57
10110000101000111011000000001010110101010000010
152
1000001001110001010000010010010010001110
17
1010101101101010100010010000010001101110000001001
111
1010000010001000110101011000011000000000001100001
159
10101100000101110000000000100000100100000000
33
100101000011101101000001000001100100100100001
158
1000001001001000001010011000001011000000110010001
170
10000000010000110101000000001100001000000100110001
84
100001111010010101001010000010010011010001010001
159
11000000100011000100110001101000100000000000000100
19
101001010101000101011100000000000101000101000010
122
10001010100010001100000000000010000010011110101
129
1100100010001111001100101000000100000010000000111
130
10000001010000010100001010001100110000000000000000
129
11000011000001000010010111100010000011001001010010
60
100000101001100000000001000000110000101101
97
1000001000000101100011110110101100001001100000000
186
10011010000110010000000111000100011100000000
110
10001000010010101010001000000000011111100110010000
150
10000000101000010100001000000100001101000011010010
161
11100100000100010000110100110111101000101110100010
148
10100000100010001000001010100100100100000000111010
136
110100000110000000100011001010010010010000000000
165
1011000000001100110000001000000000000011000010
127
10010001101000010001000000010000001000010010000101
107
10010000000000100010001110000011010110000000011001
200
10000110010100100010011000101010000011010100001000
57
11001001100000000100000000000000010100011000110
68
10000000000001001000010110100100000000000001110000
21
1111010001100110001100010000100110001000101000001
108
100100000001000100100100001100010100000010110
173
1000001001000000110001000000001000010001110000
166
1000001000011010001101011001010000010000001101011
51
100011000001001000000110101001010011010000000000
191
10110000101011100000000010100001101000010001111000
157
1010011101001010000000100001111000011101100
47
10000001000000000011000100101011000100000001100110
115
110000100001001000001100000011001100110000100010
5
10110100000000101010000110000011101100010100000000
54
10000010100000100000001000000111000000000000010011
187
11000000001100000000000000000011000000001101100001
66
10000001001000110001111000001101000000001111000100
74
1100000100001010011000100010001010100001111000
162
11011110000000000100001011000100010010010110000010
54
11111100101000001001001001001001000000000000011001
34
101100110110100001001100001111000010101000000100
168
1001100010010010100000110100011000011010110000
47
10000000011000101001000000000001101010000010000000
174
