50 100
10110010011010001010101011101010010001011000010101
191
10011101100000101000011001000100101000000010000
148
10101111001100111000000010000001000010100100100000
69
101001000011101110010010100001100000010011100101
83
11100001000010100011010100100101011000100110111010
84
101101010100100101000000001011111110000001010010
97
1110110000000011110110011110110101100100000101001
186
10000101000101001001010101101010000010100011000000
63
1011100011000101110001001111010011000011110010111
111
100011000011011010000011010011001001001000000
166
101011010101010000010100110000110010000010100111
102
1001100001000001010110101100011001001000011001001
28
100010000010001010010000000001100000000011001011
1
11011010100100100100010000010110010101010000000
78
10001110100001100100001000100000110000011001101
135
10000011100010111010000001110111100011101110000111
116
1010111010110101100110001010111101000001111110000
100
101011010000111011111010010010000100000100111000
7
1001000011010000001100000010010101001001010100100
17
11000000000001000011101000000100001101000000000001
38
10000110010100001001100001001111001011001100111010
104
11100001001010100010000000000000000010101100100000
2
11010101111111100010000000000010011101001000000000
23
1100010000000110011001000001011101001001100010100
182
10001100010101000010000000100010001011010001100010
166
10101011001100000011100110000010111010110111000001
24
11110011001000000000100010100100110011101001001
6
1001101000101000110000110111000100000010101000000
8
1000000001000011100110100000000101111011000000000
133
10000111100111000100001000010011101010101000101011
40
10101010101001100010110101001100110110101001001010
200
111011100000000100101000100010010000000101000011
159
10001010010000101100101011001001000111111000101001
158
1110000001001101000001110010011000110011110110000
5
1001001001101010100110000100110011110001010
121
1100110000010100100001100110010000010000100001001
38
110000010100100111000110011100000011100000000010
192
1001101101111001101110000011001001011110001010011
130
10000000000001010000001101000000011011000
80
1110000111011100001001001011001001001000101
135
1010101000001000000001110001001010011101010110
60
11000100110111000000101010100011111011111011000011
145
1000000010110000111111111101010011101101101111101
63
1010001001001111011010010101000000000000001110100
91
1111000111110011010000111001011000000011100110110
147
11000110100101110101100111111101010010000000000
90
1010000000010001101010000001011010100010000000101
25
10111001001000100010000100010000000111111010010000
94
101101000001000000010001101100100101010101000100
183
1010000101101100100000010100001001001111100000010
72
10101100000000010000010101110111010101000000110000
118
1100010100000010010011010111000000000000000101
57
1110110000101000111011110000001010110101010100011
152
11000000001000001001111001011110010010010110001110
17
1010101101101110100010010000110001101110000011111
111
1010000010001100110111011000111000001000001100001
159
10101100000101110100000000100000100100000100
33
111101100011101111000001000001100100100100101
158
1100001001001011001011111000001111000000110011001
170
10000000110000110101000000001100111001000101110001
84
100001111010010111001010100010010011010001010001
159
11000010101011100100111001111100100000011100100100
19
10101001111111000111011100000000101111000101000011
122
10011010101010001100000000000010100010011111101
129
1110100110001111001101111000100100001110000000111
130
10010001010000010100011010001100110010000001000000
129
11010011011001000010010111100010000011011001010010
60
100000101001100000000001100010110000101101
97
11000001000100101100011110111101100001001101000010
186
111011010000110110001010111000100011100000000
110
10001000010010101011001000000001011111100110010000
150
10000000101000010100001000000100001101000011010010
161
11100100000100011000110100110111111110101110100010
148
10100000100110101001001010100100101100000000111010
136
1110100001110000001110011001110010010010001111000
165
101011000000101100110000101000000000000011100011
127
10010101101000010001000000010100001000010010010101
107
10010010000001100010001110010011010110100001011001
200
10000111010100100010011100101010000011010101001001
57
1011101011101100000100010000100000011110011000110
68
10001000000001001001010110100100000100000001110010
21
1111011001100111101100010000101110011100101000001
108
1000100110000001000100100100111111010100010011110
173
10001010001101001001110101100000101000010001110000
166
11101001100011010001101011011010100010000001101011
51
10100011000101001001000110101001010011010110000000
191
10110010101011100000110010100001111000010001111100
157
10001110011101101010000000100001111000011101110
47
10000011000000000011100100101011000100001101100111
115
11110000100101001000001100100011001100110001100110
5
10110100000000101010000110010011101100111100000110
54
10100110100000101100001001000111001000000010110111
187
11100100001100000000010100000011000000101101100001
66
10010001001000110001111000001101000010001111100101
74
1110000100101010011000100010001010100001111000
162
11011110000000000100011011001100010011010110000010
54
11111100101000001101001101001011000000000000011011
34
1101100110110100001001111001111000010101100001100
168
1001100110010010100010110100111000111110111000
47
11000101111010101011000000000011101111001011001001
174
