50 200
11110011011010001010101011101011010001011000011101
191
10011101100001101000011001000100101000001110000
148
11101111101100111000000010000001000010100100100100
69
101001000011101110010111100011100001110111110101
83
11110001001010100011010100100101011100111111111110
84
101101010100100111000100011011111110000001110010
97
11110110010100011110110011110110111110100101101001
186
10000101100101101001011101111011000011100011000000
63
1111100111000101111001101111010011000111110110111
111
10000100011000011011010001111010011001011001000010
166
101011111101010000010101110000110010011110100111
102
11001100001010111011111101100011001111000011001001
28
100011000010011010010000010001100000100011101011
1
1011011010100101100101011001010111010111010000000
78
1010001111100001101100101000100101110000011101101
135
10000111100010111011000001110111100011111110100111
116
1110111011110101110111001010111101100001111110001
100
101011010000111011111110110010000100000100111110
7
1001000011110000001100000010010111011011011101110
17
11000001000001100011101000010100001101000100100011
38
10000110110100001001110001001111001111101100111011
104
11110001001110100011010000000100000110111100100000
2
11010111111111100010001010101010111101001000001010
23
1100010010010110011001000101011101111001100010100
182
10001100010101000010110110100010001111011101110011
166
10101111001100010111101110010010111010111111000001
24
1011110011011100000000101010100110110011101011011
6
1001101011101000111000110111010100000010101010101
8
1001000001100011100110100010000101111011000001000
133
11000111100111100100001000010011101010101000101011
40
10101010101001100010110101001100110110101001001110
200
111111100100111100101101101010010000000101010111
159
10011011011000111100111011001001000111111000101001
158
1110100101001111000001111010011000110011110110100
5
1010001001001011101010100110000100110011110001010
121
1100110000010100100001100110010000011000100101001
38
110100010110101111101110111100100111100100000010
192
1101101101111011101110000011011001011110001010011
130
11000010110000000000001010000001101000001011011000
80
110001110001111011101001011011011001001001000101
135
101010111010101000000001110011011010011101010110
60
11000100110111100011101010100011111011111111000011
145
1000000011110011111111111101010111101101111111101
63
1011011001101111011010111101000000000010101110100
91
11111100111110111010001111011011000000011100110110
147
11000110100101110101100111111111010010000000000
90
1011010000110001111110011101011011100010001000101
25
10111001101000100010000100010000000111111010010000
94
101111010001100000011001101110100101010101000100
183
1010000101101110101000010100001001001111100000010
72
10101110001100010100010101110111010101000000110000
118
1100011100000010010011010111000000000000000101
57
1110110000101000111011111000001010110101011100011
152
11000000001100001001111011111110010010110110001110
17
1010111101101110100010010000110101101110000011111
111
11010100010011100110111011000111000001000001100001
159
10101110110101111100000000100100101100001100
33
10000111101110011101111000001000001100101110101101
158
1111101001001111001011111000001111000100111011011
170
10100010110001110101000000001100111001001101110001
84
110101111010110111001010100010010011111001011001
159
11000111101011100100111011111110101001111100100100
19
10101001111111100111011111011100111111000101000011
122
10011010101010001110000000101010110010011111101
129
1110100110001111101101111000110101011110100000111
130
10010101010000110100011010001100110010000101000000
129
11010011011001000011111111100010000011111001011111
60
1001100000101001100010000001100110110000101101
97
11100001000100111100011110111101101011011111000011
186
10000111011010000111110001010111000100011110000000
110
10001000010110101011001001100001111111100110010000
150
10010000101000010100001100100100011101000011010010
161
11100100000100011000110101110111111110101111110111
148
11100000100110101001101110100100111100100101111011
136
11110100011110100011110011001111010010011001111001
165
101011000100101100111000101001001000000011100011
127
11010101101000110111110100111100001010111110110101
107
10010010000001101010001111010111010110100001011001
200
10000111011100110010011101101111001011111111001001
57
1011101111101101001110110100110000011110011000110
68
11001000000001011101011110100100111100001001110111
21
1111111101101111101100010000101110011100101000001
108
1000100110000001100100110100111111010100010011111
173
10001010111101011001111101101000101000010001110000
166
11101001100011010011101011011010100010000001101011
51
11110011000111001001000110101001010011011110000100
191
10110010101011110000110110101001111100110001111100
157
10010001110011101111110100000110001111011011101110
47
10000011000000000111100100101011000100001101100111
115
11110000100101001010001100100011011110110011101110
5
10110110010110101010001110011011101100111100000110
54
10100110100011101100001011001111001000001110110111
187
11100101001101100100011100000011011000101101100001
66
11110101011100110001111001101111100110001111100101
74
1001110000100101010011000100010001111100001111000
162
11111110000000000100111011001100010011010111000010
54
11111100101000011101001101011011010000000000011011
34
11111100111110111001001111001111000010101101001110
168
11001100110110111101011111100111000111111111000
47
11011101111010101111000000000011101111001011001001
174
110011101100010000110000101111100110000101111101
181
10011010000101101110010111110100010110110101100000
168
10000011110100100001001000110011101101100111011000
197
10010000101101010000110000110110000000010011011011
70
1110001110110100111010000101101101001010001100101
90
10010110110110110100011010101001011101011101100
94
10111001110010110101010010000001111000010101100
107
11000011110100001000110011111111010000100000010010
157
111000001101010010101010000000111101101001
97
10011001111111101111000001111001110111011011100110
92
101000010011011110110110111111111001011001001100
134
10101011100000111111110110011110111100100111
21
1100100001100000111010101110101111010001100111111
164
10101001010110010111011100010110000111010101
38
10111001101100000110101001011011000110010100001101
146
10111111000001000111001100001001011001000000101110
145
11000010110100110001111000111011101010000000110001
21
101001000110110011000010101011000101110110111010
17
10001100010111010000110100001110101000111110
148
110101111011000110000011110101011011110000110111
52
11000010001101111101001110101011010000111111011000
57
11010111111001000101000000001010111000000101010
119
10100001011010011000101111010001100100001001111110
29
11110101110111110000011010101100100101110001000101
77
10010000111101101000000001110101101000001110100110
7
11010111111111010000111010011100111000011001001100
29
10011100001010100110001011100110011000111100010110
151
10001100110110111001011000000010001011100000011100
13
1010010010000101110111000111111001000110100110000
144
1101111101111110100010001101100001100001100100001
51
1010100111111110010000001000001110101111010101100
177
10001001000111001110110101101101000110110001000110
71
10110000010100000010111101001000010110100101110100
20
10010001010001000011101101111101000110101100010011
35
10100001100010110000001000111110001100110000101110
116
1100001101000100110110110000101000101000110010111
34
10100011011000110111101010110011010011110001011001
108
10110110000000101000101010000100000011111111010111
185
1010100011100001100011101001111100100111101000011
63
1101101111110111101010100101010110101110100011001
178
11100101110100100001110111101011100101001000011001
96
10111101000001011001101010001101010110110001100101
2
10001011101011010000110111000010100101001101
58
10111011101110111011101001101000000011001110000011
156
11010100101001110010000101110001011001101011001100
80
1101010010000101111101101110101011001101010101110
110
100011100010101100001010110100101000000010100011
2
11011000100101011011010110011010100100110100110011
144
11001100100000010000100011010111011000110110000101
16
100010110100101111111001010101101110111101110011
58
1100010010000100011101100101110010011110111011000
35
11110110011001111111101100001101110100111011100011
91
10101100001011000001101000001010111001110110010001
169
10101000111101000111110001111001101000100100010011
19
10111010111010101110111010110010101101000111010011
174
10010011011110000000000100110100011001101000001110
198
1111111010101101110001111011001100010110010011000
162
11100010111111010110100000011100111000010001011000
114
100101101010111000101011001000000000100111010110
197
10111111011011101100001011111101110111000011001000
193
1111101000010110110100110000011011110010000100000
14
1010111010111111111111000100100101111011010101000
136
10000011000000111110000001101100000010100001110110
142
11101001001111001010110100010000110011001011111001
200
111001101001011111111100001001000101110011110011
13
110010001010110010110111110101111111000100110
106
100110100111101000111000110100111110100101100111
197
10111111101111011011001000110011110110001101110011
116
1001010100101100001100111001000001000100100010001
82
11111010001001101010101101110011001011100110001000
176
11101010111000000110110010101011010110001100100001
189
100100011111111001110111110110011100111010001011
85
1000100100101101000110101111010001110111111101001
91
10001001011001011011100011010111011110011000000100
182
110110011111101001110101110111011101000110000101
199
10101010000010111111001110101100010101110011100011
6
11101110001010011001010011111100111101101100
181
1011001001010010001101011000110001111111010100001
176
1000011100101010110110101010011111000001100111110
182
1011010101011000001110001001001001101010000000110
29
10100111011100010100011011010000111111110001110011
102
10111011000001010101110011011001111111111100010110
150
1011111000111011111110010011110011101100001100101
93
10011101100010101011101110000111100000000101001111
162
1000111011001000101111100000111100011111010110101
147
11000000111100000100110011110001100101010000101
166
1101000111101110100000110011101010000001100110011
22
11100000011000100101000001011011110111101110001010
53
10000010011110101001010001000000101111001111001011
140
1100010000001100000101111011011001101011101000
160
1001001100000111001011110001110110110011010101110
114
1001001110110101011000110100111110111010010001001
197
11000111001111110111011110111100010011101011100011
128
1101010001101000010110010111001101100001000000001
82
11010001001011011100000011100100001001000101001100
60
111111110010001001100000000110111011001101101000
32
100111111010101010111011000011011110001010001101
36
10110111111101010111101011001110100111100010011
60
10100111001100111100001010101010110100110001100010
112
11000110110001010101011111001010001101100111111101
93
