50 200
10110010011010001010101011101010010001011000010101
191
10011101100000101000011001000100101000000010000
148
10101111001100111000000010000001000010100100100000
69
101001000011101110010010100001100000010011100101
83
11100001000010100011010100100101011000100110111010
84
101101010100100101000000001011111110000001010010
97
1110110000000011110110011110110101100100000101001
186
10000101000101001001010101101010000010100011000000
63
1011100011000101110001001111010011000011110010111
111
100011000011011010000011010011001001001000000
166
101011010101010000010100110000110010000010100111
102
1001100001000001010110101100011001001000011001001
28
100010000010001010010000000001100000000011001011
1
11011010100100100100010000010110010101010000000
78
10001110100001100100001000100000110000011001101
135
10000011100010111010000001110111100011101110000111
116
1010111010110101100110001010111101000001111110000
100
101011010000111011111010010010000100000100111000
7
1001000011010000001100000010010101001001010100100
17
11000000000001000011101000000100001101000000000001
38
10000110010100001001100001001111001011001100111010
104
11100001001010100010000000000000000010101100100000
2
11010101111111100010000000000010011101001000000000
23
1100010000000110011001000001011101001001100010100
182
10001100010101000010000000100010001011010001100010
166
10101011001100000011100110000010111010110111000001
24
11110011001000000000100010100100110011101001001
6
1001101000101000110000110111000100000010101000000
8
1000000001000011100110100000000101111011000000000
133
10000111100111000100001000010011101010101000101011
40
10101010101001100010110101001100110110101001001010
200
111011100000000100101000100010010000000101000011
159
10001010010000101100101011001001000111111000101001
158
1110000001001101000001110010011000110011110110000
5
1001001001101010100110000100110011110001010
121
1100110000010100100001100110010000010000100001001
38
110000010100100111000110011100000011100000000010
192
1001101101111001101110000011001001011110001010011
130
10000000000001010000001101000000011011000
80
1110000111011100001001001011001001001000101
135
1010101000001000000001110001001010011101010110
60
11000100110111000000101010100011111011111011000011
145
1000000010110000111111111101010011101101101111101
63
1010001001001111011010010101000000000000001110100
91
1111000111110011010000111001011000000011100110110
147
11000110100101110101100111111101010010000000000
90
1010000000010001101010000001011010100010000000101
25
10111001001000100010000100010000000111111010010000
94
101101000001000000010001101100100101010101000100
183
1010000101101100100000010100001001001111100000010
72
10101100000000010000010101110111010101000000110000
118
1100010100000010010011010111000000000000000101
57
1110110000101000111011110000001010110101010100011
152
11000000001000001001111001011110010010010110001110
17
1010101101101110100010010000110001101110000011111
111
1010000010001100110111011000111000001000001100001
159
10101100000101110100000000100000100100000100
33
111101100011101111000001000001100100100100101
158
1100001001001011001011111000001111000000110011001
170
10000000110000110101000000001100111001000101110001
84
100001111010010111001010100010010011010001010001
159
11000010101011100100111001111100100000011100100100
19
10101001111111000111011100000000101111000101000011
122
10011010101010001100000000000010100010011111101
129
1110100110001111001101111000100100001110000000111
130
10010001010000010100011010001100110010000001000000
129
11010011011001000010010111100010000011011001010010
60
100000101001100000000001100010110000101101
97
11000001000100101100011110111101100001001101000010
186
111011010000110110001010111000100011100000000
110
10001000010010101011001000000001011111100110010000
150
10000000101000010100001000000100001101000011010010
161
11100100000100011000110100110111111110101110100010
148
10100000100110101001001010100100101100000000111010
136
1110100001110000001110011001110010010010001111000
165
101011000000101100110000101000000000000011100011
127
10010101101000010001000000010100001000010010010101
107
10010010000001100010001110010011010110100001011001
200
10000111010100100010011100101010000011010101001001
57
1011101011101100000100010000100000011110011000110
68
10001000000001001001010110100100000100000001110010
21
1111011001100111101100010000101110011100101000001
108
1000100110000001000100100100111111010100010011110
173
10001010001101001001110101100000101000010001110000
166
11101001100011010001101011011010100010000001101011
51
10100011000101001001000110101001010011010110000000
191
10110010101011100000110010100001111000010001111100
157
10001110011101101010000000100001111000011101110
47
10000011000000000011100100101011000100001101100111
115
11110000100101001000001100100011001100110001100110
5
10110100000000101010000110010011101100111100000110
54
10100110100000101100001001000111001000000010110111
187
11100100001100000000010100000011000000101101100001
66
10010001001000110001111000001101000010001111100101
74
1110000100101010011000100010001010100001111000
162
11011110000000000100011011001100010011010110000010
54
11111100101000001101001101001011000000000000011011
34
1101100110110100001001111001111000010101100001100
168
1001100110010010100010110100111000111110111000
47
11000101111010101011000000000011101111001011001001
174
100010001100000000110000101111100110000101110001
181
10001010000101100110010010110000010110100101100000
168
10000011110100000001001000110001101101100001001000
197
10000101101010000010000000110000000000000011011
70
100001110100000111010000101101101000010000100101
90
10110010110110100011010000001001001010101000
94
10111001110010110101000010000000111000010101100
107
1000011110100001000110011111010010000100000000010
157
110000001001010010001010000000111101101001
97
10010001010111100110000000111000110111011011100110
92
100000010011011110110100111101110001001001001100
134
10101011100000011011110110011100010100100111
21
100100001100000001010101110101100010001100011111
164
10101001010110010101000100010110000111000101
38
10111001101000000110101001010011000100010000001101
146
10011111000001000101001000001001011001000000101110
145
11000010110100000001011000100011100000000000110001
21
100001000110110011000010100010000101110110111010
17
1100010011010000110000001110101000101100
148
110100111011000110000000110101011011110000110111
52
11000010001001011101000010101011010000101111011000
57
10010011111001000001000000001010111000000101010
119
10100001011010010000101111010001000000000001110110
29
11010001110011110000010010101100100101110001000101
77
10010000001101101000000001100101101000001110100010
7
111100111010000111010011100110000011001000100
29
10010100001010100110000011000110011000010100000010
151
10001100010000110001011000000000000011100000011100
13
1010010010000101110111000111111001000110100100000
144
1101111100011110100010001101100001100001000100001
51
1010100111111010010000000000001110001111010100100
177
10001001000111001110110101000101000100110001000110
71
10000000000000010101001001000010110100101110100
20
10000001010001000011100101010101000110001000010010
35
10100001100010110000001000101000001100110000101110
116
1100000101000100110010110000001000101000100000111
34
10000011010000100010101010100011010011010001011001
108
10110110000000101000101010000100000001111111010101
185
1010100010000001100010101001110100100101001000010
63
1101101101110111101000100101010110101110100010001
178
11100101110100100001110111100011100101001000010001
96
11101000001011001101000001100010110010000100101
2
10000001100011010000110011000010100100001101
58
10110011100110111011000001101000000010001110000011
156
1010100101000010010000001100001011001101001001100
80
1101010010000101111101101100101011000101010101000
110
100011100010101100001010110000101000000010000011
2
11001000100001011011010110011000000100110100110011
144
11001100000000010000100011010011001000100110000101
16
100010110100101110111001010001101110111000110010
58
1100010010000100011000100001100010011010010010000
35
11110110011001111111101100001100110000010010100011
91
10101100000001000001101000000010111000000100010001
169
10101000111101000110100001111000101000100000000001
19
10101010110010001110110010110010101101000111010010
174
10010011011110000000000100110000011000101000001110
198
1111111010001001110001111011001100010110000011000
162
10100010010110010110100000011100011000010001011000
114
100101101010111000100011000000000000100111010110
197
10111111011001101100001011110101100001000010001000
193
1111001000010010110100010000011011110010000100000
14
1010111000111110111111000100100101111011010101000
136
10000011000000011110000000001000000010100001010110
142
11101000001111001010110100010000110010001011110000
200
11001101001011110111000001000000101110011100011
13
110010001010110010110101110101111111000100100
106
100110000111001000111000110100100010100101100111
197
10110101101111001000001000110011100110001101100011
116
1001000100101100001100111001000000000100100010001
82
11101010001001000000100101010011001010100110001000
176
11101010111000000000110010101011010110001100100001
189
100100011101111001100110110110001100000010001011
85
1000100100101101000010101111010001100111111101000
91
1011001010000100011000101010110010000000100
182
110110011110101001100101110111011101000110000100
199
10001010000010111011001000101100000100110011100011
6
11100110001000011001010011001100011101101100
181
1001001001010010001101011000110001111111010100000
176
11100100000110110100010011111000001100111010
182
1010000101011000001110001000001001101010000000110
29
100110010000000100011010010000110011110001110011
102
10111010000000010101100011011001101111011100010110
150
11011000011001111100010011110011101100001100001
93
10011101000010101010101010000110100000000101001111
162
1000101011000000001111100000111100011111010100100
147
1000000110100000100010010110001100101000000100
166
1101000111100110100000110011101010000001100110011
22
11100000011000100001000001011010100011101010001010
53
10011100101001010001000000001101001100001011
140
1100010000001000000000111001011001101011100000
160
1001001000000110001000110001010110110011010101110
114
1001001000110101011000110100111110111000010001000
197
11000111001111110101011110111000010010101011100011
128
1010000000000010110010011001101100001000000000
82
11010001001011011100000011100100001001000101001000
60
111101010000001001000000000100111011001101101000
32
100111111010001010111011000011011110001010000101
36
110111111101010111100010001110100100100010001
60
10100110000100111100001010101010110100110001100010
112
11000010110001010101011010001010000101000111101101
93
