50 200
11110111011110001011111011111011010111011100011101
191
10110011101110001101011011001101111101010001110101
148
11101111101100111001000011110101001011100101100101
69
1101001010011111111010111111111100101110111111101
83
11111011001110101011111100100101011101111111111111
84
111111111100100111111100111011111110001011111110
97
11111111010101111110111011111110111110100111101001
186
10000111101111111101011111111011100011100111111010
63
1111101111001101111001111111011011001111110111111
111
10011100111001011011011011111010111011011111000010
166
11101011111101010111010111111000110011011110110111
102
11101110101010111011111101100011011111100111001011
28
1100011100010011011110011011001110101101011101011
1
1111011011110101100101011011110111111111010011101
78
1010001111111101101110101101101101110001011111101
135
11000111110011111011100001110111101111111111110111
116
1110111111110101110111101011111111101101111110011
100
1101011111000111111111110111010101100011100111111
7
1111101111110000001100101110011111111111111111110
17
11001001111101100011101110010101111101001111111011
38
10010111110101011001110101101111001111101101111011
104
11111111011110100011010010010100010110111101110000
2
11110111111111111010111110111011111111101011011011
23
11101010010110110111001100101111101111101111010101
182
10101100010111001010110111100010011111111101110011
166
11101111111110011111101111110010111010111111100011
24
1111110011011110100000111011110111111111111011111
6
1011101011101101111110110111010100001011111010101
8
1011111101111111110110101010100101111011001111101
133
11010111111111100101011010011111111110101100101111
40
10101011101011100010111101011100111111101101101110
200
111111100111111111101101111011110100010101110111
159
10011011011001111111111111001001111111111100101101
158
1110111111001111000101111010111100110111111110101
5
11110011101001011101011101111010100110111111011010
121
1111110010010101101111100110010111011000110111001
38
10110111010110101111101111111100101111110111101110
192
1101101101111011101111010111011001011111001011111
130
11001010110000000000001111101001101100101011011111
80
11111001111011111111101111111011111111101001100101
135
11101010111110101010010111110011111011111101011110
60
11111100111111100011101010111011111111111111000011
145
11110011111111011111111111101011111101111111111101
63
1111011111101111011010111111001111011110111110110
91
11111101111110111111011111011111110101111100111110
147
111001110110101110111110111111111111010000100000
90
11111010001110111111111011111111111111010101010101
25
10111101101011110010001110010100000111111010110011
94
11111111010001100001011001111111101101010101000110
183
1111010101101110111100010100001101101111110000010
72
10101111101100111110110111110111011111000101110101
118
111111111110011111110111010111010100010100110101
57
1111110101111000111011111001111110111111111111011
152
11011111111100001111111011111110010111111110001110
17
1010111111111111101010010111111111101110000111111
111
11011101010011110110111111100111010101100101100001
159
10100010101110111101111101001101100100101100011100
33
11010111101110011101111010001000011110101110101101
158
11111101001101111101111111011111111110101111011011
170
10110010111011111111101100101100111101101101110011
84
111101111110110111011110101010011111111011011001
159
11100111111011111100111111111110101101111101101111
19
10101001111111101111011111111100111111010101000011
122
111111110101011001110000110111011110010111111101
129
11111100110101111111101111000110101111110101010111
130
11010111011000111101011010011110110110111101011000
129
11110011111101100011111111100010011011111011011111
60
1011011100000111101101011011101100111110000111111
97
11111111001100111100011111111101101011111111000111
186
10001111111011011111110011010111010111111110111100
110
11101010011111101111011101100101111111100110011010
150
10111000101001011110011100100110011111110011011110
161
11101100101100011001111111110111111110101111111111
148
11100111110110101011111111101100111110100101111011
136
11111100011110111111110011111111010110011111111101
165
10101111011100101100111100111011011011101111111111
127
11011101111001111111110100111110111010111110110111
107
11110010000111111110101111110111011110110101111101
200
10010111011111110010111101101111101011111111111001
57
11011111111101101011110111100111000011111111010111
68
11111001111001111101011111110100111101111101111111
21
1111111111101111101100110011101111011101111110111
108
1111100110001001101110110100111111010100111011111
173
11101110111111011011111101101000101110010011110110
166
11101101110111011011101011111010111011010001111011
51
11111011110111111011011110111001011011011110000110
191
11110010111011110100111111101111111100111001111111
157
10011011110011101111110110111111101111111011101111
47
11001111000110111111110100111011101100011101111111
115
11110010101101101110101110100011011110110011111111
5
11110110111111101010111111111011101100111110100111
54
11110110110011101101101111001111101000001111110111
187
11110101011101110100011111101011011000101101101111
66
11110111011111111001111011111111110111001111111111
74
11001111001101101110011100100110001111101111111010
162
11111110001100000100111111101110011011111111000110
54
11111110101100011111011101011111010100101100011011
34
11111110111110111011001111011111010111111111111110
168
10011011110110110111101111111110111000111111111000
47
11111111111111101111100000011111111111011111001001
174
10110011111111111000111011111111110110010111111101
181
10111110000111101111010111110101110111111101100001
168
10010011110100110101111000110111111101101111011110
197
11111000111101010100110001110111011001111111111111
70
11111101111110111111010000111111111001110101110101
90
10010111110111110110111011101011111101011111110
94
10011111001110111111101010010010001111100111111111
107
11110011111110011001111111111111111000100010110111
157
11011111100001111011010111110101000111101101001
97
11011011111111101111000001111101110111011111110110
92
101100011011111110110110111111111111111001001110
134
101011111111101000111111111110111111111110100111
21
11110110011110000111011111110111111011001110111111
164
1001111111001111111111111011100010110101111111101
38
10111011111111011110101101111011101110010111001101
146
11111111001011110111001111001111011111111010111111
145
11001010111100110111111001111011101011001101111101
21
1111001011111110011100010101011010101110110111011
17
1100010111100010111011000110100011110111100111111
148
1111111111111000111111011110101011111110110110111
52
11100011011111111101011110101011011010111111011101
57
11111011111111011110111100000011011111001011101110
119
10100011111111111100111111011101111110001011111111
29
11110111111111111000011011101110100111110001001111
77
10010100111111101000111001111101111111101110100110
7
11011111111111111000111010111110111011011101101111
29
10011110101010110111111011111110111000111110011110
151
10001100110110111101111010101010011011100000011101
13
11010110110011111111111111111111001101110100111000
144
1111111111111111111111101111101011111011101110011
51
1010111111111111010000001100001110111111010101111
177
10001001010111001110111101101111000110110001101110
71
10110000010100001010111101001000110110110101111101
20
10010011110001101011111111111111001111101110011011
35
10101011100010110000001000111110111100111001101111
116
1101111111001110111111110001101000111101110010111
34
10101011011100110111101110111011011011111111011101
108
10111110111000101101101011001100000111111111111111
185
11111110111110101100111101101111100110111101000111
63
1101101111111111111010100111011110101111101011011
178
11100111110100100101110111101011101111001101111101
96
10111101000101111011101010111101110110110011101101
2
101111001011111111010000111111110110100101101111
58
10111111101111111111101101101001010011111110000011
156
11010101101001111111101101110011111011101011011101
80
11101010110000101111111101110111011001111010111111
110
10110011100110101100011011110110111100011011110011
2
11111100100101111011110110011011101111110111111111
144
11001100110000010011101111010111011010110110110101
16
11110010110101101111111111011111111110111101110011
58
1111010011010101111101111101110011111110111011000
35
11110110011111111111101110101111111101111111111011
91
10101110011011010111101100011111111101110111110011
169
10111000111111010111111011111001101100100110011111
19
10111010111010101110111110110011111101100111010011
174
11010011111111100101001100110101011001101010011111
198
11111111011111101110001111011011101111111010111110
162
11101110111111111110100011111111111000011111111100
114
10101101101110111110101011101011010110101111010110
197
11111111011011111110001011111101110111001011011101
193
1111101101111110110110110100111011110111011111101
14
11110111110111111111111110110100101111011010101100
136
11000011011110111111001001101100001110110001110110
142
11111001111111101010111101010000111111101011111111
200
11111101111011111111111100011101000101110111111111
13
11010110010001110110110110111110111111111010100110
106
110111110111101001111100110100111110100111110111
197
11111111111111011011101001110011110110001111110011
116
11001110100101110011110111111110011000100110010011
82
11111010001001111111101101110011011011101110001110
176
11111010111000000110110111101111111110111100100001
189
101110111111111111111111110111111101111010001011
85
1100111111101101111111111111010011111111111101011
91
10001111011001111011100011110111011110011000010110
182
1111110011111101011110111110111111111001110011101
199
10101110011010111111001110111100011101110011101011
6
11011111111101011111011010011111110111111101101
181
1011001111011011101101111001110001111111110101101
176
1111111111101111111110111010011111100111100111110
182
1011110111111000101111111001001101111111010111111
29
11100111011100010100011011011101111111111001110011
102
10111011000101010101111011011111111111111110011111
150
11111111110111011111110111011110011111100011100101
93
11011101100011101111101111111111100011110101011111
162
11100111011111111101111111001111100111111110111111
147
10011000101111100111100111011110011100111110011111
166
11111010111101110110101111111101011101111111110011
22
11100111111110101111000011111011110111101110011011
53
10000011111111101101110001100110101111001111101011
140
10001111010100001100010111111111111111111111101111
160
1101111100101111101011110101111111111011110111110
114
1001101110110111111001111100111111111011011111101
197
11000111011111110111111110111100010111101011101011
128
1111011001101010010111010111011111100011100101001
82
11111101101011011100001111100111001001001101001110
60
10111111111111001111100000001111111011001101101001
32
1111111111110101010111011111011111111101110011111
36
10010110111111101110111101011001110101111101011011
60
11100111101100111111001010111010110100110111100110
112
11100110110111010111011111101110111101100111111101
93
