50 200
10110010000000000010001011101000010001010000010101
191
1001100000101000011001000100001000000000000
148
101111001100101000000010000000000010000100100000
69
100000000011101010000010000001100000010011100101
83
1100001000010000001000100100001011000100110101010
84
101101010100100001000000000011111100000001000010
97
1110010000000011010110000110110101100100000100001
186
10000100000101000001010100000010000000100011000000
63
1001100010000101010001001111010011000011110010010
111
11001010000011010011001001001000000
166
1011010101010000010000110000110010000000100110
102
100001000000010100001100001000001000010001001
28
10000000001000010000000001100000000011001011
1
11011010100100100100010000010110010100010000000
78
10001100000001000000001000000000110000011000000
135
100000011010000001010111100001100100000111
116
10101010110101100110001010111100000001111010000
100
101011010000111001111010010000000100000100100000
7
1001000001010000001100000000000101001001010100100
17
11000000000000000011101000000100001101000000000001
38
10000100010000000000000001001011001001001100111000
104
11100001001010100010000000000000000010100100100000
2
11010101101011100000000000000010011101001000000000
23
1100000000000100011001000001010101001001100000100
182
10001100010100000000000000100010000011000000100010
166
10101011001100000001000110000000011010100111000000
24
110011000000000000100010100100100011101000001
6
1001101000101000110000010111000100000010101000000
8
1000011100100000000000101111011000000000
133
10000111100111000100000000000001001000101000101011
40
101010101000100000100001001100100110001000001010
200
100011100000000100101000100000010000000101000011
159
10001000010000100100001001001001000111110000100000
158
1110000000001100000000110010001000000011110110000
5
1001001001101010100000000000100011100000010
121
1000110000010100100001100110010000010000100001001
38
110000010000100100000110011100000001100000000010
192
1101011001101100000010001001010010001010011
130
10000000000000010000001101000000001001000
80
1100000111010100001001001011001000000000101
135
10101000001000000001110001001000000001000010
60
11000100010010000000000010100011111011011011000011
145
1000000000100000011101110001010010101101101001101
63
1010001000001111011010010101000000000000001010100
91
1011000011010001000000010001011000000001100110110
147
11000010100001000101100110110001000010000000000
90
1010000000000001101010000000011010100010000000101
25
10110001000000100010000100010000000111010010000000
94
101100000001000000000001101100100001010001000100
183
1010000001101100100000000100001001001111000000010
72
10101100000000010000010101110000010101000000110000
118
1100000000000010010010000010000000000000000101
57
10110000101000111011000000001010110101010000010
152
1000001001110001010000010010010010001110
17
1010101101101010100010010000010001101110000001001
111
1010000010001000110101011000011000000000001100001
159
10101100000101110000000000100000100100000000
33
100101000011101101000001000001100100100100001
158
1000001001001000001010011000001011000000110010001
170
10000000010000110101000000001100001000000100110001
84
100001111010010101001010000010010011010001010001
159
11000000100011000100110001101000100000000000000100
19
101001010101000101011100000000000101000101000010
122
10001010100010001100000000000010000010011110101
129
1100100010001111001100101000000100000010000000111
130
10000001010000010100001010001100110000000000000000
129
11000011000001000010010111100010000011001001010010
60
100000101001100000000001000000110000101101
97
1000001000000101100011110110101100001001100000000
186
10011010000110010000000111000100011100000000
110
10001000010010101010001000000000011111100110010000
150
10000000101000010100001000000100001101000011010010
161
11100100000100010000110100110111101000101110100010
148
10100000100010001000001010100100100100000000111010
136
110100000110000000100011001010010010010000000000
165
1011000000001100110000001000000000000011000010
127
10010001101000010001000000010000001000010010000101
107
10010000000000100010001110000011010110000000011001
200
10000110010100100010011000101010000011010100001000
57
11001001100000000100000000000000010100011000110
68
10000000000001001000010110100100000000000001110000
21
1111010001100110001100010000100110001000101000001
108
100100000001000100100100001100010100000010110
173
1000001001000000110001000000001000010001110000
166
1000001000011010001101011001010000010000001101011
51
100011000001001000000110101001010011010000000000
191
10110000101011100000000010100001101000010001111000
157
1010011101001010000000100001111000011101100
47
10000001000000000011000100101011000100000001100110
115
110000100001001000001100000011001100110000100010
5
10110100000000101010000110000011101100010100000000
54
10000010100000100000001000000111000000000000010011
187
11000000001100000000000000000011000000001101100001
66
10000001001000110001111000001101000000001111000100
74
1100000100001010011000100010001010100001111000
162
11011110000000000100001011000100010010010110000010
54
11111100101000001001001001001001000000000000011001
34
101100110110100001001100001111000010101000000100
168
1001100010010010100000110100011000011010110000
47
10000000011000101001000000000001101010000010000000
174
100010001100000000110000100101100010000101110000
181
10001010000101100110010000110000010100000101000000
168
10000001110100000001001000110001100101100001001000
197
10000100101010000010000000110000000000000011011
70
1010100000011010000101100101000010000100100
90
10000010010100100011010000001001001000101000
94
10111001100010110101000010000000101000010100100
107
1000001110100001000110011111010010000100000000010
157
110000001000010010000010000000010001101001
97
10010001010100100100000000101000110101011011000110
92
100000010011011010110000111000110001001001001000
134
101010100000010011110110011100010100000101
21
100000001100000000010101010001100000001100010100
164
10101001000100000101000000010110000011000100
38
10001000100000000010101001010011000100010000000001
146
1011000000000101001000001001001000000000100110
145
11000010000100000001000000000011100000000000110001
21
1000110110001000010100010000101110110101000
17
1100010001010000110000001010101000001100
148
111011000100000000110101000001110000000011
52
1000000000000000100000010101011010000101101011000
57
10000010100001000001000000000000101000000101010
119
100000001010010000100110010000000000000001100100
29
11010001110010110000010000100000100101110000000101
77
10010000000100100000000001100101101000000100000000
7
11000011000000111000011100110000001000000100
29
10010100001000100110000011000110010000000100000010
151
1100010000100000011000000000000010100000011100
13
10010010000101010110000111011000000110000100000
144
1000111100011110100010001001100001100000000100001
51
100101010010010000000000001100001111010100100
177
10001001000111001110110101000101000100010001000110
71
10000000000000010101001001000010100000101110100
20
10000000010001000001100100010101000000001000010010
35
10000001100010100000001000101000000000010000101110
116
100000101000100110010110000001000100000100000110
34
10000011010000100010101010100001010011010000010001
108
10110100000000100000101000000100000001111101000101
185
1000100010000001100010001001110000000100001000010
63
1001001100110111101000100101010010101110100010001
178
10000101110000100000010011000011000100001000010000
96
10100000001001001001000001100010100000000000101
2
10000001000010010000000011000010100000000101
58
10110010100110011011000000101000000000001110000011
156
1010100001000010010000001100001000001001000001000
80
1000010010000100011101001100101010000001000100000
110
100010100010100100000010110000101000000010000011
2
11000000100001011000010110011000000100010100100001
144
10000000000000010000100011010011001000100110000101
16
100010110100100110101000010000101110111000010010
58
10000000100001000000001100010011010010010000
35
1110100011001001010100100000100110000010000100011
91
10101100000000000001101000000010100000000100000001
169
10101000111100000110100000111000101000100000000000
19
10101010110010000110110010110010101101000100000010
174
10010001110000000000100110000011000101000000010
198
1100011000001000110001101010001100010110000011000
162
10100010010100010010100000000100001000010001001000
114
101101010111000100010000000000000100001010010
197
10110100011001101000001011110100100001000000001000
193
1101001000010010100100010000001011110010000100000
14
1000110000110110101001000100000101011011010101000
136
11000000011110000000001000000010000001010110
142
1100000001111000000110100010000110010001011110000
200
11001001001011110100000001000000100110001000011
13
110010001010100000010000110000111111000100100
106
10000011001000101000110100100010100101100111
197
10100101101011001000001000110011100110001101100011
116
1000100101100001100111001000000000100100010001
82
10101010000001000000100101010011001000100110001000
176
11101000110000000000000010100011010110001000100001
189
100000011000111000100100110000001100000010001011
85
1000000000101001000000001010010001100001111101000
91
1001010000100001000100010100010000000100
182
110100011110101000000101100110001101000000000100
199
10001010000000000011000000101000000100110010100011
6
11000110001000011001010001001100010101100100
181
1000000010010001101011000110001111110000100000
176
1100000000010110100000011100000001000011010
182
10000001010000001110001000001000101010000000110
29
100110010000000000010010010000110011000001000011
102
10111010000000000001000011011001101011010000010100
150
10000000011001111100000010100010100100001100001
93
10001000000101010100010000110100000000100001011
162
100010000000001100100000001100010111010100100
147
1000000000100000100010010110000000001000000000
166
1001000011000010100000100011001010000000100110011
22
10000000011000100000000001010000100011101000000010
53
10011100101000000001000000001001000100001011
140
1100000000001000000000001000010001101011100000
160
1001000000000110001000110000000010100011010101010
114
1001001000110101011000110100101110101000010000000
197
11000110001011010101011000111000010010101010100001
128
10110000011001000100000000000000
82
11010000001000001100000010000100001001000101000000
60
111101010000001001000000000000111011001101101000
32
100011111000001000001011000011001100001010000100
36
10101101010110100010001000100100100000001
60
10100110000000011100001010101000100100110001100010
112
11000010110001010001001010001010000001000010101100
93
