50 200
11110111111110111011111011111011110111111111111101
191
10110011101110001111111011011101111111010101110101
148
11111111101100111011000011111101001111100101100111
69
1101101010111111111010111111111111111110111111101
83
11111011101111101011111100110101011101111111111111
84
111111111100110111111100111011111110101011111110
97
11111111110101111111111011111110111111100111101001
186
10000111101111111101111111111011110011110111111110
63
11111101111001101111001111111011011111111110111111
111
10011111111101011111011011111010111011111111101010
166
11111011111101010111110111111000110111011110110111
102
11101111101110111011111101101011011111100111101111
28
1100111100110011011111011011111110101101011101011
1
1111011111110101101111111011110111111111110011101
78
11010101111111101101110111101101101110011011111101
135
11001111111111111011110011110111111111111111111111
116
11111111111110101111111101011111111101111111110111
100
11111011111010111111111110111010101100011100111111
7
1111101111110000011110101110011111111111111111110
17
11001011111101101011101111111101111101001111111011
38
11010111111101111101111101101111001111101101111011
104
11111111011110101011110010010100010110111111110000
2
11111111111111111111111110111011111111111111111111
23
11111010110110110111101110111111111111101111010101
182
10101101010111101111111111100010011111111101111011
166
11101111111110011111101111110010111010111111111011
24
1111110011011110101000111011110111111111111011111
6
11011101011101111111111110111110100001011111110101
8
1111111101111111110110111010100101111111101111101
133
11011111111111110101111111111111111111101110101111
40
10111011101111100010111101011100111111101101111110
200
111111110111111111101101111111110101010101111111
159
10011111011011111111111111001001111111111110101101
158
1111111111001111001101111010111100110111111110111
5
11110011101001111101111101111010100111111111011111
121
1111110011011101101111100110010111011000110111101
38
11110111010110111111101111111100101111110111101110
192
11111101101111011111111011111111001011111001011111
130
11001010111010010000101111101001111110101011011111
80
11111001111011111111101111111011111111111101111101
135
11101011111110101011010111111111111011111101011111
60
11111110111111100011111010111011111111111111000011
145
11110111111111011111111111111011111111111111111101
63
1111111111101111111010111111011111111110111110111
91
11111101111110111111011111011111110101111101111111
147
1111011110110111110111111111111111111011001100000
90
11111010101110111111111111111111111111110101010111
25
11111111101111110011001111010110100111111111110011
94
11111111010001100111011001111111111101110101110110
183
11111111101101110111111010100111111101111111011010
72
11111111101111111110111111111111011111010101110111
118
111111111110011111110111010111011110010101110101
57
11111110101111001111011111001111110111111111111011
152
11011111111110011111111011111111011111111110101111
17
1111111111111111101011010111111111101110101111111
111
11011101010111110110111111100111111101100101100011
159
10101111101110111111111111001101100111101101111111
33
11010111101110011101111010101100011110101111101101
158
11111111011101111111111111011111111111101111011011
170
10110110111011111111101100111101111101101111110111
84
10111101111110111111011110111010111111111111011001
159
11110111111111111100111111111111101101111101101111
19
10111001111111111111111111111100111111011101101011
122
10111111110101011011111000110111011110010111111101
129
11111110111101111111111111000110101111110101010111
130
11111111011000111101111111011110110110111111011011
129
11110111111111101011111111101011111111111011011111
60
1111111100000111111101111011101110111110001111111
97
11111111101110111110111111111111111011111111000111
186
10011111111011111111110011110111010111111110111101
110
11101011011111101111111101100111111111110110011110
150
11111000101001111110011100110110011111110011011111
161
11101100101110011001111111110111111111111111111111
148
11110111111110101011111111111100111111100101111111
136
11111100111110111111110111111111011110111111111101
165
11101111011110101100111110111011011011101111111111
127
11011101111111111111111100111110111110111110111111
107
11110010100111111110111111110111111110110101111101
200
10010111011111110010111101111111111011111111111101
57
11011111111101101011110111100111001011111111010111
68
11111101111101111111111111110101111101111111111111
21
1111111111101111101101111011101111111101111110111
108
11111100110001101101110110100111111110110111011111
173
11111110111111111011111101101010111110111011110110
166
11111101111111011011111111111010111011011101111011
51
11111111110111111111111110111011011011011110001110
191
11110010111111110100111111111111111100111101111111
157
10011011111011111111111111111111111111111011101111
47
11101111000110111111111101111011101110011101111111
115
11110010111101101110111111101011011110110011111111
5
11110111111111111010111111111011101100111110100111
54
11111110111111111111101111101111111000111111111111
187
11110101111111110110111111101111111100101101101111
66
11110111111111111101111011111111110111011111111111
74
11111111011101111110011100110110001111111111111010
162
11111111001110101100111111101110011111111111001110
54
11111110101110011111111111011111111100101100111111
34
11111110111111111011011111011111011111111111111110
168
11111111111110110111101111111110111100111111111110
47
11111111111111101111110011111111111111111111001011
174
11111011111111111010111011111111110111110111111101
181
11111110101111101111110111110101110111111101100011
168
10110011110101110111111010110111111101101111011110
197
11111000111111111110110101111111011111111111111111
70
11111101111111111111110101111111111011111111111101
90
11111010111111111111111111111101111111101011111111
94
10011111001110111111101010110111111111110111111111
107
11111011111110011011111111111111111101100011111111
157
11011111111100101111011010111110111101111101101001
97
11111011111111111111010011111111111111111111111110
92
101100111111111110110111111111111111111011001110
134
111111111111101101111111111110111111111110111111
21
11110111111111000111011111111111111011001110111111
164
1001111111001111111111111011101111110111111111101
38
10111011111111011110111111111011101110010111111101
146
11111111011111110111111111011111111111111010111111
145
11001011111110110111111001111011111011001101111111
21
11111101011111110011100010101011111111111111111111
17
1101011111110110111011011110101011110111100111111
148
1111111111111100111111011110101011111110110110111
52
11100111111111111101111111111011011010111111011101
57
11111111111111011110111110000011011111101011101110
119
11100011111111111110111111011111111111001011111111
29
11110111111111111001011111101111110111110111001111
77
11111110111111101000111111111111111111101110101110
7
11111111111111111111111011111110111111111101101111
29
11011110101110111111111011111111111001111110011111
151
10001111110110111111111010101011011011100010011111
13
11111110110011111111111111111111101101110100111000
144
11111111111111111111111111111101011111111101110011
51
11010111111111111010011011100001110111111011101111
177
10111001110111001110111101101111100110111101111110
71
10110101011100101010111101001010111110110101111111
20
10010011111001111111111111111111001111101110111011
35
10101011100111110001001000111111111101111101111111
116
1111111111111110111111110001111100111101110011111
34
11111011111100110111111110111011011111111111111111
108
10111110111000101101101011001110001111111111111111
185
11111110111111101111111101111111100110111101011111
63
11101101111111111111110101111011111101111101011011
178
11101111111100100101110111111011111111001101111101
96
10111111001111111111101010111101110110110011101101
2
11101111001011111111011101111111110111101101101111
58
10111111101111111111101111101001010111111111010011
156
11011111111101111111101101110011111011101011111101
80
11101011110000101111111101111111011001111010111111
110
10110011101110101110011111110110111111111111110011
2
11111100110101111111110110011011101111110111111111
144
11001111110011010011101111010111111110111110110111
16
11111010110101101111111111011111111110111101111111
58
1111010111110111111111111101111011111110111011010
35
11110110111111111111101110101111111111111111111111
91
10101110011011010111101100011111111101110111110011
169
10111011111111011111111111111001101101111110011111
19
10111110111010101110111111111111111101100111011011
174
11010011111111111101001101110101011001101011011111
198
11111111111111111110001111011111111111111010111110
162
11101110111111111110111011111111111001011111111111
114
10101101101111111111101011101111010110101111010111
197
11111111011111111110111111111111110111001011011101
193
11111101101111110111110110100111111111111011111101
14
11110111111111111111111111110100101111011110101100
136
11010011011110111111001011101100001110111001110110
142
11111001111111111110111101110100111111111111111111
200
11111101111111111111111100011101000111110111111111
13
11011111011101110110110110111111111111111011110110
106
1110111110111101001111101110111111110110111111111
197
11111111111111011111111011111011111111011111110011
116
11001111101101110011111111111111111101100110110011
82
11111010001001111111111101111011011111101110001111
176
11111110111100000111110111101111111110111100101001
189
11101110111111111111111111110111111111111111101011
85
11111111111111111111111111111010011111111111101011
91
10011111111001111011110011110111111111011110011111
182
1111110011111101011110111111111111111101110111101
199
11111111011110111111001110111100011101111111101011
6
11011111111111111111111110011111110111111101111
181
1111001111011011111111111001110011111111110111101
176
11111111111101111111110111110111111101111101111111
182
11011111111111011101111111011001101111111010111111
29
11100111011110010100011111011111111111111101110011
102
10111011001101010111111111011111111111111110011111
150
11111111110111111111111111011111011111100111100101
93
11011101110011111111101111111111100111111101111111
162
11100111111111111101111111001111110111111111111111
147
10111000101111101111100111011111111101111110011111
166
11111110111101110110101111111101111111111111111111
22
11111111111110101111011111111111110111111110011111
53
10101011111111101101110101100110101111001111111011
140
10101111010101111110111111111111111111111111111111
160
1101111100111111111111110101111111111011111111110
114
1101101110110111111111111100111111111011111111111
197
11110111011111110111111110111100010111101011111011
128
1111011001101110010111110111111111111111110101011
82
11111111101011011100001111100111111001001111001110
60
10111111111111011111101101111111111011101101101101
32
11111111111111111011111011111011111111101110011111
36
10010110111111101110111101111001110111111111011011
60
11111111101100111111001111111111110100110111100110
112
11101110110111010111111111101110111101101111111101
93
