50 400
10110010011010001010101011101010010001011000010101
191
10011101100000101000011001000100101000000010000
148
10101111001100111000000010000001000010100100100000
69
101001000011101110010010100001100000010011100101
83
11100001000010100011010100100101011000100110111010
84
101101010100100101000000001011111110000001010010
97
1110110000000011110110011110110101100100000101001
186
10000101000101001001010101101010000010100011000000
63
1011100011000101110001001111010011000011110010111
111
100011000011011010000011010011001001001000000
166
101011010101010000010100110000110010000010100111
102
1001100001000001010110101100011001001000011001001
28
100010000010001010010000000001100000000011001011
1
11011010100100100100010000010110010101010000000
78
10001110100001100100001000100000110000011001101
135
10000011100010111010000001110111100011101110000111
116
1010111010110101100110001010111101000001111110000
100
101011010000111011111010010010000100000100111000
7
1001000011010000001100000010010101001001010100100
17
11000000000001000011101000000100001101000000000001
38
10000110010100001001100001001111001011001100111010
104
11100001001010100010000000000000000010101100100000
2
11010101111111100010000000000010011101001000000000
23
1100010000000110011001000001011101001001100010100
182
10001100010101000010000000100010001011010001100010
166
10101011001100000011100110000010111010110111000001
24
11110011001000000000100010100100110011101001001
6
1001101000101000110000110111000100000010101000000
8
1000000001000011100110100000000101111011000000000
133
10000111100111000100001000010011101010101000101011
40
10101010101001100010110101001100110110101001001010
200
111011100000000100101000100010010000000101000011
159
10001010010000101100101011001001000111111000101001
158
1110000001001101000001110010011000110011110110000
5
1001001001101010100110000100110011110001010
121
1100110000010100100001100110010000010000100001001
38
110000010100100111000110011100000011100000000010
192
1001101101111001101110000011001001011110001010011
130
10000000000001010000001101000000011011000
80
1110000111011100001001001011001001001000101
135
1010101000001000000001110001001010011101010110
60
11000100110111000000101010100011111011111011000011
145
1000000010110000111111111101010011101101101111101
63
1010001001001111011010010101000000000000001110100
91
1111000111110011010000111001011000000011100110110
147
11000110100101110101100111111101010010000000000
90
1010000000010001101010000001011010100010000000101
25
10111001001000100010000100010000000111111010010000
94
101101000001000000010001101100100101010101000100
183
1010000101101100100000010100001001001111100000010
72
10101100000000010000010101110111010101000000110000
118
1100010100000010010011010111000000000000000101
57
1110110000101000111011110000001010110101010100011
152
11000000001000001001111001011110010010010110001110
17
1010101101101110100010010000110001101110000011111
111
1010000010001100110111011000111000001000001100001
159
10101100000101110100000000100000100100000100
33
111101100011101111000001000001100100100100101
158
1100001001001011001011111000001111000000110011001
170
10000000110000110101000000001100111001000101110001
84
100001111010010111001010100010010011010001010001
159
11000010101011100100111001111100100000011100100100
19
10101001111111000111011100000000101111000101000011
122
10011010101010001100000000000010100010011111101
129
1110100110001111001101111000100100001110000000111
130
10010001010000010100011010001100110010000001000000
129
11010011011001000010010111100010000011011001010010
60
100000101001100000000001100010110000101101
97
11000001000100101100011110111101100001001101000010
186
111011010000110110001010111000100011100000000
110
10001000010010101011001000000001011111100110010000
150
10000000101000010100001000000100001101000011010010
161
11100100000100011000110100110111111110101110100010
148
10100000100110101001001010100100101100000000111010
136
1110100001110000001110011001110010010010001111000
165
101011000000101100110000101000000000000011100011
127
10010101101000010001000000010100001000010010010101
107
10010010000001100010001110010011010110100001011001
200
10000111010100100010011100101010000011010101001001
57
1011101011101100000100010000100000011110011000110
68
10001000000001001001010110100100000100000001110010
21
1111011001100111101100010000101110011100101000001
108
1000100110000001000100100100111111010100010011110
173
10001010001101001001110101100000101000010001110000
166
11101001100011010001101011011010100010000001101011
51
10100011000101001001000110101001010011010110000000
191
10110010101011100000110010100001111000010001111100
157
10001110011101101010000000100001111000011101110
47
10000011000000000011100100101011000100001101100111
115
11110000100101001000001100100011001100110001100110
5
10110100000000101010000110010011101100111100000110
54
10100110100000101100001001000111001000000010110111
187
11100100001100000000010100000011000000101101100001
66
10010001001000110001111000001101000010001111100101
74
1110000100101010011000100010001010100001111000
162
11011110000000000100011011001100010011010110000010
54
11111100101000001101001101001011000000000000011011
34
1101100110110100001001111001111000010101100001100
168
1001100110010010100010110100111000111110111000
47
11000101111010101011000000000011101111001011001001
174
100010001100000000110000101111100110000101110001
181
10001010000101100110010010110000010110100101100000
168
10000011110100000001001000110001101101100001001000
197
10000101101010000010000000110000000000000011011
70
100001110100000111010000101101101000010000100101
90
10110010110110100011010000001001001010101000
94
10111001110010110101000010000000111000010101100
107
1000011110100001000110011111010010000100000000010
157
110000001001010010001010000000111101101001
97
10010001010111100110000000111000110111011011100110
92
100000010011011110110100111101110001001001001100
134
10101011100000011011110110011100010100100111
21
100100001100000001010101110101100010001100011111
164
10101001010110010101000100010110000111000101
38
10111001101000000110101001010011000100010000001101
146
10011111000001000101001000001001011001000000101110
145
11000010110100000001011000100011100000000000110001
21
100001000110110011000010100010000101110110111010
17
1100010011010000110000001110101000101100
148
110100111011000110000000110101011011110000110111
52
11000010001001011101000010101011010000101111011000
57
10010011111001000001000000001010111000000101010
119
10100001011010010000101111010001000000000001110110
29
11010001110011110000010010101100100101110001000101
77
10010000001101101000000001100101101000001110100010
7
111100111010000111010011100110000011001000100
29
10010100001010100110000011000110011000010100000010
151
10001100010000110001011000000000000011100000011100
13
1010010010000101110111000111111001000110100100000
144
1101111100011110100010001101100001100001000100001
51
1010100111111010010000000000001110001111010100100
177
10001001000111001110110101000101000100110001000110
71
10000000000000010101001001000010110100101110100
20
10000001010001000011100101010101000110001000010010
35
10100001100010110000001000101000001100110000101110
116
1100000101000100110010110000001000101000100000111
34
10000011010000100010101010100011010011010001011001
108
10110110000000101000101010000100000001111111010101
185
1010100010000001100010101001110100100101001000010
63
1101101101110111101000100101010110101110100010001
178
11100101110100100001110111100011100101001000010001
96
11101000001011001101000001100010110010000100101
2
10000001100011010000110011000010100100001101
58
10110011100110111011000001101000000010001110000011
156
1010100101000010010000001100001011001101001001100
80
1101010010000101111101101100101011000101010101000
110
100011100010101100001010110000101000000010000011
2
11001000100001011011010110011000000100110100110011
144
11001100000000010000100011010011001000100110000101
16
100010110100101110111001010001101110111000110010
58
1100010010000100011000100001100010011010010010000
35
11110110011001111111101100001100110000010010100011
91
10101100000001000001101000000010111000000100010001
169
10101000111101000110100001111000101000100000000001
19
10101010110010001110110010110010101101000111010010
174
10010011011110000000000100110000011000101000001110
198
1111111010001001110001111011001100010110000011000
162
10100010010110010110100000011100011000010001011000
114
100101101010111000100011000000000000100111010110
197
10111111011001101100001011110101100001000010001000
193
1111001000010010110100010000011011110010000100000
14
1010111000111110111111000100100101111011010101000
136
10000011000000011110000000001000000010100001010110
142
11101000001111001010110100010000110010001011110000
200
11001101001011110111000001000000101110011100011
13
110010001010110010110101110101111111000100100
106
100110000111001000111000110100100010100101100111
197
10110101101111001000001000110011100110001101100011
116
1001000100101100001100111001000000000100100010001
82
11101010001001000000100101010011001010100110001000
176
11101010111000000000110010101011010110001100100001
189
100100011101111001100110110110001100000010001011
85
1000100100101101000010101111010001100111111101000
91
1011001010000100011000101010110010000000100
182
110110011110101001100101110111011101000110000100
199
10001010000010111011001000101100000100110011100011
6
11100110001000011001010011001100011101101100
181
1001001001010010001101011000110001111111010100000
176
11100100000110110100010011111000001100111010
182
1010000101011000001110001000001001101010000000110
29
100110010000000100011010010000110011110001110011
102
10111010000000010101100011011001101111011100010110
150
11011000011001111100010011110011101100001100001
93
10011101000010101010101010000110100000000101001111
162
1000101011000000001111100000111100011111010100100
147
1000000110100000100010010110001100101000000100
166
1101000111100110100000110011101010000001100110011
22
11100000011000100001000001011010100011101010001010
53
10011100101001010001000000001101001100001011
140
1100010000001000000000111001011001101011100000
160
1001001000000110001000110001010110110011010101110
114
1001001000110101011000110100111110111000010001000
197
11000111001111110101011110111000010010101011100011
128
1010000000000010110010011001101100001000000000
82
11010001001011011100000011100100001001000101001000
60
111101010000001001000000000100111011001101101000
32
100111111010001010111011000011011110001010000101
36
110111111101010111100010001110100100100010001
60
10100110000100111100001010101010110100110001100010
112
11000010110001010101011010001010000101000111101101
93
1111100100000110100000100010111110101101001100100
87
10101111110110101011100101010111000010010101001010
109
10111110101010011100000000011001001000110100001011
39
10000110001000000011111101011010110111110010100101
76
1010100101000001001010001110001011010111101000
63
10010000010000000110111100011011000000110010000101
90
110000010111101100100001101101100101001100000100
163
10000000010111000100000110000011100010010010000010
151
10010000001001011110011010100110011010011110000
13
100001010010100011010000110110100000001111010000
178
10101010001000000010000000011110001011001110000
193
10100010001111111010001001001001101010010001100100
96
11111011110000000011111000011101101000100011000000
3
11010010010010101001010010000001010110000011001000
80
11010011100100111001101101101110000000101000100000
172
110001011001010100001000001001100111000100101101
32
11111000000001001100010010100101000101001001111010
16
10010100000001010001100111111001001100000010001100
16
10011110011000011101001000111010110010000000100010
25
110010111100010010100010001111011000101000000
168
1101011001110101101100001000001110011100000100001
100
100000010000100100100010111100100100011100000011
58
10110100100101110101011011011100111010001101011
48
10100000000101010100110001011001100011010000110000
161
10111100010000001110011011000100110100001011111
75
1110000111100100010101001000001001010110001110100
4
1100000000000011001100100111001011001011001101011
70
1110110001010001100100000010000000111011010000001
134
101000110101011101010000001101001001000111101001
118
10000001011010011101110111100101001011001100011
115
11000100000101010010100100000001110001001100111111
2
1111010111010110100001001010000010010010111010001
117
11000100000011010110011100001101101010010101000101
78
11111000000000010010100001100010011000010101110001
89
10010100011011001011010000011101100001011001111001
113
11100000100100100100101101110001110111101000001110
41
11001011111100111100000100111011001001000100101000
89
10000110000111011001110000111000101011010100100000
159
10000000100000110110000100111011101110101000100001
107
101100111001100000101000010101000110110100000010
128
110000011010000111011100111111101101000100001111
90
1110010000001010010001000101000110100110101010000
31
10010000110101001010000110111001111000100010110000
197
10000000101100010011010110000001100100001101001000
182
10110001101101111011100111111101011110011110011010
21
11111111010000100010001101001001011100111110110
144
10111011111100000000101010101011011000000000010101
50
10000000010010001000100010010100000101100011010101
189
10001001010010000000010110000001101101010000111000
10
1111001110100000110000010010000000101001001010000
173
11110100100010110000100001010011111011111000001011
168
10000001110110100000000000100101100011101011001011
83
11000011101000100110110001010010110011001000000101
144
1000000010001001110010001110001011010001010110000
110
10000011001111010001000000010111101011010001001110
169
101000100100100110000000100011000100101000100011
189
10010011111001011110000100110000000110111111000000
50
11101000000000001010000011001011101100101100000010
78
10101000011100010100000101000000000000000100001100
21
10000110110100100001001110011111010110010011010000
18
100101110010010011010011010001010001001010001
134
100000000101001100101001101000101110100010011010
171
1101100011001010001000011011001101110010001000000
51
11010110001010001000010010010000100011001001000010
165
11001110011101001001001111011010101010100000110011
189
1100100000000011011000000010111100000001011100111
30
100011011000001000101101101111100000100000000000
40
10101000100100010001011110111011000000101001110110
92
1100000000000000100111000010000000001000111000100
196
1000000100010000101100100001011010000011100011100
8
11010011000011001000010111001110001010010011000000
10
1100001010001100101001100011100011011001010011110
186
1100000001101010110101001110000100011100010111
86
10100101110010101001011101100110000001000010001110
118
1101011010000010110111011101001011101010
153
1000100101000011110010010101011110001111101000100
47
11001101100101110010000010000010101010000011000000
34
1101111010000101010000010100010100010110100000101
41
11010011100101001000111000011000010000000
163
1000000010010001101000000000100011110100000001100
189
10011001110110011011101011010100000001100001001100
118
10010001001000010000100111010000001000010011111001
187
101001001100010010101000000010001011001010
126
10000011010100000100011101000110001111001001001011
57
10000001111011110110000100011010001001000110000111
151
11001100011000001011011001110100000111100
2
10100100101111000100100101000100001101000100100101
42
1110101100101001101010001001000000000010000
110
11001000001010110011010000010100110010010000100110
113
1010111001010000000010010010000100000001110110111
186
1101111010110001010001010011000000000010001000010
156
10101100010110111100010100011100100001010010111001
48
11111110001000100010100000000100001010011100011100
111
10001001000010010110001010101001001001001000111000
182
1100101000000100100100110111000010000111001111110
184
100101110111100010101010110010111010100000100000
37
100101010000010000000010010101101001010101000101
71
1110110110000010001111010100000010011100010100100
156
1001011100001110110011100100000111101110111000000
41
111000011000001101100000101100010001011101001011
107
100101100010011110100010000011110000101010011110
184
1000001100011010110101000011001100000010100011000
44
11100001111011100011100000010111001001011000
27
10001111100100100000010101011110101110000101100110
182
10001101000011111111100001100010001001010000100
40
10010100010101000000011100110100000110011000000101
138
111110101000011110001001000101000111101100101
154
10000110011011011101011101010000011100010000010000
85
110101101100101101101100100010011101000001000
1
1110110011101110111000101011000010010000010101011
132
10001000111101100100001001011011000110100001100001
133
1011000011110100110000010001010000001100011001101
25
1110111001011110010001101010100000000001010010
119
1010000101000010000000010110110010010011000001000
105
11110000001101010000000111110010000000100101100100
120
100111000110000101010100000110101001010000100010
81
10100000100110000110000001000000000011110010001111
183
11001110001010111011100101000000000001000101100011
186
1101000100100111100100000000001011111111111010000
106
1100011000001000010110010101100001001000101011101
198
10000100010111101100100011000010001101010101100110
59
11000101101011000001010111101101000111010110000101
39
11010010101000111000010010101011001101110100011011
55
10011100010100001000110111101000010011100010000100
180
10100001001000101111000011000010010001111000100101
101
110101010111100010011111001000000101010010110000
137
1110011000010101110000100000101111101000111000100
189
1101000001011110001000100000111001100001000001
176
1100101000010000000001010010100010100110001100110
21
11010111010110100010010010101001000100010010000
136
10001010001100000001100000101000001000010001001010
8
100001100110010000001111001010110101101011011010
185
100100101001000111010000001001101100110111010000
74
1000010111000001001001010000010111001101110010001
68
1100011011010011101100101100100011010111101101001
55
10110111010000111000000000000101010000001010001
108
1010000010111100010110000000001110011101010100101
156
1100000000010001000000010101100000000001000001
7
11001011100011100010000000101000101010100010010000
177
10010110001000000101000101000101110011101101110110
137
1000010000100001001000000010110010000101010111010
144
10001110000000100100010110000001001001000101100
135
110100111100011101000001100011000000010011100111
170
110010001100001011011001010010101010010110000000
128
1100110111101100000000010100101000010111000110001
163
11001001000010000100000000001010000010000
100
10001000001101000101000110001000000110010010010
87
10000110110110011011000001100111110110001011001000
17
101011110001000000000000100111000100100000010
20
10011000000111000011000110101011110000011101100011
29
10101001100000001111110000000010000011100000000010
77
1001000101100001001001101010110100001001110001010
197
11100111100001101010100001011111001100010000100
48
1101100100000000010001110101111010010001100000110
29
1110001000101100101000111101000011000000001110
195
10110100011111100011100100111001011010010101001101
163
100010011111110000000000010010101101100010011101
66
100010011110100010001100010000101011001001010100
103
10011011000110101110000010001110000110000011011
35
11100000110110000011110001110111101001100110100000
192
10110100000010010000001110010111100101001101111
137
1111111110111100001000110110110111001010010110001
156
1011101010100010111011111101010011000111101011001
32
10100110100010100000110011001110001011000000000010
42
1101010101000010010000100100101001000010000
138
10100010111100010000001110010110011000011100001000
194
1101001010010001100010111010000001101000000011
166
10010010011010000101100010110000001010100000000010
18
111000100101000110000000100001111010110010101111
126
110001000101100101011000000010001000101100000011
48
11100101000011101110000010100100101000101001110110
16
1001110000011111110000100001101101000111000001010
8
11010101001100010001001011100000111110110011100011
108
10000111111010111111010000111000001111111100001100
18
10001110000111110001011100110000100101101000100011
103
10010001001000001010100000000100010000111011000
87
10000011000100001001100011001000100000110110000100
71
11001101001100000000001100001110101111111100100100
80
1000110011100011001000000000010000000110101100000
12
10010010010100111001100100000010111101010110001011
58
1011010000010101100001001101100010001
98
11101011001110000000001010000001100100001011110
120
11001011010000011000000100011000011000110010010000
104
101101001101100010000001100001001100011010001100
5
1000011101000000000110001100010001000110100100001
124
10001011101000111111100001110011101001100111001110
57
11100000001101000111001000101111100111100011000
148
10011110001101100101111000100110000001001110101010
67
10010111100010010000010010101010100100000100000011
134
10000101111000001010111000010010110000011101101000
132
10001100111000000000000100000010011110010100001100
143
11011000011110000001000100000000011011001011001011
74
111010111110001011010101010101000110101010000111
175
1000100001100110110110001000000000001000001011001
160
1011111001000101101000001101111010001011100011010
30
1000100000000100100101010110110000010011000010111
5
1110010100110001001010101000100111001010011001000
76
1001100100100000001001000101001010001000001111111
180
10011000001011011010101000100000000101010110011000
167
1111111010111101000000001110010100000000011
67
