50 500
10110010000000000010001011101000010001010000010101
191
1001100000101000011001000100001000000000000
148
101111001100101000000010000000000010000100100000
69
100000000011101010000010000001100000010011100101
83
1100001000010000001000100100001011000100110101010
84
101101010100100001000000000011111100000001000010
97
1110010000000011010110000110110101100100000100001
186
10000100000101000001010100000010000000100011000000
63
1001100010000101010001001111010011000011110010010
111
11001010000011010011001001001000000
166
1011010101010000010000110000110010000000100110
102
100001000000010100001100001000001000010001001
28
10000000001000010000000001100000000011001011
1
11011010100100100100010000010110010100010000000
78
10001100000001000000001000000000110000011000000
135
100000011010000001010111100001100100000111
116
10101010110101100110001010111100000001111010000
100
101011010000111001111010010000000100000100100000
7
1001000001010000001100000000000101001001010100100
17
11000000000000000011101000000100001101000000000001
38
10000100010000000000000001001011001001001100111000
104
11100001001010100010000000000000000010100100100000
2
11010101101011100000000000000010011101001000000000
23
1100000000000100011001000001010101001001100000100
182
10001100010100000000000000100010000011000000100010
166
10101011001100000001000110000000011010100111000000
24
110011000000000000100010100100100011101000001
6
1001101000101000110000010111000100000010101000000
8
1000011100100000000000101111011000000000
133
10000111100111000100000000000001001000101000101011
40
101010101000100000100001001100100110001000001010
200
100011100000000100101000100000010000000101000011
159
10001000010000100100001001001001000111110000100000
158
1110000000001100000000110010001000000011110110000
5
1001001001101010100000000000100011100000010
121
1000110000010100100001100110010000010000100001001
38
110000010000100100000110011100000001100000000010
192
1101011001101100000010001001010010001010011
130
10000000000000010000001101000000001001000
80
1100000111010100001001001011001000000000101
135
10101000001000000001110001001000000001000010
60
11000100010010000000000010100011111011011011000011
145
1000000000100000011101110001010010101101101001101
63
1010001000001111011010010101000000000000001010100
91
1011000011010001000000010001011000000001100110110
147
11000010100001000101100110110001000010000000000
90
1010000000000001101010000000011010100010000000101
25
10110001000000100010000100010000000111010010000000
94
101100000001000000000001101100100001010001000100
183
1010000001101100100000000100001001001111000000010
72
10101100000000010000010101110000010101000000110000
118
1100000000000010010010000010000000000000000101
57
10110000101000111011000000001010110101010000010
152
1000001001110001010000010010010010001110
17
1010101101101010100010010000010001101110000001001
111
1010000010001000110101011000011000000000001100001
159
10101100000101110000000000100000100100000000
33
100101000011101101000001000001100100100100001
158
1000001001001000001010011000001011000000110010001
170
10000000010000110101000000001100001000000100110001
84
100001111010010101001010000010010011010001010001
159
11000000100011000100110001101000100000000000000100
19
101001010101000101011100000000000101000101000010
122
10001010100010001100000000000010000010011110101
129
1100100010001111001100101000000100000010000000111
130
10000001010000010100001010001100110000000000000000
129
11000011000001000010010111100010000011001001010010
60
100000101001100000000001000000110000101101
97
1000001000000101100011110110101100001001100000000
186
10011010000110010000000111000100011100000000
110
10001000010010101010001000000000011111100110010000
150
10000000101000010100001000000100001101000011010010
161
11100100000100010000110100110111101000101110100010
148
10100000100010001000001010100100100100000000111010
136
110100000110000000100011001010010010010000000000
165
1011000000001100110000001000000000000011000010
127
10010001101000010001000000010000001000010010000101
107
10010000000000100010001110000011010110000000011001
200
10000110010100100010011000101010000011010100001000
57
11001001100000000100000000000000010100011000110
68
10000000000001001000010110100100000000000001110000
21
1111010001100110001100010000100110001000101000001
108
100100000001000100100100001100010100000010110
173
1000001001000000110001000000001000010001110000
166
1000001000011010001101011001010000010000001101011
51
100011000001001000000110101001010011010000000000
191
10110000101011100000000010100001101000010001111000
157
1010011101001010000000100001111000011101100
47
10000001000000000011000100101011000100000001100110
115
110000100001001000001100000011001100110000100010
5
10110100000000101010000110000011101100010100000000
54
10000010100000100000001000000111000000000000010011
187
11000000001100000000000000000011000000001101100001
66
10000001001000110001111000001101000000001111000100
74
1100000100001010011000100010001010100001111000
162
11011110000000000100001011000100010010010110000010
54
11111100101000001001001001001001000000000000011001
34
101100110110100001001100001111000010101000000100
168
1001100010010010100000110100011000011010110000
47
10000000011000101001000000000001101010000010000000
174
100010001100000000110000100101100010000101110000
181
10001010000101100110010000110000010100000101000000
168
10000001110100000001001000110001100101100001001000
197
10000100101010000010000000110000000000000011011
70
1010100000011010000101100101000010000100100
90
10000010010100100011010000001001001000101000
94
10111001100010110101000010000000101000010100100
107
1000001110100001000110011111010010000100000000010
157
110000001000010010000010000000010001101001
97
10010001010100100100000000101000110101011011000110
92
100000010011011010110000111000110001001001001000
134
101010100000010011110110011100010100000101
21
100000001100000000010101010001100000001100010100
164
10101001000100000101000000010110000011000100
38
10001000100000000010101001010011000100010000000001
146
1011000000000101001000001001001000000000100110
145
11000010000100000001000000000011100000000000110001
21
1000110110001000010100010000101110110101000
17
1100010001010000110000001010101000001100
148
111011000100000000110101000001110000000011
52
1000000000000000100000010101011010000101101011000
57
10000010100001000001000000000000101000000101010
119
100000001010010000100110010000000000000001100100
29
11010001110010110000010000100000100101110000000101
77
10010000000100100000000001100101101000000100000000
7
11000011000000111000011100110000001000000100
29
10010100001000100110000011000110010000000100000010
151
1100010000100000011000000000000010100000011100
13
10010010000101010110000111011000000110000100000
144
1000111100011110100010001001100001100000000100001
51
100101010010010000000000001100001111010100100
177
10001001000111001110110101000101000100010001000110
71
10000000000000010101001001000010100000101110100
20
10000000010001000001100100010101000000001000010010
35
10000001100010100000001000101000000000010000101110
116
100000101000100110010110000001000100000100000110
34
10000011010000100010101010100001010011010000010001
108
10110100000000100000101000000100000001111101000101
185
1000100010000001100010001001110000000100001000010
63
1001001100110111101000100101010010101110100010001
178
10000101110000100000010011000011000100001000010000
96
10100000001001001001000001100010100000000000101
2
10000001000010010000000011000010100000000101
58
10110010100110011011000000101000000000001110000011
156
1010100001000010010000001100001000001001000001000
80
1000010010000100011101001100101010000001000100000
110
100010100010100100000010110000101000000010000011
2
11000000100001011000010110011000000100010100100001
144
10000000000000010000100011010011001000100110000101
16
100010110100100110101000010000101110111000010010
58
10000000100001000000001100010011010010010000
35
1110100011001001010100100000100110000010000100011
91
10101100000000000001101000000010100000000100000001
169
10101000111100000110100000111000101000100000000000
19
10101010110010000110110010110010101101000100000010
174
10010001110000000000100110000011000101000000010
198
1100011000001000110001101010001100010110000011000
162
10100010010100010010100000000100001000010001001000
114
101101010111000100010000000000000100001010010
197
10110100011001101000001011110100100001000000001000
193
1101001000010010100100010000001011110010000100000
14
1000110000110110101001000100000101011011010101000
136
11000000011110000000001000000010000001010110
142
1100000001111000000110100010000110010001011110000
200
11001001001011110100000001000000100110001000011
13
110010001010100000010000110000111111000100100
106
10000011001000101000110100100010100101100111
197
10100101101011001000001000110011100110001101100011
116
1000100101100001100111001000000000100100010001
82
10101010000001000000100101010011001000100110001000
176
11101000110000000000000010100011010110001000100001
189
100000011000111000100100110000001100000010001011
85
1000000000101001000000001010010001100001111101000
91
1001010000100001000100010100010000000100
182
110100011110101000000101100110001101000000000100
199
10001010000000000011000000101000000100110010100011
6
11000110001000011001010001001100010101100100
181
1000000010010001101011000110001111110000100000
176
1100000000010110100000011100000001000011010
182
10000001010000001110001000001000101010000000110
29
100110010000000000010010010000110011000001000011
102
10111010000000000001000011011001101011010000010100
150
10000000011001111100000010100010100100001100001
93
10001000000101010100010000110100000000100001011
162
100010000000001100100000001100010111010100100
147
1000000000100000100010010110000000001000000000
166
1001000011000010100000100011001010000000100110011
22
10000000011000100000000001010000100011101000000010
53
10011100101000000001000000001001000100001011
140
1100000000001000000000001000010001101011100000
160
1001000000000110001000110000000010100011010101010
114
1001001000110101011000110100101110101000010000000
197
11000110001011010101011000111000010010101010100001
128
10110000011001000100000000000000
82
11010000001000001100000010000100001001000101000000
60
111101010000001001000000000000111011001101101000
32
100011111000001000001011000011001100001010000100
36
10101101010110100010001000100100100000001
60
10100110000000011100001010101000100100110001100010
112
11000010110001010001001010001010000001000010101100
93
1111100100000110000000100000111110100100001100000
87
100001110110101011000000010110000010000100001010
109
10111110100010011100000000011001000000010100001010
39
10000000001000000011111101011010100111110010000101
76
1010100100000001001000000100001011000111100000
63
10010000010000000010011100011011000000110010000000
90
110000000111101000100001001101100100000100000100
163
10000000000011000100000110000011000010010010000010
151
10010000000001010110001010100010011010011110000
13
1010010000011000000110100100000001110010000
178
100010001000000010000000001100001011000000000
193
10100010000111101010001001000000101010010001000100
96
11111011110000000000111000010001101000100011000000
3
11000010010010001001000010000000000110000000000000
80
11010000100100110000001100001000000000001000000000
172
110000001000010000001000001001100100000100100100
32
10111000000000001100010010100101000101001001111000
16
10010100000001000000100111110000000100000010000100
16
10011100010000011000000000010010110010000000100010
25
100010111100010000100010000110011000001000000
168
1001001001100101101000000000001110001100000000001
100
100000010000100100100000000100100100011000000011
58
10100100100001110101000011000100001010001000011
48
100000000101010000100001001001000001010000110000
161
10111100010000000110011011000100110100000011101
75
1010000111100100010101001000001001010110001100100
4
1100000000000011001100100111001011001010001101000
70
1110010001010001100100000010000000110000010000001
134
1000000100001101000000001001001001000111101001
118
10000001011010001101100111000101001011001000011
115
11000000000100010000100100000001110001000000111111
2
101010111010110100001000000000010010000111010000
117
1000100000011000000001100001101101010010101000101
78
11001000000000000010100001100010000000000100110001
89
10010000011001001001010000010101000000000001111001
113
11100000000100100100001101010001110110001000001110
41
10000011111100111100000100111011001001000100101000
89
100000011010001110000101000001010000000000000
159
100000110010000000110011101110101000100001
107
101100111001100000001000010101000000110100000010
128
10000011010000100000100011110001101000000001001
90
1100010000001010010001000001000110100110101010000
31
10010000100101001000000110111001110000000010100000
197
1100010011010010000000100100000100000000
182
10010001100100111010100110001101001110011110011010
21
1111111010000100010001101001001011100111100110
144
10110001111100000000101010101011010000000000010100
50
10000000010010001000100010000000000001000011010101
189
10001001000000000000010010000000101101000000100000
10
1111001010100000110000010000000000100001001010000
173
110100100010100000000001000010001011101000001011
168
10000000110110100000000000100101100010100010001001
83
11000000001000100010110000010010000010001000000001
144
10001000100010001010001011010001010010000
110
10000010001011000000000000010011101000010000001100
169
101000100000100110000000100011000100101000000010
189
10011111000010000000100100000000110111111000000
50
11101000000000001010000001001011100000101000000010
78
10001000011100010100000000000000000000000100001100
21
10000000110100100001001010011111010100010001010000
18
100101100000010011010010010001010001000010001
134
100000000101001000101001101000101010000010011010
171
1000100010001010001000001011001000110010000000000
51
1010010001010001000010010010000100011001001000000
165
11001100001101001000001010011000101010100000110001
189
100000000000001001000000010110100000001011100111
30
100011010000001000001100001111100000000000000000
40
100000100000010001010110110011000000101001010110
92
1100000000000000100010000010000000001000101000100
196
1000000000000000001100100000001010000011100001100
8
11010011000011001000010011000010001000010011000000
10
1100001010001000101001100010000010011001010011100
186
1100000000101000010101000010000100010100010101
86
101110010001001011100100110000001000010000110
118
101011000000010010111010101001010101010
153
1000100101000011010010010001010100001111101000100
47
11001101100001110000000000000010101010000010000000
34
1110000000001010000010100010000010000100000001
41
11000011000101001000111000011000010000000
163
10010001001000000000100011100100000000100
189
11001010110011001100000010100000000100001001100
118
10000001000000010000000011010000001000010011111001
187
101001000100010010101000000010000001001000
126
11000100000000011001000100001101001001001011
57
10000001001011110110000100011000001001000110000101
151
11001000011000001011000001110000000011100
2
10000100101010000100100101000000001101000100100101
42
1110001100101000100010001001000000000010000
110
11001000001010110001010000010000110010010000100010
113
1010010000000000000010000010000100000001110010111
186
1101111010110001010001010011000000000010001000010
156
101100010110111100010100011000100000010000011001
48
11110010001000100000100000000100000010010100011000
111
10001000000010010000001000000001001001001000111000
182
1100101000000100100100110011000010000100001011000
184
100101110111100010101010100000111010100000100000
37
100101000000010000000010010101100001010101000101
71
110110110000010001111010100000000001100010000000
156
1001001100001110110000100100000010101110001000000
41
10000001000000101100000101100010001011101001010
107
100101000010011110100010000011010000100010011110
184
1100011010100101000011000100000010100010000
44
1000001011001100011000000000000001001001000
27
10001101100100100000000001001110101010000100100110
182
10001101000010111110100001100010001001000000100
40
100010001000000010100110100000010010000000101
138
111100101000011010001000000101000111101100100
154
10000110001010011101011100000000011100000000010000
85
110100100000001000100000000010010101000001000
1
10110010101110101000001011000010010000000101011
132
10000000110101000100000001010011000100100001100001
133
1001000011100100110000010001010000001100011001100
25
1110111001011100010001000010100000000001000010
119
1000000101000010000000010010110010010011000001000
105
10100000001101010000000100110010000000100101100100
120
100110000110000101010100000110101000010000100010
81
10100000000110000100000001000000000011110000001111
183
11000110001010011010000000000000000001000101100001
186
1101000100000111100100000000001001001101100000000
106
1100000000001000010110010101000000000000101010101
198
10000000010001101100100001000010001001000101100110
59
11000101101011000001000111100101000111000100000101
39
11000010101000110000010010101001001100110100011011
55
10011100010100001000110011101000010011000010000100
180
100001000000101100000011000010010001111000100101
101
100001010111100010011011001000000101010010110000
137
1110011000010101110000100000101011000000111000000
189
101000001011010000000000000110000000001000001
176
1100101000010000000001010010100010000100001000100
21
10011010010100010000010101001000100010010000
136
1010001100000000100000000000001000000001001000
8
100001100110010000001110001000010101101010001010
185
100100101001000110010000001000101100010101010000
74
10100000001000001010000010010001100110010001
68
1100001010000001101100001100000011010101000100001
55
110110000000101000000000000101010000001010000
108
1000000000011100010000000000001000010101010100001
156
1000000000010001000000010101000000000001000001
7
11001011000011100000000000100000101010100010010000
177
10000110001000000101000101000101110001101100010110
137
1000000000100001001000000000010010000001010011010
144
10000110000000100100010100000001001001000100000
135
10100010100001101000000100001000000000011100110
170
100000001100001011011001010010101000010110000000
128
1000110111101100000000010100100000010011000110001
163
11001000000010000100000000001010000010000
100
10001000001100000100000110001000000100000010010
87
10000110110100001011000001100111100010001001000000
17
101010110001000000000000100011000100100000010
20
10011000000101000011000110001011100000011101000001
29
10100001100000001111110000000000000011100000000010
77
1000000100000001000001010110100001001010001000
197
11000101000001101010100001011111000100010000100
48
1101000000000000010001110100111010010001000000110
29
110000000000000101000111001000001000000000110
195
10110100011111000011100000110001011010000101001101
163
100000011110110000000000010010100000100000011101
66
100010011110100010001000010000101011001000010000
103
10011011000100101100000000001010000010000001010
35
11100000110010000001110001110111101001000110000000
192
10110100000010010000000110000011000101001101110
137
1111111100101100001000110010000111001010010100001
156
1011101010100000001011010100010010000101100011001
32
100110100010100000010011001110000011000000000010
42
1101010000000000000000100100101001000000000
138
10100010100100000000000110010100011000001100001000
194
1100001000000001000010001000000001100000000011
166
10010001000000001100010100000001010100000000010
18
111000000101000110000000100001001010110010101101
126
110001000101100101010000000000000000100100000000
48
11100101000011101000000010100100001000001001100110
16
1000110000011111110000100000101001000011000001000
8
11000101001100010000001011000000001110000011000011
108
11011010011111000000111000000011001100000100
18
10001110000110110000001000110000000101101000100011
103
10000000000000010100000000100000000100011000
87
10000011000100001001100011001000100000010000000100
71
1000101000100000000001100001010101011110100000100
80
1000100000100011001000000000010000000000100100000
12
10000010010000101001100000000010111101010100001010
58
10000000101100001001101100000001
98
11000000001110000000000010000001000100000001000
120
11001010010000011000000100011000001000010010000000
104
1101001101100010000001100000000000010010001100
5
11100000000000110001100010001000100100100001
124
10001001001000111101100001110011100001100001001110
57
10100000001101000111001000001111000100100011000
148
10011110000000100000110000000000000001001110100010
67
10111000000010000010000001010100100000100000001
134
10000100111000001010111000010010110000000001001000
132
111000000000000100000010011110010100001100
143
11001000001010000000000100000000011001001011001001
74
101010111110001011010101010101000010000010000110
175
1000100001100110100110001000000000001000001011001
160
1011011001000101101000001001100010001010100001010
30
100000000000100100010100100000000000000000111
5
1110010000100001001010101000100110001010010001000
76
1001100100100000001001000101000000001000001111111
180
11000000010010010100000100000000101010100010000
167
1001111000010101000000000010010100000000011
67
10100011010001010010011010000010000001000
199
100000001101001000010100010010000001000000100101
118
10110000001000000010010000001000100000001100101000
15
10001000001100000011100100100010010000011000001000
114
100001000000100101000000001011110110100000000
90
111101001000111000010101000101000110000000000000
164
1010000111000110110000101100010101000100000001101
52
10001101100000101010000000100010010000101111100000
150
101000000000100011100000100110000110010000100010
87
110000000001100111000000000011011000100110011100
148
101000111010111011010001101010000101001000010001
177
10000010000000010001010100000001010001010001000
33
10011010000000000011010001000110010111111100010111
13
1001001001101101100000000100111000000101100000111
43
10100000000101011100000001001011000100001010
137
10100000000000000110000000010010001001010100000011
82
11010000100100000000000101100110000001011111000
52
100000000000010111000000000010001000001111110
76
10110100101000000001001111000000010000000010001
139
1000100010000000000001000101011000110000101
63
10000110110001010000000001001000101
163
1000000100010101101010100001011010010000000000100
169
1000000000001000100000000110010010000110000000000
85
10010001101000000100011000000100011010001110000
164
100011000000001110100100101100100000000100000000
169
11000010101000101000100001010000011100000001000101
89
11000100010001111010001100000000100000001010100
67
1010011000100000000101101110000000001101001000000
161
1010000000100001001100011000000010010000001000001
17
101100000000000000000000000100110000100010000
135
1000110010011110101100010001010000100011000100100
175
10100010010110010000010001001100101110000100
148
10000010000001100000000100101001000100010010001
109
11000001100000101100000000000100110000010000000
33
1000000110110001000010000010000000010010100010000
4
1010000100000000100000000100000100110000000000000
171
1010010001000000001000100010010010010100110101011
19
101010000000011101100000011011001000110010000000
137
1101000100000001001000010000100001000000010011000
59
10101110111100000011011000000000010001010100100110
118
10001000010100001001010000000101110000100111010101
59
1111101010000010000101110100000001000011000010010
157
100000000001000000111010110100010110000110100
182
10000000011000100010101010010100000010000
10
1011000000000110000000000000000000001000000000011
127
110111100001000111000000000110011000100110000000
200
10010000000010000101111010000010000110000100001
80
1000011010101011100100110110001000000000110100
81
1010100111000010000000010010001010100001101001000
132
1000000110001100010000000000001100011100110000000
6
100010000100010100000100000001110110000000100111
82
100010000100000001100000100000000000100111000000
42
11100010001000101000000001001001010111000000
118
10100000001010100000010100000000111110011000100000
3
110000000001011111001010000101001000000
137
111001010011110000100111000000001000
196
10100100000110100000000000111000010001001001010
32
100010001000110000000101101000000001010001110
85
10001000001000000001001000010100001010000010000
19
11000100100000001000010001010001000010010001001011
2
11001010001000001110100010100100001000010001000011
105
1001010011000100101101010000000000010010000000001
14
11001001000100001100010110100001100010010010000
33
10000011000010000010011011011100000000111010000000
21
100011000100010110010100100110100101100000000
9
1101100111010000100011000011100000100000000110
7
10000001010000010001110000010010000011101110001101
113
1100100101110000100001000110101100011000001001100
105
1000001100010011110000011000000010101011110100101
94
100010100000000000100000000011100000001000100000
74
1000010001000010000000000000001100000000000110000
104
10000101011010011010010000011000101101000000000110
163
10001000100001011110101100100011010001000010110010
46
10100110001100011100011000100100001101000000010100
17
1101100101100010000110000000101000001010100
4
110001001100000000000010001001000010010
181
110101000000000101000111101100110011000111000010
44
10010000000001010000101110001001000000000001000011
187
11010000010110000000000110100000000000100000000
137
1001000110001011010100001000000000001000001101000
101
1100110111000101101001000010100010010010000
188
10010010011010010000010000110101000101101100010
50
1011001001000010100011000100011000010000001000000
88
10000100010000011010000101011101000000000010010101
139
10001000100001000000001000010011101100010000001011
23
1000100010000111001000110001000010000000101100
70
10101000011100100011100110000110000000110010100100
200
10100010010000101101000010101000000111001000000000
169
111110101010100000000110110010001000101100100
38
10011010000111000000000001010011000100100000001011
183
11010000011101010010100100011110010000010011010
181
100001010000110000000100100011000100001000001
127
1011100000000100000100000001001000010001100110
41
10100101000011000100001000101100000011101010001
165
111000001000000010000000000000001000110000001
113
10101010000011000100000000100000011000001000000
39
10001010000110010000010001001010110110000100000
35
11000010100000111100111000000000001000000100100001
54
1011110000001000100010000101001000010111001110101
141
1100000000111000101000011011100011000011111101110
63
