50 500
11110011011110001010101011111011010001011000011101
191
10010011101100001101010011001101100101000001110001
148
11101111101100111001000011010001001010100100100101
69
101001000011101110010111101011100101110111111101
83
11110011001010100011110100100101011100111111111110
84
111101011100100111111100111011111110001001110110
97
11111111010100011110110011110110111110100111101001
186
10000111101111101101011111111011100011100111010010
63
1111100111001101111001111111011011001111110110111
111
10010100111001011011010001111010111001011101000010
166
101011111101010010010101110000110011011110110111
102
11001100101010111011111101100011001111000011001011
28
1100011000010011010010010011001110100101011101011
1
1011011011100101100101011001110111010111010010000
78
1010001111101001101110101000101101110001011111101
135
10000111100010111011100001110111101011111110110111
116
1110111011110101110111001010111101100101111110011
100
101011111000111011111110110010001100001100111111
7
1101100111110000001100001110010111011111011111110
17
11001001011101100011101010010101111101001111101011
38
10000110110101001001110101001111001111101100111011
104
11110011001110100011010000000100010110111101100000
2
11010111111111100010101010101011111101101001011010
23
11101010010010110011001000101011101111001110010100
182
10101100010111001010110110100010001111011101110011
166
11101111111100011111101111010010111010111111100011
24
1011110011011100000000101011110111111011111011111
6
1001101011101000111110110111010100001011101010101
8
1011100001110111110110101010100101111011000011000
133
11000111100111100100001010011111101010101100101111
40
10101010101001100010110101001100111110101001001110
200
111111100101111111101101111010010000010101010111
159
10011011011001111110111011001001000111111000101001
158
1110100101001111000001111010011000110011111110101
5
11010001001001011101011101111000100110011111001010
121
1111110010010101101111100110010001011000110101001
38
10110111010110101111101110111100100111110111001010
192
1101101101111011101111010111011001011110001010111
130
11000010110000000000001011100001101100001011011011
80
111001111001111111101111011011111001101001100101
135
10101010111010101010010011110011111010011101010110
60
11011100110111100011101010111011111011111111000011
145
1000011111110011111111111101011111101111111111101
63
1011011111101111011010111111000111001110101110110
91
11111101111110111110011111011011110101111100111110
147
111001110110101110111110111111111011010000000000
90
11111010001110001111110011111111111101010101010101
25
10111101101011110010000100010100000111111010010010
94
111111010001100000011001111111100101010101000110
183
1011010101101110111000010100001001001111110000010
72
10101111001100010110110101110111011111000000110100
118
101100111100011110110111010111000100010100110101
57
1111110101101000111011111001001110110111011101011
152
11010001101100001101111011111110010011111110001110
17
1010111111101111101010010101110101101110000011111
111
11010100010011100110111111100111010001000001100001
159
10100010101110111101111100000001100100101100011100
33
10010111101110011101111010001000011100101110101101
158
1111101001001111101111111011001111000100111011011
170
10100010110001110101000000101100111101001101110001
84
111101111110110111001010100010010011111011011001
159
11100111101011101100111011111110101101111101101111
19
10101001111111101111011111111100111111000101000011
122
10111110101010001110000000111010110010111111101
129
11110100110001111101101111000110101011110100000111
130
10010101011000111101011010001110110010010101001000
129
11010011111101100011111111100010001011111011011111
60
11001100000101001101010000001100110110000111101
97
11100111001100111100011110111101101011011111000111
186
10000111111011000111110011010111010101111110000100
110
10101010011110101111001001100001111111100110011010
150
10010000101000011100001100100100011101100011010010
161
11101100001100011000111101110111111110101111110111
148
11100010110110101011111110101100111100100101111011
136
11111100011110111111110011001111010010011101111101
165
101011000100101100111100101011001010101011111011
127
11011101101000111111110100111110101010111110110101
107
10110010000011101010001111010111011110100101111101
200
10000111011110110010011101101111001011111111001001
57
1011111111101101011110110100111000011110011000110
68
11001001000001111101011110110100111101011001110111
21
1111111111101111101100010011101110011100101000111
108
1100100110000001101110110100111111010100010011111
173
10101010111101011001111101101000101110010011110100
166
11101001110011010011101011111010100010010001101011
51
11110011110111101001011110101001011011011110000110
191
10110010111011110000110110101101111100111001111111
157
10010001110011101111110110100110001111111011101111
47
11001011000010101111100100111011100100011101111111
115
11110010100101001010101100100011011110110011101111
5
10110110010111101010101111111011101100111100000111
54
10100110110011101100001011001111001000001111110111
187
11110101011101100100011110100011011000101101101001
66
11110111011111110001111001101111100110001111100101
74
1001111000101101010011000100010001111101101111010
162
11111110001000000100111111101110011011110111000010
54
11111100101100011111001101011011010000000000011011
34
11111110111110111011001111001111010011101111101110
168
10011001100110110111101011111110111000111111111000
47
11111101111110101111100000001011111111011011001001
174
10110011101111111000111000101111110110000111111101
181
10011010000101101110010111110100010111110101100000
168
10010011110100110001101000110011111101101111011000
197
10011000111101010100110000110110011000011111111011
70
1110101110110110111010000111101111001010001110101
90
10010111110111110110011011101001111101011111110
94
10011111001110010110101010010010001111100011111100
107
11100011110100001000111111111111110000100000010010
157
1001111100001101011010101010001000111101101001
97
10011001111111101111000001111101110111011111110110
92
101100011011011110110110111111111111011001001110
134
100011111111101000111111111110111110111110100111
21
11110100011100000111010101110101111011001110111111
164
1010101001010111111111011100010110101111110101
38
10111001101111001110101001011011000110010110001101
146
11111111001011010111001100001111011011011010101111
145
11001010110100110001111000111011101010001100111101
21
111001001110110011100010101011000101110110111011
17
100010011100010111011000110100001110101000111110
148
110111111011000111011011110101011111110010110111
52
11100010011101111101011110101011011000111111011000
57
1011010111111001110101100000001010111000000101010
119
10100001011111011000111111011001111100001011111110
29
11110101110111110000011011101100100111110001000101
77
10010100111101101000111001111101101011001110100110
7
11010111111111010000111010111110111011011001001100
29
10011100001010110110111011110110111000111110011110
151
10001100110110111101011010101010001011100000011100
13
1010110010011101110111010111111001100110100111000
144
1111111111111110111111001111100001110001101100001
51
1010100111111111010000001000001110101111010101110
177
10001001010111001110111101101111000110110001100110
71
10110000010100001010111101001000110110100101111101
20
10010001010001001011101111111101000110101110010011
35
10100011100010110000001000111110101100111001101110
116
1100001101000110110110110000101000101001110010111
34
10100011011100110111101010110011010011110001011001
108
10110110001000101000101010000100000111111111111111
185
11110110111110001100011101101111100110111101000111
63
1101101111110111111010100101011110101110101011011
178
11100101110100100101110111101011100111001001111001
96
10111101000001011011101010101101110110110011100101
2
111001011101111010000111111000010100101101101
58
10111011101111111011101001101000010011001110000011
156
11010100101001111110000101110011011011101011011101
80
11101010010000101111111101110111011001101010111110
110
100011100010101100001010110110101100001011100011
2
11111000100101011011010110011010100111110110111011
144
11001100100000010010100011010111011010110110100101
16
1100010110100101111111101011101101110111101110011
58
1100010010000100011101111101110011111110111011000
35
11110110011101111111101100101101111100111111111011
91
10101110001011010101101100011110111101110110110001
169
10101000111111010111111011111001101000100110010011
19
10111010111010101110111010110011111101000111010011
174
11010011111110100001001100110101011001101010011111
198
1111111010101101110001111011001100111111010011000
162
11101010111111011110100011011111111000011101011100
114
100101101010111010101011101001000000101111010110
197
10111111011011101100001011111101110111001011001001
193
1111101001110110110100110000011011110111011111100
14
11010111110111111111111110100100101111011010101000
136
10000011011000111110001001101100001110100001110110
142
11111001101111101010111101010000110111101011111101
200
11111101101011011111111100011101000101110011110111
13
11010110010001110110110110111110111111111000100110
106
100111100111101000111000110100111110100101110111
197
11111111101111011011101001110011110110001101110011
116
1001010100101110001100111101000001000100100010011
82
11111010001001111110101101110011011011100110001000
176
11101010111000000110110110101111111110001100100001
189
101100111111111111111111110110011100111010001011
85
1000111100101101101111111111010001110111111101011
91
10001101011001011011100011010111011110011000000110
182
111110011111101001110111110111111101000110000101
199
10101110001010111111001110111100010101110011101011
6
1011111110101010111001010011111110111101101101
181
1011001101011010101101011001110001111111010101101
176
1010111100101010111110101010011111000101100111110
182
1011010101111000101111101001001101111110010110110
29
10100111011100010100011011011001111111111001110011
102
10111011000001010101110011011001111111111110010110
150
11111111110111011111110011011110011111100011100101
93
11011101100010101011101110100111100011000101001111
162
11100111011101011101111111000111100011111010110111
147
10011000100111100011100110011110011100101010011111
166
1111000111101110110100111011101010000101100110011
22
11100011111000100101000011011011110111101110011011
53
10000011011110101101110001100100101111001111101011
140
10001101010000001100000101111111011101111111101100
160
1101001100101111001011110001111111111011110111110
114
1001101110110101011001110100111111111011011011101
197
11000111001111110111111110111100010011101011101011
128
1111010001101010010110010111011111100011000101001
82
11111001001011011100001111100111001001001101001100
60
111111111010001111100000001110111011001101101000
32
111111111010101010111011011011011111001010011101
36
10110111111101110111101011001110101111101011011
60
10100111001100111100001010111010110100110001100010
112
11000110110001010111011111001010011101100111111101
93
1111101110011110110001100010111110101101001101100
87
10101111110110101111100101011111100010110101101010
109
10111110101111111100000000011111101000111101001111
39
10001110001001000111111101011011110111111110101101
76
1001110101111111101001111001110101111011111101000
63
10110001010010001111111100011011110000111111011101
90
11111011010111111110100101101101110101011100010110
163
10000100110111100100001111100011100010111011010010
151
11110100101101011111111010100110011110011110101
13
11110011111110101011111000110110110110011111111001
178
10110111011001000001111011010011111011011011110110
193
10110010101111111111001011001001111110011001100110
96
11111011111001100011111001011111111001110011000000
3
11010010010110101001010111001111111110000011001010
80
11110011100100111101111111101110100001111000111010
172
10111011011101110101101100111011110111010100101101
32
11111000000001011100110010100101101111001101111011
16
10010100000101010001100111111101001110010010001110
16
10111111111100111101011101111011110010010000110010
25
101111110111101010111101011001111111101101101000
168
1101111001110101101101001000001110111100001100101
100
11110010010110110101110011111100110101111100101011
58
1010110101110101111111011011011101111010011111011
48
10110010101101011101111111111001100011110000110100
161
10010111101010110001110111011101100111100011111111
75
1111001111100100010101011000001011010111011110100
4
11110101000001111011101100111001011011111101101011
70
1111110001011101100100100111100000111011010000001
134
101000110101011101010000011101101001001111111111
118
10111100101011010011111111111111111101011001101111
115
11100101000101111010100110010011110101101111111111
2
11111010111111110101001001011111110110010111111101
117
11100100000011010111011100111111111110011101110101
78
11111000000000110011100101111110011000010111111111
89
10010101011011011111110001111111100011011011111111
113
11100101100110100101111101111101110111101000011110
41
11001111111101111101000100111011101101100101101100
89
10001111000111111101110011111101101111010101100010
159
10010100110111111111100100111011101110101011100111
107
111110111101100111101001011101100111111110110011
128
1110001011110010111111101111111101101011101111111
90
1110110011001010111101000101010110101111101011000
31
10010010110111011011000110111001111001101010110001
197
10110100101100010111011111000001101100011101011010
182
10111111111101111011101111111101011110111110011010
21
1011111111010010100011101111111101011100111110110
144
11111011111110000100101010101011111001000101010111
50
10000001010010011100100011111100000101100011011111
189
11101011111110001101010111000001101111011000111000
10
1111001111100001110100011010111000101111111010001
173
11110111111011111010100001011011111011111010001011
168
10010001110110101011010000100101110011101011011111
83
11101011101000100110111111011010110111001001010101
144
1000000010001001111110011110001011110011010111100
110
10000111001111010001110011010111101011111011111110
169
101101111100100111001100111011100110101000100011
189
10011011111101011110010100110010000111111111101010
50
11111000011001001010000111101011101100111101000010
78
10111011011100110110000111011000111000000100001100
21
10000110110101100001011110111111010111110011011110
18
11100111101110010010011010111010001010001001111101
134
1110000101111101100101001101001101110100010011110
171
1111100011001010111010111111101101110011101000000
51
11110110001010011001011111011000110011011001000010
165
11001110111111011001001111011110111110101110111111
189
11111100100000011011100011011111110110011011100111
30
100011011100101000111101111111100010101001010000
40
10101000110111010001011111111111101100101101110110
92
11100010001101100110111001111000000001010111010110
196
11011000100011011111111100101111010000011101011111
8
11011011001011001000011111001110001010111011010110
10
1110001011111100101111111111110111111101111011110
186
11110000011111010110111011110010110011100010111
86
10110101110110101001011111101110010001010010101110
118
1101101111111010000011110111111111001111101110
153
1110101101001011110111010111011111001111101011101
47
11001101111101110110010110000010101110110111011100
34
1111111110000111110100010100110101010110100101111
41
1100100011110011110101101100111000011000010100110
163
11010110011011101101000001001110011110110111101101
189
11011101111111011111111011010100000101101111101111
118
10110001011011011000100111011001011000111011111001
187
10000101011001100011010101000000010101111001011
126
10001011011100100100011111101110101111001011011111
57
10010001111111111111101100011011011001010110000111
151
110110111101111111100101111011111110110001111110
2
11110100101111110101101111100110001101000110100111
42
100101110101100111011101111001101100000110011000
110
11001000011010110111010011010101111110110100100111
113
11010111111010100011011011011100100000111110110111
186
1111111011110001110011010011100111011010011001010
156
10101101011111111111010100111110100001110110111001
48
11111110001001111110100000000100001011011100111100
111
11001101100010110110111011111101111001101000111110
182
1111101010010110110100110111000110010111011111110
184
1100101110111100110101010111110111011101001100000
37
110101110000111111110010011101101111110101001101
71
1111110111001110001111111101011011011111010100110
156
1101111101101110110111101101010111101111111000100
41
111000111000001111101100111111110101011111001011
107
10100101110010011110111011100011110000101110111111
184
11100001100011011110111000011011101000010100011001
44
10011011110101111011110011100000110111001101111010
27
10111111101110110000111101011110111110000101100110
182
10010111111100011111111100001110010001011110100110
40
10010111110101001000111111110100110110011010101101
138
100111110101000011110011001000101110111101110111
154
10110110011111111101011101110011011111011010011001
85
1000111101101110101101101100110010111111001101110
1
11111111111101111111100101111100010010100110101111
132
10011000111101100100011101011011010110100001101101
133
1011000011111101110101010101110001011110011001111
25
1110111011011110010001111011100000010001010110
119
11011001101101111001010010110110110011011000001110
105
11110110001101111100011111110010000000100111100100
120
10110111111111000101010101000110101001010000100110
81
11110101100111000111110001010001010111110010001111
183
11101111001110111011100101010011010101001101100111
186
1101000100101111111100000000011011111111111110010
106
1110011100001011010111010101101011001100101011111
198
10011100011111101110100011100010011101010111110111
59
11000101101111001101010111101111010111010110001111
39
11010110111001111110111010111011001111110100111011
55
10111110111110101000110111111100110111100110001110
180
10110001001010101111000011111110010011111101101101
101
110111010111110010111111101110011101110111110101
137
11110011011010101111010111101111111101001111000101
189
101101000001011111001010100010111001100101101001
176
1111111010110001001111010010100010110111111101110
21
11010111010110101011011010101011000100010010100
136
11011010001110100001100011111010111110110011001111
8
10100001101110010000101111011010110101101011011010
185
110100101011000111110010001101111110110111010101
74
1000111111100011101101010001110111101111110111101
68
11110111011111011101111101110100111010111101101011
55
10110111011100111010000010001101110000001010001
108
1110110110111100010111010001001110011101010100111
156
1100100010111001001000011101110010000001010001
7
11001111110111101010110010111011101110100110110010
177
10011110101000000111100101111101110011101111110110
137
1000010010100001011010001110110010000101010111011
144
10001110001100111100010110000111011001110101100
135
11110100111100011101001001110011000000010011110111
170
111010101110001111111001011010111011110110100110
128
11100110111101100000000010100101110011111000110101
163
10000010111001101100010011100000000001010101010000
100
11111111000011111011111000110011111001111010010011
87
10101110111110011111001001100111110111001011001001
17
11000111111111001100000000010100111011100110000010
20
10011110100111100111111111111011110000111101111011
29
10111001100000001111111000010011111011100101100011
77
11101010111100101011011101110111101011001110101110
197
11101111110011101010101111011111101111010000101
48
1101100110001010111001111101111111010101110110110
29
10101110001100111101111000111111010111000000011111
195
10110110111111100111100101111011011010111111101101
163
100010011111110010011010010011101101110010011111
66
1101011111110101110101110011011101011101001011100
103
10110011011110111101110000010101111000110000011111
35
11110111110110000011110001110111111011111110100000
192
111110100010110010110001111111111100101001101111
137
1111111111111110101100110111110111011111110111101
156
1011111010100010111111111101010111010111101011011
32
11110110111010100000111011111110111011010011000110
42
11001101010111010011011001110111101011000110010
138
11100010111101011010001110010111011001111111001010
194
1101011010010011110010111111010001111000000111
166
10110010111010111101101110110010011011100111011010
18
11111011100101110111000100110001111010110010111111
126
110001000101110101011000101110001100101101001011
48
11101111100011111110001111100100101100101001111110
16
11011111111011111111001111101101111010111100001011
8
11011101011100010101001011110000111111110011100011
108
10000111111110111111010000111110001111111101101100
18
11111111110111111001011100110000101101111000100011
103
1111010011011000001010110100011101010110111111100
87
11010111001110101011111011011000111011110110001101
71
11001111001110011100101100011111101111111101100100
80
11010110011100011001110001000110000000110101101000
12
11010111011100111001111110010010111101110110001011
58
1100101011111010000010101100001101101100010011
98
11101111101111000110011010100001110100001111110
120
11001011111101011000000100111111011001111011110001
104
1111101101111100010000101110111001100011010001101
5
11011011111100000001110011100010001000111100110001
124
10001011101010111111100001111011101001110111001111
57
11101000001101100111101001111111100111111011001
148
10111110001101100111111100100110010001011111101111
67
10110111110111011011011011101010100100010111011011
134
11001101111001001010111000110110110100011111111010
132
10001100111010011011000110001010011111010100011111
143
11011000111110100101000110100001011011001011001111
74
1111010111110011011010101010101001110101111001111
175
1001110001100110111111001000011010011000001011011
160
11111111001111101111101001101111011111011101011011
30
1100110111100101110111010110110001110011001110111
5
1111010101110101111010101100110111011110011011000
76
1111100100111011001101000101011010001101011111111
180
10011101101011011010111101101100001111010111011100
167
10001111111111111101110100001111011100001000111
67
1100110110111010001011110011011010010000101000
199
10101100101111101100011100010010110001000001111101
118
10110000001001010111111000101110100000001110101111
15
11011101011100100011101110100011010001011111111100
114
10100100111101110100111110010101011111110101000110
90
111101101000111111011111110101000110000001001001
164
1010000111101110111110101101010111000100000001101
52
10111111101001111110101000111110010100101111110011
150
111101100110101011110101100111111110111001110110
87
11110100010001110111100110100011111000111111111111
148
10101100111010111111010011111110101101001010110101
177
110000110101100010011111101000001010101010001011
33
11011010011000000111011001000111011111111100111111
13
11001001011111111100100000100111111010101110001111
43
10010110101010000101011101010011111011001111111111
137
11100100110010001110011110011010101101111101000111
82
11011011001111100100101010101100111001001011111110
52
10100101100101010111111010001001110001000111111111
76
110110100111101010011011111000010010010000110101
139
110111110110111111100100011001101011010110111111
63
101100110001010101110111001011000100011001010101
163
1100010100111111101111100111011011010000101101101
169
1101001110101110111000000110111110001111001011010
85
11011011111101110111100111111011101111010001110011
164
101111001101101111110110111100110000001100000000
169
11000110101011101000111001010101011100000001001101
89
1011111100011001111011101101101100110001101011111
67
11111011001101001000111101111110000001111111011010
161
1111000010110101101100011011001111111000001000011
17
11011101100100000100011110000110100111001110011101
135
1010110011111111111100010101010100110111101100100
175
1100011111010111111010110010101001101101111011110
148
1110010010000001101110111101111001001101110010001
109
1011100001101110111101001101010101111001111111100
33
11010000110110101000011101111000010010010100111000
4
11111110111100100111100010111101101110010011111110
171
11011110101100010111110111010110010010100111111111
19
101010100011111111101011111011011101110111100000
137
1111010111110111011111010100101001010101011111011
59
11111111111100111111011010100101011101011100100111
118
10011110110110101011110010011101110100110111111111
59
1111111011000010101111110100001011101011101011011
157
11111010111011101100111010110110010111111111111
182
10110110010000000011001101011101011111101001110100
10
11011101110111110100011101100101011001011011100111
127
1110111100111011111010001101110011100100111111011
200
10011110010110011010101111011111010111110000111001
80
10011011111010111111100100111111101100001101111100
81
11111111111000111110001010011101010111111111001110
132
11000000110011100110011000100001111011111110111011
6
10111010111111011111100110000011110111101010110111
82
100111010101000001111111110010001001100111000111
42
100011101110101000101110101001101011011111100001
118
11110010001011111010010111010010111110011100101110
3
10111000011111001000011111111101111110111001010100
137
11010111110111111111110111111010111111010000001101
196
10110110100000111100000000111111110110011101101110
32
10101100111001110110010011111111100010111010001111
85
10001001101100001011101100111100011010011111001
19
11011100110010001000111101111011001011111001001011
2
11011010001010001110100010101111101001011111011111
105
1111010111011101101101010000111011011010100001101
14
11001111000100001100110110111101111011111010011
33
11101111101011110110111011011110001010111011000001
21
10010110111000101011110110100101110100111100110000
9
10111101111111011010100111000011100100111010100111
7
10100011011000110111110100010010010011111111111101
113
1101110101111100100101111110111101011010101011110
105
1010001111011011111101011010100010101011111101101
94
110011100000101000110010001111100110001000100001
74
1100111001000011000010001011101100110100010110010
104
11111101011010011011010000011100101111011011111111
163
10111001110001011111111100100111110001011110111110
46
11101110101111011101111111110101001101010000011101
17
1101101101111110011011111011000111010011011101
4
11000000110110011111111010000000011001101000010110
181
111101010001010111001111101110111011000111000010
44
10010001000011010010111111101011010000100111010011
187
11110000011110010000010110110000010100101010100
137
11001001110001111110101101100100000011000001111100
101
1111111111111111100111111011000110101010010111000
188
10110110011010111111110000111101000111101101111
50
1011101011011010110011110110111100010001101010101
88
11011110010101111110010101011111100000011011010101
139
10001011111111000001001001011011111111010111101011
23
11011101100010001111011000110001000011101101101110
70
10101000111110111011111110111111101011110111100111
200
11111011110001111111001111111010010111001101100101
169
11001111110101010110000111111111111001001101100100
38
10111010100111110001101101011011001110110011101011
183
10011010110011101011010100111011111011001010111010
181
1010110011111001111100100100100011011101101001011
127
101011111111011101000100000111101001010001101110
41
111101101100011000101111010101101100011101110101
165
10011111000111001111010001010101111111110110000101
113
11101011001011111101101010101010011101101110101
39
110001110001111011001110101001110110111010101001
35
11011010110010111110111100000010001100000100100101
54
1111110000101100101010100101001010111111111110101
141
11100100101111000101001111011100011110011111101111
63
