50 500
10000000000010001011100000010001000000000000
191
1000000000101000000000000000001000000000000
148
101001000000001000000010000000000010000000100000
69
100000000001001010000000000001000000000000000000
83
100001000000000000000100000001010000000000100010
84
10000000000000000000000001000000000000000
97
1110000000000000000000000100010101000000000000000
186
1000000000000000000000000000000000000
63
1000000000100000000000000000000000011000000010
111
1000000000000000011001000001000000
166
1000000010000000000000000000000000010
102
1100001000000000000000000
28
1000000000000000100000000000001001
1
1000000000100000000000010000000100000000000
78
1000000000000000000010000000000000
135
1010110000000000000000000
116
100000100101100000001000110000000001110000000
100
1001000000011001000000000000000100000000100000
7
10000000000000000000000000001010000000
17
10000000000000000010100000000000000001000000000001
38
100000000000000000001000000000000000100000000
104
100001001000000000000000000000000000100100100000
2
10000000100000000000000000000000001000000000000000
23
1000000000000000000000000000000100000000100000100
182
1000000000000000000000000010000000000000000010
166
100000000100000000000110000000000010000000000000
24
10000000000000000000000100000000101000000
6
101000000000000000000000000100000000000000000
8
1000010000000000000000000111001000000000
133
1000100000000000000000000000000100000000010
40
100000100000000000100001000000000000001000001000
200
100000000000000000000000000000000000000011
159
1000000000000000000000000000000110000000000000
158
100000000010000000000000000000110000
5
1000001010000000000000000010000000010
121
10000000000100000100100010000000000000001001
38
100000000000100000000000000000000000100000000000
192
1000011000101100000010000000000000001000011
130
101000000000000000
80
100000000000100001001001001000000000000101
135
1000000000000001000001000000000001000000
60
10000100010000000000000010100011101011001000000001
145
100000000101000000010010000001000000000
63
1000000000000000000000
91
10001000000010001000000000001100000000
147
11000010000000000001000010000000000000000000000
90
100010000000001000000000000000000
25
10000000000000100000000100000000000100010000000000
94
1000000000000000000000000000000000010001000000
183
1000000000101000000000000100000000000001000000000
72
10000000100000000000000000000000000
118
1000000000000010010010000000000000000000000000
57
100000000000000000000000000000000001000000000
152
1010000010000000000000010
17
10100001000000100000010000000001100100000001000
111
1010000010000000100000000000000000000000000000000
159
10000000000000010000000000000000000100000000
33
1001001000000000000000100100000001
158
1000000000000010000000001000000000110000000
170
100001000000000000000000000000010001
84
1001010000100001010000000010000000000010000
159
10000000000000000000100000000000000000
19
101000010000000001011100000000000100000001000000
122
10000010100000000000000000000010000000001000100
129
1001001000000000000100000010000000010
130
10000000000000010000000010001000000000000000000000
129
11000001000000010111000000000000000000010000
60
100000000001000000100000100100
97
101100000010000000100000000100000000
186
10010000000000000000000000000010000000000
110
10001000010010100000000000000000001010000010000000
150
10000000000000000000001000000000000100000011000000
161
11000000000000000000100000100100001000000010000000
148
10000000000010000000000000000100000000000000110000
136
10100000100000000000000000000000000010000000000
165
1000000000100010000000000000000000010000000
127
10010000100000000000000000010000000000000010000000
107
100000001100000001010100000000010000
200
10000000000000100010010000001000000000010100000000
57
10000000100000000000000000000000000000010000110
68
1001000000010000000000000000000110000
21
10001100000001000000000000000000000100000000
108
1000001001000000000000000000000000000001100000
166
1000000000000000001001010000010000001001000
51
1000001000000000010000000000011000000000000
191
1100000000000100000100000010000111000
157
10001101001000000000000000101000010000000
47
1000000000000000000001000000000001000100000000100
49
100000000001010100000000000010001000100000000001
19
1000000000000000100000000000000000100
16
10000000001000000000
66
1001000100000001000000001000000000000000100
74
100000100000010000000100010001010000000010000
162
1000000000000000000000000000000000000100000000
54
110000000000000001000000001000000000000000000000
34
100100110000001000000000110000000000000000100
168
1001000000000000000000000000010000000010000000
47
10000000010000000001000000000001000010000000000000
174
100010000100000000100000000000100000000001000000
181
10000100000010000000000000000000000100000000
168
100000000000000000000000000100100001001000
197
10000000000000000000000001000
70
1000100000010000000000000000000010000000100
90
10000000000000100001000000000001000000100000
94
1000000000000000000000000000000000100000
107
110000001000010011001000000000000000000000
157
10000010000000010000000000
97
100000000100000000000000010000110
92
10000010000000000111000010000000000001000
134
10011100100011000000000000001
21
100000000000000000000000000110000000000100
38
1000000000000000001000000000000100010000000000
146
1000000000100000000000000000000000000100000
145
10000000000000000000000000000001000000000000010000
21
10100001000000000010000000100000100000
17
10000000000010000000000001000000100
148
101000000100000000100000000001000000000010
52
1000000000000000100000000000000000000001001001000
57
10000000000000000000000000000000100000000000000
119
10000000000010000000000000000000100
29
1000010010000000000100000000101000000000000
77
10000000000000000000001000000001000000100000000
7
1000000000000111000010000100000001000000000
29
100000001000000010000000100000000
151
10000000000001000000000000010000000010000
13
10000000000001010100000011010000000000000000000
144
100010100000010000000000001100000000100000
51
10000000000000000000100000100010000000
177
10000001000011001000000100000000000000010001000000
71
100000000
20
10000000000000000010000000000000000000010
35
101110
116
100000100000000010000000000000000000000100000000
34
10000000010000100010000010000000000011010000000000
108
100000000000000100000000010000000101
185
100010000001000000000000000000000
63
1001001000000000000000000000000000001100100010000
178
10000000010000100000000000000010000100000000000000
96
1001001000000000010000000000000000
2
10000000011000010000000000100
58
10000000010000000000100000000000000010000000
156
1000000000000001000000000
80
10010000100000001001100100000000000000000000
110
10100000100000000000110000100000000010000010
2
10000010100000000000100000100000000
144
1000000100010000100
16
10010100100010001000000000000000000000000010
58
1100000001010010000000
35
1010100010001000000000100000000100000010000000001
91
101000000000000000000000000000
169
100000001100000000000000000000001000100000000000
19
100000000010110000100010100000000000000010
174
10010000000000000000000100000010000001000000000
198
100000000001000010000000010000000000000000011000
162
100000010000000000100001000000000000000
114
10010000000000000000000000000001010000
197
10100000001001001000000001000100000001000000000000
193
100001000000010100100000000000011000010000000000
14
101001010000100000
136
100000000000000000000000001010100
142
1101000000000000000000000000000000100000
200
1010010000000000000000000000000000001
13
100010000000000000000000110000111110000100000
106
10000011001000001000100100100000100100000000
197
1000000000000000001000000001000100001
116
101100000100001000000000000000000000000
82
10000000000000000000000001010000000000000000001000
176
1000000000000000000000000100000010100000000000000
189
10000000000000000000000000000000010001011
85
1000000000000001000000000000010000000001100001000
91
1001000000100001000000000000010000000100
182
11010000000000100100100001100000000000000
199
10000000000000000010000000000000000100000000100011
6
10001000011001000000000000010001000100
181
1000000000000000110000000000000
176
1100000000000000000000001000000001000001000
182
1000000000010000000000000100010000000000
29
10000000010000001000011
102
10000000000000000000001001000100000000000000000
150
1001010000000010000000000000001000001
93
1000000101010000000000100100000000100000001
162
100000000000000000000000000000010001010100100
147
1000000000000000000000000110000000000000000000
166
1000000000000000000000000000000000000000110001
22
10000000001000000000000
53
10011100000000000000000000000000000000000010
140
1000000000001000000001100001000000
160
100000000110000000000000000000100010
114
10000000100000010000000000000000
197
1000100000011000001000000110000000010001010000001
128
10000000001000000100000000000000
82
10000001000000000000000000000000000000000000000
60
100000000000000000000000000100000001000000000
32
10011000000000000000000010000100000000000000
36
1000010000000000001000100100000000001
60
110000000001000000000100000000000000000000000
112
10001000000000010000010000000000000101100
93
101000000000110000000000000001010000000000000000
87
100001100010100001000000010010000000000000000010
109
1010000010000000000000010000000000010100001000
39
10000000000000000011000101001000100100100000000000
76
1001000000000000
63
10000000010000000000000000000110000000000
90
111001000000001000000100000000000000000
163
1000100000000000000000010010000000000
151
10000000000010000001000000010000000000000000
13
10010000000000000000000000000000000010000
178
100010001000000010000000001000000011000000000
193
100000000000100000000000000000100010010000000000
96
1100000110000000000101000010001001000000010000000
3
10000000000000000000000110000000000000
80
11000000000000000000000000000000000000000000000000
172
110000000000000000000000000001000000000100000000
32
100000000000000000000000100101000001001001000000
16
10010000000000000000000010000000000000000010000000
16
10100000000000000000000010000000000000000100010
25
100000010000100010000000000000000000000
168
1001000000001000000000000100001000000000000
100
100000010000000000000000000000000000001000000000
58
100100000010101000000000000001000000000011
48
100000000101010000100001000001000000010000000000
161
110000000000000100000001000100000100000010001
75
1000000010000100000100001000000001000100001000000
4
1100000000000000000000000001001010000000000100000
70
1000000000010000100100000010000000010000010000000
134
100000000000000001000001001000010000001
118
10000000000000000000000000000000001010000000000
115
100010000100000000000000001000000000001
2
10010000000000000000000000000010000100000000
117
100000010000001000000
78
1000000000000000000000001000000000000000000100000
89
10000011000001000000000000000000000000001110000
113
1000001100100001000000110
41
10001000110000000100101001000000000100000000
89
100000001000000000000000000000
159
10000000000100000001000000000000001
107
101000001001100000001000000100000000000100000000
128
100000000011010000001000000001001
90
1000000000000010000000000000000000000000001000000
31
10000000000001000000010100001000000000010000000
197
1000010000010000000000000000000000000000
182
10010000100000000010100100000100000010000100000010
21
101100000000000000000100000001011000110000010
144
11100000000101000000000010000000000000000
50
10000000000000010000000000001000000000000
189
10000001000000000000000000000000100000000000000000
10
1001001000000000010000010000000000000001000000000
173
10000000000000000010000001001000000011
168
10000000000000000000000000000100100010000010000001
83
11000000001000000000110000000010000000000000000000
144
1000010001010000000
110
10000000000000000001000
169
1000000000000000000000100000000100000000000010
189
10010001000000000000100000000000100101110000000
50
10000000000000000000100000000010
78
10000000000000000000000000000000000
21
1000000001111000000000001000000
18
100000000000000001010010000000000000000010000
134
1001000000000000000100010000000011010
171
100000000010000000001000001000010000000000000
51
1010000000000010010000000000001000000000
165
1000000001000000001010001000100010000000100000
189
1000000000000110000000000011000010
30
1000000000000100010000001000000000000000000000000
59
100000100000000010001000001000
82
1000
8
11000010000000010000000000001000010000000000
10
1000100000000000010001000001000
186
100000000000000000001000000000100010100000101
86
1000000001001001000000110000000000000000000
118
1010000000000010100000001000000001000
153
100000000010000010000001000000000010100000000
47
1000000000000000000000000000000001000000000000000
34
100000000001010000010000010000000000000000001
41
100000000101000001000010000000
163
100010100000000000000
189
1010010000001000000010000000000000001000000
118
10000000000000010000000010000000000000000011000000
187
100000000000010000001000000000000000000000
126
10000000000000000000000100000100000000000000
57
1100000000100001000001000000000000000
151
10000000000000000000000000000000
2
100000000000000001000000000000000000000101
42
100000001000000000000000000
110
10100000000000000000000000010000000000
113
10000000000100000000000000010
186
100001000000000000000000010000000000010000000000
156
10000000000000000000100000000000001001
48
10100000001000100000000000000100000000000100000000
111
10000000001000000000000001000000101000
182
100100000000000000010000100000001000
184
100000000000000001010100000010000000000000000
37
100000000000000000000010001000000000000000101
71
1000100000000001100010000000
156
1001000100000100000000100000000000000000001000000
41
10000000000000000000000001000000000011000000000
107
100100000010011010100000000001000000000000011010
184
10010000100000001000100000010000010000
44
1000001001000100000000000000000000000000000
27
1000100000000000000000100000000000000100010
182
101000000000110000001000000001000000000000
40
100010000000000010000000100000000000000000001
138
11000100000000000000000000101000100001100000
154
10000010000010010000000000000000001000000000010000
85
100100000000001000000000000000000100000000000
1
10000000000100000000000010000000010000000000001
132
101000000000000000000000000100001000001
133
1000010000000100000000001000000000100010000000
25
1001000000000000010000000000000000000
119
1000000101000000000000010010100000010000000001000
105
100000000000000110000000000100000000000
120
10000000000000010100000010100000010000000010
81
10000000000000000100000000000000000010100000000100
183
10000010000000000000000000000100100001
186
100000000000000000000000000000000001001000000000
106
1000000010000000000000000000001010100
198
10000000010000001000000000000000000000000100100000
59
11000100100000000000000000100100000100000100000000
39
10000000100000000000000000100001001000010100000001
55
11100010000000000010000101000000010000000000000
180
101000000001000010000000100000000100
101
100000010110000000000010000000000001000000110000
137
10000000000001010000000000100001000000001000000
189
1000000000000000000000000000000000
176
1000001000000000000000000010000000000000001000000
21
1000010000000000000000001000000010000000
136
10000100000000000000000000001000000001001000
8
100000100000000000000000000000000101000000000000
185
100000100000000010000000000000101000010000010000
74
10100000000000001000000000010000100100010001
68
1000000010000000100000000000000001010100000000000
55
10000000000101000000000000000010000001000000
108
1100000000000000000000000001000000000
156
100000000000001000001010001000000100001
27
10000000000010000
137
10000
144
100000000001000000000000
135
10100000100000000000000000000000000100000
170
1000000000000000010000001000010000000000
128
100011001100000000010000000000000011000100001
163
1000000010000
100
1000001000000000000100000000000100000010000
87
100000000010000001000010000000000000000000
17
100000010000000000000000100001000000000000010
20
1000000001000000000000000011000000001000000000
29
10000000000000000100000000000000000001100000000010
77
10010000001000000000000
197
1010000000000000000000000000000
48
1000000000000000001000000100010000000000000100
29
101001000000000000000100
195
100001101000010000000000000010010000000001101
163
11100000000000000000000100000000000000100
66
10001100000000001000010000000000000000000000
103
10000000000000100000000000010000010000000010
35
1100000000000000000010000100100000001000000000000
192
100000000000000000010000000000000001000110
137
1001110000000000000000110010000000001000000100001
156
101000000000
32
100000100000100000000001000000000001000000000010
42
1000000000000000000000000000001000000000
138
10000000000000000000001000
194
1000000000000001000000000000000001100000000001
166
10001000000000000000000000001000000000000000
18
1000000000010100000
126
1000100100101000000000000000000100000000000
48
10100000000000000000000000000000000000
16
10011000000100000000001000001000000000
8
100000100000000000010000000001100000000000010
108
1000010010000000000000000000000000100000100
18
100000010010000000000000000000000100000000000
103
10100000000100000000000000000
87
11000000000000000000000000100000000000000100
71
1000000000000001000000000001000010000000000
80
1000000000000010000000000000000000000000100000000
12
10000000100000000000000010001000010000000000
58
1000001000000000
98
1000000000100000000000000000000000100000000000
120
1001010010000001000000100000000001000000010000000
104
1001000010000001000000000000000000000100
5
1100000000000000001000000000000000100000000
124
10000000000000000101000000000011000001100000000010
57
100000000001000011000000000000000000000000000
148
1000000000100000110000000000000000000100000010
67
100000000000000000000000010000100000000000000
134
1000000010001000010000110000000000000000
132
100000000000000000000000001010000000000000
143
10000000001000000000000000000000000000000010000000
74
100010000010000010000100000001000010000010000100
175
1000100001000000100010000000000000000000000010001
160
10000000000100101000001001000000000000000000000
30
100000000000000000010100100000000000000000100
5
1000001000100110000000000000000
76
100000100000001000000000000000001000000000100
180
1000000000000000100000000000000000000000000000
167
1101000000100000000000010000000000000010
67
100010000000000010000000000010000001000
199
1000001000000000000000000000000000000100
118
10010000000000100000001000000000
15
1100000000000000000000000000000000000000
114
100000000001000010010100000000
90
110100000000000000000100000100000000000000000000
164
10000101000010100000000100010001000100000000000
52
10000100000000100000000000100010010000001000000000
150
100000100010000100000
87
10000000000001011000100000000100
148
10100001010000000010000000000000000000
177
10000010000000000001000100000001000001000000000
33
1000000000000001000001000000000111000000000101
13
1000000000000000000000000000011000000001000000100
43
11100000000001001000100000010
137
100000000010000001001000000000000
82
10000000100000000000100100000000000001000000
52
10000000000000000000000001000100
76
100000000000000000001110000000010000000000000
139
10000000000000000001010000000000001
63
110100000000000000001001000100
163
100000101101000100001011000010000000000100
169
10000010000000000
85
1000000000000000000000000000000100000
164
100000000000000010000100001000000000000000000000
169
1000000000000100000000000000000000000000000000000
89
1101000000000000000000000000010000
67
1000010000000000000000100000000000001000000000000
161
1000000000000001000000001000000000000000000000000
17
100000000000000000000000000000010000000010000
135
1000100000001010001000000000000000000000000100000
175
10100000010000000000000001000000000010000000
148
1000000000000001000000000000000000
109
100000000000000
33
100000000010000000000000010010100000000
4
1000000000000000100000000000000000000000000000000
171
10000000000000000000100000010010000100000001000
19
1000000000001001100000001000000000000000000000
137
100000100000000000000010000000000000000000000000
59
10001000110100000000001000000000000000010000000000
118
10000000010000000001010000000000000000100010000001
59
1001100000000000000101000000000000000011000000000
157
1000000111000010000000100000110100
182
11000100000000000010000000000000
10
1000000000100000000000000000000000000000000000
127
110000000000101000000000000010000000100000000
200
101010000010000110000100001
80
1000010000100001000100000000001000000000000000
81
10000011000000000000000000001000000000100000000
132
10000000000001000000000000000000
6
100000100000000000100000000100100
82
10000000000001000000100000000000000000000000
42
10100010000000101000000000001000000000000000
118
100000010000000000101000000000000000
3
10000000001000001001010000000001000000
137
10001000000000010000000000000
196
100000000000000000000000010000000001000000000
32
1000000000000000101000000001000000000
85
1000000000000001001000010000000000000010000
19
1000100000000000000010000000001000000000000001001
2
10000110000001010010000000000000100100000000000
126
1
158
100000000000000000110001000000001010000000000
1
100000000000000100001000100001001000000000
66
1000001000000000000110000000000000000000001001
92
10000000100000000010010000001001
44
1010100001000000000000000000000000000000000
114
10000010000000010100000100000000100010001000000000
178
1000000000000010000000001010000000000010000000
113
1000000
37
100100001001000000000000000000000000000000000
74
10000000000000000001000000010100000000100000001
40
1001100001000000000000001000000000000000000100000
37
10011000000000000000100000000000000000000000
97
1001000000000001010000101010000000100000100000000
120
10000000100000000000000000000000000000000000001
144
100010000100000000000000000000000001000000
66
1100001000010000000000000100000100000
142
10000010010000000000000000000100000000000100000
50
1000000000000010000000000000000000001000000
88
10000000010000010010000000000000000000000000010000
139
10000000000000000000001000000000100000010000001001
23
1000000000000000000000010000000010000000000000
70
10000000001000000011000000000000000000010000000000
200
10000000001000000000100000000000000000000000
169
10001000100000000100100010000000000000100
38
10000000000000000000000010000100000000000000
183
11010000001000000000100100010110010000000000000
181
100000000100100000000000001000000
127
100000000000000000000010001000000
41
1000101100000000100000001
165
110000000
113
100010000010000100000000100000001000000000000
39
10000000000000000000010000000000000010000000000
35
11000000000000101000010000000000000000000100100001
54
1010010000000000100000000101000000000100001100000
141
1100000000000000000000000000000010000000000001100
63
1000000000000000000000000000000000000000000000000
55
1000000000000010000000000100010000000001000
88
100000000000000000000000000000000000
72
1000000000100000000000000000000000000000000000100
1
10000000000000000000000000001100010000000000000010
140
100100000000100001000000000000000000
15
10000001000100001000000100000000001
162
10000111001000000100001000000100010000000000010
163
