50 700
10010010000000000010001011101000010001010000010100
191
1000000000101000001001000000001000000000000
148
101111001000001000000010000000000010000000100000
69
100000000001001010000010000001100000000000100001
83
100001000010000001000100000001010000000110100010
84
100001010100000001000000000000011100000001000000
97
1110010000000010000100000110110101100100000100001
186
10000100000001000001010100000000000000100011000000
63
1001000000000100000001000000010010000011110010010
111
1001000000000000011001000001000000
166
1001010101000000010000000000110000000000000110
102
100000000000000000001100001000001000010000000
28
1000010000000001100000000010001011
1
10001010100100100000000000010100000100010000000
78
100000001000000000000000000010000011000000
135
10010000001010110100001100100000000
116
101010100101100100001000110000000001111010000
100
1001010000111001010010010000000100000000100000
7
1000000010000000100000000000101000001010100100
17
10000000000000000010101000000100000101000000000001
38
10000100010000000000000001000011001001001100010000
104
11100001001000000000000000000000000010100100100000
2
10010001100001100000000000000000001000001000000000
23
1100000000000000001001000001010100001001100000100
182
1000000000000000000000000010000000000000100010
166
10100010001100000001000110000000010010100001000000
24
10010000000000000100000100100100001101000001
6
1000101000001000000000000100000100000010100000000
8
1000011000100000000000001111011000000000
133
11100100000100000000000001000000101000001010
40
101010101000100000100001000000100000001000001010
200
100000100000000000100000000000000000000000000011
159
10001000010000000000000001000000000110110000000000
158
10000000000100000000110000001000000011000110000
5
1001001000001010100000000000000011100000010
121
10000010100100001100110010000010000000001001
38
100000010000100100000010001100000001100000000010
192
1001011000101100000010001000010000001000011
130
10000001101000000000001000
80
100000011010100001001001011000000000000101
135
10101000001000000001000001000000000001000010
60
11000100010000000000000010100011111011011000000011
145
1000000000100000011101100001010010001001100000100
63
10000000001000000000000001000000000000001010000
91
1000000001010001000000010001001000000001100010010
147
11000010000001000101000010000001000000000000000
90
1100010000000001010100010000000100
25
10000001000000100000000100000000000111010000000000
94
101000000000000000000000000000100000010001000000
183
1010000001101000000000000100000000001111000000000
72
1000000000010000000101100000000000000000010000
118
1000000000000010010010000000000000000000000101
57
100000000000100000000000000000100101010000010
152
1001110001010000010010000000000110
17
1010100001001010100000010000000001100110000001000
111
1010000010001000110101011000011000000000000100001
159
10001000000100110000000000000000000100000000
33
100000000011101001000001000001100100100100001
158
1001000000001010000000001001000000110010000
170
10000000010000100001000000000100001000000100010001
84
100001111010010101001010000000010010010001010000
159
11000000100010000100000001000000100000000000000000
19
101000010101000101011100000000000101000001000010
122
10000010100000000100000000000010000010001100100
129
100100000001101001000100000000100000010000000011
130
10000000000000010100001010001100010000000000000000
129
11000001000000010111100010000001000001010010
60
1100000000001000000100000100101
97
1000001000000101100011010100100100000001100000000
186
11010000000000000000100000100010000000000
110
10001000010010100010001000000000001111000010010000
150
10000000100000000000001000000000000100000011010010
161
11100000000000000000110000110111101000001110100000
148
10100000000010000000001000100100000100000000111010
136
10100000100000000000010001010010000010000000000
165
11000000000100110000001000000000000011000010
127
10010001100000000000000000010000000000000010000001
107
10000000000100010001100000001010110000000010001
200
10000010000100100010010000001010000001010100001000
57
10000001100000000000000000000000010000010000110
68
10000000000001001000010110000000000000000000110000
21
100010001100100001000000000100000001000101000000
108
100000000000000100100000000100010000000000100
173
1000001001000000110000000000000000000001100000
166
1000011010000000001001010000010000001001001
51
11000001001000000010001000010011010000000000
191
100001100000000010100000101000010000111000
157
10011101001000000000000001101000010100000
47
10000001000000000011000100001000000100000001100100
115
100000100000001000000100000001001100010000000010
5
10110100000000101010000100000001100100010000000000
54
10000010100000100000000000000111000000000000010011
187
1100000000000000000010000000001001000000
66
1001000110000101000001001000000000110000100
74
100000100001010011000100010001010000000011000
162
1000000000000100001000000100010010000110000010
54
11111100100000000001000000001000000000000000010000
34
100100100110000001000100000111000010100000000100
168
1001100010010000000000110000011000000010010000
47
10000000011000100001000000000001101010000000000000
174
100010001100000000110000000001100010000001100000
181
10001010000100000010000000100000000100000100000000
168
1100100000000001000100000100100100001001000
197
100000000000010000000000000000000000011000
70
1010100000010000000001100000000010000100100
90
10000000000000100011000000001001001000101000
94
10111001000010010001000010000000100000010100100
107
110100001000010011011000010000000000000010
157
110000000000010010000010000000010000000000
97
10000000010000000100000000100000010001001011000110
92
10000010000110000111000010000000000001000
134
1000100000010011100100011100000100000101
21
1100000000000101000000100000001100010100
164
101000000100000100000000000110000001000100
38
1000000000000010101001010000000100010000000001
146
1001000000000100001000001000001000000000100100
145
11000010000100000001000000000011100000000000010000
21
1000010100001000010100010000000110100101000
17
10001000000010000001010101000001100
148
101000000100000000100100000001110000000011
52
1000000000000000100000000100000000000001101001000
57
10000010100000000001000000000000101000000101000
119
100000001000010000000010010000000000000000000100
29
1010010010000000000100000000101010000000100
77
10000000100000000000001000000101000000100000000
7
11000010000000111000010000110000001000000000
29
10100000000000100000001000110010000000100000000
151
1000010000100000001000000000000010000000011000
13
10010000000101010100000111010000000000000100000
144
1100010100100010000000000001100000000100001
51
1010010010000000000001100000110010000000
177
10001001000111001000010100000101000000010001000100
71
10101000001000010000000100010100
20
10001000000100100010001000000001000000010
35
10000001000010100000001000100000000000000000101110
116
100000100000100110010110000001000000000100000110
34
10000001010000100010000010100000000011010000010001
108
10100000000000100000100000000100000000111000000101
185
1000100000000000100010000001000000000100000000000
63
1001001100000101000000100000010010001110100010001
178
10000000110000100000000011000010000100001000000000
96
100000001001001001000000000010100000000000000
2
10000000000010010000000011000010000000000101
58
10100000011001000000101000000000001110000001
156
10100000000000010000001000001000000001000001000
80
1000010010000100000101001100101000000001000000000
110
100010100000100000000000110000100000000010000010
2
11000000000000011000010100000000000100010100100000
144
100011010001000000100110000101
16
10010100100110001000000000000010010000000010
58
10000000000001000000001100010011010010010000
35
1110100010001001010000100000000110000010000100001
91
100000000000000001101000000000100000000000000001
169
101000011100000010000000110000101000100000000000
19
10100010100010000010110000110010100000000000000010
174
10010001110000000000000100000010000101000000000
198
100011000001000110001000010000000000110000011000
162
10100000010100010010100000000100001000010001000000
114
100000010110000100000000000000000100001010000
197
10100000001001001000000011110100000001000000000000
193
100001000010010100100010000001011100010000000000
14
1000000000100110001000000100000101001011000101000
136
1000000011110000000000000000010000001010100
142
1000000001101000000110100010000010010001011100000
200
10000000001010010000000000000000000000000000001
13
110010000010000000000000110000111111000100000
106
10000011001000101000100100100000100101000110
197
10000101101001000000000000010011000100001101100001
116
1000000101100001100011001000000000100100010001
82
10100010000000000000000101010001000000000010001000
176
11000000100000000000000000100000010100000000100000
189
100000011000110000000100100000001100000010001011
85
1000000000001001000000000010010001000001100101000
91
1001010000100001000000000100010000000100
182
11010001000000100100110001101000000000000
199
10001010000000000011000000100000000100010010100011
6
1000010001000011001000000001100010101000100
181
1000000000000001101000000010001110110000000000
176
1100000000000110100000001100000001000001000
182
10000001010000000010000000000000101010000000000
29
10000000000000010010000010011000001000011
102
10000000000000000000001011000101011000000000000
150
11001111000000010000000000000001000001
93
1000000101010100000000110100000000100000011
162
100010000000000100100000001000010011010100100
147
1000000000000000000010000110000000001000000000
166
1001000011000000000000000010000010000000100110001
22
11000100000000001010000100011100000000000
53
10011100000000000000000000001000000100000011
140
1000000000001000000001101001100000
160
1000000000000110001000110000000000100011010101010
114
1001000000100100011000000100000110000000000000000
197
1000100000011000101010000110000000010101010100001
128
10000000001001000100000000000000
82
10000001000000000000000000100001000000001000000
60
100010000001001000000000000101010001101100000
32
100010111000000000000001000011001100001000000000
36
1000010010100000001000100100000000001
60
100110000000001100000000101000000000100000000000
112
10000000010001000001001010001010000000000000101100
93
111000100000110000000100000001110000100000000000
87
100001100010101011000000010110000010000000001010
109
1010100010000100000000011000000000010100001000
39
10000000001000000011101101001000100110110010000000
76
100000000000000000000001011000100000000
63
10010000010000000010001100011000000000110000000000
90
10000000111101000000001001100100000000000000100
163
10000000000011000100000110000010000010010000000010
151
10010000000000010010001010000010010000011010000
13
10010000001000000000100100000001100010000
178
100010001000000010000000001100001011000000000
193
100000000101101010000001000000100010010000000100
96
11101011110000000000101000010001101000000011000000
3
1000010010010000000000010000000000110000000000000
80
11000000000100000000001100000000000000001000000000
172
110000001000010000001000000001100100000100000000
32
10110000000000000100010010100101000001001001111000
16
10010100000001000000100110010000000000000010000000
16
11100000000011000000000010010010000000000100010
25
10101100010000100010000000000000001000000
168
1001100000001000000000000110001100000000000
100
100000010000000000100000000000100000001000000001
58
100100001010101000010000100001010001000011
48
100000000101010000100001000001000001010000110000
161
10110100000000000100010001000100110100000011101
75
1000000011100100000100001000001001000110001000000
4
1100000000000000000000100001001011001010001100000
70
1110010001010000100100000010000000110000010000000
134
100001000000000001000001001000011101001
118
10000001011000001000100110000001001011001000001
115
1000000000100010000100100000001100001000000010001
2
100010010010100000001000000000010010000100010000
117
1000000000011000000001000000101000010000101000000
78
1000000000000000010000001100000000000000100110001
89
10000011001001001000000010101000000000001111000
113
1001010001100110001000000110
41
10000010011100110000000100111001001000000100000000
89
100000010000000110000001000000010000000000000
159
110010000000110010001000100000000001
107
101100011001100000001000000100000000100100000010
128
10000010000000100000000011110000001000000001001
90
1100010000000010000000000001000000000000101010000
31
10000100001001000000110101001000000000010100000
197
1100010011010000000000100000000100000000
182
10010001100000100010100100000100001110001110011010
21
111111010000100000001100001001011100111100110
144
10110000111100000000101000000001010000000000010100
50
10000000000000010000000000001000010000000
189
10001001000000000000010010000000101101000000100000
10
1011001000100000110000010000000000100001001000000
173
110000100010000000000000000010001001001000001011
168
10000000100100000000000000100101100010100010000001
83
11000000001000000010110000000010000000000000000000
144
1000100010001000001000010001010000000
110
10000000000001000000000000010000000000000000001100
169
101000000000000110000000100000000100001000000010
189
10010101000000000000100000000000100101111000000
50
101000000000000010000001000000000000101000000010
78
10001000011100010100000000000000000000000100001000
21
10000000000000100001001010011111000100010001010000
18
100100100000000001010010000000000000000010000
134
100000000101001000100000000000100010000000011010
171
1000100000001010001000001000001000110000000000000
51
1010000001010001000000010010000100001001000000000
165
10001100001001000000001010011000101010100000100000
189
100000000000001000000000010110100000001011000010
30
100011000000000000001100001000000000000000000000
40
100000000000010001000000100010000000000000010100
92
100000000000000000010000010000000001000101000100
196
1000000000000000001000100000000000000011000001000
8
10011000010000000010001000000001000010000000000
10
1000001000000000101001100000000000011001000001000
186
100000000001000010001000000000100010100000101
86
101110000001001011000100110000001000000000010
118
101011000000010010110010101000010101000
153
1000100000000010010010010001000100000110101000100
47
1000001000000010000000000000010101000000010000000
34
1110000000001010000010100010000010000100000001
41
10000001000100000000111000011000010000000
163
10000001001000000000100011100100000000000
189
11001010010000001100000010100000000100001000100
118
10000000000000010000000011010000001000010011111000
187
101001000000010010101000000000000000001000
126
11000100000000001000000100000100000000001001
57
10000000000001110100000100001000001001000100000000
151
10001000010000000000000000000000000010000
2
101000000000000001000000001101000100000101
42
1110001000000000100010001000000000000000000
110
10000000000010110001000000000000100010010000100000
113
10000000000100000000100000110
186
100101000100000000001010011000000000010000000000
156
100000010010100100010100001000100000000000001001
48
10100010001000100000000000000100000000010100001000
111
10000000001000000000000001000000111000
182
100100100010010000010000100000011000
184
100100110100100000101010100000110010000000000000
37
100101000000000000000010010001100000010000000101
71
110010110000010000011000100000000001100010000000
156
1001001100000110100000100100000000100100001000000
41
10000001000000000100000001100010000011100000000
107
100100000010011010100010000011000000100010011110
184
100010010100101000001000100000010100010000
44
1000001011000100001000000000000001001000000
27
1100100000000000001000100101010000100100110
182
101000000101110100001000000001000000000000
40
100010000000000010000010100000000010000000101
138
11100101000011000001000000101000100101100000
154
10000010001010010001001000000000011000000000010000
85
110100000000001000000000000010010100000001000
1
10110010100110001000001010000000010000000100011
132
101000000000000010000000100100001000001
133
1000010000000110000010001010000000100011000000
25
10001011000010001000010100000000001000010
119
1000000101000000000000010010100010010011000001000
105
1100010000000100110010000000100100000000
120
100010000100000101010100000010100000010000100010
81
10100000000010000100000000000000000010100000001110
183
10000010000010001010000000000000000001000100100001
186
1100000000000001000000000000001001001001100000000
106
100000000001000000110010000000000000000001010101
198
10000000010000101000000001000010001001000101100110
59
11000101101010000001000111100101000110000100000100
39
11000010100000010000000010100001001000010100010011
55
10011100010000000000010001101000010011000000000000
180
100001000000101100000011000010000000100000100100
101
100000010110000010000010000000000101000010110000
137
10000000000101010000000000100001000000111000000
189
1000000001010000000000000100000000000000001
176
1000001000000000000001000010100000000000001000100
21
10001010010100010000010101001000000010000000
136
10000100000000000000000000001000000001001000
8
100001100010000000001000000000000101000000000000
185
100100100001000010000000001000101100010000010000
74
10100000000000001000000010010001100100010001
68
1000000010000001100100000000000011010100000100001
55
10010000000101000000000000101010000001000000
108
1100010000000000000000000101000000000
156
1000000010001000000000000000001
7
10000010000011000000000000100000101000100010010000
177
1000101010001100100010010
137
1000000000000010000000000000011000
144
100100010100000000001001000000000
135
10100010100001100000000000000000000000000100010
170
100000001100000000000000010000101000010000000000
128
110011101100000000010100000000010011000110001
163
1001000000010000100000000001010000010000
100
10001000001100000100000100000000000100000010010
87
10000000100100000011000001000111000000000001000000
17
100000010001000000000000100001000100000000010
20
11000000101000000000000001011100000011100000001
29
10100001000000000111100000000000000011100000000010
77
100000000000001010010100001000000001000
197
1000000000001101010000000011100000100000000100
48
1000000000000000001110100110010000001000000110
29
10000000000000100000111001000001000000000100
195
110100001111000011000000000001011010000100001101
163
100000011100100000000000000000100000100000010101
66
10011110000010001000010000001000001000000000
103
10011000000000100000000000010000010000000010
35
11100000110010000000110001100110001001000000000000
192
100000000010000000010000011000100001101110
137
1101111000100100000000110010000101001010000100001
156
1001101000100000000001010100010000000101100011001
32
100110100000100000010011001000000011000000000010
42
1101010000000000000000100000101001000000000
138
10000010100100000000000110010100001000000100001000
194
1100000000000001000010000000000001100000000011
166
10001000000001000010100000001010100000000010
18
111000000100000010000000000001001010010010101100
126
1000101100101000000000000000000100000000000
48
10000101000010100000000010000000000000000000000100
16
110000011111100000100000001001000011000001000
8
100001100010000001011000000001100000010000011
108
1010010010000000000001000000001001100000100
18
1100000010110000001000010000000000101000100001
103
10100000000100000000000000000
87
10000011000000001001000000001000100000010000000100
71
1000001000100000000001100000010001000110100000100
80
1000100000100011001000000000010000000000100100000
12
10000010010000101001100000000010111100010100000010
58
10000000000000001000101000000001
98
11000000000100000000000000000001000100000000000
120
1001010010000001000000100000000001000000010000000
104
1001001100010000001100000000000000010000100
5
11100000000000010001100010001000100100100000
124
10001001000000000101100001010011100001100000001010
57
100000000101000011001000000100000100000001000
148
10011110000000100000110000000000000001000110100010
67
10101000000000000010000000010100100000100000001
134
10000000011000000010011000010000110000000000001000
132
100000000000000100000000011110010000001100
143
11001000001000000000000100000000001000001011000001
74
100010000110000011010101000101000010000010000100
175
1000100001000010100110000000000000001000001011001
160
11001001000100101000001001000010000010100001000
30
100000000000000000010100100000000000000000100
5
1000000000100001001000101000100110000010010001000
76
1000100000100000001001000000000000001000000010111
180
1000000010010000100000000000000000000000000000
167
1001111000000101000000000010010000000000011
67
10100010010001010010001010000010000001000
199
100000001101001000000100010010000001000000000100
118
10110000001000000010010000000000100000001100000000
15
10001000001100000001100000000010010000001000000000
114
100001000000100101000000001001110010100000000
90
111100001000010000000101000100000110000000000000
164
1010000101000010100000100100010101000100000001000
52
10001101000000100010000000100010010000101001000000
150
100000000000000000100000000110000100010000100000
87
100000000001000110000000000001011000100100001100
148
111010101001010001100010000100000000010000
177
10000010000000010001010100000001010001000001000
33
10011010000000000001010001000010000111111100000111
13
1001001000000101000000000000111000000101100000101
43
10100000000001011100000000001011000100001010
137
110000000010010001001010100000011
82
11010000000100000000000101100110000001011110000
52
100000000000010010000000000010000000001110100
76
10110000101000000001001110000000010000000000001
139
1000000010000000000001000101010000010000101
63
110100000010000000001001000100
163
1000000100010101101000100001011000010000000000100
169
1000000000001000100000000010000010000010000000000
85
10010001101000000100000000000100000010000100000
164
100000000000001010100100001000100000000000000000
169
11000000100000100000100000010000010100000001000000
89
10000000000001111000001100000000100000000010100
67
1010010000000000000101100110000000001100000000000
161
1010000000100001001100011000000010010000000000000
17
101000000000000000000000000000010000000010000
135
1000100010011010001100000000000000100001000100000
175
10100000010000000000010001001100000110000100
148
10000000000001000000000000001001000000000010001
109
1000001100000100100000000000100110000000000000
33
100000000010000010000000010010100010000
4
1000000100000000100000000100000000010000000000000
171
10010001000000000000100000010010010100010101000
19
101000000000001101100000011001001000110000000000
137
1100000100000001001000010000000000000000000010000
59
10101110111100000011001000000000010000010100100000
118
10001000010000000001010000000101000000100011010101
59
1101100010000010000101000000000001000011000010010
157
100000000001000000111000110000000110000110100
182
10000000011000100010100010010100000000000
10
1001000000000100000000000000000000001000000000011
127
100111100001000101000000000110010000100110000000
200
100111010000010000110000100001
80
1000011010101011100100110110001000000000110100
81
1010100011000000000000000000001000000001101001000
132
100000100010000000000001000001000010000000
6
100000000100000100000100000000000110000000100111
82
100010000000000001100000100000000000100001000000
42
11100010001000101000000001001001000000000000
118
10100000000000100000010100000000111010000000000000
3
10000000001000101001010000001001000000
137
111000010011100000000111000000000000
196
10100000000110000000000000110000000001001001000
32
1000010000000000101000000001000000110
85
10001000000000000001001000010100001000000010000
19
1000100000000000000010001010001000000000001001001
2
11001000000000001100100010100100000000010000000010
105
1001010011000000101001000000000000010010000000001
14
1001000100001100000010100000100010000010000
33
10000010000010000010010011000100000000101000000000
21
100010000100010110010000100010000100100000000
9
101100100000000000011000000000000100000000100
7
1000000010001110000010010000001101100001101
113
100000101010000100001000110000000001000001001000
105
1000001000010001010000011000000010001000100100101
94
100010000000000000100000000010100000000000100000
74
10001000000000000000000001000000000000010000
104
10000101001000010010000000011000000101000000000000
163
1000000001010000100100000011010000000010110010
46
100110001100001000000000100100001100000000010000
17
1001100100100010000010000000000000000000100
4
1000100000000000000001001000000000
181
100101000000000101000011101100110011000110000010
44
10010000000000010000001110000000000000000000000011
187
1000000010000000000000000100000000000000000000
137
1000000110001010010000000000000000001000001101000
101
100010110000101101001000000100010000010000
188
10000010010010010000000000110101000001100100010
50
1000000010000011000000011000000000001000000
88
10000000010000011010000101010100000000000000010001
139
10001000000000000000001000000001100100010000001001
23
1000100000000001000000010001000010000000100000
70
10101000001100000011000100000100000000110010100100
200
10000010010000101100000000101000000001001000000000
169
101110001000100000000100110010001000001100100
38
1010000111000000000000000011000100000000000000
183
11010000001100000000100100011110010000000000000
181
100000000000100000000100100000000100001000001
127
10000000000100000000000000000000010001100000
41
10100100000010000000001000101100000011101010001
165
1000000000000000000000000000001000110000001
113
100010000010000100000000100000011000001000000
39
10001000000010010000010000000000100110000100000
35
11000010100000111000010000000000000000000100100001
54
1011010000000000100010000101000000000110001100000
141
1100000000001000101000011000100010000000110001100
63
1000000000000010000000001000000001000110100010010
55
1100001000110000000111001000000100010000000101000
88
1000001010000100010000001000001000000010000000000
72
1000000000100000000000000000000000001000000000110
1
10000110000000000000000000011100010000000000000010
140
10000001000100110000000100011000000001000101000
15
100010100010000001001100001000000100000000001
162
110000111001000100100111100001100010001000000011
163
1000100000000010000000100100000000010100001000
47
1110000100000100000000000100001000110001000011000
57
11000000000000010000010000100
156
11000010000000000000010001000000000001000100
93
1000000000000000000110101000000100100000001010
88
100000000010000000000100010110000000000010000000
50
1001000000110010001000000001000000000100000110010
86
1101000101000011100000000100000101011100000110
157
1011000000010000100100000000
20
1110000000010101000000100000000000000100
88
11100110100100001000110010100110000000000000000010
71
10000000010000001100000101000001001000000000000
31
10100000001000000000000000010100000000000001000000
21
100100000000000000000000000000001000000001000100
147
10001010100000000000010000010010001001000000000000
178
10101010010000100100000000000000000010
128
10000011100001001000000011000000000000000000000
34
1001000100000000000000101010000001000011000100111
38
1011000010000010000000110000000001011000100000101
131
100000000001010000001100101000000001100000101000
93
10001000110000000000010000100000010010110000000010
69
100010000000000100010000000001010000000000110
172
10011000010100101000001000000011001000000000000010
32
100000001011100010001001000001001001000000
148
1000000010010001000001000000010000000100101000100
91
110000101000011000001010010010100101000010
98
1010010010000010000000000000000000000000100000110
24
1000000000010001000010000000001000000110110000
93
1110000000000000000101001000000000000000000100000
140
10010110001100011000000100000100000000000
133
1000001010100000000111100000001000010000100000000
126
1000101000010000001000000001000000000101000000000
43
1001000000100010010010011100100100100001001
134
101000100000011001010000001100001000100000011111
31
100000000000000000010001000100111100001110010
100
10000001000000010000100010001000000100000010000000
18
100001000111001010100010010000000011000010000000
12
100001000000010000001000010000100000000000100001
103
1011000100001001010000100001000000
137
10000100100000000000010010000010000010000000
72
1000101101000001000001000100000100000000000011110
62
110000001010101001000100000000001001011000001
183
1011001100001010000000000000001011011100001100
149
1001001100000000000011010010000100001001000010
31
10010000000000100000100100000010000000110011000001
6
100000100000000001000000000000010000100111001000
79
1000001010000100000000011001000001000000000000000
181
100000000000000110110001100010000100001000001000
80
10000100001000100000000000000010000100110000010
190
101000000001000000000100000100110000001100001000
5
1010001000001010000000000101000001100010000000
8
100000010101000000000110000000010000001100100001
59
10010101000001010100010001100100001010000000000000
35
101010101000000001000111000011000010000
132
100101100001011100101000001001100000000000000000
66
10000001010000001100000000000110010011000001101
112
1000001000101001000000000000
49
10000000000010000010100000010000000010000000000000
77
100001001000001000101010100000001000000000000100
197
10100000101010000001000101010000100000010001
132
1001001000000000000000000000000000
141
10100010001000000000000000000000000000000100001010
117
10000000000110010100110000000001000111000000100
76
10100000110010001000000100000000000000001110000000
90
11100010000001110110000000000000000000000000000
149
1100000110010000011000101000000000100000000011000
91
1001100000000000000000000000001100010000001
8
10000000000000000010000000100000000100010000000
180
11000000000000100100000000001100000000000000000000
7
100010011100000101000100000000000000000100100
73
10000000000100000000000100100000000000000110000010
112
1000100100000000000100000010000001001100000000
123
10010101101100001001000000010000000000100000000
49
11110000000000010000001000000001100010000000000010
66
11010100001110000001101001011000000
134
1000000000010000111100010000000001011000000001001
199
1010010000000001000000100011000000000000001
65
10000000000010000000000111100000000010000000000100
45
110011000000000110100110000100100000000100000000
22
1000010000110000000100001110000010100000000000000
144
1000000001000000000101001000001000000100101100100
16
10001000000100010000000000000100100100000011001000
177
100011001001000101110000001011000000010001000000
158
101111000000000000000010010000000000000000
64
1000000100000001100001110000001010100000100100000
165
1000100011000000100100000000000000001011100010000
113
1000100000000100000010111001000000010000000100111
28
10000000000000100001001000000000110000000000000000
140
10101100000001000000000100000100001110000100000100
120
1100001000001000100010100000100010100000110000100
56
11001000100100000011000010001010000000000000000000
82
10000000000100011000010011001001110101000000001001
153
100000010101000010100100100000000001000000001
58
101001000100011000000110000010000
153
100000000100000000010010110001001000101000
78
10101011000000000000100000110010101000
82
100000101111110000010010100100000001100100110000
13
10000100010010100000001010000000000100000001000010
49
1000001000000011010000010010000001000100000010000
143
10110000000000000000010000000000000001100000101010
85
1010000010000000000000110100000000000000000001010
90
1000010000000000010100010100001000000000100000
53
1000000001000000001000000000110000000000001000100
116
1000010010000001000000001100000000100000000110000
111
100100010000001011001000100000000010011000100000
176
10000000000100001000001011000100100000001000000011
67
10100000000000000110001010010000000110000100000
97
1000000000001010000100000011010000001100000010
152
10011000111110100010000010000000110001000100000101
187
10001101010000010011000110000011000000100000000010
30
1000000100000010001000000000000000000000000000
23
10000000001000000001010000100000000000000001000000
23
100010000000100001010000001110000000000010010000
158
1000100000000010000000001000001000010000010
175
1100000000110000000000010000000110000001100010
67
110000000001000100100110000000000100000000000000
8
1011000101000000000101001000000001000
27
101010001100000001001111100101001001010010101000
7
10000010000000010011010001000011000000001000000001
144
10000001001100001000000000000100000001110000
132
1000011010000000000000000001100000100000000001100
57
101000100111001000001000011000000010000100
6
10100100000000000011000001010010000100000000
28
1110111001000000000000000010100000100011000000000
37
1001000000000010001010000000010001100000010010
93
10010100000000100100001101000000000000000001001
74
10010000000100100001010000000000010000000000000
70
10000001100100000001000000010000100000010111000
76
101010000000101000001000000010000000100110001000
98
1000001011000000000011100100100000100010100
200
111000000000000001100100000101000000000011101000
155
100010000000100101000000000100000010100000000
92
10010000010001000100000010000000001010000000000000
132
1000010000001000000000101000000000010000010111000
168
1010001000000010010000000100001000
199
10110101000000000001001000000001000100000100100
153
10000000100000010100000000010010100000100001
79
1001001010010010100101101100100001100
51
1000010000010000001100000010010000000000000
111
100000000011000000110000000000101000000000001000
42
1011000000000100000000000000100001000000000101000
114
11011100000000000000000001000100000000000101011000
61
1000000000000000000001000000000001000011100000
10
100000000000000100000000010000010000010000
62
1000000100000110010010000000000010100000000000000
64
1000100001010000000000100000000100001000000100
108
10000000100001001000000000010000100111000100001
28
10010010110000000000000000010000000000011
46
100000001010000000001010000000010010110011100000
71
100000001010001001000100000100000100000010000001
86
100011001010001010000000001001001101000000001001
46
100001000110000010100000001010001000000000000000
181
11000100000000001010000001000000000000000000010
170
1001000000001000010000000000010010011000000
168
10000000000100000010000000100000010
93
1010000110010011000000000001001001000000000000000
6
10000000100100101001010000000000000100100000
25
101100000010000000100011000000000000010000000000
95
1000000000011100000000101000001000010000010100
19
10000000100000000011001110100000000000000
176
1001010000010010011001000000001100011000000
39
1000100110000000000000000000110000000001000000000
94
10000000000000000000001001100000000001000001100100
168
100001000000110100000001110000110001000000000
188
1000000000000010000010001010010001011000001100
2
1010001000000000000000000001000010000000100000
146
1000000000000000000000000000100100000011000100
148
10001010010000000000000000001000010001001000100000
155
100000000000010010011000000100000000001000
86
101101011101010100111000000000110100000000010000
164
10100001000000001001000000000010000000000000010
12
10100111111010001000100000010010000100000100000000
149
1000100000000000000000001010000000000100000
39
100000000001010000000000000000000000010010001100
126
1010000000000000000000100100000000100100
48
1001000000011000000000001000000000010100100000010
48
1010000000000000001000000000000010100001010001000
196
100100000011000000000000000010110000000000001000
65
1000000000100001000000000000001011010001000000000
195
1001000000100001000000000100000000000011100001011
34
1000000000000000000010000110100000000000000000110
10
1001000000010000000000000000000000011000110100
43
100011001000010000000000100000000000
67
100000100000001010001100001000101000000000000000
101
10000011000000000000011000000100010000001010010100
142
1000000010010000001000011000001000000000101010
171
10000001000001000000110000000000000
32
1000000110001001000001001010000000100100000000
176
10000000000000010010100001001000000101000
59
10000000010011000010011001001100100000100100001001
72
1000001001001100001010010000000100000000100101000
31
11100101000101001010101001100111100000000000100
128
