50 800
11110011011010001010101011101011010001011000011101
191
10011101100001101000011001000100101000001110000
148
11101111101100111000000010000001000010100100100100
69
101001000011101110010111100011100001110111110101
83
11110001001010100011010100100101011100111111111110
84
101101010100100111000100011011111110000001110010
97
11110110010100011110110011110110111110100101101001
186
10000101100101101001011101111011000011100011000000
63
1111100111000101111001101111010011000111110110111
111
10000100011000011011010001111010011001011001000010
166
101011111101010000010101110000110010011110100111
102
11001100001010111011111101100011001111000011001001
28
100011000010011010010000010001100000100011101011
1
1011011010100101100101011001010111010111010000000
78
1010001111100001101100101000100101110000011101101
135
10000111100010111011000001110111100011111110100111
116
1110111011110101110111001010111101100001111110001
100
101011010000111011111110110010000100000100111110
7
1001000011110000001100000010010111011011011101110
17
11000001000001100011101000010100001101000100100011
38
10000110110100001001110001001111001111101100111011
104
11110001001110100011010000000100000110111100100000
2
11010111111111100010001010101010111101001000001010
23
1100010010010110011001000101011101111001100010100
182
10001100010101000010110110100010001111011101110011
166
10101111001100010111101110010010111010111111000001
24
1011110011011100000000101010100110110011101011011
6
1001101011101000111000110111010100000010101010101
8
1001000001100011100110100010000101111011000001000
133
11000111100111100100001000010011101010101000101011
40
10101010101001100010110101001100110110101001001110
200
111111100100111100101101101010010000000101010111
159
10011011011000111100111011001001000111111000101001
158
1110100101001111000001111010011000110011110110100
5
1010001001001011101010100110000100110011110001010
121
1100110000010100100001100110010000011000100101001
38
110100010110101111101110111100100111100100000010
192
1101101101111011101110000011011001011110001010011
130
11000010110000000000001010000001101000001011011000
80
110001110001111011101001011011011001001001000101
135
101010111010101000000001110011011010011101010110
60
11000100110111100011101010100011111011111111000011
145
1000000011110011111111111101010111101101111111101
63
1011011001101111011010111101000000000010101110100
91
11111100111110111010001111011011000000011100110110
147
11000110100101110101100111111111010010000000000
90
1011010000110001111110011101011011100010001000101
25
10111001101000100010000100010000000111111010010000
94
101111010001100000011001101110100101010101000100
183
1010000101101110101000010100001001001111100000010
72
10101110001100010100010101110111010101000000110000
118
1100011100000010010011010111000000000000000101
57
1110110000101000111011111000001010110101011100011
152
11000000001100001001111011111110010010110110001110
17
1010111101101110100010010000110101101110000011111
111
11010100010011100110111011000111000001000001100001
159
10101110110101111100000000100100101100001100
33
10000111101110011101111000001000001100101110101101
158
1111101001001111001011111000001111000100111011011
170
10100010110001110101000000001100111001001101110001
84
110101111010110111001010100010010011111001011001
159
11000111101011100100111011111110101001111100100100
19
10101001111111100111011111011100111111000101000011
122
10011010101010001110000000101010110010011111101
129
1110100110001111101101111000110101011110100000111
130
10010101010000110100011010001100110010000101000000
129
11010011011001000011111111100010000011111001011111
60
1001100000101001100010000001100110110000101101
97
11100001000100111100011110111101101011011111000011
186
10000111011010000111110001010111000100011110000000
110
10001000010110101011001001100001111111100110010000
150
10010000101000010100001100100100011101000011010010
161
11100100000100011000110101110111111110101111110111
148
11100000100110101001101110100100111100100101111011
136
11110100011110100011110011001111010010011001111001
165
101011000100101100111000101001001000000011100011
127
11010101101000110111110100111100001010111110110101
107
10010010000001101010001111010111010110100001011001
200
10000111011100110010011101101111001011111111001001
57
1011101111101101001110110100110000011110011000110
68
11001000000001011101011110100100111100001001110111
21
1111111101101111101100010000101110011100101000001
108
1000100110000001100100110100111111010100010011111
173
10001010111101011001111101101000101000010001110000
166
11101001100011010011101011011010100010000001101011
51
11110011000111001001000110101001010011011110000100
191
10110010101011110000110110101001111100110001111100
157
10010001110011101111110100000110001111011011101110
47
10000011000000000111100100101011000100001101100111
115
11110000100101001010001100100011011110110011101110
5
10110110010110101010001110011011101100111100000110
54
10100110100011101100001011001111001000001110110111
187
11100101001101100100011100000011011000101101100001
66
11110101011100110001111001101111100110001111100101
74
1001110000100101010011000100010001111100001111000
162
11111110000000000100111011001100010011010111000010
54
11111100101000011101001101011011010000000000011011
34
11111100111110111001001111001111000010101101001110
168
11001100110110111101011111100111000111111111000
47
11011101111010101111000000000011101111001011001001
174
110011101100010000110000101111100110000101111101
181
10011010000101101110010111110100010110110101100000
168
10000011110100100001001000110011101101100111011000
197
10010000101101010000110000110110000000010011011011
70
1110001110110100111010000101101101001010001100101
90
10010110110110110100011010101001011101011101100
94
10111001110010110101010010000001111000010101100
107
11000011110100001000110011111111010000100000010010
157
111000001101010010101010000000111101101001
97
10011001111111101111000001111001110111011011100110
92
101000010011011110110110111111111001011001001100
134
10101011100000111111110110011110111100100111
21
1100100001100000111010101110101111010001100111111
164
10101001010110010111011100010110000111010101
38
10111001101100000110101001011011000110010100001101
146
10111111000001000111001100001001011001000000101110
145
11000010110100110001111000111011101010000000110001
21
101001000110110011000010101011000101110110111010
17
10001100010111010000110100001110101000111110
148
110101111011000110000011110101011011110000110111
52
11000010001101111101001110101011010000111111011000
57
11010111111001000101000000001010111000000101010
119
10100001011010011000101111010001100100001001111110
29
11110101110111110000011010101100100101110001000101
77
10010000111101101000000001110101101000001110100110
7
11010111111111010000111010011100111000011001001100
29
10011100001010100110001011100110011000111100010110
151
10001100110110111001011000000010001011100000011100
13
1010010010000101110111000111111001000110100110000
144
1101111101111110100010001101100001100001100100001
51
1010100111111110010000001000001110101111010101100
177
10001001000111001110110101101101000110110001000110
71
10110000010100000010111101001000010110100101110100
20
10010001010001000011101101111101000110101100010011
35
10100001100010110000001000111110001100110000101110
116
1100001101000100110110110000101000101000110010111
34
10100011011000110111101010110011010011110001011001
108
10110110000000101000101010000100000011111111010111
185
1010100011100001100011101001111100100111101000011
63
1101101111110111101010100101010110101110100011001
178
11100101110100100001110111101011100101001000011001
96
10111101000001011001101010001101010110110001100101
2
10001011101011010000110111000010100101001101
58
10111011101110111011101001101000000011001110000011
156
11010100101001110010000101110001011001101011001100
80
1101010010000101111101101110101011001101010101110
110
100011100010101100001010110100101000000010100011
2
11011000100101011011010110011010100100110100110011
144
11001100100000010000100011010111011000110110000101
16
100010110100101111111001010101101110111101110011
58
1100010010000100011101100101110010011110111011000
35
11110110011001111111101100001101110100111011100011
91
10101100001011000001101000001010111001110110010001
169
10101000111101000111110001111001101000100100010011
19
10111010111010101110111010110010101101000111010011
174
10010011011110000000000100110100011001101000001110
198
1111111010101101110001111011001100010110010011000
162
11100010111111010110100000011100111000010001011000
114
100101101010111000101011001000000000100111010110
197
10111111011011101100001011111101110111000011001000
193
1111101000010110110100110000011011110010000100000
14
1010111010111111111111000100100101111011010101000
136
10000011000000111110000001101100000010100001110110
142
11101001001111001010110100010000110011001011111001
200
111001101001011111111100001001000101110011110011
13
110010001010110010110111110101111111000100110
106
100110100111101000111000110100111110100101100111
197
10111111101111011011001000110011110110001101110011
116
1001010100101100001100111001000001000100100010001
82
11111010001001101010101101110011001011100110001000
176
11101010111000000110110010101011010110001100100001
189
100100011111111001110111110110011100111010001011
85
1000100100101101000110101111010001110111111101001
91
10001001011001011011100011010111011110011000000100
182
110110011111101001110101110111011101000110000101
199
10101010000010111111001110101100010101110011100011
6
11101110001010011001010011111100111101101100
181
1011001001010010001101011000110001111111010100001
176
1000011100101010110110101010011111000001100111110
182
1011010101011000001110001001001001101010000000110
29
10100111011100010100011011010000111111110001110011
102
10111011000001010101110011011001111111111100010110
150
1011111000111011111110010011110011101100001100101
93
10011101100010101011101110000111100000000101001111
162
1000111011001000101111100000111100011111010110101
147
11000000111100000100110011110001100101010000101
166
1101000111101110100000110011101010000001100110011
22
11100000011000100101000001011011110111101110001010
53
10000010011110101001010001000000101111001111001011
140
1100010000001100000101111011011001101011101000
160
1001001100000111001011110001110110110011010101110
114
1001001110110101011000110100111110111010010001001
197
11000111001111110111011110111100010011101011100011
128
1101010001101000010110010111001101100001000000001
82
11010001001011011100000011100100001001000101001100
60
111111110010001001100000000110111011001101101000
32
100111111010101010111011000011011110001010001101
36
10110111111101010111101011001110100111100010011
60
10100111001100111100001010101010110100110001100010
112
11000110110001010101011111001010001101100111111101
93
1111100110010110110000100010111110101101001101100
87
10101111110110101111100101011111000010010101101010
109
10111110101110111100000000011101101000110100001011
39
10001110001001000011111101011011110111111010100101
76
1001110100101110001001010001110001011010111101000
63
10010000010010000110111100011011010000111010011101
90
11110000010111111100100001101101100101001100010110
163
10000000110111000100000110100011100010111010000010
151
10110100101101011110011010100110011010011110101
13
1110011011110100011110000110110110100011111010000
178
10010111011001000001111000000011110001011011110110
193
10110010001111111010001001001001101010011001100110
96
11111011110000000011111001011101101000100011000000
3
11010010010010101001010110001011111110000011001000
80
11010011100100111001111111101110100001111000100010
172
110011011101110100101100101001110111000100101101
32
11111000000001011100010010100101000101001101111010
16
10010100000001010001100111111001001110000010001100
16
10011111111100111101001100111010110010010000100010
25
1111010111100010010100010001111111101101100000
168
1101011001110101101100001000001110011100001100001
100
10100010010100110100100010111100100101011100001011
58
10110101110101110101011011011100111010001111011
48
10110010100101011100111001011001100011010000110000
161
10010111101010010001110111011000100110100011011111
75
1111000111100100010101001000001001010111011110100
4
1110101000000111011101100111001011001111101101011
70
1110110001011001100100000011000000111011010000001
134
101000110101011101010000011101001001001111111011
118
10000001011010011101110111100111001011001100011
115
11100101000101011010100100000001110001001101111111
2
11111010111110110101001001010110110110010111110001
117
11100100000011010111011100001111101110011101100101
78
11111000000000110010100001101010011000010101110101
89
10010101011011001011110000111111100001011011111011
113
11100101100100100101101101110101110111101000011110
41
11001111111100111100000100111011101001100101101000
89
10001111000111111001110010111000101011010101100000
159
10010000110111110111000100111011101110101000100011
107
111110111101100001101001010101000110111100110010
128
110001011010000111011100111111101101000100101111
90
1110010001001010111001000101000110100110101011000
31
10010010110101001010000110111001111000101010110000
197
10100100101100010011010111000001100100001101001010
182
10111101101101111011100111111101011110111110011010
21
1011111111010010100010001101111101011100111110110
144
11111011111110000000101010101011011001000101010111
50
10000001010010011100100011011100000101100011010111
189
11001011010010001101010111000001101111010000111000
10
1111001111100000110000010010100000101101101010001
173
11110100101010111010100001010011111011111000001011
168
10010001110110101000000000100101110011101011001111
83
11000011101000100110111001011010110011001001000101
144
1000000010001001110010001110001011110011010110000
110
10000011001111010001000000010111101011010011001110
169
101001110100100110000100111011100110101000100011
189
10011011111001011110000100110000000111111111101000
50
11101000010001001010000111001011101100101101000010
78
10101010011100010110000101011000110000000100001100
21
10000110110101100001011110111111010110110011011000
18
10000111101110010010011010111010001010001001111001
134
1110000000101101100101001101000101110100010011010
171
1101100011001010011000011011101101110011101000000
51
11010110001010001000010110011000100011001001000010
165
11001110111101001001001111011110111110101110111011
189
11101100100000011011100001011111100110011011100111
30
100011011000101000101101101111100000101000000000
40
10101000100101010001011111111011100000101101110110
92
1100010001001100110111001110000000001010111000110
196
1000000100010010101110100001111010000011101011101
8
11011011001011001000010111001110001010010011010110
10
1100001010101100101101110111100011111001110011110
186
1110000011101010110101011110000100011100010111
86
10100101110110101001011101100110010001000010001110
118
1101001111111010000010110111111111001011101010
153
1000101101001011110110010101011110001111101000101
47
11001101110101110110010110000010101110100011001100
34
1101111010000111110100010100110101010110100000101
41
1000000011010011100101001000111000011000010000100
163
1010110011011001101000000001110011110110000101101
189
11011101111111011111101011010100000001101001001100
118
10110001011010010000100111010001001000111011111001
187
101011001100010010101000000010101011001011
126
10001011010100100100011101000110101111001011001011
57
10000001111111110110000100011010011001010110000111
151
110111001111111100101011011111110100000111100
2
10110100101111110101101111100110001101000110100111
42
1110101100101011101011001001000000110010000
110
11001000011010110011010001010101110010010000100110
113
11010111011010000011010011010100100000111110110111
186
1111111011110001010001010011100111000010011000010
156
10101100011110111100010100011110100001010110111001
48
11111110001000110110100000000100001011011100011100
111
11001001100010010110011010111001111001101000111110
182
1100101010000110100100110111000110000111001111110
184
100101110111100110101010111110111010100001100000
37
110101010000111001010010011101101001110101000101
71
1110110110001110001111111101000011011111010100110
156
1001111101101110110111100100010111101110111000000
41
111000111000001101101100111100010001011101001011
107
10100101110010011110101010000011110000101010111110
184
1100001100011011110101000011001100000010100011000
44
11110001111011100011100000010111001101011010
27
10111111100100110000111101011110111110000101100110
182
10001111100011111111100001100010001001110000100
40
10010111110101000000111110110100110110011010100101
138
100111110101000011110001001000101110111101100111
154
10100110011111011101011101010010011100011000011001
85
111101101100101101101100100010111101001001000
1
1110110111101110111100101111100010010100110101111
132
10011000111101100100011001011011010110100001101101
133
1011000011111100110000010001010001011110011001111
25
1110111001011110010001101010100000010001010110
119
1011001101100010001000010110110110011011000001100
105
11110010001101011000000111110010000000100101100100
120
110111111110000101010101000110101001010000100010
81
10100100100111000110110001010000000011110010001111
183
11101111001110111011100101000001000101001101100011
186
1101000100101111110100000000011011111111111110010
106
1110011000001001010110010101100001001000101011111
198
10000100011111101100100011000010001101010101100111
59
11000101101111001001010111101111010111010110001111
39
11010110111000111000010010101011001111110100111011
55
10011100011110001000110111101000110011100010000100
180
10100001001010101111000011000010010011111000100101
101
110101010111110010111111101110000101010011110001
137
1110011010010101110000101100111111101000111000101
189
1101000001011110001010100000111001100101001001
176
1111111000110001000111010010100010100111011101110
21
11010111010110100010010010101011000100010010100
136
11001010001100000001100001101000001110010011001010
8
100001100110010000101111011010110101101011011010
185
110100101001000111010010001001101100110111010001
74
1000010111000011101101010000010111101101110111001
68
1110111011110011101100101100100011010111101101001
55
10110111011000111000000010000101110000001010001
108
1110110110111100010110010001001110011101010100111
156
1100100010011001001000011101110010000001010001
7
11001011100011100010000000101001101110100110110010
177
10011110001000000101000101111101110011101111110110
137
1000010010100001011000000010110010000101010111011
144
10001110001000101100010110000011011001100101100
135
110100111100011101000001100011000000010011100111
170
111010101100001011011001010010111010010110000100
128
11100110111101100000000010100101100011111000110101
163
10000010011001101100010010100000000001010001010000
100
111101000011101000101000110011001000111010010011
87
10100110111110011111001001100111110110001011001001
17
10000101111110001000000000010100111001100100000010
20
10011000000111100111000110111011110000111101101011
29
10101001100000001111110000000011011011100101000011
77
11101010101100101001011101110111101011001110001110
197
11101111110011101010101011011111001110010000100
48
1101100100000000010001111101111010010001110010110
29
10001110001000101101101000111111010111000000011110
195
10110110111111100111100100111011011010111101001101
163
100010011111110000010010010010101101110010011101
66
100010111110100010001100010011101011001001010100
103
10110011011100110101110000010001111000110000011011
35
11100110110110000011110001110111101011100110100000
192
10110100010110010100001110111111100101001101111
137
1111111110111110101100110111110111011110010110001
156
1011111010100010111111111101010011010111101011001
32
10100110110010100000111011101110111011000000000010
42
1001101010111000011010001110101101011000110000
138
11100010111101010000001110010111011001111110001000
194
1101011010010011100010111010010001101000000111
166
10110010011010110101100110110010001011100111000010
18
10111010100101100111000000110001111010110010111111
126
110001000101100101011000000010001000101101001011
48
11100111100011111110001111100100101100101001110110
16
11001111100011111111001111001101101000111100001011
8
11010101011100010001001011100000111111110011100011
108
10000111111010111111010000111000001111111100001100
18
11011110010111111001011100110000100101101000100011
103
110010001001000001010100000000100010010111011000
87
11010011000100001011101011001000110001110110000100
71
11001111001110010000001100001110101111111101100100
80
11000110011100011001000001000110000000110101101000
12
11010110010100111001100110010010111101010110001011
58
100101011011010000010101100001001101100010011
98
11101111001111000110001010100001110100001011110
120
11001011010001011000000100011001011000110010010000
104
1101101001111100010000101100011001100011010001101
5
1011011111100000001110001100010001000111100100001
124
10001011101000111111100001111011101001100111001111
57
11101000001101100111001001101111100111110011000
148
10111110001101100111111000100110010001001111101011
67
10110111100011010000011010101010100100010101001011
134
11001101111001001010111000010010110000011101101010
132
10001100111000000011000110000010011111010100001110
143
11011000111110100101000110000000011011001011001111
74
111010111110011011010101010101001110101011000111
175
1000100001100110111110001000011000011000001011011
160
11011111001010101101001001101111011111011101011010
30
1100110111100100100111010110110000010011001110111
5
1111010100110101001010101000100111011110011001000
76
1111100100110000001101000101011010001001011111111
180
10011001001011011010111000101100001111010111011100
167
10001111111011111101110100001111010100001000111
67
110110011010001011110011010010010000101000
199
10101100101101101100011100010010100001000001101101
118
10110000001001010011110000001110100000001110101111
15
10001001011100000011101110100011010001011111101000
114
100001101110100101110010101011110110101000110
90
111101101000111101010111100101000110000001000001
164
1010000111100110110010101100010111000100000001101
52
10101101101000111110101000100110010100101111110001
150
111001100110101011100000100111111110110001110110
87
11110000010001110111100110100011011000111111111111
148
10101100111010111111010011111010001101001010110001
177
110000010001100010011111100000001010001010001000
33
10011010011000000011011001000111011111111100011111
13
11001001011111101100100000100111110010101110001111
43
10000110101000000101011101010001111011001101111011
137
10100000110010000110010110011010001001011101000111
82
11011001110100000001010101100111000001011111010
52
10100100100100000011111010001000010001000111111111
76
10110100111100010001001111000010010010000010001
139
100011110110011000100100011000101011000110111111
63
101100100001010101110111001011000000011001010101
163
1100010100111111101110100111011011010000000100101
169
1101001010101110110000000110111010001111001011010
85
11011010101101100010100011101011101011010001110010
164
101111001101101111110110111100100000001100000000
169
11000110101011101000110001010101011100000001001101
89
11001100011001111011101101101000110001101011101
67
1111011000100000000111101111100000001101111000000
161
1110000010110001101100011011001111011000001000011
17
11011101100100000100001100000100100111000110011101
135
1010110011011111101100010101010100110111100100100
175
100011110010111111010110010101001101101110001110
148
10000010000001101100101100111001001100110010001
109
1011100001100100111100001001010101111001111101100
33
11000000110110001000010000111000000010010100111000
4
1110000111100100111100010111000101110010011001010
171
11011010101100000011010111010010010010100110111111
19
101010100011011101100001111011001101110111100000
137
1111010111110011001001010100101001010100010011011
59
11101111111100110011011010100101011001010100100111
118
10011110110110101011110010010101110100110111011111
59
1111111011000010101111110100001011101011000010010
157
10101010100001001000111010110110010110011111110
182
110110010000000011001101011101011110101000010000
10
11011101110110110100001000100101001001000011100111
127
1110111100111010111010001100110011000100111101011
200
11110010000011010101111010100010111110000111001
80
1011111010111111100100110110001100000101111100
81
1111110111000011110001010010001010111101111001110
132
11000000110001100110001000000001110011100110011001
6
10100010010101011111100110000011110111100010110111
82
100011000100000001100101110000001001100111000011
42
11100010101000101110101001101011011111000001
118
11110000001011110010010110010010111110011000101110
3
10010000010110001000011011111001011110101001010100
137
1010110110001111111110111110000111111010000001101
196
110110100000111100000000101111100110001001101010
32
10100100011001110110000011111101100000111010001111
85
10001001101000000011101100010100011010011110001
19
11010100100010001000011101011011000011010001001011
2
11011010001010001110100010101110001001011111010011
105
1101010111011101101101010000110001010010100001001
14
11001011000100001100010110101101111011110010010
33
11000011100011110110111011011110000010111010000001
21
10010100011000100011110110100101110100111100010000
9
11101100111011010100011000011100000111010000111
7
10000001010000010101110100010010010011111111111101
113
1100110101110100100101111110111101011010101001110
105
1010001110011011111101011010100010101011111100101
94
110011100000001000110010001111100110001000100001
74
1000010001000011000010001011101100110000010110010
104
11110101011010011011010000011000101111011001101110
163
10111000100001011111101100100111110001011010111110
46
11100110101101011101111110110101001101010000011100
17
101101101111100010000110010000111010001010101
4
1000000110110011011110010000000011001101000010110
181
110101010000010111000111101110110011000111000010
44
10010001000011010000111111001011000000100101000011
187
11010000011110010000010110110000000100101000100
137
11001000110001111110101101100100000011000001111100
101
1100011111110111100111101001000110100010010011000
188
10010110011010111101010000111101000101101101111
50
1011101011000010110011100100011000010001101010101
88
10011100010000111110010101011111100000001011010101
139
10001010101011000001001001011011111111010011001011
23
10011100100010001111001000110001000010100101101100
70
10101000011110111011111110111110101011110111100101
200
11111011010001111101001110101010000111001101100101
169
11000111110101010110000001111110010001001101100100
38
10111010100111000001001001010011000110100011101011
183
10011010100011101010010100111011110011001010111010
181
10100011011001110100100100100011011101101001011
127
101011110101000100000100000111001001010001100110
41
111101101000011000101011010101101000011101110101
165
10011111000011001111010000000001001111100110000101
113
11101010001011010100101000100000011000001100101
39
110001110000111011001010101001010110111010101000
35
11000010110010111110111100000000001000000100100101
54
1011110000001100101010100101001000011111111110101
141
1100100101111000101001111011100011000011111101110
63
11110010000110010100000011100010001001110110010011
55
11110001000111001101111001100010101110101010101001
88
1100101110111111111111111101111100111011111011001
72
1001000000100000010111001001010000001000001111111
1
10000111100110001101010001011101010000111000010010
140
10101001100100111010100110111010101001010111111
15
1100111101110011001001110001011010100110000001
162
111011111101000110101111101001111011011110111011
163
10011110100110111011110001101101001010110100101011
47
11110000110011110100000001110101010110001110111001
57
1100101010100010100111001110111101110001011110110
156
1111011001110100001111000011001010001010001101100
93
11001100011100001000110110101011100100101101101011
88
11110101100111001010010101011110010100100111011100
50
1011000000110110011100110011100001111111101111010
86
11101110101000111101100010101000111011110011111
157
100111010001111101011010100011000111110000010
20
10010000001110001010010101000000100111100001011111
88
11111110100101001000111010101111000001010000001110
71
10110001100110001001101010111101001011110001010010
31
10111010111010101101101011010101100111101001000101
21
10110100100000001000001010100001011011101111110100
147
11001111101001000111010001111110101101100100011111
178
11001100000110101010111001101100010000110100101110
128
10010111011111001011100000111100011100001001011011
34
1111010110010010001100101111101001000011010100111
38
1111001110000010000001110001101101011000111010111
131
100110011001010100001100101010000001100001101000
93
10011000110000000001110000110100010010111011100110
69
11111100110110000100110010001000001010110110011110
172
10111000011110101100001001010011011001010001010010
32
10010010100000011111101011001001010101101001001101
148
11100001010011001101001011100010001010100111001100
91
110100110011101100111011001110010010100111101110
98
1110010110000010011100000100101001100000100001110
24
1101110000110001000010100011001011001110110011
93
1111100001110101000101111010000001001000010110010
140
10000001111010111001100011000010100100100001100100
133
1000101111111010001111100010011100010001100100011
126
1011111110110000001001100111000100000101000011000
43
111111001000101100010010011011111100101100111001
134
101100101011011011111011011101001111111010011111
31
101110001010100000000011001111111111110101110110
100
10001001010110111101110011001101001110001111110011
18
1110001000111011010110110110000010011111110000010
12
1100111001100110100101111010100100000000111111011
103
1011001000010101011110110011101010101101001110000
137
1011010011100100000100101110110111010100010100100
72
11000101111010011010001000100100110011001000111110
62
11101110000001010101101000100000111111101011100001
183
10011111001101101011000100001000001011011100011110
149
101001101101110101111111011010100100001001001110
31
10011000100010111110110111000010010000110011110011
6
1100000101001011001001001011010010111100111111100
79
1111111110000101001001011101100001101000011100000
181
111000000000000110111001100110110100101010101000
80
10001100001000100001010000101010101100111100010
190
101110100001000000001111100111110001111111101000
5
11011011111000001111000010011111110101100010100000
8
110111010101010000010111111101110000111110110011
59
11011101010001110100111001111100001011010010000000
35
11001011010101010111101000101110111000011000111101
132
101111111101011110111011001111110000000000000100
66
10000101010011001110101101000111010011001101101
112
1000010010000000001000001010101011100001001010
49
10011010010110000010111001011001010011100101000110
77
100011011010001100101110100110111011010100000100
197
11111111001111110100011100111010100100100010111
132
1110110001011011001011001000100001001100000010000
141
10100010011111110111010000111000110111000110011010
117
11000111000110011110111101011101001111000000100
76
10100100110010101010001100010000011001011111101110
90
1011111010111001110110101101010000101110011000000
149
1110000111011101111001111011110100100000010011000
91
11100001001110100010110000001000010101101110000101
8
10011100100110001100111000011100010001101111000001
180
11010000100000110100000100111100000110111010000011
7
10101100011011101010111100111111100100000111111101
73
11110010010111001010110100110000011000010110000011
112
11001100101010100000100000010101001011100101010
123
110011111101101101001011100011001011101100000101
49
11111010010000110000001000001001101010000000001110
66
11011011011111011100001110010011101101011100010
134
11100000000010000111100111011000001011011010001101
199
101011011111101000111000110101111000011101011001
65
10011101011110111100100111110110000010011000000100
45
1110011010000011110111110010100110100000101101011
22
1001110111111011010111111111001010101111000010011
144
11000000101100100000101001101011000010111111101101
16
10011111100100010101011000011111110101100011101011
177
10100111001001100111110000101111110100010011011001
158
10000111111011101111001000111110001110001001101
64
11000001100001011100101110110111010101001100100000
165
1111101111000010111101100001110100101011100011000
113
11010101010110111101110111011000100010101010111111
28
10000110001001100001001000001010110110000110000001
140
10101111100001110000101111000110001111101110010100
120
1111101001011010111011101110100110100010110000101
56
11011010111100001111100110001011011101111100010001
82
11000000110100111001110011101001110111100100011101
153
1000110000010111010110111110111010000101001010011
58
10101001001001001111001100110111000110111100011101
153
10011010100010100110111011011010110011111110101011
78
101000100010101011010000000010111011110011101111
82
10110010101111111001011011110100110111100110110001
13
10100101010010110000011110110101000100011101011011
49
1101011110010011010011011010000111011111000110010
143
11110010001011000111010111101000010011101010101010
85
11110111110000001101010110110010010000000000101011
90
1011001010010000000010100010101011010000000101001
53
1000110001100100001001000111111011000000111101110
116
11000110011101111010001001110100101100000010110000
111
10101111010001001011011000100100110110011010101011
176
10001101001101101000101111010100100110001010100011
67
11010100101000010100111101010110011001110000101000
97
10001010010010011111110100011111110000001101001110
152
11011010111110110010001011010011111101111110000111
187
11001111010001011111000110000011001000110011001010
30
1011010101000010101010000101100101011000100101
23
11011010111010011001011011100110011000011101001010
23
1101110100100101001110111001110110010000111111111
158
110001001111100110111101110001011101100010110011
175
1110011001110111001000110001001110011011110110
67
110011011001000101110111110000000110001100110110
8
1000010001011111101100000000101011100000101111
27
1111011111100110101101111101101101101110010101110
7
11111010011001110011010011010011000000101000110001
144
111010101101011110101001101000001100100001110011
132
1011011111010111010010000111100100100010000011110
57
10111010101111001111001000011000000010010100
6
10010100100000110111011001001110110000110010000
28
1110111001011101010000001011111000110011101000010
37
1001001000000010011110100010010101101110011010
93
1010010100000000111111001101010010100010001011011
74
10010100000101100111011110010010010100111010101
70
10010011001111101000001110011010010111001111111100
76
11101110011001111001101100001010000011100111011010
98
10000001010001011001001000111100100101010111111101
200
1111010010001001011100100101101010110001011111110
155
1100100011100000111111000011000111010111111010010
92
10011000111001101101000110011001101010100110001101
132
11001011001001011100010101011001011111011011111011
168
10010010000001010001101001111010111110111111101
199
10111110111111000000001101100000101101100000100110
153
10000111000010101010011100011000011011100010110001
79
11100011001011101001010110110101111101110111011111
51
10001001010010111011000011111011011111010000000010
111
100110101011010101111001000000111011100110011001
42
11011101010000100100001011011111111010000010101101
114
11011100000111011010100101111101100000001111111010
61
11001010000110010001100111101010011011110011100010
10
10010110001001001101101011100110100111000010110
62
11000000100000111110110110011101010110001110001110
64
11110100001010010000000101111000100001100000100
108
11010000000100011001011010000111000100111001111101
28
10010100111010110110000000010010011011001101000011
46
110010001110100000011110110010110010110011110010
71
11100010001010101001000101001110100100001010000111
86
110111111111111110001100001001001101100000001011
46
1100001110110111011100000001111111000000010010001
181
10111010111011000001010011011000010101000011000110
170
111101000010001110010111100010011010011111110
168
1010011110100011100111000100011010100111110000110
93
11110100111110011100100011011001111010000100000010
6
1010000110111100111001110110010110010100101100
25
101110000010000011100011001110001010011010101001
95
101010001010011110011111111111011101010011010100
19
11011110110000100110011111111001110110000001101110
176
11000001001011100011110011001001000101100111011101
39
11100110111011100000111001001111011101101110100100
94
11110011010001100011011001101001101001100011101100
168
110100111001010110100000001110100110111001100100
188
10001000010100001010010011001010110011011011101110
2
111010001001011111011010110001010111100010111000
146
11111011011001000101100010010110101101000011010111
148
11011010010000001011000001101000011001011001101010
155
110111101110010000010010111000000101000000111111
86
11101101011101011111111001100000111101001110110001
164
10011100011101000011111000011000111000001001101010
12
11100111111110001111101000111011011100000110110110
149
10001111010110100001101000000111010010001000110000
39
10100000110001111011111001000100110000010011111111
126
100000101011111110000100100110110110100010101100
48
11001110000011101100100101000010001111100101010011
48
1110001110010110001001000010011110100101111001011
196
101100000011010011000101100010110100001001101000
65
1000101011101101001010111001011011110011000000110
195
1111110000110001001010000110000110110011111011011
34
1010100010011110010010011110110110000000110001110
10
10011101101001010011000101010001010000011001110101
43
1001010100000101111111001011010001100110000001011
67
10111001100100101011011110011011101001100000010001
101
11001111001110000000011000001111010001001010110100
142
10101001010011010101011010011100011011010110111010
171
1001011101010010001000111101111110000010100010
32
1001111001110101101000001101111000001110100010110
176
11010100111000100001000011111101001001100110101011
59
11100101010111001010011111101100100100101101101001
72
1001001001001100011011011001100110000010101111001
31
111100111011101111011111101100111110001000001101
128
10000011110001001101001110101001001000101111000111
106
11110010110100101000111011111101010100100010011101
110
11011001100010011000010001011011010011011100001011
178
10100000111101101110100101110010000011010000101000
27
10111101011010000010101111101111110101000110100
182
10111000011110100100010010111101110101001111011101
158
100001101110011110100100000101101101110110000010
190
1110111100000100000110100110011001100010111010000
57
11011100011011011111011001100011011110111100110110
120
10001000010111011110001010111111111000000110001001
17
10001111000001100011111001011001001000000011001011
49
1001101011111010100001110110011101100001100001000
78
11110100000000100001100010110010101001000100010101
175
11000001011000101111010000111001111011110101110001
37
1000011100101111111010011000100000111011001001111
17
1011000011101111010011000111011101110100101010000
40
11010100000101010010110010000101111000101011111011
138
11011111101011000001111010100011011011101111111
122
110001000110111111100111010110000110110101100101
104
101111110111000011101101011111001001010001010011
180
1100010011011101000000101111001000001000111100111
129
10111110010100010010000100111101000001001000001111
154
1100111101010001110110111111100010010111011110111
156
1111011001110010111101110010011111001010100000000
3
10010010010111000001001010011000001100100111111101
6
11111101111001111011110111001111100000010001110101
151
10100110110010100010010000001101010010100110101101
147
1000111000001100100100011001000111001111111001111
87
1010101001011111010101010101111101111001101010101
159
10110010011010111111101110000101011000101100001010
25
1011100000010001100110010101010110010100010001110
101
11110111100001011001011001010001100010000111111110
93
1101111010110110010001110011111101101111110110000
35
10110000100101011000011001001101010110100100101011
34
1110101000010111101000001100001001001010101100001
58
10001001000111010101100111101111100010000001100000
1
11001110100101010000100101010100111101111001010100
4
10000110110101101110000100110111010001001101010100
71
10001011011100011001010110010110001001000000000101
48
111101001111100001111110010001110011000000000011
168
1111011011101101011111010011001010010011001011110
110
10000010000000000100100010010010001101011001110000
89
10010101100001010110100000101011011110000000001011
127
10100011111100001111100011111001110110111010011101
15
111110101011100111111010111111100101000110110110
198
1000100010100101010111010111010101101010011100
16
11011010111010000001100111100111110011000100001110
49
10000110010110000001001100100110110010011011100101
42
11011000010011000101000001011111100110111000110
193
10011001001001101000000010001110110100111111111
171
11101011001100111110110001110100001111000100001101
69
1000011100111010101100001101111001110101011101
50
10111001010001111100001010101000001000010001100
20
10100000101101111110000000010110001011000110100
49
10100111000011111111010110101111101011011111100111
44
111101111111110000001100011110100111011011010101
186
111111000000000010100000111100011110111100011
50
11111011000011001100000010011100101100101001100111
17
10110101111001110101010100010100101010011000101
91
11100011010010111010000110010101010000011011011000
64
1010000000011101000001011110000101010011010001110
138
101110100000010101101011011111111001100111101111
122
110110000111110110010001100100000000000000100
60
1111011000001110101000110101110111001111011111000
31
11011001111100110111111110010010011100011001000110
66
11011101010000000010111100100101001000001011010011
58
10010100000100110110001100011011010100011111100111
137
101100010101010011010111111100001000111111111001
40
11100101110110011101001100111111111101010100000110
107
10011001000001111100111000000101001111011101000011
14
11100011010101011111101001110011010100111010010110
68
10000111000001101001100011000100111000001101100100
48
1111011100111010110010010100000001111000111111110
149
10000001101000011000101110011111101000010011011001
131
1001001011110000010100001000001000010101000001111
8
10010111001010001100100000101010000011101111100001
93
10001110001101110101010111001011111000111101010011
181
110000000111000101110100010000010000001011001011
154
10000101010000111101001000001001001010111011100001
16
11100111000111010011000000111010101100110011110011
20
110111000000110101101101001110111001011111011010
136
11100110000111100011001010001110010011110001
119
10101011101010100001011110110100111100110110010011
136
10001110111011110100110011000101000011001000110011
151
11101010100110110011000001000111010110000011011101
163
11111111001010000000011110011001000111011001100001
76
1000011000110111001101001000101001000110101110010
16
10100100010011001011110110100011111101010001011
53
1000111001101101100001111001101111000100010111
64
101011011010100000110111100010111101110101101
86
11110110110101111000111111010001100110111111110000
22
10101011001011011100101111101010001000100000110011
61
10100110010100011010011100111000110010101110110010
192
11011110111010101000011011011000000110111100011010
37
10011011100100000000010110100001001001001101000
14
11000011110001111010101111001100011111111011001111
197
11100011101100010101011100001011111100101100111111
20
1010110000010000101101110111101011000001000100
22
10000111000100010110110111011010101111111010111111
26
11010000101011100001100010001111010000110111110000
93
