60 100
110111111111111111111111111111111111111011110111111111111101
101
111011111111111011110111111111111100011111111111111111111110
106
11111111111111111111111111101111111111111101111011001111111
111
111110101111111011010111110111111111111110111111111111111111
130
1111111111101101111111101111111111111111111111101111110111
97
11111111011111111111111111111111011111110111111110111101101
117
111111111111111111111100011111011111111011111111111111110111
131
11011111010111011111111111111111111111111101111111011111111
23
111111111111101111110101101111111111111111011111111111111111
69
111101111111110111111111101101111111111110111101111111111011
7
111001110111111011111011101111111101111111111111110111111101
164
111111111111111111110111111111111011111111111111111011111111
157
101111101111111111111111111111110101011111111011011101111111
88
111111111111101111111111101111111110111111011111111111111011
71
111111111111111111111111011111111111101110011111111111111111
196
111111110111111111111110111111011111111111111111111111111111
91
11111111011110111111110111111011011111011111111011111111111
135
11111110111111111111110010111111111111111111101111101111111
162
111111111111111011111111111111111111111111111011111101111110
17
101111111111011110111111111111111111111111110111111111111111
125
111101111111111010111101111111111110110111111111111111111111
33
111111111111111111111011111111110111111011111101101110111111
3
110111110101111111111111111111111111011111111101100111011111
124
111111111011101111110111111110111110111111111101110111111111
187
111111111111011111111111111111111110111111111110111111110111
197
111111111111110111111011111111101111111111111111111111111111
186
111111111011110101111111101111111111011011111111111111111011
8
11111111110111111110111010011111111111111111111111111001111
66
110111110111111111011111111111111111111111111111111101110111
74
111111111011111111101100111110111001101111111111101111011011
42
111111111111111111111111111111111100111111110111111110101111
192
10101101111111111111111111111111111101111111110101111110111
122
111111111111111111111011111010111110100111001111111010011111
97
11111111111111111011111101011111111111011111011111111101111
29
111111111101111111011111111111111111111101111110111111111110
180
111111011111111111111111111111101111111111111111111101111111
88
111111111111111111111111011111111101111111111111111111111101
167
111111111111011101110111111111111101111110111110111111111111
35
111111111111111111110101011111111111111110110111110111111111
42
111111001111111101111011111111111111011111111101010111011111
177
111111101101111111111110111111111111111010111011011111111111
98
111111111111111111111111110111111010101111111111111111111011
158
111111011011111111111111111110111111111111111111111101111111
43
111111111111111111111111110111001111111111100111111101110111
138
111011111111111111111111111111110111111011111110101111101111
37
111111111111111110111111011111111111111010111111111111111111
193
111111101101111101011111111011111110011111111111011111011110
137
111101111111011111111011111111111111111111110111111001111111
155
111111111111111101111011011011011111111111111101111011101100
59
111111111111001111011111111011111111111111111101111111111111
158
111101111110111111011111111110111111111111111111111110110111
138
111111111111111111111111110111111111111110111111110111111101
154
111111101111111111111110011111111111111111111111011111111111
140
111111110111111110111111111110111111111111011011111111111111
54
11111111111101111011011011111101111111111111011110111111111
135
111111111111011111111111010111111111111110111111111111110110
101
111111111111111101111111111101111111101111111111011111111111
58
101111111101111111111111110111111111111111111111111101111111
148
111111111111111111110011110110111111111111111111111011111111
27
111111011110011011011111111011101111101111101101111110111111
148
111101101110111001111111110111111111111111111111111110001111
162
111111111110111111110111011111111111111111111100111111111011
189
101110111111111111111110111110111111111111111111111111111111
104
11111111111111111111111111111011110111111011101111101110110
76
111111111111110111111111111101111101111111101111111111111111
59
101110111111110111111111111111110111111111111111111101010011
136
111111111011111111111111011110111101111111011111111011111110
40
111110111111011111111110111110111111111111111010111110111111
45
111001111111101111110111111011111111111111111111011111111011
17
111111111110110111111111011101111011111111101111011101111110
97
111111111111111111111111111111111011111111111111111111101111
44
11111111111111111011111111111111111111111101101111100111111
119
111111111011101111011111110111111110101111111111111111110111
183
101111011101111111111111111110011011111011111111111111111111
117
110111111111110111101111011011111111111111111100111011111111
176
11111111111111011111111111111111111111111111111111111011111
176
111111111111011111111111110111110111111110111111111111111111
37
111011111111111111111111111111110110111111101111111111101111
155
11111001111111111111111111111111111111111111111111111111111
131
101101111111101110011111111111111111111111111111011111100111
129
111010111001111111111101111111111110111111111111111111111111
1
111110111111101111111110111111110111111111111111111111111111
74
111111111111111111111111111111111111111111111111011110011111
93
11111111110111110111111101111111111111111111111100111111111
91
111111111101111101011101111111111110111111111111111111101111
10
111001111111111011111111111111111111111111101111111111111111
38
111111101111111001111111111111110101111111011111111111111111
118
111111110101111111111111110111111111111111111111111111111111
140
11101111111111111111111111111111110101111111111111111111111
34
110111011111111111111111101101011111111111011111011111111111
174
111111111110111111111110111111111111111101111001011111111111
113
101111011111101111111111111101111111111111111111111111111111
117
111111111111111111011011101111111111101111111111111111111110
95
111111111111111001111111111100111111111111101101111111111111
98
111111111111110111111111101111111111011111011111111101011101
137
111011111111011110111111111011111111111111111111101101111111
146
111111101111111111111111111111111111111111111111111111111101
137
111111111111111111111011111111101111111110111111111111110111
123
11111111111110111100111111111111101111111111111101110111011
95
110011111101111111111111111111011111100110101111111011111111
46
