60 100
10110010000000000010001011101000010001010000010101
101
100001001000000000000010011000001010000110010001000010
106
10000001100000010011100101000101111001100101000000010000
111
1000000100010010000101100010011010101000010000000001110101
130
1011010101001000010000000000111111000000010000100011000010
97
1100000001110010000000011010110000110110101100100000100001
117
100110000111100100100100001000001010000010101000000100000001
131
10000011010011001001001000000001001100010000101010001001111
23
101010100000100001100001100100000001001100000000000000001100
69
100000100001000000010100001100001000001000010001001000001011
7
1000000010000001000000000100001000000000110000000001100101
164
11000001100000000001101101010010010010001000001011001010
157
10101111000011001000001110000100011000000010000000010000
88
110101100110001010111100000001111010000000000000100000011010
71
10101101000011100111101001000000010000010010000000001010101
196
110100100000101000000110000000000010100100101010010010
91
10010011001110001110000000000000000111010000001000011010000
135
10100100100000010000100010000000000000001001011
162
100000000000000010011101001000000000111100001001010100010000
17
10001100100000101010100100110000010011101010110101
125
100000010001100010100000000000000100010000011000000100010011
33
1000111010000011101010110011000000010001100000000110101001
3
10111000100000010101000000100000110011000000000000100010100
124
1110010000000000010111101100000000010100110100010100011000
187
11110011100010000000000000100100010100010101100000000000100
197
110010101010100010000010000100110010011000100000101011000
186
111100001000000001000111000000001001010001000000100000001010
8
10001000000011110110000010001000010000100100001001001001000
66
110101010000000000010001110000001010111000000000110000000011
74
100000101001000011001100100000100001000010010000000010010010
42
1100110000010000100100000110011100000001100000000010101000
192
100100000000000110101100110110000001000100101001000101
122
10010110010000000001010000000000100000000000000100000011010
97
1110001001000000001000010000000001100000111010100001
29
1001000000000001010001111101101101100001100000001010100000
180
100000000010000001110111000101001010110110100110101100010
88
11001101100010100010000011110110100101010000000000000010101
167
100010000100000000000010110000110100010000000100010110000000
35
10000000011010100010000000101000011000010100001000101100110
42
10001000010001000000011101001000000010101000000000000110
177
10110000000100000000000110110010000101000100010001011000100
98
110000001010000001101100100000000100001001001111000000010
158
10101010110000000001000001010111000001010100
43
110000000010101101010100000100000011000000000000100100100000
138
1001110001010000010010010010001110000010110000101000111
37
101010110110101010001001000001000110111000000100110000000000
193
101000001000100011010101100001100000000000110000100
137
11001001001000011000000101011000001011100000000001000001001
155
11000001011000000110010001000000100101000011101101000001000
59
1101010000000011000010000001001100010100000100100100000101
158
100001111010010101001010000010010011010001010001010000000010
138
100001011100000010001100010011000110100010000000000000010000
154
100000100111101010001010010101010001010111000000000001010001
140
101000000100000010000000111000010001010100010001100000000000
54
1010000101000110011000000000000000000110010001000111100110
135
110000010000100101111000100000110010010100100100000010100
101
100000101001100000000001000000110000101101011
58
1000111000000000100000100000010110001111011010110000100110
148
11111100110010000000000010011010000110010000000111
27
1010000100000010000110100001101001001000100001001010101000
148
100100000100010000110100110111101000101110100010100000001010
162
10100000100010001000001010100100100100000000111010011
189
1100001000110100000110000000100011001010010010010000
104
100000010000100100001010000010110000000011001100000010000
76
100010001110000011010110000000011001010010001101000010001000
59
1100101001000100110001010100000110101000010001001000000000
136
110000000011001001100000000100000000000000010100011000110010
40
100010100000111000000000000100100001011010010000000000000
45
1000011000101000000101100011110100011001100011000100001001
17
100000011000100000000100001000111000000000100100000001000100
97
1000011010001101011001010000010000001101011000010000010
44
11110000010001100000100100000011010100101001101000000000000
119
1111000011101100010110000101011100000000010100001101000010
183
100101011000100000001100110100000001010011101001010000000100
117
100100000110000001100110011000010001001000000100000000001100
176
10000000010101000011000001110110001010000000010011000010000
176
11000001010000010000000100000011100000000000001001101011
37
1111000100011000000001100000000000000000011000000001101
155
10001000101010000111100001000000100100011000111100000110100
131
100001011000100010010010110000010000011000001000010100110
129
110010100000100100100100100100000000000001100101101111000000
1
110000001011001101101000010011000011110000101010000001001111
74
101000001000000010000100110001001001010000011010001100001101
93
100101100010000101110000100000000110001010010000000000011
91
11001100100001100000101000001010000000010001000110000000011
10
111010000000100100011000110010110000100100010001010000
38
100100000010000100101010000010000000110000000000000011011
118
100100100010100000000000101010000001101000010110010100001
140
10000100000001010000101001000000000100000100101001000110100
34
100001000110011111010010000100000000010000010111001100010110
174
110000001000010010000010000000010001101001001000001110
113
100100001001000101010010010000000010100011010101101100011000
117
111000101000001010001000000100110110101100001110001100010010
95
101010001100000001100010100100000000101010100000010011110110
98
10001000001010000000101100000110001000010000000110000000001
137
1000100000000010101001010011000100010000000001100000010101
146
11000100000101100000000010100100000100100100000000010011001
137
1011101101010001110000100001000000010000000000111000000000
123
110000001010101000001100100000001000110110001000010100010
95
100010000000011010100000111000000001100000000000110001000101
46
