60 100
111000111110011011110001010101011111011010001011000011101
101
10010101001001001010100100111011000011010100110011011001010
106
10111101011100101110111111101111101111101100111001000011010
111
101010001111010010010101110011111111111010010100100001110111
130
1111010111001001111111001110111111100010011101101111100110
97
11101001011111111010100011110110011110110111110100111101001
117
110110011111101101111100001111011111011010111111110111000111
131
10001111010111001011101000010001111100111001101111001111111
23
111010100100101011100001100110111101101111001010011100101101
69
111001100101010111011111101100011001111000011001011000101011
7
101001000010110001100001001101001001001100111010010101110101
164
110111000101111110110101101101110010110010101100111011101011
157
11101111010111111101101110010100011111010011011101010001
88
110101110111001010111101100101111110011010000111100010111011
71
10101111100011101111111011001000110000110011111100111011101
196
110101110110110011111000000110000111001011101111101111111010
91
11111011001110111110010010111011000111010100101011111010011
135
100010110111101100000010000110110101001001110101001111
162
100010101010101011111101101001011010111110011001110100011010
17
101001001011001100100010101110111100111001010011101011111111
125
110001110101100010111001010110110100010001111011101110011111
33
111110111110111111111011111111000111111011110100101110101111
3
110111010100001011101010101101011110011011100000000101011110
124
11111011010101010010111101100001100010100110101110100011111
187
11110011110010000101001111110101010110010111100101110000111
197
101111010101010100110001011010100110011111010100100111011100
186
111110001010010001111111001011111111011011110100100000101010
8
10011000110011111110101010011011011001111110111011001001000
66
110101110111100010011001111100101010111010010100111100000111
74
100100101011011111001100100010110001101010010110100010010010
42
11110110111010110101111101110111100100111110111001010101111
192
101101101100110110110111101110111101011101100101111000101
122
110111110011010011001011110000101100000000000010111000011011
97
10010011110011111010011101010110000111001111001111111101111
29
11011110001110101011101111101111111100001111010101011101010
180
10100001111111001111111111110101111110111111111110101101110
88
111001111101010110111111011110110101111110001110011101011101
167
111110110100000000000111111011111101111100111110110111101011
35
110011111111111101010101010101100111001110110101110111110111
42
101111001000010001010000011111101001001011111101000111000111
177
11111101000110000001100111111110010101010100011011011110110
98
110100101011010101101110111000010100001001001111110000010
158
100010001010011010101010111100110001011011010111011101111100
43
111110010011101101110111010111001011001111000111101101110101
138
100001101111011111110010011111110001110001111110101101000111
37
101011111110111110101001010111010110111000001111111101000110
193
1110001101010001001110011011111110011101000100000110000100
137
111001011101011011101000101011101111011111000000011001001011
155
111011001111000100111011011010010111101110011101111010001000
59
11101010000001011001111010011011100010111110100100111110111
158
111101111110110111001010100010010011111011011001110100010110
138
100001111110011110101110110011101111111010110111110110111100
154
101100101111111010101010011111111011110111111111001111110001
140
111000110101011110100000111000010111110101010001110000000111
54
11110101101000111011001001010100100001111010011000111110110
135
100111111011000111111111000100010111110110111110100101010110
101
111000011001100000101001101010000001100110110000111101111
58
101011111100001001110011100110011110001111011110110101101111
148
1100001111111100110011010010000111111011000111110011010111
27
1110000110010010001110110001101001001010101001111010111100
148
101100001100011000111101110111111110101111110111100100001010
162
111101011100010110110101011111110101100111100100101111011011
189
101010101111101111111100011110111111110011001111010010011101
104
1111101010101111101101010001010110001001011001111001010110
76
101010001111010111011110100101111101011011101101000111111110
59
1110111101100100111011011110010111111110010011011001000001
136
110111101011111111101101011110110100111000011110011000110110
40
1110010100011111100100100000111110101111011010011110101100
45
101001111110101000100111110011111111111011111011000100111011
17
101100111110110100010111001001111010001100100110000001101110
97
101001110011010011101011111010100010010001101011101010101111
44
11111111111001111011110100101111010100101101101111000011011
119
1111111011101111010110010111011110000110110101101111100111
183
100111011100100011101111111110010001110011101111110110100110
117
100101010110010001101111011001110111101100101100001010111110
176
11001011110101010111111101110110011110000011111111001010010
176
10011010011011001110110000101100111100100000111111011111011
37
110001111100101111110101011101100100011110100011011000101101
155
10001000111110110111101011111011101111111000111100110111110
131
100111111101110011011110111000010010011110001011010100110
129
110010110001111100110101101101000000000001101111111111000100
1
111000111111101111101110110011110011110100111011111011101111
74
111101101100100111001100110011011011110101111111011100011111
93
101111110110000111111101111111011111101011111000000010111
91
11011100101111101000101111101011000001011001110111111100011
10
1001111010011000110100011001111110110111101100010011010000
38
1110101110011000111101010100110000110110011000011111111011
118
100111110101111111010111010111011011011101000011110111100101
140
10100100100011111000111111001000100101111101111101100110111
34
100001000111111111111110000100000010010010011111001110010110
174
1001111100001101011010101010001000111101101001011100011110
113
100111011001100111111110111100000111110111011101111111011000
117
111101111101001110001011000110110111101101101111111111110110
95
101110101111011001110111111100100011111111101000111111111110
98
10101111111110111000101101011111101011111010001110000011101
137
111001101111001110101001011011000110010110001101100001010101
146
11110101111111100101101011100110000111101101101101010111101
137
1011101101110111110010101101001100011110001110111010100011
123
110100001110101000111110100111001001110110011100010101011
95
100011101101111010101111111001011011100010001001110001011101
46
