60 100
111000011110011011010001010101011101011010001011000011101
101
10000101001001001000000100111011000011010000110010001001010
106
10111100011100001110111110101111101111101100111000000010000
111
101010001101010010010101110011111111111000010100100001110111
130
1011010101001001110001000110111111100000011100100111100010
97
1100000011110110010100011110110011110110111110100101101001
117
100110001111101101111100001011001011010010111011110110000111
131
10001111010011001011001000010001111100111000101111001101111
23
111010100000101011100001100100111101001111000010001100001101
69
111001100001010111011111101100011001111000011001001000101011
7
101000000010010001100001001101001000001000110000010001110101
164
10111000001110110110101101101010010110010101100101011101011
157
11101111000111111101001110010100011111000011011001010001
88
110101110111001010111101100001111110001010000111100010111011
71
10101101000011101111111011001000010000010011111000111011101
196
10001110100100001111000000110000001001011101101101110111010
91
11111011001110111110000010000011000111010000101000011010001
135
100000110111100100000010000110110100001001110001001111
162
100010001010101010111101001000001010111110001001110100011010
17
1001001011001100100010101110111100110001010011101011111111
125
100000110001100010101000010110110100010001111011101110011011
33
101100111010110111101011110011000101111011100100101110101111
3
110111010100000010101010101101011110011011100000000101010100
124
1110011010001000010111101100000100010100110101110100011100
187
11110011110010000100001001110101010100010101100100100000110
197
101111010101010100110001011010100110011011010100100111011100
186
111110001010010001111111001001111001011011010100100000001010
8
10011000110011110110100010011011011000111100111011001001000
66
110101010011000010011001111000101010111010010100111100000111
74
100000101001000011001100100000110001001010010010100010010010
42
1100110100010110101111101110111100100111100100000010101100
192
101101100000110110110111101110111000001101100101111000101
122
110110110010010010001011110000101100000000000010100000011010
97
1110011011010011101010110000110001110001111011101001
29
11011110001110101010001111101111111100001110010101011101010
180
10100000001111001111111111110101011110110111111110101100010
88
111001101100010110110011011110110101111010000000000101011101
167
111110100100000000000111111001111101110100011110110110000000
35
110011101011011100010001000101000011000110100101110101100111
42
100010001000010001000000011111101001000010101101000011000111
177
10111101000110000001100110111010010101010100010001011100110
98
110000101010000101101110101000010100001001001111100000010
158
100000000000000010101010111000110001010001010111011101010100
43
111110000010101101010111000111000011000111000000100100110101
138
100001001111011111110010010110110001110001110110000101000111
37
101011110110111010001001000011010110111000001111111100000000
193
110001101010001001110011011101100011100000100000110000100
137
11001011101011011000000101011101101011111000000001001001011
155
111000001111000100111011011010000111101110011101111000001000
59
11101010000000011001110010011011100010111110100100111100101
158
110101111010110111001010100010010011111001011001010100010110
138
100001111100011110101110010011101111111010100111110010010000
154
101100100111111010101010011111111001110111110111001111110001
140
111000110101011110100000111000010011010101010001110000000101
54
11010001101000110011001000010100000000111010011000111110110
135
100110110010000111111111000100000111110010111110100101010100
101
11000001001100000101001100010000001100110110000101101111
58
1000111100000001110000100010011110001111011110110101101111
148
1100001111111100110010000010000111011010000111110001010111
27
1010000110010010001110100001101001001000100001011010101100
148
100100000100011000110101110111111110101111110111100100001010
162
111001011100000100110101001101110100100111100100101111011011
189
100000001110001111110100011110100011110011001111010010011001
104
1111000010101111101101010001010110001001011001110001010010
76
101010001111010111010110100001011001011010101101000110111110
59
1110111001100100111011011110010111111110010011001001000000
136
110111101011101111101101001110110100110000011110011000110110
40
1110010100000111100100000000101110101111010010011110000100
45
101001111110101000100111110011111111011011111011000100001011
17
101100111110110100010100001000111000001000100110000001100100
97
101001100011010011101011011010100010000001101011100010101111
44
11111001111001100011100100100011010100101001101111000010011
119
1111011011101110010110010101011110000110110101001111100110
183
100101011000100001101100111110010001110011101111110100000110
117
100101000110010001101111011001110111001000001100000000011110
176
11001011010101000111001101110110011110000011011111000010010
176
11010011010001110110000101100111100100000111011011111011
37
110001111100101111100101001101100100011100000011011000101101
155
10001000111110000111100011111010101110011000111100110111110
131
100111011001100010011010111000010010011100001001010100110
129
110010100001110100110101101101000000000001101111111111000000
1
111000111111001111101110010011110011110000101011010011101111
74
111100101100100110001100110011011011110101111110011100011111
93
101111100110000101111101110111011110101011110000000000111
91
11011100101111101000101101101011000000011001110110001000011
10
1111010010000100100011001110110110011101100010011010000
38
1100101110010000101101010000110000110110000000010011011011
118
100101110101110110000111000111011010011101000010110110100101
140
10100100000011110000101011000000100101101101101101000110101
34
100001000110011111111010000100000010010000010111001110010110
174
111000001101010010101010000000111101101001011000011110
113
100110001001100111111110111100000111100111011101101110011000
117
111101111001001110001010000100110111101101101111111110010110
95
101110101111010001100111111100000010101011100000111111110110
98
10101100101110111000101100001110101010110010000110000011101
137
111001101100000110101001011011000110010100001101100000010101
146
11000101011111100000100011100110000100101100100000010111001
137
1011101101110101110000101101001100011110001110111010100000
123
110100001110101000111110100101001000110110011000010101011
95
100011000001111010101101111000011011100000001000110001011101
46
