60 1400
1000010110010011010001010101011101010010001011000010101
101
10000101001001000000000100111011000001010000110010001001010
106
10010100001100000010011100101010101111001100111000000010000
111
1010001101010010010101100010011011101000010100100001110111
130
1011010101001001010000000010111111100000010100100111000010
97
1100000001110110000000011110110011110110101100100000101001
117
100110000111100101111100001010001010010010101011010100000101
131
10000011010011001001001000000001011100011000101110001001111
23
101010100000101001100001100100000101001110000010001100001101
69
101001100001000001010110101100011001001000011001001000101011
7
101000000010010001000001000101001000000000110000000001100101
164
11000001100110100001101101010010010010001000001011001010
157
11101111000111011100001110000100011101000011001000010001
88
110101100110001010111101000001111110000010000011100010111010
71
10101101000011101111101001001000010000010011100000101011101
196
110100100001101000000110000001001010100100101010010010
91
10110011001110101110000000000010000111010000001000011010000
135
10101100100000010000110010100001001100001001111
162
100010000000000010011101001000000000111100001001010100010000
17
1000000011001100100000101110100100110001010011101010111111
125
100000110001100010101000010000000100010001011010001100010011
33
1100111010010011101010110011000000111001100000101110101101
3
110111000100000010101000000100011110011001000000000100010100
124
1110011010000000010111101100000000010100110100010100011000
187
11110011100010000100001001110101010100010101100100000000100
197
111010101010100110001011010100110011011010100100101011000
186
111110001010010001110111000000001001010001000100100000001010
8
10011000110011110110000010001010010000101100101011001001000
66
110101010011000010011001111000101010111000000100110100000111
74
100000101001000011001100100000100001000010010000000010010010
42
1100110000010100100111000110011100000011100000000010101100
192
1101100000100110110111100110111000001100100101111000101
122
10010110010010010001010000000000100000000000010100000011010
97
1110001001010011101010110000000001110000111011100001
29
11011100000010101010001111101111101100001110000101010100000
180
10100000001011000011111111110101001110110110111110101100010
88
111001101100010100010010011110110100101010000000000000011101
167
111010100100000000000011110001111100110100001110010110000000
35
10000001011010100010000000101000011000110100101110101100111
42
100010001000010001000000011111101001000010101000000001000110
177
10110100000100000001000110110010010101010100010001011100100
98
110000001010000101101100100000010100001001001111100000010
158
100000000000000010101010110000000001000001010111011101010100
43
111100000010101101010101000111000011000101000000100100110101
138
1001111001011110010010010110001110001110110000101000111
37
101010110110111010001001000011000110111000001111111100000000
193
10000101000001000110011011101100011100000100000110000100
137
11001001001001011000000101011000001011101000000001000001001
155
111000001111000000110011001000000111101100011101111000001000
59
1101010000000011001110010001011100010110000100100101100101
158
100001111010010111001010100010010011010001010001010000000110
138
100001111100001010101110010011100111110010000001110010010000
154
101000100111111010101010011111110001110111000000001011110001
140
111000100100001110000000111000010011010101010001100000000000
54
1010001101000110011001000000100000000111010011000111100110
135
100110110010000100101111000100000110110010100100100100010100
101
10000000000100000101001100000000001100010110000101101111
58
1000111000000001100000100010010110001111011110110000100110
148
1011111100110010000000000111011010000110110001010111
27
1010000100000010000110100001101001001000100001001010101100
148
100100000100011000110100110111111110101110100010100000001010
162
111000010100000100110101001001010100100101100000000111010011
189
1110001101110100001110000001110011001110010010010001
104
101000010000100100101010001010110000001011001100001010000
76
100010001110010011010110100001011001010010101101000010001000
59
1110101001000100111001010100000110101010010011001001000000
136
110010001011101011101100000100010000100000011110011000110110
40
1110010100000111000100000000100100101011010010000010000000
45
1001111110101000100111100011110110011001111011000100001011
17
100100111010110000010100001000111000001000100110000001000100
97
101001100011010001101011011010100010000001101011100010100011
44
11111001010001100010100100100011010100101001101011000000011
119
1111000011101110010110010101011100000110010100001111000010
183
100101011000100001101100111100010001110011101101010000000100
117
100100000110010001100110011000110011001000001100000000001110
176
10000000010101000011001001110110011110000011011111000010010
176
11010011010000010110000100100011100100000001011011111011
37
10001111100101011100100001100000000010100000011000000101101
155
10001000101010000111100001001000100100011000111100000110100
131
100011011001100010011010110000010000011100001001010100110
129
110010100000110100110100101100000000000001101111101111000000
1
111000011011001101101000010011110011110000101011000011001111
74
111100101100100110000100110011001001010001011010011100011111
93
101111100110000101110001110001011110101010110000000000111
91
11001100100101100000101101001011000000010001000110000000011
10
1111010000000100100011000110110110000100100010001010000
38
100101000010000101101010000010000000110000000000000011011
118
100100101010100000010000111010000011101000010110110100001
140
10000100000001110000101011000000000101100101101101000110100
34
100001000110011111010010000100000000010000010111001110010110
174
110000001001010010001010000000111101101001001000011110
113
100110001001000101011110011000000011100011011101101110011000
117
111000101001001110001000000100110111101101001111011100010010
95
101110101100010001100011111100000010101011100000011011110110
98
10101100101010001000101100001110001010010010000110000000101
137
111001101000000110101001010011000100010000001101100000010101
146
11000101001111100000100010100100000100101100100000010111001
137
1011101101110101110000101101000000010110001000111000000000
123
110000001110101000101100100100001000110110011000010100010
95
100011000000011010101101111000011011100000000000110001001101
46
100010010111010000101010110100001011110110001001101001110
81
110110000010010011111001000001000000001010111000000101010111
37
10111000100010111010000101101001000010111101000100000000000
118
11001011010000011101000100110100011100111100000100101011001
119
10000111010011100110000011001000100110010000001101101000000
46
10000101010011000001100011001100001010000001010000011110011
195
11000110001000011000101100000000000001110000001110001001
74
10001000010010100100100001011101110001111110010001101001
13
1110001111010100100101101111100011110100010001101100001
188
111011010100010100010011000100011001010100111111010010000000
158
101010010010000101101001011101000100010010001110
119
110110000001010001000011100101010101000110001000010010100010
165
100000111010100001100010110000001000101000001100110000101
63
1101001101000101100110110000010100010011001011000000100010
73
1010100001000000011111110101010100000110100001000101010101
99
1000000110001010100111010010010100100001010110110000000101
191
10110110110111011110100010010101011010111010001000110101010
97
10000100101011100101110100100001110111100011100101001000010
152
1100001010010000110110001110100000101100110100000110001011
60
110000011010000000100011100000111000000100000011000110100001
101
101000010010000001100001011001101001001100010110011100110111
99
100110101001000010111110110110010101100010101010100000101010
9
101001100111001000111000101011000010101100001010000000100000
52
11001000100110000101011001000100001011011010110011000000100
137
11100101000110111011100011001011100110000000001000010001101
15
100001000110001000011000100110100100100001001000101101001011
117
11110110011001111111101100001100110000010010100011101100010
17
11010110000000100000110100000001011100000010001000
15
10101101000111010010110101000111101000110100001111000101000
116
1001100000110001010000011101010101011001000111011001011
110
101000100111000111101100110001011000001100010010011011110000
18
110010100010010110010110100000011100011000010001011000011111
147
10000100010000010010110101011100010001100000000000010011101
74
1101111001000010000010111111011001101100001011110101100
29
101111110001001001011110110101010001011110010000100101101000
21
11000000011110000000001000000010100001010110001010111000111
146
111110100000111100101011010001000011001000101111000001000
54
111111000100100100011001101001011110111000001000000101110011
198
110100100010100101100111000000110010001010110010110101110101
128
10000010001100111001100011011000110010011000011100100011100
134
100101100001100111001000000000100100010001010110101101111
20
11110101000100100000010010101001100101010011000100000100
30
110000001000101111101010111000000000110010101011010110001100
80
11110100011001111111010000001001000111011110011001101101100
53
10000100011000101010110010000000100001000100100101101000010
12
101100111101010011001011101110111010001100001000000000101100
45
110110011000101000001011101100100010110000010011001110001100
102
1111111010100000000000111001100010000110010100110011000111
146
101000100111110000011001110100100100100101001000110101100011
26
101100000111000100000100110101000000011000000011100100000110
110
1001100100000001000110100100001100111100011100111010100001
102
1100001010111010000000010101100011011001101111011100010110
140
10000000010100111100001101100001100111110001001111001110110
192
111000001111000111110101001001001110100001010101010101000011
25
110100000100010010110001100101000000100001000101011000000001
97
11010001111001101000001100111010100000011001100110000100000
22
100001011111100000011000100001000001011010100011101010001010
54
101100110101110000000000001001110010100101000100000000110100
73
1100010101101100110101011100000011000100000010000000001110
128
110101011000110100111110111000010001000001001001000000110001
131
110001110011111101010111101110000100101010111000110100100100
128
101001000000001010000000000010110010011001101100001000000000
197
111011001101101000111010001001011011100000011100100001001000
105
101100001101111000101000010110011110101000000100100000000010
56
111010101111000100011101001001000100011001001111110100010101
44
100110000100111100001010101010110100110001100010100000110111
199
100100011000010110001010101011010001010000101000111101101010
43
1001010100101000111110010000011010000010001011111010110100
103
110010010001101000010110101011111101101010111001010101110
103
11111101011010110111110010100101110111110101010011100000
70
101010010100000100101000111000101101011110100001000011000100
136
1000100100000100000001101111000110110000001100100001011000
174
10010010000010001100000101111011001000011011011001010011000
142
101010011001101001111000001000000001011100010000011000001110
56
110100001101101000000011110100001000100100000010010111100
56
10101000100000001000000001111000101100111000000100001010010
175
101000100011111110100010010010011010100100011001000001
104
110000011001000111111011110000000011111000011101101000100011
198
101110000000101000100000011010010010010101001010010000001010
61
101000010000010011001110001001011011101001110010011100110110
185
10011000100101001010001010010011110101001100010110010
106
10110010100000001010001100111111001001100000010001100111111
109
100010100000011001111001100001110100100011101011001000000010
48
1110011100000100001000001100101111000100101000100011110
165
100100010111100100100011100000011001101011001110101101100001
134
10010010111010101101101110011101000110101110010000001000010
59
111101000000001010101001100010110011000110100001100001000101
26
11000111010000001011110001000000111001101100010011010000101
187
100101100101100110101110111000011110010001010100100000100101
46
1000000100000001110110100000010011000000000000110011001001
13
110101011101010000001101001001000111101001001110110001010001
113
100001000000101101001110111011110010100101100110001100010100
41
101110100011110001000001010100101001000000011100010011001111
130
101101010010101000101001111010111010110100001001010000010010
33
10000110001001100001010111000101100010000001101011001110000
21
110110010110100000111011000010110011110010111110000000000100
115
111100000100100100100101101110001110111101000001110010010100
128
10010000001100101111110011110000010011101100100100010010100
62
111011101010001000010100001100001110110011100001110001010110
143
101000010101000110110100000010010000000100000110110000100111
77
101000011101110011111110110100010000111100010110011100110000
25
11100100000010100100010001010001101001101010100000001100000
31
110100100010010000110101001010000110111001111000100010110000
93
101011110011110011010100000001011000100110101100000011001000
48
1000110100100101110011111011011011000110110111101110011111
106
111000000001010101010110110000000000101010000111111110100001
22
10000000010010001000100010010100000101100011010101110111011
157
10010100001100010010100100000000101100000011011010100001110
77
1111101111100000101101111001110100000110000010010000000101
62
100101100011101011001011111101001000101100001000010
196
101000100110110001010010110011001000000101010000001110110100
167
1000000010001001110010001110001011010001010110000011000011
147
10001000111000001100111101000100000001011110101101000100111
44
11011111100000000101000100100100110000000100011000100
56
100000110010111011001011000000101100100111110010111100001001
104
11100010100000101000000000000000100001100011101000000000001
86
111000011011010010000100111001111101011001001101000011010100
123
100110100000001001011100100100110100110100010100010010100
56
100110111001000100000000100000000101001100101001101000101110
35
100100100001000110010010000101011011000110010100010000110
128
1110100100100111101101010101010000011001111010110001010001
61
101100100000000011011000000010111100000001011100111110011
158
10100111011010010001101100000100010110110111110000010000000
140
100000000010001110001000101010001001000100010111101110110000
72
10110010000101101000001110001110001100000000000000100111000
68
110000110010000101110011100010100100110000001010000001000100
101
11101100001010001100101001100011100011011001010011110111010
43
10000100011100000011000000011010101101010011100001000111000
112
110111011101001011101010010100101110010101001011101100110000
89
111001001010101111000111110100010000000000000110101101000001
10
11001011100100000100000101010100000110000001010001001010000
199
1011011110100001010100000101000101000101101000001011110011
77
10000000110000000000011010011100101001000111000011000010000
61
10100000001100001001100010000000100100011010000000001000111
167
100111010000001000010011111001010011001110110011011101011
95
1010010011000100101010000000100010110010101001000100100001
156
111110000011010100000100011101000110001111001001001011000000
121
10000011110001000000111101111011000010001101000100100011000
34
1000011010001001001011000000000110011000110000010110110011
69
101001101010001001000000000010000110100100101111000100100101
99
101011001101000001010011001001000010011000000000111010110
134
10010101110010100000000100100100001000000011101101110110010
93
101001011100100110111101011000101000101001100000000001000100
173
10000101001110001110011010110001011011110001010001110010000
136
100010101010010010010010001110000111111100010001000101000000
54
100000010010010011011100001000011100111111010001001000010010
100
101100100101110111100010101010110010111010100000100000011001
84
110001010010000010010101000001000000001001010110100101010100
55
1111011101110000000011101101100000100011110101000000100
25
101100000101100010001011101001011101001011100001110110011100
59
110001001111010001000001111000010101001111000011100001100000
189
1010000011000110101101010000110011000000101000110000010010
181
1011001101000000111000011110111000111000000101110010010110
120
110001000100101000010010001111100100100000010101011110101110
132
111001101000001100110000001011000100011010000111111111000
112
110101000011110001001000101000111101100101010010100010101000
10
1000011001101101110101110101000001110001000001000000000011
87
101010111000001101011011001011011011001000100111010000010
80
11000110100001100001001110110011101110111000101011000010010
58
1000101000000110001100110101000100011110110010000100101
177
100101111001000110101010000000000101001010101100001111010011
21
10100001010000100000000101101100100100110000010000000011101
105
100010011110000001101010000000111110010000000100101100100
136
1111001000111100010011100011000010101010000011010100101
97
100101000000000001000101100011101000001001100001100000010000
172
10011110010000000000101111111111101000011001110001010111011
169
110001100000100001011001010110000100100010101110100110100010
121
110000101110000100010111101100100011000010001101010101100110
164
1101110100011011111000101101011000001010111101101000111010
8
11110100001001110001000010011101001010100011100001001010101
10
101111000011000010010001111000100101100111000101000010001
61
11010101011110001001111100100000010101001011000001010000100
139
1000001011100110000101011100001000001011111010001110001000
122
101001100011001100000110100000101111000100010000011100110
188
100100101010010001000100100001011001010000100000000010100101
171
11000001010000010000100010010100000110101110101101000
16
100001100110010000001111001010110101101011011010110001010001
135
100100010001001001010010001110100000010011011001101110100000
175
110101111011010010010000101110000010010010100000101110011011
96
101010000001010001101100011011010011101100101100100
120
110001011000000000111001110101010010100001011011101000011100
40
11000000000100010000000101011000000000010000010010100000101
155
111011011001011100011100010000000101000101010100010010000100
78
100001010101110100100101100010000001010001010001011100111011
151
10110000001001001000101100001000010000100001001000000010110
137
1110100000110001100000001001110011100001000111000000010010
156
110010001100001011011001010010101010010110000000001101001111
131
100000110011011110110000000001010010100001011100011000100
92
110010010010000000000011001001000010000100000000001010
44
110011111011000101100100000001000100000110100010100011000
128
100010000000000001001110001001000000101100001101101100110110
35
11000000111000011000110101011110000011101100011100000101011
183
1010010101001100000001111110000000010000011100000000010110
144
110011000100001000100100010110000100100110101011010000100111
32
110101111010010001100000110100011100111100001101010100001011
7
10110010100011110100001100000000111010110110010000000001000
133
110100011111100011100100111001011010010101001101000011100010
117
10101000001000100111111100000000000100101011011000100111011
186
100001100000110110001000100111101000100011000100001010110010
52
1110111101001100110100000100010011011000110101110000010001
102
100100000011100101111001010011011111110000011011000001111
114
111111110111100001000110110110111001010010110001000010110100
16
1010101110101010001011101111110101001100011110101100100
169
10100100001000011010011010001010000011001100111000101100000
93
100101100110000111000010000000000011010101010000100100001001
27
1000110001011101000000110100000001110100010111100010000001
58
10010011010000101100010110000001010100000000010000011010010
163
11000111000100101000110000000100001111010110010101111110
65
100010100111011010011000100010110010101100000001000100010110
109
11011010001110000010101111001010000111011100000101001001
14
10001001011100000111110110011100011101001110000011111110000
185
111111010111111010000111000001111111100001100011010101001100
122
100001000111000011111000101110011000010010110100010001111000
42
1101100001000000100100010010000010101000000001000100001110
108
1110101111111100100100010000011000100001001100011001000100
146
100100000000001000000011010110000001100110100110000000000110
12
100101001110011001000000101111010101100010111010001100111000
69
110000000000000001011010000010101100001001101100010001110010
48
11001001000000001110101100111000000000101000000110010000101
194
100110001101000110001100101101000001100000010001100001100
175
11000110001000100011010010000110010110100110110001000000110
104
10001111111000011100111010011001110011100010000111010000000
50
11100000001101000111001000101111100111100011000110001011
68
10000001101001111000110110010111100010011000000100111010101
69
101100000111011010000100101111000100100000100101010101001000
81
100000010011110010100001100010000101111000001010111000010
67
111000000100010000000001101100101100101101000110011100000000
54
1110101111100010110101010101010001101010100001110110110000
175
100011010001000100001100110110110001000000000001000001011001
49
1001100001011110101111100100010110100000110111101000101
55
101010001001110010100110010001010001000000001001001010101101
147
100000001001000101001010001000001111111001110010100110001001
108
100110000010110110101010001000000001010101100110000100110010
167
101000000000001111111010111101000000001110010100000000011
99
100000010000001011010000000001011001101000101001001101000001
106
10000001010100000001110101001000101000101101001000010100010
62
110000001110110010001001000001110100100011011000000100101001
64
1000010011101001010100100010111101101010001000100010010
90
110100111101101000111001010111000101000110000001000000
99
100101001011111100011010100001110001101100101011000101010001
72
100000100111100110110000100010010001101101000101110101000100
46
111011100001010001101100011011001111100010100100010010001
68
1010001110101111110100111110100011010010001100010101100000
177
100010111100110000010000100010001110100000001010001010001000
21
100000010110000011111001101001000000001101000100011101011111
12
111010100011010110011001110111010010010011011011000000001001
169
100001100101000110100010010111000000110100001101010000001010
108
11010000100100000001000101100111000001011111000010100000110
90
1000101010010010000000001011101000000001000100010111111110
170
101100011001111100001011010010100001000100111100001001001000
98
100010110000000110010001011001000011001000100000001000110001
2
11110111010000101101001000000010010000001000000000010000110
30
100001010101000100000000110110010000110000000010011000101000
24
1001001010110110000010001110100010101101000111000000
42
101110000000100010100100011001101101111100100101100100000000
117
101011010000001000001010111000110000101010101010001000010100
128
100000000101101111000000001101011000000000011000100010001111
84
11100000101000010011000110110011110100000010000110101101100
17
100100100000000101100100000100001100000000100111000100010001
18
10011001011100001000101011001101111110110001000101010010001
51
100100111001001100110010001000000010100010010110010000010
186
100100101100000000000100110000110000100000010000010000001100
25
100000011011000100001000001000000001001010001100010101100000
161
101111110101000011100000011000001011100010011000001100100010
192
10011101101000001110110101010000000110001010100100100101001
115
10100100001010100010011010000101010000000011101100000111011
51
10001101101010010101000101010010011010111100011010001100100
146
11001101001010011100100101011101001001110111110111011111111
154
110110001111101011000010100111110100000011000011000010010110
63
101101000000100000000010100000000100000011101011010001011001
111
100000000001000000100111100010100010000000011000101011101
56
101011101000010011001100010011000100100101100010010011010000
58
10010000000010000101111010100010011110000101001001101111001
122
100101000000101011101010111110010011011000110000000011110000
182
1110011000000000111010011100001011000001001000101010110110
49
100000011101100000101101111010000001100011001100010000000011
15
1100001110000000001100111000000010100010010100010110000
92
1110001010100010111000000100101101011100000110010001100010
116
1111000000010111100100101000100001111100110001010100000
148
111010000001001010000000010110000000001011111001010010101001
63
11110000100010011010100001001011000011101111011111000011
195
101100000001011011000001110100011101000101101000001111000000
73
1000101000000001101000010100001010011110001010000100011001
122
1111101010010001000100001100101100100001101000100101110001
185
1000000100101100101000101000111010001010110000100001010100
12
101011011110111100100001011010100110001011011010100000100010
38
110111011011110000010111010000001100011001011000100001100010
150
1100010001011001010010111010011110001000011100001100001101
88
11000011011001110100001000110000111000001100100001111000101
196
1010011100100000010100000100011101000100100100111111100011
129
10101011110100101001100100101110000100101101110101101011
110
10000000011110001000100010000100100000110001001111100001100
97
10000110000000000110011001100000101100000001100111000000000
138
10010101011010011011010000011000101101011001001110001000010
21
111001101010001000010111101011001000110100010100101110
113
10000101000001010101111100110101101011101011100100100001101
95
111001000000001000110100001001010000000110110011110001000011
191
100000001110001111011101100110001110000100100000010011001101
140
10010000000001010000111111001001000000000101000011100110101
111
11110000000110100000101100100000101101000000001001010001
192
101000100100100000010010001100010110101010010001000000010
119
100001000011010100010110110011100000001111110111000101101001
26
10000101000110001000110000100010010101001000100100100110101
103
10000100010000111010010101011111000000000011010101001011001
11
110110011000101010000100000100100101101111110101001000101
143
100000111101111001000000010001000100011110010001100010000101
183
1010101000000111001001000101101010000111101100111101100011
197
10101010000000011111001000100110110010011100011010001101101
197
11101010011100000100100101001100010010000010101111100011111
34
100100001100011010100011101010010100101011110011001010111010
119
110010000100011001100000101000010110011100000001001000110111
77
100011010101100000011101110101100101011100001000100000100000
124
10000110100000000000010010001100001010001010010100001100
141
100010101010000011000100101000100000011000001000001010001111
84
10010000110001000111000011001000001000100101011011000010000
194
100001111110111010111100001010001011110011100000000000100000
158
1110111000110000111111011100010111100000011001000101001010
140
110010000000011100010001001110110010010101100100100111000101
98
111000100011100000111100110000010011000100010100010101000000
75
11011110011001010100111010101111011011111001110101110100010
187
100000110000000101010010000001000000001100000000000000010000
141
100110111010101001010101010010000111000000000101000001011101
108
101001100100111000101101010001000000110001010100110010011001
150
110011111101000110100111101001110011001110111011000011001111
112
100110001100011101001001010111000011011000010100101001010100
64
1110000010100110111110000110011110100000001110101010110001
75
1100101000001000100010000010000001000001010001100101010
65
1101010111001001000011010110011000110011101000000
69
110000000111001000000101011110010100100010011100011001000010
55
1011100100100000011011001110011000110000011011110011101010
61
110001001100000100000011010101010001111001000101000001110111
98
101000000100011100001011100100000100101000001011101011000000
92
100011001010111100000001000000111001001000000111000000001
140
100010001100010011010101110010010110100000000000111011101001
79
110100110111000001000100000100001010101100111101001000001100
27
100110010001001000011010010000000000000101000000100101100011
190
11011000100000100001001101100111110100000011001000111111010
89
1011100000111100010100000001011011011000100000110101010110
39
101011001001000110010101010100100001101010011111001001101111
54
10000011110001100000100000011100001010010110001110101111011
163
101110011001100001000100000010101000011001010000000011000011
193
10000010101001100111100100010001100000000011100001101000100
129
100000100001001100100101000101001011011100110110000100110010
188
10000000101110101100100100010100100100110011001100001111010
80
100011000000100100011000010000000100010001001110001000100100
67
100000110000100100110011101100011011001110010010100101101
103
1000101000011011001110111001011000001001110000000010100110
83
1010110100000010000000101000000000010011000001100010000100
175
110101110011000110000101001001000011000000011111000001101010
42
1000001011111010001111100010011100010000100100000000000001
136
110011100110101111101001000000100110001100000000010100000000
97
10010111110100111110000011010010001001000100100100111001001
22
10001010111111110101110010100101100101001011011010010011
132
1001110111001100110000011000101110001100000010000100010000
39
11000010001110110101101101100000100111111100000101100010010
12
1110000001100101001000110000101000010100100000000101101001
75
1001010001010010000101100100001010101110011001110101010110
19
10001001001100010010000111100000100100001001000001000000101
82
1010101101000100000111101101011100001101000101111010001010
86
100011110011010010110001000010000010110111000011100100111000
149
11000011100001001101100110000111111011010100100001001001110
155
1010010011101100011001100010001011110011010100001001000011
77
111011000011010000011000000001000001010010110010010010110
88
11011100110011001010010101010100001100011110000100001
155
100001000010001000000100001010101001001110000100001010000
190
10000000100101110100001000000001111100111110000011110101000
170
110000001110100001111011010111000001111000010011101110001100
59
100111110000101100001000000010010011101010101000001011111010
18
10101110010001010101110000110001110001110111010000011101001
18
101101111001011100101000001101100000000000000100010000010010
119
100100000001000010101001100110000110100011101001100110110100
130
110001010000001000010000000100000000010000010101010010000
90
110100110111010010100000100010011010010010000010111001010001
163
11101010000110010101010010010001011100100011011000001100101
106
100100010110110010010010000000000010000000100000000111111110
46
100010100010011111110110000000100000010101000100011010001
115
100100111110101000001100001100011001111011110101000100011100
44
10000001001100010000000101000001100101010100011000000000
48
111001101001010000100000010011000000011101010110001110110
57
100111010001010000000100001010110011000010100110000011101
120
10100100000000100011001100000011000100011000110000011110
102
10000001111110111101000000000011010000010010110000010000001
92
1100000010000001100000110101001000110111000101110001110111
31
10100000100000010100001001100000010011010010000101000000100
47
1011110110100100101100001000101100010000000100001100010010
171
1001111100001000011000000100000000110001000000000111010011
81
110100100011010000000110110110110101000011100100111010010111
111
11010111100001110101100111100000000010000111100111011000001
120
100001001111101100000100110000001000001010110110101010001010
72
11000000000110111110010100110100000101100000110000001010010
124
110000100001010111101000010100111100101010101100001000110111
157
1000111010111010000000010001000001010010010010000001101111
15
10111110010001000101100010001011100100010100011000011111100
111
101011110010000110100011100010010010101001110010011001011100
108
1100001001100101110100111010101001100100000100010000111111
166
111100101110101100001010110110000110010010101110001100001000
67
1000000001010001010001101111011101110010001000100010001
53
110001110100110010100010000110001001100001001000001010110
35
10101110000010011010000011000010101010110110000111000010111
58
1011000011111000100010110111000010000100011011101010010110
170
10110000000101001110010100111010011101111001000111010110110
133
111100011100100000100000010101010110111110100000000101001000
197
10110011111100101010000101001000000001111001100100111000100
63
101000000000011101111001010111101000100010000000011001101101
191
111111100101101110010011010110010011000000010100010001010101
117
101001000100101100000010101100010001000101010010111001100101
49
10101010001101011010000011010000011010000011010101000110010
187
10000000000101011010110000001010000100010111101000000011100
188
100010101001000000000101001011110101110000000001010110110010
129
100000000011101100000001110010010000100001001000000001
124
1100111000110000010011101001011000000101100000010001100010
92
10001110101111010000001011011000100100000110011010101010011
72
110011100001000000100001000011010010001010110001001001100010
161
111110100000011010011100110101001010000100001111010101100
6
110010001011000011111001011100000111000001010010000011110110
92
11110100010111110001100000110010001000110000101101101011111
136
1000100001011000101000010101010000100100001000000100100111
183
10000011111011111010010001000010001010011100110011000000001
114
111000101010100001011001100110011000010010100111001100111011
129
110111000000010001001110010001100110001100010011111000100111
173
10001001000101100110100000000110001000010110000001100001000
158
101010000100001000101111110100000000010100100000010100110011
107
1010000000011011110101011001101011011111011010011011100101
111
100000001100100001110011010111010010001110011010011000011000
68
100001000001110010010001000000111000001101010100101111010100
33
101110101011110011100010000110000000100001001010000110110001
136
100010010100100000110011011001001110010000100010000100000
90
110110001001010111011100100110001000000001111000010001100100
116
10000100000100000010010000010010000000000100111100000100101
18
100111010110010010010100100000001000010010100000000111100001
161
1101100000001110011010010110001110111000000010010100000101
187
101110010001111001001000001010000011100111001010010010010
66
10111111001000000100000101100100100011110010010101010111110
181
1000101111010000100011110100000010010111001001011010101100
141
10011001101010100110000000000100100011100000101101000011
80
100101100001010101100101011000001111100001001000001100110110
142
10010000000001010001001000010010111110110111101010000110
53
101000010101111101010000000000011010000000011011000001001
2
100101101110111011111000000110000010100010011100011000010011
187
11110010010111010000000010111000011000011101001010010110
36
1100010011000000000010100110011001100000000000100001001101
115
10110000000001000000010010111101110100000101010011001001101
114
11100010111011100000011000010100101101101000000000111111010
84
11010011100001011011100101000010000000110011110101000101110
84
100100000010101100011000010101000100101100010010011011010101
46
1010000000000101011000100001100000100111000000100000110010
129
1000000010000100101100000011100010011100011110100001110010
79
111000001000101001110101101100000000000000110110010010000111
123
100100001010000011000110010001110100000011010000000010010110
97
10000100100110100000000101101110001000101000100100010100111
103
101110111000000010111110000000100100001001100111110110010100
20
11100011101000000101001100100000000100001000001001100001110
40
11000011000000101101000000001010010101100010011010011101010
176
100100000010000001000001000101010001110011000010001101000001
108
110011100000100100101001001001110101001111100110000000110010
8
10000011100011001110000010011010100001100001010000100111100
145
10100000100001111001110111111000110001001101010000010111000
143
11010001010111101100001001100111110110011101100000001011001
166
1010100100110000001001011000011010011001001000001100
60
100110000010000110001110110001110011011101100000010100000011
52
10110100000001110000110111001100100111000100100011000110
186
100001010000101001001000101011001101101010111000110100111
42
110101100000110100010000111000100000100010001111000101110001
104
10001001001100010001111010010001000100000010000110100100000
198
10111000000101000000111111011001010010000000001000001101000
199
11110111000100000111101001010010001000000111101000010000010
31
111000111010000111010000000001110000000000010101010110101110
139
110000011100111111010001101101000110011001100000110110010110
82
1001011111110000111101011000000100100000011101001000000
54
1101101101000001001000101000001100011110010110010001000
44
1100100101000010001011100101010011100100000001011111010000
6
10001011000100100001000111010010111100100110100101000001
16
10000100100000011000010000101100010110100001000001000010
113
1100111100110110100010000110010100001001000101101101000100
195
111101101100000000100001101011011100001100010010100001100001
157
10011000101000000010000011001110101101010100010011110000010
76
101010000010001101100101101000010010000000101111001100110100
109
101000001010001001000010100111100010111010001000000000010010
48
11010100111010011001111001010000000011000001111010001001010
164
11100110111000001000001010101001000011010101011000011000001
104
11010000010011110000011001000001001000010010110010100000010
192
111000100001000011010101001001100010101010010010010011101
120
100101110000001011100101001101110110010010010110010100110001
70
100010000011001010010010010011000110110100011001100000101011
18
101001001000001111000111000111100111011101111011101101100111
140
100011100011110001010010001001110101000000000000000110100011
120
11000100110000100010010100100100111000010110111000001101000
188
100110100000111100101110100101110010000010000000101000010010
177
100001101010100010111101000010000010101111001111010001000010
122
1011010011101100000100100110000111101001000100001111011101
100
10010010001100010000011101000000000001101110011110100100
134
10110110110110011000110010100111001101101011101011000001
182
111100010000101110111100010101010111010000001100010010100111
130
1000000000100000110000001100011100001011001001000000011001
148
10100100010001010100100110101111101000000111001001100010
73
110000000111001111001110100110001111100000000001000011000101
196
100101111111010001000100000110011001001111111000000011000101
69
110101100001110010101001100011001110111010010101000010100001
62
11011001100110101000001010100101100100001001110001010111110
119
110000110110101100001000000011111100001000000111010100011011
122
110000001110100000101000101001000011000100011011111110011101
12
11010101000000101010001000001000111100110001011111101000000
133
101011111001010000001000010011100100000100100000011100110001
166
110011110101000011011010000110000001011101011001
68
1001000101111011011100010011100101111001100100110110010
136
10111001011100000010001100101110010000010101000001001010011
78
10001001000000110101001010011010010101111110000100001101
73
10000110000011001001000110010001110011111110001010100001101
87
100001010001010100001001111000101010101111001110000101010101
23
1001010001000111011011001001101011011100101000010101100010
18
110000100011000100000101110000010101000000100011001100101010
96
10000001010001011001001111100110000011110101100001011001
106
1000010010101100001100100110101011000010010101110110111101
29
11000001011100010000101011010000011000010010010101011000011
107
111101111001010100110001000000011010101100011001011100010000
103
10000011101000100110101000011100111010010101000000010000010
81
110010001000100100010010000000001010100001100001011011100
13
110101000010100000011110010000110011000000000011110001001011
91
11100000011110110111011010011110100110010100100010010110100
83
11100000000001001010000010000000000000000010010000001101011
49
1111100111011011101001110101001000110000101001010000010101
158
111001110010101111011001010001101101001101000110111000011110
169
100010100100010111010011010001101010011100001001101010
84
110010111101101010101000000110011110011101001100010000011010
43
111001101110001101100000100101100000010011001001101100100110
168
10001110110000111001111000100110000000110001010000010111
126
111001000011100000011100000000011010001001100000100100100
188
10000111001110001011000001010110011101010111010111010010011
123
110100100000111001000001101100001000101000001000000000100100
133
100101111010000110001010000010000110111000000001010000101000
103
101101001100100110101011001001110000111101100100101010100
67
1000000011110001111010110001100111101000111010000001
95
110110000100011000000000111001001001000001000111000001111110
15
11000000000110101111001110101000100010100100010010000100110
44
101001101000101011010001101000011100000011001010101000001101
114
10111101110001000011011010000100000000110000000010111100001
111
11110010010001100100000000000000100000101010100000010101101
117
101100000111010100011010101010000111001110000010000010011000
54
110110100001011001001001101100100100000000110010001101011
94
100011111100101111001101010000000010110000100100001000001001
196
111100001000110111001001000010100000100100110001100010011000
65
110000110011111111110101010000011010010110001010100001101010
15
10000010011001110000001000011110101010000010111000011101100
199
111000000101010111111010011100110101001110100001101100110
6
111001010110000111000001101000100011000100101000001001100
78
101110000001001001000100110101110011101011001001010000000101
77
1000010000000000101010000001010000000011010000110001011100
143
1010001100100000101010000000101111100001101000001011110000
48
111000110000100111010001011100101110100010110001001101001011
86
111011100001000100000000110000101110100010000010000001011001
141
1010110010001110001111000010101000011110100100000100100101
192
110000100010010100001111001101010110011000001101001100000001
145
1000001111000110000100000100000011100010001101110000001101
26
10101001101010000001011110000100111000110000010010000000000
1
101110101000011011101011000011001100000000001100100011001
94
1000101011001100001110000001000101100110000010001110100000
36
10100100010100100001000111000001010111100101000000001101001
145
100110010111101100000011111010100010111010000000000101010
71
100001000101001101101000000111001101111000100010111100010100
70
111111000000000010101001100010000011011100001010110111010100
25
1000001100111111101100101011110001001010100011001101
200
111001110001100100011101100101101010110010110001000011110010
137
101010000001101101100000011011110001100010000110010100011010
66
100110111001000000000100101000010010010011010001010111101
14
10011011011000001110000111010100110001100001011110011001110
126
110010010000010001001111000010011000101010111000010111111001
58
110111011010101111111010111111100000010110000010000101101110
172
10100001100010001111000000100111000000100000100000100010010
198
101101010010101110001010011000111100000100000100010010000100
2
100000001001111010001001001000100000110000110001000110110001
24
111000010101010111000100010001010000110011001000101000111001
41
100110001100100110001110101110111000101110011000010100111001
68
10100100000000100101000001010101011101100100100000010011001
105
111010000110010110100100101110100100111000100001100101000000
125
10011100010000000000010011101001000011011000011111000000001
1
101000100000100111100101011001101101011001101000000000001001
152
100111101011000000010110101100000010110000000110110111001001
90
10000010110001001000110001001001100100110100100100110001000
138
1001000001000010000000101100111000000011110110110110110
190
1000010001011001111000001000001100000010000011100010011110
129
110101001100010010100100100110100100010000000100000000100111
103
100001000110010001101101000000111011001000000101010100110011
152
10011100000110001101001010101011100000100011010011000111000
159
11100000000001110000010011001000001101111100100111010110110
58
11011010011100111110000000010001000001110000111110000000111
166
10000111011101010000000001000000011110101010011101010100010
179
10000010000100000011000010101001100001100000111110101001101
81
10111001000111000010000001100010111001010100010000000101
52
100000010001100010011111101000110011011000011001000011000011
9
110010111000111010011110000001000110110010000001010010011010
140
110010000010000000011110010011000000001111000000000010100100
121
1101000011110110000100000111000010100111110100110011000000
34
1010011111010101110100011010110111101110001101110010001011
71
1001000010101100101001100110010110000101000010000000000000
135
11001001000000101001100000101001001011100010001110001001101
48
1010101001000000110100001000100000000100100000100111010001
165
101000110110001000100000110010000010001001000100111001101010
128
1000000000001110000010110110100100011101111001100110011001
85
1000101010001100001010010011101011110110010110011110111000
182
100011000001011000110101101100000001100011011001001010110001
3
11001100110011110000011111100111000000111000100010011101110
49
101100000000101011101100010011011000001101000001010100
68
10100001010101100101001010110011100101000011010010101011010
174
110000110000001010110100110111010000101000101111010000110011
121
101011110100101101100100011001111011010000100010000000110101
70
11011101001000101000010001101100010110010000000100001111
173
101101011001011101110011011111010110111010011001001111000110
168
10000111001101000001010101000110010000100101010010000101000
89
110000110010100111101101110000011001101011000011001001001
138
11110101000100101100000111011000000111101100001000010110
124
100001000001001010101000101100100101000000110000011010000010
155
10100100100000011000010010000111110001011000000000110001101
172
100110110101010001010100010001000101011111000111100000011000
67
100001000011010000001101000101100011011010000011000010000011
189
100010000110011000110101011010101000111000011110000001011001
199
100001000100110100000010110011101101100000001101101001000010
65
110100111001110000001100000001011110001110000100001000010
115
111100010001000100000000001000001110001110111110000101000
75
1111101110000000001101001100000010100100001100000001000010
14
100000111001000101101100000001101010101011000000110000010100
199
1100101010010100100000010000011111010000000001000001111000
156
110001101110010110010010001111000000011010000100110001100000
64
110100100111001100010010000100111010100110101001010010010000
108
11000110110100001001100100011000010000010010001101001111
121
10000011001001011110001010000100000100000100110010011001
159
1011010000100011001101001101010100010001000110000110010011
54
101000001001000100100000101010011000000110001010010010101001
168
101101101001000101001000110111001110010011111010111100010001
186
100000100101011100110001010001100000000111011100001110000011
186
10000110101011010001101101100000010100110100100110000001011
184
101000101000101011100011000100100101001010001001000000110001
132
1110010001010100000000001000000000111101110011010111000101
72
111001111000010001001001001101110110010001001111110001000110
191
100001010010010011100100010100000001110000101000100101110000
150
100110100010110011010110101110001110110000000000000011111111
49
1100011110101000111110101110101001001100010010011001110
172
100001110111100001111100000010100001000101001001000000110
118
10111000111000011001000000110010001100110000001110101101101
44
100110011100010010110000100001010011001000110011010000100001
122
11100010011001001101010010000011000000000001101010000100000
157
100010100001000101100101010110100010000001000000000101101100
119
10010001010100110000100100100101111000010100010010110010100
47
101011100100111100001001011100000110010011100111011001000101
165
10110101111000000010111000001000100001001000111100011001
100
101110001000010000111000001011100101100111001001101001011010
130
11000000001001001001101110100100100100100111011101110101000
181
111001101011100001110000100101101110000000010000011000010101
47
1000000001010000101000111011101110111011000001001001111000
117
10001000110001110101011010000000001100011000000110001010011
169
100110100111011001011010000011000000000000000010000101001110
105
111000101111001100101101000000000001100100001001111000010
84
1000111000100001000111100100010100000001110000110100001001
171
111010000000110100100000010000111100000000000100100011000101
182
100001100001001010010110000000000010000000000111111000000111
96
11101100100011100000110000000010000000101010001001010001011
156
100100001010000110101010010011001100110000010110100011010111
124
110110000101000100011000010100111101100111110001010011100011
19
10000010001001000100110000101000000001000000000100001000111
45
100100101010000110000000101000011011100000010110100001000111
146
110101110111100100101000110100000111001111100110010111010011
11
110010110110110110010110101001111101011000101001010000111011
67
10110110011110001110011001100010010101010110000101011000111
195
10110101100001011001000011100001000100000100011101000010110
88
1000001000001000100100010100110000110000000010010011010000
75
1110110011101110000001100000010100000101001100101111
52
101001110010011110001011101001010111001100110100100001010000
136
101000000010010000100001010011100001100100001110100100011001
144
111110000000000110111001101000001000011101001010000011110
85
101001110000101100010101000000000001100010010110110101000
157
10100000100010010011010000100010001011101100110001011000100
137
110100000000111100011000100010000110110100000100010110110010
138
10000100000101000001001010000011100111011001001000001100001
54
110110001011011011110011110100000110000011101001111111
138
100010100111100101110110010100011100100001000011001001111011
130
101010001010000011011000111101111100101010000000011110101100
164
101010000011010001001001001101000010110001000000100001001010
1
101101000000001001111101001101101110000100110110100110101101
41
110010000100010010010110011001101000101010001010100000011101
193
11001010001101010110001101111111111010001000110010010000100
109
1111011000010010000000100110110000100000011100001101101010
139
11000000111010011000010000000010110110001100000010001011011
163
11100010001000010010101000100101111110011000001111011000101
25
1101101100010000011000100010000011100001111010101010010111
106
101000001001011001100110010101111001001100100000101010011111
166
101110010001010110001001011001000000101100001100100010001011
132
101111100001010001100111010110100110100000001000100010100
101
100110011011111100011000001011100100011101100000100010000000
106
1001101010011001010011000011100100011101000001010001000
26
11010100011001110000010100111010111110000010100000000101100
62
100011011010011000000101000101010111011010010101001011010
124
10000011111101110011110100110100000110011011011010010000011
51
100000001001011010101101101000010111000010001110101110010001
125
10010011010101000110110101001010110100010011010010011001
15
100100000001010110000011001001000001010100100111101010110001
180
100110111010001000010000101001000001001010100000001001010011
132
11000000010000110000011001100011001011100001000100111100110
105
101100100101001100111110000001011111110010000010100100001010
1
10000000010000100100001110001100010001000000101100000010001
97
11100011010001001110101101110001010110111011111001010000101
77
10011101100000110011000101111000000100111101110101000000111
171
11000001100100100000001110000101111001011000110011000000110
20
11110100010000111001000001100010001000011010000101001000011
133
111100110000101011011001100011000010111101100001110110100011
115
1001100010110101101000000100001000001000001110110110110010
138
100100110101010010000000010100010001001000101100010010100110
24
11110000001010111111111000111000101001110001000110000110101
114
1101111001001110000100110010000000000000101100011000010011
49
101000001111111001101011011110011100010001100101001010000101
145
101001101101000110001000000101001000111111011010100001101001
18
101000100110010100011111100011001111001010100000111000101001
112
1000110011000101111010100011100011010011110111100001100001
26
1000110111011011101101101010101001110100001010100000110011
95
110000000100000000100010000010000011001100001001010011010
102
101010101100000111000011000110101110000100010101011100000010
146
11101000000110001111010000111101101111001100110001010000110
15
101110000100011101001110101100111111010000011001000010000
115
11111000011100001110000100100110010010000110100110000011111
21
11001011000001001101010001001101100011000010011010001010000
167
10110110001000001100011100000011001011110001101100001100011
130
101001010100000101110010011000110110000001010011000110100
112
11011000101101010001000001100000001000100001101100011001100
101
11100010100001100110000100101011100001111001000000000010
160
11000111111011010000010001010011000000001110000010000101000
173
100000001110000101000100000010000000010000001010010001010111
83
1000011000100100111000011001001111000011101110001000001
184
100100100000101001010100001001000100010111100101111100010110
178
11001110000000001000001010001101000000000001100011010111001
63
101101100001110101101000111000011000010100011010101001001
166
101110101101010000100100011011001001111000111000100010010000
137
1100011000111010110100010111000000010011010000111010001
50
101100000110010010000000000000001001000001000101001100000
149
111100100010111000111000000011100010000000010100100101101101
136
101001000000101000100110111101101000111000011011011000001101
155
10101001010000110010010100000101010011101111000010100011
176
111001011011111110001001100000011000100001001001001001100010
150
1100100000001000010001101000100010101000000100100000110011
116
110001010010100011011010010010000010111011010010000101111000
171
111011000001110010100000000100010001100110010000000001001
169
110000000000000010010000100101011000001000101001000001011001
138
1010011100110000010000011001000001100011011001
41
1001100100101101101110100000011011001100100111100010101100
192
100000111010001011001000010100111000000111110111101101111000
38
1000010001100110110001001000111000000110010000001111010100
14
101110010001001100010011110100100000110011000001100110101001
189
11101100000000110111011000000011001111101000001011010100000
159
101101110101001001100001110011101101000011000011110010000
9
100100101000101100110110000100000110001000011110101011000110
86
11010100110101110101100000010110110111000001000000100111001
177
10001000001010111000000011111001011101101111100000100110000
170
100000000000111111101010110001100001101101100110000000111
137
100000000011110000001111000100010111100010110101000001100100
25
10001100011000010000000000000110100001011101011100111111110
185
101001100100010001000000110000000100010001000010001000000011
117
101110111000001000001000111101110010111000110100001010000001
11
10000000011011000111110110000111011000110110000100000100011
15
1110100000111000000100010000000101010111100111001011100011
139
100000110001101000001101100110000000010000101000000001011011
19
111011011000110000000110000000011111110000000000101001011110
129
10111000010110000000000000100101110111001001000101110110
16
101010001110010000011101100010011100101001110000100011011000
142
100000101000111000011111111100011010000100101001111000010
136
1000111010111011011000010011110110100101101100001001011011
187
11100010000111011011010001110101000000011010010011000010101
88
1000100000110011001000010001010100011011011110000001011100
122
100100011011010010100001000010010001110000111010011110011000
166
10100111101001011111000110000110001000011001000011001011
106
101110000000000000000100010000101100000100000101011010100100
185
110001000001100001110111010010000010000000001101011100101
117
10000110010001010001010001010001101000100111100111100010001
166
10010101000010100010011010101110010000010010000111100000101
176
11001010010011011101100010110000100000000000010101010010100
82
101100000110000011110000110100001011011010000000010010110011
27
10010010000100010100010000111000010100011110001000110101011
84
110100010100001110001011111001010001111101100101111100101
86
100011010001010010001100100000000000010001001011010001010000
118
110011000010000001000000111010000010010110000110010111011
6
1001100100110000000100001001110110111000100101000010000100
66
1000010000111100010110011011110100110100100110000001010111
130
101101110000000010110010011111111000101000000001000010000010
116
110001001000000110010011011100000001110101001001101001001
109
111000100110110010000001000010111001100000000100000010011001
105
10010000000000001001000001011100001110100010011001010100010
97
100011001001010100011110100011000010011010110100110010100010
20
1011001100010000111101111011110000100110001110001011011010
59
100100110101000010000000001001100000011001011000000110001001
200
110010000010010100100111010110101111000000000010111000101100
181
101100100000010000011110100001001110101000001110000010001000
168
100100010110001000010100000110000010001110100000110010101010
149
101011010111010100100000001000100000110010110000000100101101
15
11000011111100001111001001110010000000010100110011010100
133
11001010001000001000001100101100000110110011101010000101101
38
110000000110000100010011011110000001101010111001000011
21
101101110100010101000011000111010101101111100001110100100000
149
100110000101100000010010010000001010000000111010010000
81
100101100000110000001000100000100101110100010000001100000110
94
10100100001111011101001000100100000011100000001000000000110
165
1001101000111100110000001110001011100010001010100010000000
170
100010110110010101100010011100000000000010010111000100010001
47
1010111000001101000001110000010000101010011000011001000000
155
10000001010100101100100100010111100011101000010100110011000
74
110001100100000110011100010011101000010101100000001100000011
4
10010101000001011001101101010000000100000001010110100110000
89
1100011000000010100110101110010000001010100101010100010100
112
1100101011111101100001100100001011000010001011001010100110
194
101000101101000001101000011000100100110000101001011110
108
1110110100100100001110110101010000111101101101100110101111
147
100001000000111010010011011010000010100011101101001100101
94
100100101111100100000000000111100011001010001101000101101000
146
1111000011000111001110100000010010000100000001010010010000
112
110000111010110011000010110001010001000111011100010001010010
3
1001011001010101011111110000001000100110000001011101001001
66
100100110100110001101011011101010100110110001100001000101010
34
101110000001000000000111010010100111011110100011100000
97
11001101000100111011100011100100100110010010100101001100
89
11000111001001010100011110000101101001001001001000001110110
135
1001000110010001110100100110101000110101110100010110111
17
110000000110100000001000110000110011000100100110100100000110
28
10001010000000000001101011001100100001101001010100011000110
167
100001010010010001110101100010000100001011010110111010000
105
110000000001111000000000000110101100110010100011001111110000
61
100001001001100011000110100000000000011101001011000010001101
73
110111110000100010111100000001100100100010100001001110111000
71
1011001000100011001000100000111001100000010001100011110000
88
10101010010110010000001100111011011000100001111101100011001
5
1110010011001111000010000100000100010000000111001001000
117
11101100000001011010001110010100101010011000000010000000
92
1100001000011110100000111111001111001110010100010000100101
80
1000011000101100001100110000101110111000110000011000001000
52
1000100010101001101110100101010010100010000100000001001
149
11101010000100010011000101101100011100011000001100100110001
76
100101010100110110000100000001101000011010101000011000111111
124
11001011000000000011111100000101010000000000001100001100101
37
100001011010100110001100011111100110110001000000100111000
39
11110000011010001100010100000101101000101011001010010101000
154
11000001100000001101001001100101000010011010000000100100
152
110001001010110110000001001000100001001100100010111011000100
50
101110000000000100010111101110100011101001001101011111101000
84
101001010110000000000001000001100001010100110000011100011
81
110100001011001110101000100010110111001000010000100100011001
163
1110001001000001011000010010000001100010001010110011100111
38
101000110100000101000010010000110011010001001011101100100000
62
11100011001100111000000100010110101001001001110110101
184
11110100110110000000000111001111010110101101110110100101
28
1001110000001001100100110001110010110000100100010010111011
46
101111010101101111011000010110100000011111000111011001101100
181
100000001100111111111101110001001111100010100001101001100010
165
10001001010100011000000010001001001010100010000001101011110
22
101100110000001000110000101101110001100000100100100101010001
172
1100011100000010110011011001100110101100111001110100000111
165
1100000100110101100010100010110010000111101100110011000011
29
10110010001001101110001101000010001010000110011011001010010
171
10001000110001110100010010001110011100100000100101000000
60
101000100001000101101000000000001000000001011100010100100011
126
11010100000111000001010001100000000100100000000000011010001
73
110011000000110110100010101111001011100111100100101000010100
74
1000010110100011010100010011000001100110100001100101000100
117
10000001101110001110000100000001011011011110001110100000100
62
11000010110010001000001010110100101011000011110100000111001
174
10101101011100000010100000001000001000000011010011110001100
46
1010100001100010000100110010010000100000000101111000011101
60
10011000010011101001110100101011100011000110011011011101
109
1111001100010001010111010000001110000000000000001000001101
62
101101101000101010001000100111110001101011010000001010010000
187
100010100001011101001100010100101000000011000100001101110100
123
110100100100011011001000110011001011000101001000001110001001
67
11000100001010011010010100000110111110110100001000101100000
184
101010011011101001100110100000001111100101000000001010011001
193
100110110110001011000100100010000001101011000001011011011
166
1010001000011011001100010101000000001001110101110001111000
85
11000010111101000001000110101010011010000010010100110100011
156
100100110000001101010000100110000000101011100001100001
61
1100000000010001000100001111010000000011111100111100110
20
110001000101111000011011011000001000011000111000110000010110
91
1010011010000000101101100101000000010101011111001000100001
87
111101010000000001000100110100010110000100101011101100100
47
10010000001110101101110010110001000110010010001100111001100
82
111011101111010100101001011001100100010000000000000000101010
136
101000010101010101110011001101010001110000000100010010001001
165
110001010111100010100000100011001000011000001000000010011110
82
101100010000000111000111000010010011000101011000011111110
64
111110110110101000100001100100010111000000101001010000010111
69
110110011000010001011101000011101010101010000001000000011
61
100001000010101010101000001010110100100100010000011110000111
150
111001100101001010001101010000010001011000100101001101010000
110
101101000111000100010101000001111110000000011110010000111000
46
1000001101000011001110111101011011010000001000001100100101
112
1001010000010100000101111010111000000001001011001100011101
58
110111010011000101000000100101110110010010110001101100100101
64
10101000001110000010011101100001001001101001100001010011010
80
111001000010000011001010110010010001101101001001010001010010
173
100010001010000101001011101011100000011101001000101000100011
183
111000100001010001110101011101110010110100011000100000111100
10
11100000111100100011101001001010100001010001110000101100100
101
111010010100001100100000000010000001100101001000000010111
64
10000100000011110100101111001010001010101000010010000010000
158
1000100110011000100000000101010100110010001000101111111010
54
11001111100100110000010110111100011011010111100011111000000
142
1011000100010000001000000100010000001111001110001001011
173
100100001011001001001001000011000001111001000000110010101
174
111000001100001010011011110101011100101100000101100001000111
163
1001111001100000110110111011001101001000011011001100
159
101110101101100000101010101110100100101001011000010100000110
146
111000000001010100011100001110101001011100001110010110100000
127
1001010110010100000001000011011011000010100001011010100110
182
1100010010011001110111100000000011100010001100101001000010
83
111010000101111101000100010100000001011010000100011001011
144
111110000110000001000100001101110101100000101000000100000
105
100110101001000010100000110000000000100010001001000001010000
53
100110010011000000101101001000101000011000101111000111111
72
110000000001011000001010000111011000100000101100100001000100
115
10000010001100011100010000000111100101011110010110010010100
73
10010001111001010101011101110001000011101011000100101001
41
110001110000000000100001101010001000010011111010001110001
44
1111100011000000001010110010110101100110010011000100110101
30
101010010000000110000000010001101011101010010001100100010111
100
10100101111001001100100000001000010101110000100010101011101
20
10110001000000000110001000110010100100001000000101000000011
70
1111111101000110100100001110111110000100000111010010000111
16
110001011000000011001000001110010000110010001001101101000010
71
1100010001001110000001010000011010101100101001001001000000
69
111000000100100001001011000100000111011100001101011001010000
163
110100100000000110000011100000100001101010001011101010000100
173
101011100011001011000100100010100101010010000001010100000100
135
1101000110000110000001001101110100101101000001010100000000
36
1101000000000000100010111001000100011010100011000100101010
4
111010000101111110100000111111101101110100010100100011100100
10
10001101001010001110010100000000010000110101011100110001111
49
10011001100110100000011000010010001000000100001111000100100
29
10111001000010001001110010100000110110110011011100010011
155
11100010110000110010010110011100100001000001000011100010010
78
10101010101100100100001111010001111001001000011000001000000
199
11001001001111001000101101011001101111010110101000110111110
95
111100000101000101010011110101000100000111000001101100010010
22
10001100101100000100011100001011100011011110100100000000010
75
100101010101001001100001000100100000000101110100010101
151
1011111001011100010110000001001000001101101001101110000110
4
100001011010000010110101100110000100010101111000111110
3
100001000100000100001001010010001110001110010101001110001111
7
100000100100010110001101010001100001011000010000111010001
122
1111000101010001100000011011100101110111000000010100100000
156
110110011010101010011100010010000001011001110111000110011
31
100110000000010100011010000010010000010000000110110011000010
172
1011100110001000001100101100110100011001100010100000101101
133
10000001000011010100101100100010000111011111101000001100010
168
1001000011000100100000001011100000100001001000010010001000
139
11100101010010010000000001010101000110000001000111000100000
47
100010001000110100000110100001011001100100100000011001101001
82
100011110001001101010110110110100111000101010101000000001111
196
100001111011001010010110010111101001001001001101000100100
149
111100100000000110000101110000000001101011010010110000110100
5
101111100110010010110011001010010010110011111110100000000
31
101111000010111010010000000010011000111001010010011001000010
157
10001000010100001001000100101000111000000000000010001110000
49
1100110011000101010001000001000010111110000011010000110101
74
1000011010100011011000100100100100001101000000000010000001
114
101100010100011000111000110000001000100111001000010000000
155
100100010000101011101110000110110000111001100001001101001000
140
11101010100101011110100000101000001110000110001100100001010
156
100111000000000000010000101010000101000000111101000010000000
26
1010011010100100001100101111111000001000100000011110100011
57
10000001011001010000010011001100100000010100100000001110
177
1100010001010011000000111100000000001011000110010010010001
75
11000001100000011100000100000101110101110101101111000001101
44
10000010001110101010001001001010010110110011100000000010000
183
1100000110100110001110000111100110110001000001110010
39
100101001010000100110001110010101000000000100110101010001010
76
11111000110011110010000100101011001011010000101110011101001
19
100101000110111111000001000011010100001111000111100001001111
59
11001000100010010000000010111101001110111010000001110
112
1000110000000000100000110100001011000111110101001001000111
173
110010011011000101010111000001010010010010000001000011110000
197
100000101000011001001001101101100011000010001111000100101
107
101110111000100100000010101001000001010000000001100
75
111011110010000100100000010000010100011011010110010000100010
200
110001100001011100001010101111001110000001100100010011010100
14
111001001101011110001000111100101011000000101010010010001100
44
10011100011100011000000001001010001010000010011010010000000
127
101001000001000010101111010001110000001100100011101010001011
53
1101000111010000000001011001110000011111110000000001101011
28
100001000001110100011000000000011010000100100001000000110101
9
110010001101110010011100011001000011100011000001001001111000
163
1010001000000100000100000101001101010000000000101000101000
107
111010011110100100001010001010001010010110110011001000101
84
10000110001000111100011000101000010011110001010111110000010
14
1000000001001111110100010000010101000001001100010100000100
10
100000010000101010111000001001110001000000100000000001001
111
10100011100011000111111001010011000111100011000100010100000
44
10101011011001100000001101110011101000001001110111000010
99
11000101100101000000011010110000100110000100100101000011001
182
101111111000000000100000101001010010001010110100010000000000
176
1000000000100100111010001000010010001001110101000001100
107
110011110000111100110000000000100001011010010100101010101101
186
11000100000101100110001001000001000011101000000011100000
70
11001111011010101010100001101011010000111000000110100110010
49
1000110100111011001100100000000000000010001001000100001100
148
1000000100000000000100000100100011011010001101010110001011
9
11001010000010000000111001000101111101000010011000010001001
150
101010001011110011100010001001000001110100000000100010000001
67
110110100101000000100111010000000000001100110111110110010010
21
11001010000001000000100110101010100100011001110111010100
126
1110010011001010001000101100001101010000000110010101010110
184
1001000001011000000000100000001110100000100100100101000000
129
1100110011000001000111100000111001001000001100101000100001
155
110111111010001000100101000011101001001101101110011011010011
3
10001000010000000010010100001100011011101100001010001100110
31
1000100101110110101001000101111010110101100011100100001100
26
10000010000001010111001101100100000000110010010101100001000
181
11100001000000000010010001000110010101001101000000001000010
5
100001000001101111100011111001011100000100101010101011010
168
1010001000011100101001010011011001000011110101011000000011
177
10001010000110001010110100011101101001101000000000011110000
33
101011011010011001110111101100111100111010100001101000000000
96
110000100011100011100011000000111111010010010011000101000110
25
101000100000011001010011001000100101001000101001001001011
90
110111011001010100000010101000111110001001100010011010100011
81
110101100001000110100100000100010001000100110101011001000100
137
111110001101100110110010000000001100111000001011001000
183
11000011001111011001110110000101001001010010100010100000100
24
100000111000111010010100001100000010101000000110001101000
144
100100010000001010010000111110111101000100011000011011000010
65
1000011001110011100010100100011000100100100111011111011111
154
10000001010000000101000011110011111010101101101011001110111
170
101010000110111000110110000100110110001000010010101011101000
143
100001111001010011110001100000010000100000001100001100000001
61
1110101101111000001110000011100111001011001001000110110
36
11001000000000010000000110010000111101010100011010010100111
163
11110000101101000110100010110110000010000110001111100011100
110
101110010100100100100011100000000101100100011000001100101110
129
100001101100000001100000001100001111110110100100011011000111
158
1001111111100011000001000100001101000011001110110100101010
139
111000101000010110001000000011110010000000010000000000111
76
100111101010001001001010101100000010101110000000000011100001
41
10000000111010001110101100001100100001001001110011001110000
102
11100011000001001110001000111000000110000011100000000
7
100001100010010010011001000100111111010010001010101001100010
159
101001110000001011100000010001100111000110011010000100110110
11
1110111010100111000110100110010001100001001010100000010000
122
10101100000011000000101010000000010100101001011101110010000
20
11110001010001001001100011000010000100001000101011111011011
124
100101000010000111100001001010110001111110011110110110000011
172
1111011111100100010011001100000110101000000000001000110
162
111000111011011100111000101010100000000000000000011010001100
103
100001001101100111100100100100000000111011111001001101101010
14
100000100011001110001000100010001001111010010000010001011
32
1001000101010001111000100110010000001110101100100000010000
78
1100001111110010000111110010100001101101100000000111001000
168
111001011001000000110010111100000011111000001001011100000010
52
11100000001110010001100100111111010001101000001101001000000
15
1000000010000000111011100011111101101001110001011000000001
97
110000000100100000100100100010001100001000110010000100010011
141
11001010000000000001001101011100001101000011101100010010100
187
110110100000001001110011101011010000000010110000010010011110
56
11001001100000010100100010011011010111000010110110100010000
148
100000000111101011010010011100000010010001000000001101100011
138
11101010100010010001010001100001001001011001011010111100011
94
1100000011101101000011010010001000010000000010000010000000
106
10110010000101011001011010100110100110110100000000101001100
178
10100100010001100010100000000110000110010000000111100001
87
101000001011100000101000001101000010100000011011101011101000
112
110001011011010100010010110010001000100001000101000100011
124
100001100011111010011100011001010000101001001101101010010010
53
10010110110110100001001100000010010000000000101101010000111
128
100000000100110010101001100000000011111000100000010001000000
197
110011011101100000000110000101010100101000001111111100100100
113
11010001000010000111001000010000100100000101100110100000
193
110011100001000001001100100010100100101000110010000000110000
127
10101101000001011100000000101001000010100111010010101010
187
101010011100110001010000000000111110011001111110110011110
126
11100001101011101001000110010100000101100001101110001010011
70
110001110001110000100101100011000101111110000000101101001110
59
110011101100001001011001110101000000011111010000001010001011
96
1000000011011111000110001000101100011000111001011010000001
152
10001000010011001011001000010101010010010011101001010000111
167
100000000100011110000001000001101001110001110010011010000000
124
111000000011100001111001000000101000010110000110011101010010
84
111001101001001111000101000011100010001011110010110001101000
81
10000010000001101101000101111011011011000001010110110001010
109
100000011100001001010011011011011111000001101001110000111
180
110010110100100111000001010011010000100001101010001001000001
120
100100000100100000011111100101101100000101001101101011110000
187
111010100011100000001110100100000001010100001000111000001101
96
10110000001000101101001010000110011110100101110101100000101
130
10110101101111000100010001000010001010110100100110011000111
160
100110010011001111010110000000100111000000110010010000100000
86
110100000110111001100110001111101000000000110001010100101001
80
1000010100010010110000100110000000001110000010101001011011
139
111010001011010100110101000001010000010100101100100
81
100100000100000110100010100111011011100011000001110000001000
32
101000011000010000000000111101111110100111010100010000000001
109
1100010110000000011001010011110111110000001100001101000110
124
100000110011000101000000001001000001001001101000001111100010
11
11100000000000010010000100001110010000001111110001100000001
54
100100000101010010100101100010111001001100010101001000110000
117
110110010000110000100001000000100111101001000100110110001
58
10100001001000001100001011011001101110100100001010010000100
54
110000010000100000110100110111000100000100000000100010010101
33
111000110100010000110110111101101001011000011001110011010100
139
100111100001111101001010010111111100110000001011000101010110
116
100100111001011000111010001011000110000100011100100011111111
126
10010001101100101010111000000011001101110110100000110101010
168
10010110100110000110000011100101100001010100010111110110011
115
1000001101100011100001001110010100100011010000001111111000
20
101010110111000000010100101011011000000011010000001111000000
56
100111001100010000100010110101010000100000000000001011100
136
100110001000001001110010010100100000010110000000000100110011
34
10000011010110110001010001101000011000000010011000110110
96
10000110110010001011001011001000100101000001000011001000
179
110001111011001100000110000000010001101110101110010010110110
54
100000011000000101101111000110101101101000001001001011010001
75
10010000010100010111001110001110110010001000110010
174
11100001011001001001100000100011101110000001010100010101
136
100111000001001100001001100010111010000111111100111001100010
182
101111101001110000110101011110011011000000000011100100000100
17
111101011000110010100101111110000001000011000101100001101
144
111000001001001000000010011111010011011000001000001100000001
11
110010000100000010011011000010101101100000001101101011000001
115
111100110101001011100101110110001100110100010101101000001111
79
11001001000000101001101010110000000100100010000111101010101
171
100001000111010101100010000110000000000111010101101000110110
93
1011010000110010011010011000101101000000100000100100110010
60
10100010011101000111001010010101100000100011001101100011000
143
110011000101001101000001010000110100010101111101100110100010
9
11101101000101100000010110011000011101001101100001001010110
143
1100001110010001011001010000001000110100011010101111110
92
110000001111010100010111000010000001010010011001110011010011
133
1001011000111000010000010100010100111000010000011001001011
105
111101000100111100010110001100000000000010011010000100011011
120
10010110010000011100101110110000000101001000011110000100000
3
110100010000110101000000010101011010000011110000101111010010
33
101100001111000001001100001100011110011011110010000011010110
166
11000110011101110011100010001100100101110001101000010001010
95
110100111000111101110000001001000100100000011000111000111100
153
10010110001100000101111000000111000111111011110011011
112
10001011101101001000100001101000000001100001011000000100
194
10100001001000100111011000000000010101000101110010001010100
111
101111000000011011011000000001100001000111000001001000000010
11
11111000010100010101100001011001010010000110100010101100010
166
11111000100001000000100110001111110110011111110001110010000
149
100110000100111000101010011001101011001001000000000110000111
22
10100001010010000010011100010101010101100100010010
98
1000001010000001011011100010000101000000011110100100110101
46
101101010001110001100000111110000010011000101101111010000000
134
11101011000010101110011001100011100000001010000110000111001
60
1100011001001011001010000000110001101001000001001111
20
1001111000100010100101000010010000101110111100011010011001
162
1101111000000101001111010010100001101001110110000100001110
155
100000001110110101010000100100011011100000111101000010000
105
110100010111101000011100011001010101111111100000100011100
78
111001100001100010111001100000101000001011011000001010010101
146
1101100000010111010101100111011000111101100010010011110001
73
1000110000011010110011111000101111110100001110000111011011
57
10010100101000110000101010000000000000100010010101100000011
175
110011011101111000110110100100100100100110101101000000000000
180
101010011110010010101001110000001000101100001001100001
171
10101101011011110001000011100101101000000010101111101100000
91
110010000100110101010111111111101011000111010001001101000100
78
100011000011000000111001000100010110001101000101011110000
39
11001010000110010101101010011100001010101110011100100001011
36
10010100001000010101010011001010110101000000100000111110101
163
1100100001110001111100000100010001101000011001010000010100
80
101001100100010000100010110000101000011111000000000111001010
33
110010001110000111100001000010101111010000100001110101010011
165
101110000110010010001111000111011000010111100100010101111010
39
1000010000010000010110100000111110000110110000000100010000
27
11110110001001000000101110001010100110100011001000001110
46
100100110100001001010101011111000011100101111010000000100110
137
100100100010000001111101101100111100100000101000001000110110
57
1010110100010101010010100010001100111110101000001010000011
66
11100111000010000110010010100101100000001000001000010000
170
100100110110000011111001010011110100100001101000101010110000
144
10100000000000110011101111111001001001011111011000100010000
25
101111010100000111100111011000001101010111010011010000011001
50
1100110011001001000011000111111010100101010110111110100101
159
111011110011001111101100011010001011111001000101010010010001
6
10000010010001101100000000011110100011001100101100011010
98
110010101011111101111100101011011111100100110100001010000000
80
111000110001100001001011000111000101001011110000000000010110
157
110001011010010011001100110101010011000101011111100001010101
101
101010000010000111010010110100000111110010000101011000100000
37
110000000001111111110010011001010001100111111100011001101000
70
1101100101001000100000011101010110010101010010001001010100
63
100101001100100000010110010100001111101010101100100110101101
21
111001111100001010100110010100100011100100011000110111001
98
1101101000110110011011000000100010001101001001100010101
192
10100010100110010001010100000010010101101011011001011101
168
100000011111000100000000100000000011110000110100101011011001
128
110100100010110011000000110101010100010001101000110011001000
99
101000001110001011001000110010001110110100000000010111011
86
100101101101000101011010010110110100111011100001000000001101
80
110100100000001001000100000010011100000001110110001101010
12
100000000100000000000001001000100110000011100000001100000100
182
10110011100001010110110001110111110011100000101110111000110
34
11010000110100001011000000000011110001010100111011000100011
183
111111000101001010101100000000000000010011110000110100101111
107
1000100001000101011110100010000000110000100111100010101
62
1110000000000011000001010000000010010101000111100000110011
43
11110010100000010001011110001111010100111100111000010011100
39
100100101010010100010001000000001100100000110010011001101010
197
1000011010100111001101111001000000100101010011010011101
139
11110000100010000100011010101100000010000001010010001011000
124
101011000000001001000010000010000010000000000111101000011010
66
10111111110001010100100010011111111001011100000100001001
12
101000100111101110010100000010111111010001010010001000011100
79
1100001010010111100110100011001110111000100011100100
94
100011010000100001000000010011001100110001001000000111011000
187
100011000011000100001111001000011010010001001000111111110110
65
10111001110001001101101111000000000110111100101001100111011
78
101001100001000001111111011100101000010001001000001011100000
130
100110001010011010111101011101111011100101000011110100
112
110101001000010101000101100001100111111011000100111010010110
54
11001101010001100000000001000000010100110100011010001
175
101101110000110110100100100110010000010010101011110001011101
21
100001100000000100010100100011110110100010010100001110010001
101
100011001010101100001000110101000011000100100010011110000100
200
10100010101011000001000010100001001100001000000111000101101
95
111010010101100011010011100100100011001010001000000101100000
109
11011000000011000100010010000011000000001001001000
189
101001111001011000101100100100000100101110110001000000000100
85
1110000110001001101000100101000001000100000000110100000
126
10000010111010001001000110101000010000010000111101111001110
150
1000011100111001011100101100110000000101000101010110010
18
11001111010010111000111001001011100001001011101000101011111
23
10110100000010010100100000101001000011110000111111110011000
155
1010100010010010011110110101000001101010100001011110001001
31
10001000000000111110111011001110110101000110101000111010000
182
110101100111010000000100100010000100010111100000010101011
143
110001011011001111100001000110001100000001010001001011100001
46
111110111011000001011001110110000011000111001100100001100001
46
101100001001011101110000001011101000100010010000000000100000
35
111101000001000001110100100111001001001011111001111001001010
121
11011101111000111000000111100001010000000001000110011011100
142
11000000110011110001111000100111000000011100010010110111001
122
10011011011000101100010001100100101001001010111000000101011
130
111001010110100010110000000110000100110101001100010111100
106
1110010010000110010011111001000111001101010001011101000110
137
110000100010111011011000010100000101110011000110000110000110
147
11010000101101010011110101010101010000111000010111110100
62
11110100011010100100101000010000001001100010111000000001
24
11100010010001000000100100010101000001011110101001111110011
50
111010111000010100000100101010110011100010111001010010011010
117
110000000001000001110010111010100011101000001110001001111010
23
101000001000001000000000110100000010000100001100011000001011
13
101110000100000001101100100111001011000100100001000011000011
166
10110010010000100101011001110011000000100000101101111010111
194
1011100010000001001000000100011001001100011101010010000
119
100100001010100011100011101000100100111100110100100000010010
48
1001000100110011010101101000111001101000110001110001101110
13
111110000110000000000111110101100110001101100111000000011000
27
110100010000000010000100111000100000101010010011010001001
195
1000000000000010011011010110100111100000010010100001111000
56
110110101000100000100000100101110000101011111000100001001011
107
1010100001110001001110001010000110000010000000000101101000
121
110011101000001100010011110000001001010001101101101101101001
1
111000000000100001001110100111001110111010011000100101
116
110010100001101001000110001000100101000001000101001000010010
193
101001010010011101010001000001110000011001101000000100011010
4
100100111010110101000000011010001001101100100000100000000110
34
110110001110101101001111010101000010100011001101111100010100
30
11010011000011100000001000011110100110110010010100100000110
44
11010000011110101001110001110010101001001000010100010000100
166
10001000100011101010000101110001000110001001000000001001
36
11000111000010000101000100101011010111010100000011100111100
18
1000101010000011001010000101000010000000001010000011000010
3
110100111000010010010010110011001100000000001010011100000000
10
1001010010110000001101000000100001001010100010010110100100
121
111101111010001101110010000111100101000011000010110001010001
113
100010100110000010110110000001101100100010110100100011001000
68
110011011000100000110101011011000110000110100011010110010000
96
11001110001100101110001000100011000000010011011101100010101
59
100011001101100111100011110001001001110000000100100000100100
65
1010110101010001010000101111000101100110100011110010110011
132
11110110010110000111011100110000000011010001010100011010011
144
101010100110110111001110100111000001001110100000100111000000
94
1000011000010010001100001011000001010001000110100011011000
170
101011011001000000000001011100011000010001111101110100000110
106
111100000110001100110100101000101011001110001001000
54
100011101011011001101110101011110000000111100100111111
53
111010011100111100101000101000001011000000000110010001000101
65
1001001001101000100011100010111000100101000000001010111000
92
10111001100011101100100000001100001100011000000000001101010
18
101110101010010000100001000110001001110010001100110010011000
104
10001010000010100001101011001010110100000101010010100010011
164
10010100001000010000000001011010010111000001100000100000111
134
1001010000010001101011110001011011100011000001110010001
175
10000000101000001000100100110111011001000110111110101101010
198
101000101010011100111010101111010000111100000101010001000000
153
10010010111010001010101001001010100101000010000000000110
56
10100001111000011110110110101010110000111000101111101000010
32
10011100110001000000110000101010110010100010111110011100100
97
10101011010001001011000111110000100100110000001100000011000
181
11001000100000101011110010100100001000001100010000010000000
2
111001010001001100000100111000110100110110110011001101100111
52
10001000001000001000000000010000100110110011001110001000
42
111110000001011000100011011000100101100000001110101100000001
53
100110100011100101001010011001100001100111010101000101011111
183
100000000001100011110010100101001000010011110100010010
109
110001110000000000000110010000000000101101001000101011011101
39
10100000000000110000110000111001111000000000100000001101111
24
11110101111110000111001110100000001111000011101000000001100
134
10111101000001100000001110000100000011000010010101000111100
66
