60 1200
111000011110011011010001010101011101011010001011000011101
101
10000101001001001000000100111011000011010000110010001001010
106
10111100011100001110111110101111101111101100111000000010000
111
101010001101010010010101110011111111111000010100100001110111
130
1011010101001001110001000110111111100000011100100111100010
97
1100000011110110010100011110110011110110111110100101101001
117
100110001111101101111100001011001011010010111011110110000111
131
10001111010011001011001000010001111100111000101111001101111
23
111010100000101011100001100100111101001111000010001100001101
69
111001100001010111011111101100011001111000011001001000101011
7
101000000010010001100001001101001000001000110000010001110101
164
10111000001110110110101101101010010110010101100101011101011
157
11101111000111111101001110010100011111000011011001010001
88
110101110111001010111101100001111110001010000111100010111011
71
10101101000011101111111011001000010000010011111000111011101
196
10001110100100001111000000110000001001011101101101110111010
91
11111011001110111110000010000011000111010000101000011010001
135
100000110111100100000010000110110100001001110001001111
162
100010001010101010111101001000001010111110001001110100011010
17
1001001011001100100010101110111100110001010011101011111111
125
100000110001100010101000010110110100010001111011101110011011
33
101100111010110111101011110011000101111011100100101110101111
3
110111010100000010101010101101011110011011100000000101010100
124
1110011010001000010111101100000100010100110101110100011100
187
11110011110010000100001001110101010100010101100100100000110
197
101111010101010100110001011010100110011011010100100111011100
186
111110001010010001111111001001111001011011010100100000001010
8
10011000110011110110100010011011011000111100111011001001000
66
110101010011000010011001111000101010111010010100111100000111
74
100000101001000011001100100000110001001010010010100010010010
42
1100110100010110101111101110111100100111100100000010101100
192
101101100000110110110111101110111000001101100101111000101
122
110110110010010010001011110000101100000000000010100000011010
97
1110011011010011101010110000110001110001111011101001
29
11011110001110101010001111101111111100001110010101011101010
180
10100000001111001111111111110101011110110111111110101100010
88
111001101100010110110011011110110101111010000000000101011101
167
111110100100000000000111111001111101110100011110110110000000
35
110011101011011100010001000101000011000110100101110101100111
42
100010001000010001000000011111101001000010101101000011000111
177
10111101000110000001100110111010010101010100010001011100110
98
110000101010000101101110101000010100001001001111100000010
158
100000000000000010101010111000110001010001010111011101010100
43
111110000010101101010111000111000011000111000000100100110101
138
100001001111011111110010010110110001110001110110000101000111
37
101011110110111010001001000011010110111000001111111100000000
193
110001101010001001110011011101100011100000100000110000100
137
11001011101011011000000101011101101011111000000001001001011
155
111000001111000100111011011010000111101110011101111000001000
59
11101010000000011001110010011011100010111110100100111100101
158
110101111010110111001010100010010011111001011001010100010110
138
100001111100011110101110010011101111111010100111110010010000
154
101100100111111010101010011111111001110111110111001111110001
140
111000110101011110100000111000010011010101010001110000000101
54
11010001101000110011001000010100000000111010011000111110110
135
100110110010000111111111000100000111110010111110100101010100
101
11000001001100000101001100010000001100110110000101101111
58
1000111100000001110000100010011110001111011110110101101111
148
1100001111111100110010000010000111011010000111110001010111
27
1010000110010010001110100001101001001000100001011010101100
148
100100000100011000110101110111111110101111110111100100001010
162
111001011100000100110101001101110100100111100100101111011011
189
100000001110001111110100011110100011110011001111010010011001
104
1111000010101111101101010001010110001001011001110001010010
76
101010001111010111010110100001011001011010101101000110111110
59
1110111001100100111011011110010111111110010011001001000000
136
110111101011101111101101001110110100110000011110011000110110
40
1110010100000111100100000000101110101111010010011110000100
45
101001111110101000100111110011111111011011111011000100001011
17
101100111110110100010100001000111000001000100110000001100100
97
101001100011010011101011011010100010000001101011100010101111
44
11111001111001100011100100100011010100101001101111000010011
119
1111011011101110010110010101011110000110110101001111100110
183
100101011000100001101100111110010001110011101111110100000110
117
100101000110010001101111011001110111001000001100000000011110
176
11001011010101000111001101110110011110000011011111000010010
176
11010011010001110110000101100111100100000111011011111011
37
110001111100101111100101001101100100011100000011011000101101
155
10001000111110000111100011111010101110011000111100110111110
131
100111011001100010011010111000010010011100001001010100110
129
110010100001110100110101101101000000000001101111111111000000
1
111000111111001111101110010011110011110000101011010011101111
74
111100101100100110001100110011011011110101111110011100011111
93
101111100110000101111101110111011110101011110000000000111
91
11011100101111101000101101101011000000011001110110001000011
10
1111010010000100100011001110110110011101100010011010000
38
1100101110010000101101010000110000110110000000010011011011
118
100101110101110110000111000111011010011101000010110110100101
140
10100100000011110000101011000000100101101101101101000110101
34
100001000110011111111010000100000010010000010111001110010110
174
111000001101010010101010000000111101101001011000011110
113
100110001001100111111110111100000111100111011101101110011000
117
111101111001001110001010000100110111101101101111111110010110
95
101110101111010001100111111100000010101011100000111111110110
98
10101100101110111000101100001110101010110010000110000011101
137
111001101100000110101001011011000110010100001101100000010101
146
11000101011111100000100011100110000100101100100000010111001
137
1011101101110101110000101101001100011110001110111010100000
123
110100001110101000111110100101001000110110011000010101011
95
100011000001111010101101111000011011100000001000110001011101
46
100011011111010011101010110100001111110110001001101011110
81
111110000011010111111001000101000000001010111000000101010111
37
10111000100010111010000101101001100010111101000110010000100
118
11101011010000011101001101111101011101111100000110101011001
119
10000111010011100111000011001001100110010000111101101000000
46
110000101010011000101110011001100011110001011011101011111111
195
11000110011011011100101100000001000101110000001110001001
74
11001000010010100100100001011101110001111110010001101001
13
1110101111010101100101101111101111110100010001101100001
188
111011010110110100011011000100011001010100111111110010000001
158
101000000101111010010000101101001011101001100010010001110
119
110110010001010001000011101101111101000110101100010011110110
165
110010111010100001100010110000001000111110001100110000101
63
1101001111000101100110110000110100010011011011000010100010
73
1010100001000000111111110101110101000110110001101111010101
99
1110000110001110100111110010011110100001110110110000000101
191
10110110111111011110101010010101011010111010001100110101010
97
110001100101011100101110100100001110111101011100101001000011
152
11100001010010100110111011110100000101100110101000110101011
60
111010011010000000110011100000111000000100010111010110100001
101
101001110010000101110001011001101011001100010111011101110111
99
100110101001000010111110110111010101100110101010111011101010
9
101001100111001000111000101011000010101101001010000000101000
52
111011000110110000101011011000100101011011010110011010100100
137
111100101010110111011110111001111100110010000001000010001101
15
100001000111011001011100100111101110110001001000101101001011
117
11110110011001111111101100001101110100111011100011101100010
17
1000100111010110000101100000110100000101011100111011001000
15
10101101000111010011110101000111101000111110001111001101000
116
1001101000110011010000011101011101011101010111011101011
110
101010110111000111101100110001011001001100010010011011110000
18
110011100010111111010110100000011100111000010001011000011111
147
110000110010000010010110101011100010101100100000000010011101
74
1101111001000010000010111111011011101100001011111101110
29
111111110001001001011110110101010001011111010000101101101001
21
11000000111110000001101100000010100001110110001010111010111
146
100111110100100111100101011010001000011001100101111100101000
54
111111000100110100111001101001011111111100001001000101110011
198
110100111110100101100111000000110010001010110010110111110101
128
110110010001100111101100011011100110010011010011110100011100
134
10100101100001100111001000001000100100010001010111111101111
20
11111101000100110101010110111001100101110011000100000100
30
110011101000101111101010111000000110110010101011010110001100
80
11110100011101111111010010001001000111111110011101111101100
53
11011100011010111011110011000000100001000100100101101000110
12
101100111111010011101011101110111010001100001011000100101100
45
110110011010101000001011111100111010110001010111001110001100
102
1111111010100001000000111011100010100110010100111111001111
146
101010100111110000011001111100101100100101001000110101100011
26
101100000111000100100100110101000000011001000011100101010110
110
101001110111000101000110110100001111111100011100111010110101
102
1100101010111011000001010101110011011001111111111100010110
140
110000000010100111100101111100011101111111001001111001110110
192
111000001111000111110101101011001110110001010101110111000011
25
111100000100110011110001100101010000101001000111011001000101
97
11010001111011101000001100111010100000011001100110001100000
22
111001011111100000011000100101000001011011110111101110001010
54
101100110101110100001000001001111010100101000100000010111100
73
111100011101101100110101011100000011000100000011000001011110
128
110101011000110100111110111010010001001001001001100000111001
131
110001110011111101110111101111000100111010111000110100100111
128
101001100001101010001101000010110010111001101100001000000001
197
111011001101101000111010001001011011100000011100100001001000
105
101100001101111000101000110110011111111001000100110000000011
56
111010101111010110011101001111000100111001001111110101010101
44
100111001100111100001010101010110100110001100010100010110111
199
101100011000110110001010101011111001010001101100111111101010
43
1001010110101000111110011001011011000010001011111010110100
103
111011010001101000010110101011111101101011111001010111110
103
11111101011011110111111010100101110111110101110111100000
70
111010010111000100101000111000101101011110100011000111000100
136
101100100100000100100001101111000110110100001110100111011010
174
10111010000010111100000101111111001000011011011001010011000
142
101010011001101001111010101000000011011100010000011010001110
56
111100001101101101000111110100001000101101001011010111100
56
11101100100000111100000001111000101101111011001110011011110
175
101100100011111110100010010010011010100110011001101001
104
110000011001000111111011110000000011111001011101101000100011
198
101110100001111000100010111010010010010101001010110001011111
61
101001011001010011101110001001011011101001110010011100111111
185
10111000100101001010001010011011110101001100110111011
106
10110010100000001010001100111111001001110000010001100111111
109
110110110000011001111111110011110100110011101011001001000010
48
1110011100001100001000011110101111000100101000100011111
165
100100010111100100101011100001011001101011001110101101100001
134
10111010111010101101101110011101000111101111010001001010011
59
111101100101001010111001110010110011000110100001100001000101
26
11101111010011001011110101001000111011101100010011010001101
187
100101100111110110101110111100011110010001010100100000100101
46
1000000110000001110110100000011011101010000001110111011001
13
110101011101010000011101001001001111111011001110110001011001
113
100001000000101101001110111011110011100101100110001100010100
41
101111100011111001010001010110101001000000011100010011011111
130
111101110011101100101011111010111110110101001001010110110110
33
10000110101001100001010111010111110010000001101011101110000
21
110110010111100001111111000010110111110110111110000000001100
115
111100101100100100101101101110101110111101000011110010010101
128
10110000001100111111110011110000010011101110100110010110100
62
111011101010001000110100011110001111110011100101110001010110
143
101001010101000110111100110010010010000110111110111000100111
77
101000011101110011111110110100010010111100011111011110110000
25
11100100010010101110010001010001101001101010110000001100010
31
110100101010010010110101001010000110111001111000101010110000
93
101011110111110011010101001001011000100110101110000011001000
48
1000110111110101110011111011011011110110110111101110011111
106
111100000001010101010110110010001010101110010111111110100101
22
10000001010010011100100011011100000101100011010111111111011
157
11010100011110010110100100011010101110000011011110100001110
77
1111101111100000101101111001111100000110000010010100000101
62
100101110011101011001111111101001010101110101000010
196
101000100110111001011010110011001001000101010010001110110101
167
1000000010001001110010001110001011110011010110000011000011
147
10001000111000001100111101000100000001011110101101001100111
44
11111111110100000101001110100100110000100111011100110
56
100001110010111011001011010000101100110111110010111100001001
104
11100010110000101011000110000000100001100111101000010001001
86
111000011011010110000101111011111101011011001101100011010101
123
100110100100001111011100100100110101110100010100010011110
56
110110111001110100000001110000000101101100101001101000101110
35
101100110001000110010010000101011011000110010100110000110
128
11110100100100111101111011111010111011101111010110001010001
61
111101100100000011011100001011111100110011011100111110011
158
10110111011010010001101100010100010110110111110000010100000
140
100000000010101110001100101010001001010100010111111110111000
72
10111010000111101000001110101110101100010001001100110111001
68
110010110010000101110011100010100100110101101010000001000100
101
11101100001010101100101101110111100011111001110011110111011
43
10000100011100000011100000111010101101010111100001000111000
112
110111111111001011101010010100101110110101001011101100110010
89
111011001010101111000111110100010100000110100111111101000001
10
11101011101100101100000101011101000110011001010001011010010
199
1011011110100001111101000101001101010101101000001011110011
77
11000010110101000000011010011100101001000111000011000010000
61
10100000001101001001100010101100110110011010000000011100111
167
100111010001001000111011111001011011101111111011111101011
95
1010110011000100101010000000101010110010111011000101101001
156
111110001011010100100100011101000110101111001011001011000000
121
10000011110001000000111111111011000010001101001100101011000
34
1100011010001101001111000001101110011111111001010110111111
69
101011101011001001000000110010000110110100101111110101101111
99
1101011001101000101010111001001000010011000000000111010110
134
10110101110110100000110100110101001000001111101101110110010
93
101011011100100111111101111000101000101001110011100001001100
173
10000101101110001110011010110001111011110001010001111010000
136
100110101110011110011010001111100111111100010001101101000000
54
101000011010010011011100011000011100111111011001001100010010
100
101100100101110111100110101010111110111010100001100000011001
84
111101010011010011010101000011100101001001110110100111010100
55
101111011101110000000011101101100011100011111111010000110
25
101101100111100010001011101001011101001111101101110110111100
59
111001001111010101000001111000010101011111000011100011100000
189
101011000011000110111101010000110011000000101000110001010010
181
1011001101000000111100011110111000111000000101110011010110
120
110001000100111000010010111111100100110000111101011110111110
132
1111101101001101100110101001011000100011111000111111111000
112
110101000011110001001000101110111101100111010010111110101000
10
1010011001111101110101110101001001110001100001100100010011
87
1101011111000001111011011001011011011001000101111010010010
80
11010110100001101101001110110111101110111100101111100010010
58
1000101000101111001100111101001100011110110010001100101
177
100101111001000110101010000001000101011010101100001111110011
21
10110011011000100010000101101101100110110000011000000011101
105
100010011110010001101011000000111110010000000100101100100
136
1111001000111100011011111111000010101010100011010100101
97
100101000001000101001101100011101001001001110001101100010100
172
10111111010000000001101111111111111001011101111001110111011
169
111001100000100101011001010110000100100010101111100110100010
121
110001111110000100011111101100100011000010001101010101100111
164
1111110100111011111000101101111001001010111101111010111010
8
11110100011001110001000010011101011011100011100001001010101
10
10101111000011000010010011111000100101100111000111100010001
61
11010101011111001011111110111000010101001111000101010000100
139
101001001011100110100101011100001011001111111010001110001010
122
101001110111011100000110100000101111000101010000011100110
188
100100101010110001000100101001011111110001100010001110100101
171
11000011010000011100100110010100000110101110101101000
16
100001100110010000101111011010110101101011011010111001010001
135
101110011001101001010010001110100100010011011001101110100010
175
110101111011010011010000101110000111011010100000101111011011
96
10000101110000001010001101110111011110011101100101100100
120
110001011001000100111001110101010011100001011011101100011100
40
11001000100110010010000111011100100000010100010011101101101
155
111011011001011100011100010000000101001101110100110110010100
78
100001010101110110100111100010000001010001011111011100111011
151
10110000011011001100101100001000010010100001011000000010110
137
1110100000110001100000001001110011100001000111000100010110
156
111010101100001011011001010010111010010110000100001101001111
131
10100001110011011110110000000001010010110001111100011010100
92
1000111010010011010000010011001101100010010100000000001010
44
100110011111011000101100100100011110100001110100010100011001
128
100010000000000101001110011001000000101101001101111100111110
35
11000000111100111000110111011110000111101101011110000101111
183
1110110101001100000001111110000000011011011100101000011110
144
110011100100001001110101010110010100101110111011110101100111
32
111101111010010001110010110100011101111110011101010101011011
7
10110110100011111101011100000001111010110110010000000001000
133
110110111111100111100100111011011010111101001101100011100010
117
10101001001000100111111100000100100100101011011100100111011
186
110001100000110110001000101111101000100011000100111010110010
52
1110111101011100110100000110110011011100110101110000010001
102
101100101000011101111111001010011011111110011011011000001111
114
111111110111110101100110111110111011110010110001000010110100
16
1010101111101010001011111111110101001101011110101100100
169
110101100011000011010011011001010000011101110111011101100000
93
100101110110011111100010000000010011010101110000110100011101
27
1001110001011101001000110100000011111100010111101010000001
58
110010011010110101100110110010001011100111000010000011010110
163
1011010111010100101100111000000110001111010110010111111110
65
110010100111011010011000100010110010101100000001000100010110
109
110011011010001111000010111111001111000111111100011111001001
14
10001001011100000111111110011100011111001111100011111111001
185
111111010111111010000111000001111111100001100011010101011100
122
100001101111001011111100101110011000010010110100010001111000
42
11101100001000001100100010010000010101000000001000100101110
108
1110101111111101100100111010011000100001011101011001000110
146
100100000100011000000011010110100011100111100111001000000110
12
100101001110011001100100101111010101100010111110001100111000
69
110000000100101011011010000010101100001001101100010011111010
48
11001001000000001110111100111100011000101010000111010000101
194
1100110001101000110101100101101000101100000010001100101100
175
111000110001000100011110010000110110110100111110001000010110
104
10001111111000011110111010011001110011110010110111111000000
50
11101000001101100111001001101111100111110011000110001011
68
10100101111011111000110110011111100010011001000100111110101
69
101100000111011010100101101111000110100000110101010101001000
81
110000010011111010100001110011001101111001001010111000010
67
111010010100011000000001101100101100111101000110011100000001
54
1110101111100110110101010101010011101010110001111110110001
175
101011010001000100001100110111110001000011000011000001011011
49
1001100111011111101111100101010110100100110111101111101
55
101010001001110111100110010001011001101111001001001110101101
147
110000001101000101011010001001011111111101111010100110101001
108
100110010010110110101110001011000011110101110111000111110010
167
101000100010001111111011111101110100001111010100001000111
99
101000010000011011010000000011011001101000101111001101001001
106
110000001110100000001110101111010101100101101101100011100010
62
110000001110111010001101000101111110100011011000000100101001
64
1000011011101001011100101010111101101010001100100010010
90
110100111101101000111101010111100101000110000001000001
99
100101001011111100011010100001111001101100101011000101110001
72
100000100111111110110001110110010101101101000111110101000100
46
111011110011010001101100011111111111100011100110011010101
68
101011001110101111110100111110100011010010101100010111100000
177
100011111100110000010001100010011111100000001010001010001000
21
111001010111000111111001101001100000001101100100011101111111
12
111010100011110110011011110111110010010111111011001000001001
169
100001100101100110100010010111010001110100001101010000001010
108
11011001110100000001010101100111000001011111010010100000110
90
1000111010010010010000001111101000100001000100011111111110
170
101100011011111100001011010011110001000100111100001001001000
98
110010110000000110010101011001000111101100110001001000110001
2
111110111010011101101101000000010010100101100100001010101110
30
101001010101110110000000110111010001111001011010011000101001
24
1101101010110110001010001110101110101101000111001000
42
101110000000100110100101111001101101111110110111100100000001
117
111011011010001100011010111010110001101010111010001100010101
128
100000000111101111100000001101111000000100011001100011001111
84
11100000101100011011000110110011110110000010000110111101100
17
100100100011011101100100000100001100000100100111000110011101
18
10011011011100011100101011001101111110110001010101010011011
51
100101100111001001100110010001000100011110010111111010110010
186
100100111100001001010101111001111101100000010000010000001101
25
100000011011000100001000011100000001001010011100010101110000
161
101111110111000011110010011110001011100010111001001100101011
192
11011101111000001110110101011000000110101110100100100101001
115
10100101001010100010011011000101010100011011101100001111011
51
11001101101010010101100101010010011110111101011111001100100
146
111101101101010111100100101011101001101110111110111011111111
154
111110001111111011000010101111110100001011101011000010010110
63
111101010000100000001010101010000100100011101011011001011001
111
100101001001000011100111100110110010000000011001101011101
56
101011101000110011001100010011110101101101110111011011010000
58
11110010000011010101111010100010111110000111001011101111001
122
100111000000101111101011111110010011011000110000010111110010
182
1110011001100100111111011100001111000101001000101011110111
49
100000111101111000101101111110000001100011001100010000000011
15
1100101110000001001100111000011010100010010101011111100
92
1110001010100010111010100110101101111100000110010001100010
116
101001111100000010111100100101100100101111100110001011100000
148
111010000001101010010000010110001000011011111001011110101001
63
1011111001100010011010100101011011000111111111011111000011
195
101100000111111011000001110100011111001101101000001111000000
73
1001101000000011101100010100011010011110001010100100011001
122
1111101010010001000100001110101101100001101000100101110001
185
1010000100101101101000101000111010001010111000100101111101
12
101011011110111100100101011010101110111011011010100001100010
38
110111011011110000010111010000001100011001011000100001100010
150
1100010001111011010010111010011110001000011100001110001111
88
11000111011001110110101000110000111000001110100001111100101
196
101010011100100000010100000101011101000100100100111111111111
129
100010101011111100101001100110101110100100101111110111101011
110
11001000111110011000100010000100101000111001101111110101101
97
10000110000100010111011001100000101100101001100111000000010
138
11110101011010011011010000011000101111011001101110001000010
21
100000111001101110001000010111111011001001111100010110101111
113
10000111010001010101111100110101101011101111110110101001101
95
111001000000001100110100001011010000010110110111110001000011
191
100000101110001111011101100110001110000100100000011011001101
140
10010001000011010000111111001011000000100101000011100110101
111
11111000000110100000111100100000101101100000001001010001
192
1101000100100110000110010001100011111101011011001000000110
119
110101000011110100010110110111101100011111110111100111101001
26
110000101100111001000110000100011010101011000100101100110101
103
10011100010000111110010101011111100000001011010101001011101
11
10110110011000101010101100000100100101101111111101001100101
143
101010111101111001011100111001000100011110010001100010000101
183
1110101010000111001101100101101010000111101110111111101111
197
10101011000000111111001000100110110010011111011010001111101
197
11101010011100000100100101001100011010001110101111100011111
34
110100101110011010100011101010010100111011110011001010111010
119
110010010100011001100000101000110110011101001001001000110111
77
101011010101101000011101110101100101011110101000100000100000
124
110011110100000000010011111001100001010011110110100001100
141
100011101010001011010100101000100000011000001100101010011111
84
10010010110011000111000011101100101010100101011011101010100
194
100001111111111010111100001011001011111011110000000000100000
158
11110111000110000111111011100010111100000011001010101001010
140
110010100000011100010001001110110010011101100100101111000101
98
111000100011100110111100110001010111010101010100111111001000
75
11111111011001011101111111111111111011111001110111110110010
187
100001110000100101010010000001000000101110010010100000010000
141
100110111010101001010111111010000111100110001101010001011101
108
111001100100111000101101010011000000110001010100110010011101
150
111011111101000110101111101001111011011110111011000011001111
112
101110011100111101001101110111100011011010010101101001010110
64
101110001011110110111110000110011110100000001110101010110001
75
100001100101000101000110110000110010101010001010011100111011
65
10001101101010111001001011011010110011110110011101000011
69
110101100111001010010101011110010100100111011100011001100011
55
1111100101100000011011001110011001110000111111110111101011
61
110001111100000100000111011101010001111011000101010001110111
98
101000000100111100001011111100000100111010001111101011010100
92
100100011101010111100000101000000111001001000000111000101001
140
100011001100010011010101111010010111100010100101111111101001
79
110100110111010111010101101101011010101100111101001000101110
27
110110010001111101011010010000000100000101010000101101110111
190
11011000100001101001011101100111110100100011101000111111010
89
1011100000111100011100001001011011011001100000110101010111
39
101011001001000110010111110100100001101010011111001011101111
54
10000011110011100000100000011100011011010110001110101111011
163
101110111001100001001100110010101000011001010100000011000011
193
10000010101101100111101100110001100000000011100001101000100
129
110000100101001101100101000101001011111100110110000100110010
188
10000001111110101100100101010110100100110111011100001111010
80
100111000010100110011010010111000100010101001110011000100100
67
100001110000110100110011101100111011001110010010100111101
103
1100101100111011001110111001011000001001110000010010100110
83
1011110100000010010000101100100000011011100001100010000101
175
110101110011000110000101001001000011001000011111000011101010
42
1000101111111010001111100010011100010001100100011010000001
136
110011100110101111111011000000100110011100010000010100001100
97
10011111110100111110001111110010001011000100100110111111001
22
11001111111111110101110110100101100101011011011111011011
132
11011110111001100110100111000111111001100010111000101010000
39
11100010001110110101101101100000100111111100000101100010010
12
1110000001100111001100110100101111010100100000000111111011
75
11101010001010010000101100100001010101111011001110101010110
19
10001001001100110010001111101010110100111001000001001011101
82
1010101101000100000111111101011100001111000101111010011010
86
100111110011011010110001000010000010110111000111101110111000
149
11110011100101001101101110101111111011010100100001001001110
155
1011110011111110011001100010001011111011011100001001000011
77
10111011000011010000111000001011000001010010110010010010110
88
11011100110011011010010101010100001111111110000101001
155
100011000010001000010100001010101011001111000101001110000
190
10100000100101110100001000000001111100111110001111111101000
170
110000111110110011111011011111000001111000010011111110101100
59
100111110000101101001000000010011011101010101000001011111110
18
10101111010001011101110000110001111011110111010100011101001
18
101111111101011110111011001111110000000000000100011001011010
119
100101000001000010101001100111010110100011101001100110110110
130
100111001010001101000010000100100000000010000010101010111000
90
110100110111011010100000100110011010010110000010111001011001
163
111111010001110011101010010010001011100100011011010001100101
106
101100010110110010110010001000010011000000100000000111111110
46
100010100010011111110111010000111000110111000110011010001
115
100101111110111010001100011100011001111011110101110100111100
44
11010100001011100110000000101001001100101010100011000100000
48
101111001111011110100100000010011000001011111010111001110110
57
100111010001011000000100001010110111000010100111000011101
120
11100111001001100011001110000111000100011011110000011111
102
10000011111110111101000010000011010000010011110000011011101
92
1100000110000101100000111101011000110111010101111001111111
31
10100000100000010101001011100101010011110010010111001010110
47
1111110110110100101110001100101110110000010100001100110010
171
1011111101001000011000000100000100110101000000000111010011
81
110110100011010000110110110111110111000011100100111011010111
111
11010111100001110101100111100000000010000111100111011000001
120
111001001111101100000100110000001001001010110111111010001110
72
11010000011110111110010100110100000101101011110011101011110
124
110100100111011111101101011111111100101010111100001001110111
157
11000111010111110000001011001000001010011010110000101111111
15
10111111010001001101100110011111100100010101011000011111110
111
111011110010001111100011100010011010101001110010011001111100
108
1100001011100101110110111010101001100100000100010000111111
166
111100111110111100001011110110000111010010101110001100011000
67
100001100000011110101010101101111011101110110001000101010101
53
110001111101110010100010000110001001100001001000001010110
35
11101110111010011010001011000010101010111110000111000010111
58
101111000011111001100010110111011111000100011011111010010110
170
110110000001101001110011100111010011101111001000111010110110
133
111100011101101000110000010111010110111110111010000101001010
197
10110011111110101011010101001001001001111001100110111000110
63
101000000001011101111001110111111001101010001010011011101101
191
111111100101101111010011011110011011000100010100010001010101
117
101001010100101100000111101101010001000111010110111101100101
49
10101010001101011110010011010011011010000111011111000110010
187
10000000000101011011110010001011000111010111101000010011101
188
100010101011010000000101001011110111110000001101010110110010
129
10000100100011111101100000011110111010101100101001000000001
124
1100111011110100010011101001011000000101100000010001100011
92
10001110101111010001001011011000100100110110011010101011011
72
110011100001010001100011010011011010001011110101001001100010
161
111111100000011010011100110101001010000101001111010101100
6
110010001011010011111101111110000111010001010010010011111110
92
11110100010111110001100000110010001100110010101101101011111
136
1010100001011010101000010101010000101100101011000100101111
183
10000111111111111011010111010011001011011100110011000011101
114
111000101110110001011001100110111010010010100111011100111011
129
110111001000110001001110011011110110001100010011111001101111
173
11011001000101110111110000000110001100110110100001110011001
158
111010000100001000101111110110000000010101110000010111110011
107
1010001100011011110111111001101011011111011011011011100101
111
101000001100100001110011011111010011001110011010011010011000
68
101001000011110010010001000001111000011101010110101111010100
33
101110101011110011110010000110000000100101001010110111110101
136
10100010010100100000110111011001001110110000110010000100000
90
110111001101010111011100101110101000000101111100011001110100
116
10100101000100010110110000010010010000000100111101000100101
18
100111011110010010010100111010101101010010100000000111111001
161
1111101000001110011010010111001111111100100010010100000101
187
11101110011001111001101100001010000011100111011010110010011
66
10111111101000000101000101100100100011110010010101011111110
181
1110101111110100100011110100100010010111001001011010101100
141
110011001101010100110001101001100100011100000111111000011
80
100101110001010101100101111101101111101101001100011100110110
142
10010010000001010001101001111010111110111111101110010110
53
101100010101111101111110000000011011000001011011000001001
2
101111101110111011111110000111000010101010011100011000011011
187
11111011011111010000000010111100011001011101001010110110
36
101101010111100100000011101110011001100101000100101001011101
115
110111010100001001000010110111111110100000101011011001001101
114
11100010111011100000111011010100101111101100000001111111010
84
11010011100001011011100101000011001000110011110101001101111
84
101100111010101100011100011101000100101100010010011011010111
46
1010010000000101111000100001100000100111000000100000111110
129
101000000010001100101101000011100010011100111110100001111010
79
111100101100101001110101101100000000100100110110011010000111
123
100100001010000111100110010001110100000011110110010110010110
97
110000100100110110000000101101110001000101010100100010100111
103
101110111000000011111110000000100100011001101111111111111100
20
11101011101100000101001101100001010100001100011001100001110
40
111000011000000111101000010001110010111100010011010011111110
176
111101000010000001000101001111010001110011100010001101010011
108
110011101100101100101001011001111101001111100111001000110110
8
10000011100011001110001010011010101001100001010000110111100
145
10101000101001111001111111111101110101001101010000010111000
143
111011101110111101100001001100111111110011101100000011011101
166
11101101110100100111000001001011100011110011001001000101100
60
100110100110100110001110110001110011011101110000011100100111
52
1010110100000001110100110111001100100111100110100011000110
186
100001010000101001001100101011001101101110111000110100111
42
110101110001110100010010111110110101100010101111000101110001
104
11001011001101010011111011011001000101100010010110101101000
198
10111000000101000000111111011011010010000001011000001101000
199
11111111001100000111101001110110001000110111101110010000010
31
111000111010000111110000110001110000010011010101110110101110
139
110000011100111111110001111101000111011011100000110110110110
82
1001111111111000111101011010000110100000011101001000100
54
1001101101101000101011000101000001100011110111110010001001
44
101100100101000010001111100101010011100100000101011111110000
6
111001011000100100001001111010010111100101111100111000001
16
110100101100000011010011000101100010110100001001101000011
113
101100111110110110100010101110110100101011100101101111001100
195
111101101100000001100011101011111100001100010010100001100001
157
10011000101010001010000011001110101101010100010011110010010
76
101010000010111111100101101000110011000000101111001110110100
109
101000101110011001001010110111100110111010011000000100011010
48
11010110111010011001111001110000000011000001111010001001010
164
11110111111000001010001010101001010011010101011010011100011
104
11010000011011110000011101000101101000010010111010100100010
192
100111000100001000011111101001001100110101011010011110011101
120
100111110010101011100101001111110110010010010110110100111101
70
100010000011011010010010010011000110110110011001100000101011
18
101001001000101111000111000111100111011101111011111101100111
140
100011101111110101010010001001110101000001111000100110100111
120
11000100110000100010110110100110111000010110111100101101001
188
100110100000111101101110100101110010000011010000101000110110
177
100111101110100010111101011010000010101111101111110101000110
122
1011011011101100000100101110000111101001000100101111011101
100
11010011001100110001011101000000100001101110011110100100
134
110110111110110011000110111101111001101101011101111000001
182
111100010000101110111100010101111111110000001100010010110111
130
1100001000110001111000001100011111001011001001000000011001
148
1010100100010001010110100110101111101010000111011001110110
73
111010000111001111011110101110001111101000000001000011000101
196
100101111111010011000100000111011001001111111000001011000101
69
110101100001110111101001100011101110111010010101000010100001
62
111011111110110101000001010100101100100001011110001010111110
119
110000110110101100101000011011111101011000001111010100011011
122
110110101111100100101000101001100011000100011011111110011101
12
11011101000000101111001000001000111100111001011111101110000
133
101011111001010001001000010011110100000100100000111100110001
166
10000000000110011110101000111011011111110001001011101111011
68
11001001111111011011110110011100101111011100100111110010
136
110111001111100000010001110101110010010010111000001001010011
78
1010001001000000110101001010011010110101111110111100111101
73
10001110000011001001000110010001110011111110011110101001101
87
100001010001010101001011111010101010101111101111001101010101
23
11001010001000111011011001001101011111110111000010101100010
18
110010100011000100001111111100010111000000100011001100101010
96
110110010001110011111101101111110110000011110111100001011001
106
11000010010101100001100100110101011010010010101110110111101
29
11000001011101010000101111010000011000010010010101011000011
107
111101111001010100110001001000111010101100111101111100010000
103
10011011101000100110101010011100111010010101000010010101010
81
110010101100101100010010000000001011100001101101011011100
13
111101001111100001111110010001110011000000000011110001011011
91
11100000011110110111011010111110100110010100100110010111100
83
11110000000001011010000010000000000100100010010010001101011
49
1111100111011011101001110101001010110000101011010000010101
158
111001111110101111111001010001101101101101000111111000011111
169
1000100010100101010111010111010101101010011100001111101010
84
110010111101101011101000000110011110011111001100010000111010
43
111001101110001101100001100101100000010011001001101100100110
168
10001110110100111111111000110110000100110001010000010111
126
1111101100011101000011110001000011010001001100100100110100
188
10000111001110101011000011011110011101010111011111010110011
123
110100100010111001010001111100001010101000001000010001100100
133
101101111110011110001010000010110111111000000001011000101100
103
111101001110110110101011101001110000111111110101101011111
67
1010000011110001111011110001100111101111111110000001
95
110110000110011000000100111001011001010011001111000001111110
15
11000000010110101111001110101010100010100101010011000101111
44
101001101000111011110001101001011101000011001010101000001101
114
110111111110011001111011110010100000000111010000010111100001
111
111110110010001100100000000000000100000101110100000010101101
117
101100000111010100011010111011100111101111100010000011011000
54
100111110110011111001101111111100100100111000110010001101011
94
100011111100111111011101010000000010111100100101001000001011
196
111100001000111111111001010010100000100110110001100011011010
65
110100110011111111110101010000011010010110001010101001101011
15
10000011111001110000001010011110111010000110111001011101100
199
1111000110101010111111010011100110101001110100101101100110
6
111111110110000111000001101001100011000100111000001101100
78
111110100001001101100100111101110011101011001001010000000111
77
101000010000010000101010000011110100000011010000110001011100
143
1010001100100000101010000011101111100001101001001011110000
48
111000111000110111010101011100101111100011110101001101001011
86
111011100001000110000000111000101110100010000010000001011001
141
101010110011001111001111000010101000011110100100000100100101
192
110110100111011100101111101101011110011100011101001100000011
145
1100001111000110010100011100100111100010001101110000001101
26
10101011101010100001011110110100111100110110010011000000011
1
1101110101000111011101111010011001100010100001100100011001
94
1000111011001100001111010101001101100110000010001110101100
36
110100100010100100011010111001011111111100101000000001111001
145
100110010111101101000111111010100010111010000110001101110
71
100001000111001101101100001111001101111000100010111100010100
70
111111000000000010101101101010000011011110001011110111010110
25
100010001000001100111111101101101011110001111110100011001101
200
111001110001100101011101100101101010110010110111001011111010
137
101010100001101101100000011011110001101010100110010100011010
66
100110111001000000000101101000010010010011010001110111101
14
110011111111000011110001111010101111001100011111111011001111
126
111010110000010001001111000111011000101010111000010111111001
58
110111011010101111111010111111100001010110000010000101101110
172
11100001100010001111010000110111110000110000111000100010110
198
111101011111101111001110011000111100000110000101011010000101
2
110000001001111010001001101000100000110000111111000110110001
24
111010010111011111000100010101010000110011001100101100111111
41
100110011101100110001111101110111000101110011100010100111001
68
10100100000000100101010001010101011101100110100000010011101
105
111010000110111111110100101111100110111000101001100101110001
125
11011100010000100000110111111001100111011000011111010000001
1
101000101000100111100101011011101101011001101000010000101001
152
100111111111000000010110101110000010110000000110110111001001
90
110000010110011001001110011001001100100110100110101110001100
138
1101100011010010100000111111111000010011110110111110110
190
1001010101111001111001011000001100000010100011100010011111
129
110101001100010010100110100111100101010000000100000100100111
103
100001000110011001101111000000111011001000010101010100110011
152
10011100001111101101001010101111110000100011011011000111010
159
11100000000101111000011011101000001111111100100111010110110
58
111011011011100111111000000010001000001110000111110000000111
166
11000111011101010001001001000000011110111010011101010100110
179
11000010000100100111000010101001100001100100111110101111101
81
110111001100111000010000011100010111001010100110000001101
52
100000010011110011011111101000110011011100011001100111100111
9
110010111000111110011110000001000110110110000101010010011011
140
110010100010100000011110010011000000001111000000011010101110
121
1101000011110110000101000111000010100111111101110111001001
34
1010111111010101110101011010110111111110001101111011001011
71
101001000010101100101011100110011110000101001010100000000100
135
11001001011000101101100000101001001011100010101110001001101
48
1010101001000001110110001000100000000101100000111111010001
165
111100110110001000100001111010000010001101010110111001101010
128
1101000100001110000110110110100110111101111001100110011001
85
11010101011001100011010110011111111111110011110011110111000
182
100111000001111100110101101100000001101011011001001010110001
3
11001100110011110010011111100111111000111000101010011111110
49
101100001001101011101100010111011100001101001001010100
68
11100001011101101111001011110111101101000011110010101011010
174
110100110000001010110101110111010100101000101111010000110011
121
101011110100101101111110011001111011010100100010000100110101
70
1011011101001001101000010001101100110110010000000100011111
173
101111011101011101111111011111111110111010011001001111010110
168
110001111001101010001010101000111010000100101010010100101100
89
10110000110010101111101101110000011001101011000011001101001
138
11110101100101101110000111011100001111101100001000110110
124
100011000001001010101000101101100101000000110011011010010010
155
11100101100000011000010010000111110001011010000000110001101
172
101110110101010001010100010001110101011111001111100000111100
67
100011000011011100101111010101110011011110000011000010000011
189
100010000110011011110101011011111000111000011110010101011011
199
110001000110110100000110110011101101110000001111101001000010
65
110100111001111001001101000101111110001110001101001000010
115
100111100010001000101000001001000001110001110111110000101010
75
1111101110000101011101001100001010100100001100001001010010
14
101001111001000111101100000101101010101011000000110000010100
199
1100111010010100100000010001111111011000000001010001111000
156
110001101110010111010010101111000000011110000101111001100000
64
110100100111001110010010100100111011100110101001011010010011
108
11000110110100001101100110011000010101010010111111001111
121
110000011001101011110011010000101000100000100110011011011
159
1011010001101011001101001101010101010001010110010110010011
54
101000001001001111100000101010011000101110001110011010111001
168
101111101001100101011000110111001110011011111010111100010011
186
101100101111011100111001010001101000010111011100001111000011
186
11000110111011110001101101100000011101111100100110010001011
184
101000111000101011100011000100100101001010001011111000110001
132
11111010101010101100101001000100000111101110011010111010101
72
111111111010010001001011101101110110010011101111110001110110
191
100011010010010011100100010100100011110000111000100101110000
150
110110100010110011011110101111101110110101000000000011111111
49
1100011110101000111110111110111001101100111010011001110
172
1110011110111100101111100000010100001000111101001000010110
118
10111000111000011001010100111110001100110001001111101101101
44
100110011101111010110010100001010011001010110111010000110001
122
111101010011001101101010010001011000000000001101011010100000
157
100010100001100111100101110110100010100001000001000101101100
119
10010001010100110000110100100101111100010100010010110110100
47
101011110100111100101001011100001110010111100111011001000101
165
100010110101111000000010111100001001100001001000111100011001
100
101111011000110100111000001011100101100111001001101011011010
130
111100000001001101001101111100110100100110111011101110101000
181
111001101011100001110000100101101110000000010000011010010101
47
1010000001010000101010111011101111111011010001011001111111
117
10001000110001110101111010100100001100011000000111001110011
169
100110100111011001011011000011000000000010000110000101001110
105
111000101111001101101101001000000011100100001001111000010
84
1000111100100011111111101100010100000001111000110100101101
171
111011000000110100100000011100111100000000000101100011100101
182
100001101001001010010110010000010111000000000111111000001111
96
11101101110011101000110100000010000000101010001001010001011
156
110100011010000110101110011111001100110000011110100111010111
124
110110100101000100011100010100111101100111111001011011110111
19
10000010001001000111111000101001000011000100001101001001111
45
100100101010000110010010101100011111101000111110111001000111
146
110101110111101100101000110100011111101111100110011111010011
11
110010110110110110010110101001111101011000101001010010111111
67
11110110011110001110011001100010010101010110000101111010111
195
110110101100001011011100011100001001100000100111101010010110
88
1000101000011001110100010101110010110000000011110011010101
75
101001110110011101110000001110101010110010111001100101111
52
101011110011111110001011111011010111101100110110100001010000
136
101000000110010000100001110011100001110100111110110100011001
144
111110000001000110111001101010001000011101011011000011110
85
101001110000101110010101001000000101100010010110110111000
157
110100000101010011011010000100010101111101100110001011000100
137
110101000100111100011000101010000110111110001100010110110011
138
110010100000101000001101010001111100111111001001000001100101
54
10110110011011011011110011111100001110000011101001111111
138
100110101111100101110110010100011100100011000011001001111011
130
101010001010000111011000111101111100101010000000011110101101
164
111011000011011001001001101101000110110001000000100001011010
1
101111000000001101111111001101101110100110111111100110101101
41
110011000100011011010110011001101000101011001010100000111101
193
11001010001111011110001101111111111010001101110011011010100
109
101111011100010111000000100111110000100000011110011101101010
139
11000010111010011000010101000010110111001100000010001011011
163
11100010001000110010111001110101111110011000101111011000101
25
1101101100010001011000100010100111110001111010101010011111
106
101000011101011101101110010101111001001100100001101010011111
166
101111010101010110001001011001000000101100011100101110001111
132
101111101001011011100111010110100110101100001010100010101
101
111110011011111100011000111111110100111101101001100010000000
106
1001111110011001010011000011100100011101000001010001000
26
11010100011001110000110100111010111110101010101010100101100
62
101011111110011000001101010101010111011010010101101011010
124
10000011111101110011110100110100000110111011011010011000111
51
100000101001011010101101101100010111010011001110101110011011
125
10010011011101000110110101101010110100011011010010011001
15
100100011101111110000111001001001001010100100111101011110001
180
100110111011001000010100101001010001011010100000001001010111
132
111000001110010110000011001100111001111100001100100111100110
105
101100100101101100111110001101111111110011000010100100001010
1
11000001010010100111001110001100010001000000101110000110111
97
111101011111101001110101101110001011110111111111001010000101
77
10011101100000110111010101111000000100111101111101000010111
171
11000001101100100000001111100101111011011010110011010000110
20
11110100010000111001001101101010001000111011000101001000011
133
111111111000101011011001101011000011111101100001110110110011
115
11001100010111101101000000110011110001001011110111110110010
138
110100110111010011100010110100010101011000111100111110100110
24
11110000001010111111111000111000101101110001000110000110111
114
1101111001001110000101110011010100000000101100011000011011
49
101000001111111001111011011110011100010001100101101011000101
145
101001101101000110001000001101001010111111011010110001101001
18
101010100110110100011111100011001111011010110000111000111001
112
101000110011010111111011100111100011110011110111100001110001
26
101000110111011011101101101010101001110100001010101101110111
95
10111000000100001010100010000010101011001100001011010011010
102
101010101100000111101011001110101110000100010101011100000011
146
11101000001110001111010100111111101111001100110001010001111
15
111110000100111101111110101100111111011000011001000010010
115
11111000011100101110000100110110010010000110110110001011111
21
11001011001001101101010101001101100011000110011010001010011
167
10111111001001101100011100000011001011111001101100001100011
130
111111010100001111110010011000110111010001010011000110100
112
11011000101101110001000001100001101100100001101111011101100
101
11110011110001110110000100101011100001111001010001000010
160
11001111111011010100010111011011110000011110011011001101000
173
100010001110000101010110001011000000110010101010010001010111
83
1010011110100101111000111001001111000011101110011110001
184
111100100000101001010100011101000100010111100101111100010110
178
111011110000000101000001010001101110001000001101011010111001
63
10101101101101110111101100111000111000010101011010101001101
166
101110101111010000100100111111001001111000111100101010010000
137
11100011001111010110100110111000000010011010010111011101
50
101100000110010010000000100001101001000001010101001100100
149
111100110011111000111100000011100010100010010100110101101111
136
101001010000111100101110111101111000111000011011011100011101
155
100011101001010000111010010101000101010011111111000010111011
176
111001111011111110101001100100011000100001011001001001100010
150
1100110010101000010001111001110011101001000100100001111011
116
110001010010110011011010010010000010111011010011000101111011
171
111011100001110010100000111100010001100110010000000001111
169
110001000000000010010001101101011000101000101001000011011101
138
10000000101011011100110100010000011001001001100111011001
41
1001100100101101101110100000011111101100110111100010101110
192
100101111010001011101000010100111000000111110111101101111000
38
11000110001100110111001001100111000000110111010101111010100
14
101111010001001101110011110100100000110011100001101110101001
189
11101101000111110111111000010011001111101000001111110100000
159
101101111101101001100001110011101101000011000011110110000
9
100100101000101100110110000100011110011000011110101111001110
86
111011110111101110101110000010110110111000001001010100111001
177
110101000101010111000000011111001011111101111110000101110000
170
100101000000010111111111010110001110001111111110110010010111
137
110100010011110000001111001100010111100110110111010001100100
25
110011100011101010000000000000110101001011101011100111111110
185
101001100100010011000100110001001100010001000010101000000011
117
101110111001101000111000111101110010111000110100101010000001
11
10010000011011000111111110010111011000110110000100000100011
15
1110110110111000000100011000000111010111100111001011100111
139
100000110001101000001101110110000001010010101001000011011111
19
111011011100110000000110010000011111110000000111111001011110
129
10010111000010111000000100000101101110111111001000101111110
16
101010001110010000011101111010011100101101111000100011111000
142
100010111010111001011111111100011010000100101001111000010
136
111000111010111011011000110011111110100101111100001001011011
187
11110010100111111011010001110101010000011110010011000010101
88
1010100110110111011000011101110101011011011111001111011110
122
100100011011010010100001000010010001110000111010111110011000
166
100011101111101001011111010110000110101000011001000011101011
106
101110000010000000010101011001101100010100011101011010100101
185
100111101001001100101111111010010101010000000001111011101101
117
10010110010011110001010001010011101000101111100111111010001
166
10010101100010100111011110111110010000010110000111100001101
176
11001110110011111101100010111000100000000000010111011110100
82
101100000110000011110001111100001011011011001010110010110011
27
10010010100110110100010000111000011110011110101001110101011
84
10110111110110001110001011111011110101111111100101111110101
86
101011010001010010001100100000000000010001001111110001010000
118
110111000110000001000000111110000010010110011110011111011
6
101011100100110101000100011001110110111001101101000010010100
66
1010010000111100010110011011110100110101101110000001010111
130
101101110000000011110110011111111000101000100001000010100010
116
100111001011000000110010011011100000001111101001001111001011
109
111000100110110111000001000010111001110000100100000011011111
105
11010110000010001101010101011110011110110011011001010101010
97
100011101001010100011110100111100011111010110100110110100010
20
111011001100010010111101111011110000100110011110001011011110
59
101110110101100010000100001001110010011001111100100110001001
200
110010000010010101100111010111101111010000010010111010101100
181
101110100000010000011111100001011110101001001110000010001010
168
100110010110011000010101000110000011001110101100111010101010
149
101011011111010100100111001001100000110010110000000110111101
15
11000011111100001111001001110010000000010100110011010111
133
11001011101001011010011101101100000110110011101110000101101
38
110000100111000100010011011110000001101110111001000011
21
111111110100110101000111010111110101111111101111111100100000
149
100100100110000101100000011010110000001010010100111010010001
81
100111100000110000001100100010100101110100010100001100100110
94
10100100011111111101001100101110000011100000001000000001110
165
101001101110111100110001101110111011110010001011100010000000
170
100010110110110111110010011100001000100110110111000100010001
47
1011111100001101010001111000010000101010011000011001001000
155
11011001110100101100100100010111101011101000010100111111000
74
110001101110100111011101011011101000110101100100111101000011
4
110110101000101011101111101010101001100000011011111100110000
89
101100011000101011100111101111010000001010100101010100010100
112
11100101011111101101001100101101011100010001011001010100110
194
101001101101010001101000111100100110110001101011011110
108
11111110101100101001110110101010000111101101101100110101111
147
101001100110111010010011011111001011101011101111001100101
94
100100101111100100001000010111110011001110001101100101101101
146
1111000011000111101111100000010110000100000001010011011000
112
110001111010110111001110110101110001100111011101110101010010
3
11001011101011111011111110010011000110110100001011101001001
66
100101110101110011101011011111110100111110001100101000101110
34
10101111001001000000010111010010100111011110100011100000
97
10011011101000100111011100011100101111110010011100101011100
89
111000111001001010100011110000101111001011011001001011111110
135
1001000110010011110100100110101100110111110100010111111
17
111010000111100000001100110000110011000100100110100101000110
28
11001010100000000001111011001100100001101001010100011010110
167
100100001010010010001110101100010000100001011010110111111010
105
110100001001111000001010100110101101110011100111001111110000
61
110011001001100011010111110001000000011101001011000011001101
73
110111110000100010111110001001100100100010100001001110111000
71
1011001000100011001100100010111101100000011001110011110100
88
10111010010110010000001100111011011000100001111101100111001
5
10001110011111011111000010000100010110010001000111001101000
117
11101100000001011011001111010100101010011000001010000000
92
101110001100011110100000111111001111001110010110011010110101
80
1001011100111100001100110000101110111000110100011000001000
52
101011100010101001101110110101010010100010100100000001001
149
11101110000100010011000101111100111100011000001100100110001
76
101101010100110110000110010011111000011010101011011000111111
124
11101011000100001111111101000101011000000010001100001100101
37
101001011010101110001100011111100110110001001000110111000
39
11110000011011011100010100000101101000101011001011010101001
154
11001101100000001101001001110111011110011010001000100100
152
110001001010111110001001001001100001001100100010111011000110
50
101110000000100100010111101110100011101001001101011111101000
84
111111001110110000011000001000001110001110101110000011100111
81
111100011011001110101001101110110111001000010010100101011001
163
1110101101101001011000010010010001100011001110110011100111
38
101100110101100101100110010000110111010001001011111101100101
62
11100111001110111100000100011111101001011011111110101
184
11110100110110000010000111001111010110111111110110100101
28
101011110000001001100100110001110011110010100100011011111111
46
101111010101101111011000010111100011111111000111111001101100
181
100100101100111111111101110101001111110011100101101011100010
165
10001001010100011000000010001001001010100010100101111011110
22
101100110010001100110000111111111001100000100100100101110001
172
1101011100001010110011011001100110101100111101110100000111
165
11100000100110101100110101011110010000111111100110011000011
29
10110110001011111110101111110010101010000110011011001010010
171
100010001000110001110100111010011110111101101000100111000000
60
101000100001000101111110000011001000111001011110010100100111
126
11010101101111000101010001100100100101100100000001011010001
73
111011001000111110100010111111101011100111110100101000011101
74
11000010110100011010100010011000001100110101011101101000100
117
10000101101110001110000110000011111011011110001111100010110
62
11001010111010011001001010110100101011000011111100000111111
174
10101101011100100011100000001000001000000011010011110101100
46
1010100001111110000100110010010000100100101101111001011101
60
10011000110111101001110101101011100011000110011011011111
109
1111001110010001010111010000101110001000000001001000101101
62
101101101010101010011010101111110001101011010000001010010100
187
100010110011111101001100010101101000000011000100101101110110
123
110100101101011011011000110011011111010101001100001110001001
67
11000100001010011011010100010110111111110100101000101110010
184
101010011011101001101110110001101111111111000000001010011001
193
100110110110001011000100100010000001101011000001011011011
166
101010001100111111011100011111000000001101110101110011111010
85
11001010111111001001000110101010011110100010010100110100011
156
110100110100001111010000100110000000101011101001100001
61
1100000000110001010110111111010000000111111100111100110
20
110011011111111000011011011010001100011001111000110000010111
91
11010011010001001111111100101000100010101011111001101100001
87
111101010000001101000100110100010110000110101111101100100
47
10010000101110101101110010110001001110010010001100111101100
82
111011101111010100101011011001101100011000001010000000101110
136
101000010101011101110011001101010111110100000100011010001001
165
110001010111100010100000100011001100011010011001000111011110
82
111101010000100111100111000010010011000101011000011111110
64
111110110110101000111001111100010111100000101001010000010111
69
111110111010010001111111111011101010101011001001000010011
61
100001000010101010101000001011110100100100010000011110010111
150
111011101111011010011101110110010001111000100101001101010000
110
101101000111010100010101000001111110000000111110110000111000
46
11000001101110011001110111101011011011100001001001110100101
112
1011110100010101010101111010111000000001001011101101011101
58
110111110011101101000000100101110110010010110001101100100101
64
10101000001110000010011101100001001001101101100011010011010
80
111011000010000111001010110011010011101101001111011001010010
173
101110001010000101011111111011101000011101011000101000100011
183
111100100001110001110111011101110011110101011100100000111100
10
11100010111100100011101011011010100001011001110000101110110
101
1111010010100001100100001000111000001100101001000001011111
64
10010100000011110100101111001110001010101000010110011010100
158
11000110110011000110001000101110100110010001011101111111010
54
11101111100100110000010110111100011111010111100011111000000
142
100001011001100010000001000000100110010001111001110101111011
173
100101100001011001001001001000011001001111001001010110010111
174
111000111110001010011011110101011100101110000101100001001111
163
1101011001111001101000110110111011101101001000011011001100
159
101110101101100010101010101110100110101001011000010100100111
146
111000000001011100011110001110101001011101001110010110100000
127
1001010111010100000001000011011011000010100011011010100110
182
101101010010111001110111100010000111100010101110101001000010
83
111011000101111101000100110100010011111110001110111001011
144
101111110000110001001011100011101111101110000101101010111001
105
100110101101100111100010110001000010100010001001000101011100
53
110100110010011001110111111001100111000011000101111000111111
72
111100000101011100111010000111011001101010101100100001100100
115
10000010011100011110010000000111101101011110110110010010100
73
11010010001111001010101011111110011001011101011000100101101
41
110011111000001100101001101010001000010111111010001111001
44
1111110011100000001010110010110111100110010011000100110101
30
101010011000100110000100010101101011111010010001100101011111
100
110100101111001001100100000011000010101111000100010101011111
20
10110001000000100110011100110010101110001000000101000000011
70
101111111101000110101100001110111110000100000111111110000111
16
111001111000000011001100011110010000110010101001101101000010
71
1110010001001110000001010000011011111100111001001001100000
69
111110000110110001001011010100001111011100001101011001010000
163
111100110000000111000011101001100101101110101011101010001100
173
101011100011001011000100100010100101010010000001010100000100
135
101101010110000110000001101101110100101101000001010111000000
36
1101100011000100100010111011000101011010100011001100111110
4
111010000111111110100000111111101101111100010100100011100100
10
11001101001010001110010100000000110010111101011110110001111
49
10111101100110100000011100010010001000001100001111100100100
29
1010111001100010001001110110100000111110110011011100010011
155
11100010110000110011110111111100110001000001010011101010010
78
10101010101100100101001111010001111111011000011001001000001
199
11001001001111001100101101011001101111110110101000111111110
95
111100001101001101010011110101100100010111000101101111110110
22
10001100101100000110011101011011100111011110100101100100010
75
111101010101001011101001000101100000000111111100011101
151
1011111001011100010110100001011000101101111001101110000110
4
100001011010000110110111100110000100010101111000111110
3
100011000100000100011001010111111110001110010101001110101111
7
1101011100110010110001101010101100001011000010000111011001
122
1111000101010001100001011011100101110111011000011100110000
156
110110011010111010011110010110000001011001110111000110111
31
101110000000010100111110000010010101010000000110110011000010
172
1011110110001010001100101101111100111001100010101010101101
133
10000011000011010110101111100010000111011111101010111101010
168
11001010111000110101110111111100000100101111010010110101000
139
11100101010011010000000001110101100110000011000111010100000
47
110110011010110101100111100001011001100111100010111001101101
82
100011110001001111010110110110100111001111011101000010001111
196
100100001111011001010010110011111101101001101001111010100100
149
111101100100011110000101110000000001101011010010110010111110
5
101111100110010110110111001010111010110011111110100100000
31
101111000010111010010000010010011000111011111010011001000010
157
110001001010100001001000100101000111010000000000010011110110
49
1100110011000101010001001001000010111110000011010100111101
74
1000111010100011011100100100110101001101001100000010100001
114
1101100010100011000111001110000011000101111001000010000000
155
101110010000111011101110100110110000111001110001101101001000
140
11101011111101011111101000101000001110010110001100100001010
156
100111000000001010010000101011001101010001111101000110010000
26
1010011010100101001100111111111000001000110000011110100011
57
100010000011011011010000010011001101100000010101100001001110
177
1100010111011011000100111110000000001011000110010010011011
75
11000001100000011100001100000101110101110101101111000001101
44
10001011001110101010001001101010110110110011100001011010000
183
1100100111100111001110010111110110110001010001111110
39
100101001110000100110011110010101001000100110110101110001010
76
11111100110011110010100100101011011111010000111111011101001
19
101101000110111111000001000011011111001111000111110001001111
59
11001000100010010001011111111101001110111010000101111
112
1000110000000100100000111100001011001111110101101001000111
173
110010011011001101010111000001010010010010010111000011111000
197
100100101100111001001001101101100011001010001111000100101
107
100101000101110111000100100000010111101000001010000000001100
75
111011110010001101100000110000010110011011111110010010100010
200
110001101001011100001010101111101110000001100100010011110101
14
111001001101111110001110111101101111100100111010010010001100
44
110011100111100111000000001001010001010000010011010010100001
127
111001100001000010101111010001110100001100110011101111011011
53
1101000111010000000001111001110000111111110001100001101011
28
100001000001110101011000000000011010000100100001100000110101
9
110010001101110110011100011001000011100011000011001001111000
163
11010101001000100001101010111101111010100001000101000101000
107
10111010011110100100101110001010011010010111110011111000101
84
10100110001001111100011000101000010011110001110111110000010
14
1000000001001111110110010010011101000101111110010100100100
10
100110000111001101110111000001011111011000010100000100111011
111
10100011100011000111111001010011000111100011010110010100000
44
10101011011101100100001101110011101110101001110111000010
99
11001101110101000000011010110000101111100100111101000011001
182
101111111100001000100000101001011111011010110100010000000010
176
11000000000100100111010111000010011111001111101000001101
107
110111111000111100110010000000100001011010110100101010101101
186
11101100010101100110001011001001000011101000110011111000
70
111001111111010101010100001101111010000111010000110100110110
49
1000110100111011001101101001000010000011011101000101101100
148
1000000101000001000100000100110011111011001111010110001011
9
11101011010010000000111001000101111101100011011010010001001
150
101010001011110111100010101011000001110100101001101010000001
67
110110100101100101100111010000000100001100110111110111011010
21
11001010000001010000100110101110100100011001110111010100
126
1110011011001010001110101100001111010000000110010101010111
184
1011000011011000000001100010001110100000100100100101000010
129
1100110011000001000111100100111001001010001100101001100001
155
111111111010001111100101010011101001111101101111011011011011
3
10001000010100000010010100001100011011101100001010001101110
31
11001100111111110111001000101111110110101100011110100001100
26
10100010000011010111001101100100000000110010010101100001000
181
11100001000010001011110101011110010101001111000000101100010
5
10100001000011101111110011111011011101100110101010101011010
168
101110101000011100101001010011011001101011110111011000100011
177
110011010000110001011110100011101101011101001000100011110000
33
101011011010011001110111101110111100111010100011101000100000
96
111000100011100011100011000000111111110010010011110101010110
25
101100110000011011011011001001110101001001101001001001011
90
110111111001010100010110101000111110011101101010011010101111
81
110101100001000110100101010100010001000100110101011001000100
137
100111110001101100110110111000000001100111000001011001100
183
11000011001111111001110110010101001001010011100010100000100
24
100000111000111010010100001100000010101001000110001101000
144
100100011101001010010010111110111101000100011000011111000010
65
1001011011110011110010101101011000100100110111011111111111
154
10010001010000001101000011110011111011101101101011001111111
170
101010000110111000111111000100110110001000010010101111101100
143
110101111001010111110001101000011000100001001101011110000001
61
110011110101101111110011110000011100111101011001001010110110
36
11001000000100010000010110110100111101010100011110010100111
163
11111000111101010110100010110110000110000111101111100011100
110
111110010100100100100011101100001101100100011000011110101111
129
100001101100111101100001001110001111111110101101111011100111
158
11001111111100011100001000100001101011011001110110100101010
139
111010111000010111101000000011111011101011110010010000111
76
100111101010001001011010101101000110111110001011000111101011
41
11100000111010001110101110001101100001111001110011101110001
102
1011110011000001101110001000111000010110000011100010100
7
110001100011011010011001000100111111010010001010101001110010
159
101101110000001011100001110001100111000110111010000110110111
11
1110111010100111000110110111110101110001001010100001010001
122
110111101001011000000101010001000010110101001011101110010010
20
11110001010001001001110111000010000100101000101011111011011
124
100101000011000111100011001010110001111110111110110110110011
172
1111011111100100110011001110000110101000000000001001110
162
111000111011011101111100101010100000010000000000011011001100
103
100001001101100111110100100100000100111011111001111101101011
14
100000100011001110001000100010001001111010010000110001011
32
1111000111010001111000100110010000001110111100100000011001
78
1100001111110010100111111010100001111101100000100111001000
168
111001011001000000110010111100000011111100001001011110000010
52
111100010001110110001100111111111010001101000001101011010100
15
1100000010011000111011100111111101101001110101011000000011
97
110000010100100000100100101010001110101000111010000101110111
141
111001011000000010011101101111100001101000011111100010010100
187
110110100000001001110011101011010100000011110000110010011111
56
11001111100000010100111010011011110111000110111110100011000
148
100000010111101011010010011100000010011001000000001111100011
138
111101110100010110011010101101001001001011101011010111100111
94
1110000011101101000011011010001010010110001010101010000000
106
110110010000101011001011011110111100110110100110000101001100
178
10101100010001100010100100000110000110010000000111101001
87
101000001011100000101000001101100010100001011011101011111000
112
110001011111010100010010110011001100100001000101000110011
124
100011110011111011111110011001010001111001011101101010010110
53
110010110111110100001001110000010010000000000101101010000111
128
100000000101110010111011110000000011111000100000010001001000
197
110111011101100000000110111101011100101100001111111100101100
113
10011010001000010001111001000010100100101011101101110100000
193
110011100001000001011100100010100110101000111011000000110000
127
10101101000001011100101100101101000011100111010011101010
187
101010011100110001010010100000111110011001111110110011111
126
111100011101011111011010110010100010101100001101110001111011
70
111001110001110011100101100011000101111110000001111101001110
59
110011101101001001011001110101100000011111010000001010011011
96
1011000011011111100110101100101100011000111001011010000001
152
10001000110011011011011000010101010010010011101001010010111
167
100001000100011110000111000001101001111001110011011011100001
124
111000010111100011111101000001111100010110100110111101110010
84
111001101101011111001101000011100010101011110010110101101000
81
11100010010111101111010101111011011011000001010110110001010
109
100000011101011001111111011111011111111001101001111010111
180
110010110110100111111001010011010011100001101110001001001001
120
100100000111100011011111100101101101010101001101101011110000
187
111011110111100000001110100100010111010110001001111001001101
96
11110000001000101101001011000111011111100101110101110000101
130
11110101101111010101010101001010001010110100100111011000111
160
101110010011101111010110000000100111000010110011010000100010
86
110100010110111001100110001111101101011000110001010101101001
80
1010010100010110110000100110100100001110100010111001011011
139
110010111010101011010100110101100001010000010100101100100
81
100110100100001110100010100111111011110011000101110001101010
32
101001011001011000001000111101111111100111010100010000010001
109
1100010110000000011001010111110111111000111100001111000111
124
110100110011010101010001001001000001001101101010101111100010
11
11100000010000110010000100001110010000001111110001110010001
54
100100000101110110100101100010111001001100110101101000111000
117
111110010000110000100011001100100111101001100101110111011
58
10100001001100001101001111011001101110100100101011011010100
54
110010010101110000110100111111000100000110001000110010010101
33
111000110100010000110111111101101001011010011011110011010101
139
100111100101111101001010010111111100110100001111000101010110
116
100110111001011000111010001011001110000100011101101011111111
126
111010001101100101010111000000111111111110110100001110101011
168
