60 100
1000010110010011010001010101011101010010001011000010101
101
10000101001001000000000100111011000001010000110010001001010
106
10010100001100000010011100101010101111001100111000000010000
111
1010001101010010010101100010011011101000010100100001110111
130
1011010101001001010000000010111111100000010100100111000010
97
1100000001110110000000011110110011110110101100100000101001
117
100110000111100101111100001010001010010010101011010100000101
131
10000011010011001001001000000001011100011000101110001001111
23
101010100000101001100001100100000101001110000010001100001101
69
101001100001000001010110101100011001001000011001001000101011
7
101000000010010001000001000101001000000000110000000001100101
164
11000001100110100001101101010010010010001000001011001010
157
11101111000111011100001110000100011101000011001000010001
88
110101100110001010111101000001111110000010000011100010111010
71
10101101000011101111101001001000010000010011100000101011101
196
110100100001101000000110000001001010100100101010010010
91
10110011001110101110000000000010000111010000001000011010000
135
10101100100000010000110010100001001100001001111
162
100010000000000010011101001000000000111100001001010100010000
17
1000000011001100100000101110100100110001010011101010111111
125
100000110001100010101000010000000100010001011010001100010011
33
1100111010010011101010110011000000111001100000101110101101
3
110111000100000010101000000100011110011001000000000100010100
124
1110011010000000010111101100000000010100110100010100011000
187
11110011100010000100001001110101010100010101100100000000100
197
111010101010100110001011010100110011011010100100101011000
186
111110001010010001110111000000001001010001000100100000001010
8
10011000110011110110000010001010010000101100101011001001000
66
110101010011000010011001111000101010111000000100110100000111
74
100000101001000011001100100000100001000010010000000010010010
42
1100110000010100100111000110011100000011100000000010101100
192
1101100000100110110111100110111000001100100101111000101
122
10010110010010010001010000000000100000000000010100000011010
97
1110001001010011101010110000000001110000111011100001
29
11011100000010101010001111101111101100001110000101010100000
180
10100000001011000011111111110101001110110110111110101100010
88
111001101100010100010010011110110100101010000000000000011101
167
111010100100000000000011110001111100110100001110010110000000
35
10000001011010100010000000101000011000110100101110101100111
42
100010001000010001000000011111101001000010101000000001000110
177
10110100000100000001000110110010010101010100010001011100100
98
110000001010000101101100100000010100001001001111100000010
158
100000000000000010101010110000000001000001010111011101010100
43
111100000010101101010101000111000011000101000000100100110101
138
1001111001011110010010010110001110001110110000101000111
37
101010110110111010001001000011000110111000001111111100000000
193
10000101000001000110011011101100011100000100000110000100
137
11001001001001011000000101011000001011101000000001000001001
155
111000001111000000110011001000000111101100011101111000001000
59
1101010000000011001110010001011100010110000100100101100101
158
100001111010010111001010100010010011010001010001010000000110
138
100001111100001010101110010011100111110010000001110010010000
154
101000100111111010101010011111110001110111000000001011110001
140
111000100100001110000000111000010011010101010001100000000000
54
1010001101000110011001000000100000000111010011000111100110
135
100110110010000100101111000100000110110010100100100100010100
101
10000000000100000101001100000000001100010110000101101111
58
1000111000000001100000100010010110001111011110110000100110
148
1011111100110010000000000111011010000110110001010111
27
1010000100000010000110100001101001001000100001001010101100
148
100100000100011000110100110111111110101110100010100000001010
162
111000010100000100110101001001010100100101100000000111010011
189
1110001101110100001110000001110011001110010010010001
104
101000010000100100101010001010110000001011001100001010000
76
100010001110010011010110100001011001010010101101000010001000
59
1110101001000100111001010100000110101010010011001001000000
136
110010001011101011101100000100010000100000011110011000110110
40
1110010100000111000100000000100100101011010010000010000000
45
1001111110101000100111100011110110011001111011000100001011
17
100100111010110000010100001000111000001000100110000001000100
97
101001100011010001101011011010100010000001101011100010100011
44
11111001010001100010100100100011010100101001101011000000011
119
1111000011101110010110010101011100000110010100001111000010
183
100101011000100001101100111100010001110011101101010000000100
117
100100000110010001100110011000110011001000001100000000001110
176
10000000010101000011001001110110011110000011011111000010010
176
11010011010000010110000100100011100100000001011011111011
37
10001111100101011100100001100000000010100000011000000101101
155
10001000101010000111100001001000100100011000111100000110100
131
100011011001100010011010110000010000011100001001010100110
129
110010100000110100110100101100000000000001101111101111000000
1
111000011011001101101000010011110011110000101011000011001111
74
111100101100100110000100110011001001010001011010011100011111
93
101111100110000101110001110001011110101010110000000000111
91
11001100100101100000101101001011000000010001000110000000011
10
1111010000000100100011000110110110000100100010001010000
38
100101000010000101101010000010000000110000000000000011011
118
100100101010100000010000111010000011101000010110110100001
140
10000100000001110000101011000000000101100101101101000110100
34
100001000110011111010010000100000000010000010111001110010110
174
110000001001010010001010000000111101101001001000011110
113
100110001001000101011110011000000011100011011101101110011000
117
111000101001001110001000000100110111101101001111011100010010
95
101110101100010001100011111100000010101011100000011011110110
98
10101100101010001000101100001110001010010010000110000000101
137
111001101000000110101001010011000100010000001101100000010101
146
11000101001111100000100010100100000100101100100000010111001
137
1011101101110101110000101101000000010110001000111000000000
123
110000001110101000101100100100001000110110011000010100010
95
100011000000011010101101111000011011100000000000110001001101
46
