60 100
10010010000000000010001011101000010001010000010100
101
100000001000000000000010000000001010000010010000000010
106
10000001100000000000100001000101111001000001000000010000
111
1000000100010000000101000000011010001000010000000000100101
130
1000010101000000010000000000000111000000010000000001000010
97
1100000001110010000000010000100000110110101100100000100001
117
100100000111100100100100001000000010000010101000000000000001
131
11001000001000000001001000000000100000001000000
23
101010000000100000000001100000000000001100000000000000000100
69
100000100000000000000000001100001000001000010000000000001001
7
1000000010000000000000000100001000000000110000000001000101
164
1000001100000000001000101010010010000000000001010000010
157
10101101000011001000000000000000001000000010000000000000
88
100101100100001000110000000001111010000000000000000000010010
71
100101000011100101001001000000010000000010000000000010101
196
110000100000001000000010000000000010100000101010010010
91
10010011000100000100000000000000000101010000001000001010000
135
10100100100000010000100010000000000000001000011
162
100000000000000000001000001000000000111100001001000000000000
17
100100000101010000100110000010011001000110000
125
100000000001000000000000000000000000010000000000000100010011
33
1000011010000011101000100011000000010001100000000100101000
3
100000100000010100000000100000010010000000000000100000100
124
1100010000000000000111101100000000010100010100000100000000
187
1110010000010000000000000100000010100000101000000000000100
197
110010101010100010000010000100000010000000100000101000000
186
101100000000000001000001000000000001000000000000000000000000
8
1000000011000110000010001000010000000000000001000000000
66
101010000000000000001110000001010001000000000010000000011
74
100000101001000011001100100000100000000010010000000010010010
42
1100100000010000100100000010001100000001100000000010000000
192
100000000000100101100010110000001000100001000000100
122
10010110000000000001010000000000000000000000000100000011010
97
1000001000000000001000010000000000100000011010100001
29
1000000000000001010001111101101100000001100000001010100000
180
100000000010000001110110000101001000100110000010001100010
88
11000100100000100000000010000000000000010000000000000010100
167
10000000000000000010000000010100010000000100010010000000
35
10000000001010100010000000100000011000010000001000101000010
42
10000000010000000000011101000000000010000000000000000110
177
10100000000000000000000000000010000001000100000001000000100
98
10000001010000001101000000000000100000000001111000000000
158
10100000100000000001000000010110000000000000
43
1001010100000100000010000000000000100100100000
138
1001110001010000010010000000000110000000100000000000100
37
101010000100101010000001000000000110011000000100010000000000
193
101000001000100011010101100001100000000000010000100
137
11001001001000010000000100010000001001100000000000000000001
155
1001000000110010000000000100000000011101001000001000
59
1000010000000001000010000001000100010000000100100000000101
158
100001111010010101001010000000010010010001010000010000000010
138
100001011100000010001000010000000100000010000000000000000000
154
100000100011001000001010000101010001010111000000000001010000
140
100000000100000010000000011000010000010100000000100000000000
54
1010000101000110001000000000000000000010010000000110100100
135
110000010000000101111000100000010000010100100100000000000
101
1100000000001000000100000100101000
58
1000100000000000100000100000010110001101010010010000000110
148
1111000010010000000000000011010000000000000000100
27
100000000000010000001101001001000100001001010001000
148
100000000000000000110000110111101000001110100000100000001000
162
10100000000010000000001000100100000100000000111010011
189
1100001000010100000100000000000010001010010000010000
104
100000000000000100000010000000110000000001001100000010000
76
100010001100000001010110000000010001010010001100000000000000
59
100001001000100100000010100000010101000010000001000000000
136
110000000010000001100000000000000000000000010000010000110010
40
100010100000011000000000000100100001011000000000000000000
45
1000100000000001000001000100011001000010000000001000
17
100000011000000000000000000000110000000000100000000000000100
97
1000011010000000001001010000010000001001001000010000010
44
1110000000001100000100100000001000100001001101000000000000
119
1101000010100000000000000100001100000000010100000101000010
183
100001000000100000001100100000000000010011101001000000000000
117
100000010000000100110001000000001001000000100000000001100
176
10000000010101000010000000110010001000000000010010000010000
176
1000001010000010000000000000011100000000000001001101011
37
110000100000000000001100000000000000000010000000001001
155
10001000101000000001100000000000100100011000010100000100100
131
100001000000100010010000110000010000001000001000010100110
129
110010000000000100000000100000000000000001000000000100000000
1
10000001001001001100000010001000001110000101000000001000111
74
101000000000000000000100110001001000000000011000001100000001
93
1100010000001100000100000000110001000010000000000011
91
100000001000000001000001000000000010001000110000000011
10
110010000000000100010000010010010000100100010001010000
38
100100000000000100000000000010000000000000000000000011000
118
100100100010100000000000101010000001000000000110000000001
140
10000100000001000000101001000000000100000000000001000110000
34
100001000010011011000010000000000000010000010111001000010010
174
110000000000010010000010000000010000000000000000000110
113
100001000000001000000010000000010000001000100101100011000
117
111000001000001010000000000100000100001100001110000100000000
95
101000000100000001100010100100000000001000100000010011100100
98
1000001000000000001100000010001000000000000110000000000
137
1000000000000010101001010000000100010000000001000000000101
146
1000000000100100000000010000100000100000100000000010010000
137
1101001010001110000100001000000010000000000111000000000
123
10000001010101000001100100000001000010100001000010100010
95
10000000010010000000111000000001100000000000000001000100
46
