60 100
10000000000010001011100000010001000000000000
101
100000001000000000000010000000001010000000000000000010
106
1000000000000000000000101001000000001000000010000
111
10000000101000000000010001000010000000000100101
130
100000000000000000000000010000000000000000001000010
97
1110000000000000000000000100010101000000000000000
117
110000000100000000000000010000000000000000000000000
131
11001000001000000000001000000000100000000000000
23
10000000100000000000000000000000000100000000000000000100
69
1100001000000000000000000000000000
7
10000000000000000100000000000000010000000000000100
164
1000000000000000000000100000000010000000000001000000010
157
10101100000000000000000000000000000000000010000000000000
88
100101100000001000110000000001110000000000000000000000000000
71
100100000001100100000000000000010000000010000000000010000
196
100000000000001000000000000000000000000000101000000010
91
1000000000100000000000000000101000000000000000010000
135
100100100000000000100000000000000000001000000
162
1000000000000000100100001001000000000000
17
10000000010000010001000000010000
125
1000000000000000000000000010000000000000000010010
33
1010000000001000000001000000000001100000000000100000
3
100000000000000000100000000010000000000000000000000
124
1000000000000000000011100100000000010000010100000000000000
187
100010000000000000000000000000010000000001000000000000100
197
110010000010000000000010000100000000000000100000100000000
186
100000000000000000000001000000000000000000000000000000000000
8
110000000001000000000000000000000000000000
66
101000000000000000001000000001010000000000000010000000001
74
100000000001000001001000100000000000000010010000000000000010
42
1100100000000000100000000000000000000000100000000000000000
192
100001100010110000001000000000000000100
122
10010010000000000001010000000000000000000000000000000001010
97
1000001000000000001000000000000000100000000000100001
29
1000000000000001010001110101100100000000100000000000100000
180
10000000010100000001001000000100000000001000010
88
11000000000000000000000000000000000000010000000000000000000
167
100010000000100010000000000
35
10000000001000000000000000000000011000010000000000001000010
42
10000000010000000000010001000000000000000000000000000010
177
100000000000000000000000000000000001000100000001000000000
98
1000000000101000000000000100000000000001000000000
158
1000000010000000000000000
43
10000000000000010000000000000100100100000
138
1010000010000000000000010000000100000000000000
37
1010000100000010000001000000000110010000000100000000000000
193
101000001000000010000000000000000000000000000000000
137
1001000000010000000100000000000000100000000000000000001
155
1000000000110000000000000000000000001001001000000000
59
1000010000000000000000000000000100010000000100000000000001
158
1001010000100001010000000010000000000010000000000000000
138
100000000000000000001000000000000000000010000000000000000000
154
100000000010001000001010000100000000010111000000000001000000
140
100000010000000010000010000010100000000000000000000
54
1000000001000100000000000000000000000000000000000100100100
135
110000010000000101110000000000000000000100000100000000000
101
100000000001000000100000100100000
58
100000000000000000000000010110000001000000010000000010
148
1010000010000000000000000010010000000000000000000
27
100000000000010000001100000001000100001001010000000
148
100000100100001000000010000000100000000000
162
10000000000010000000000000000100000000000000110000011
189
1000000000010100000100000000000000000000000000010000
104
100000000000000100000000000000010000000001000100000000000
76
100000001100000001010100000000010000010010000100000000000000
59
1000100100000010000000000101000000000000000000000
136
110000000010000000100000000000000000000000000000010000110010
40
10000000000000000000000100100000001000000000000000000
45
100011000000010000000000000
17
100000000000000000000000000000110000000000000000000000000000
97
1000000000000000001001010000010000001001000000010000010
44
1110000000000100000100000000001000000000001100000000000000
119
101000010000000000000000000001100000000000100000100000010
183
10001101001000000000000
117
10000000000010001000000001000000000000000000000000
176
10101000000000000100010001000000000010010000000000
176
1000000000000010000000000000001000000000000000001000001
37
100000000000000000000000000000000010000000001000
155
10001000101000000001000000000000100100010000000100000000100
131
100000000000001000001000000100000
129
100000000100000000000000000000000000100000000
1
1001001100000010000000001100000000000000001000001
74
1000000000000000000100100000000000000000000000001000000001
93
100000000001000000100000000100000000010000000000010
91
100000000000000000000001000000000010001000010000000010
10
10000000000000000000000000010010000100100000000010000
38
100000000000000000000000010000000000000000000000001000
118
100000010000000000000100010000001000000000000000000001
140
1000000000000100000000000001000010000
34
1000010011001000000000000000000000000000000001000000000
174
10000010000000010000000000000000000110
113
100000000000000000000010000000010000000000000001000011000
117
110000000000000010000000000100000100000000001110000100000000
95
10011100100
98
1100000000001000000000000000000000000
137
1000000000000000001000000000000100010000000000000000000100
146
1000000000000100000000010000000000000000000000000010000000
137
1000001000000100000000000000000000000000000010000000000
123
10000000000001000000100000000000000010100001000000000010
95
10000000010000000000100000000001000000000000000001000000
46
