60 100
10111010111110111111110111011111011111011110111111111111101
101
10011111001011001110101100111011100011111110110111011111110
106
10111111111111111110111111101111111111101100111011000011111
111
111110101111110011010101110111111111111110110110101011111111
130
1111111111001101111111001110111111101010111111101111110111
97
11111111011111111110101111111111011111110111111100111101001
117
110111111111101111111100001111011111111011111111110111100111
131
11011111010111011111111101010111111101111001101111001111111
23
111010101111101111110001101110111101101111001111111110101111
69
111101111101110111011111101101011011111100111101111111111011
7
111001110110110011110011001101111101101111111010110101110101
164
110111001101111110110111101111111010110111111101111011111111
157
100111101111111111111111111110110101011111111011011101111011
88
110101111111101011111111101111111110111111001111111111111011
71
111101111101011111111111011101010110001110011111111111111111
196
111101110111110111111000001111010111001111111111111111111011
91
11111011011110111110010111111011010111011111111011111010011
135
10010100010110111111110000111010111111101111101111101101111
162
111111111110111011111111111111111111111111111011110101011110
17
101011011011011110111011111111111110111101010111111111111111
125
111101110101101010111101111111111100010011111111101111011111
33
111111111110111111111011111111100111111011111100101110101111
3
110111110100001011111110101101111110011011110101000111011110
124
111111011011101010010111111110111110111101110101110111111111
187
111111111111010111111111111111111110111010111100111111110111
197
111111011101110111110001011110101110011111110110111111011101
186
111111101011010001111111101111111111011011111111101010101011
8
10111100110111111110111010011111011011111111111111001001111
66
110111110111101010011111111101111110111111111100111100110111
74
100110111011011111001100101110110001101111011111100111010011
42
111111110111010110111111101111111100101111110111101110101111
192
10101101111101111110110111101111111101111111100101111100101
122
110111111111111011111011110010101110100100001011111010011111
97
11010111111111111011111101011111011111001111011111111101111
29
11111110001111101011101111111111111100001111110101111111010
180
111111011111111101111111111111101111111111111111110101111111
88
111011111111011111111111011111110101111110111111111101111101
167
111111110110011000000111111011111101111110111110111111101011
35
111111111111111111110101010111101111011110110111110111111111
42
111111001100111101011010011111111111001111111101010111011111
177
111111101000110011101100111111111110111010111011011111111110
98
101110111111111111101101110111111010100111111101111111011010
158
101111001010111010111111111110111111111011111111111101111101
43
111110011111101111111111110111001111111111100111111101110101
138
110011111111011111111011111111110101111011111110101111001111
37
111111111111111110101101011111111110111010111111111101111111
193
111111101101110101011111011011111110011111110110010110001110
137
111101011111011011101011111011101111111111110011011001111011
155
111011111111111101111011011011010111101110011101111010101100
59
111111111011001111011111011011111101111111111101110111111111
158
111101111110111111011110111010111111111111011001110110110111
138
110101111111011111111111110011111111111110110111110110111101
154
111100101111111011101110011111111111111111111111001111110111
140
111000110101111110101010111010111111110101011011111000110111
54
11110111111101111011011011111101101101111111011110111111111
135
101111111111010111111111010111111111110110111110111111110110
101
111101111111100000111111101111011101110111110001111111111
58
101111111101111011111111110111011111011111111111111101111111
148
101100111111111110110011110110011111111011111111110011110111
27
111111001110011011001111111001101111101110101101111110111111
148
101100101110011001111111110111111111111111111111111110001010
162
111101011110111111110101011111111111100111111100101111111011
189
101110111111111111111100111110111111110111111111011110111111
104
1111101111101111101111111111011110111101011001111101110110
76
111110111111110111111110110101111101111011101111111111111111
59
101110111111100101111011111111110111111111111011111001010011
136
111111111011111111101101011110111100111001011111111010111110
40
111110111111011111111110111110111111111111111010111110111111
45
101001111111101101110111111011111111111011111011011110111011
17
111101111110110101011111011101111011011111100110001101101110
97
111101111111011011111111111010111011011101111011111111101111
44
11111111111111111011111111111111011101101101101111000111011
119
111111111011101111011110010111111110100111111111111111100111
183
101111011101110011101111111110011011111011111111111111111111
117
110111011111110101101111011001111111111110111100011011111111
176
11111111111101011111111101110110011111010011111111001011110
176
11111111111011111111111110111110111111100011111111111111111
37
111011111111111111110101111111110110111111101111111100101101
155
11011000111111111111101011111011111111111110111101111111111
131
101100111111101110011111111111001110111111110111011111100111
129
111010111001111111111101111111110010110011111111111111100111
1
111110111111101111111110110111110111110111111111111111101111
74
111111111100101111111111111111011011110111111111011110011111
93
11111111110111110111111101111111111111111011111100111111111
91
111011111101111101011101111111011000111111101111111111101011
10
11001111010111011111101011011111110110111101111011111110101
38
111111101111111000111111111110110101111111011111111111111111
118
111111110101111111111111110111111111111111010111111111101111
140
10101101111111111101111111111111110101111111111111111111111
34
110011011111111111111111101100011111111110011111001110111111
174
11111111100101111011010111110111101111101101001011111011111
113
100111011111101111111111111101001111111111111111111111111011
117
111111111101111110001011001111111111101101111111111111111110
95
111111111111011001110111111100111111111111101101111111111110
98
11111111111110111011111101111111111011111011111111100011101
137
111011111111011110111111111011101110010111111101101001111111
146
111111101111111101111111011111111101111111111111101011111101
137
111111111111111111110010111111101101111110011110111110110011
123
11110101011110111100111111111111101011111110011100010101011
95
110011111101111010101111111011011011100110101111111011011101
46
