60 200
111000111110011011110001010101011111011010001011000011101
101
10010101001001001010100100111011000011010100110011011001010
106
10111101011100101110111111101111101111101100111001000011010
111
101010001111010010010101110011111111111010010100100001110111
130
1111010111001001111111001110111111100010011101101111100110
97
11101001011111111010100011110110011110110111110100111101001
117
110110011111101101111100001111011111011010111111110111000111
131
10001111010111001011101000010001111100111001101111001111111
23
111010100100101011100001100110111101101111001010011100101101
69
111001100101010111011111101100011001111000011001011000101011
7
101001000010110001100001001101001001001100111010010101110101
164
110111000101111110110101101101110010110010101100111011101011
157
11101111010111111101101110010100011111010011011101010001
88
110101110111001010111101100101111110011010000111100010111011
71
10101111100011101111111011001000110000110011111100111011101
196
110101110110110011111000000110000111001011101111101111111010
91
11111011001110111110010010111011000111010100101011111010011
135
100010110111101100000010000110110101001001110101001111
162
100010101010101011111101101001011010111110011001110100011010
17
101001001011001100100010101110111100111001010011101011111111
125
110001110101100010111001010110110100010001111011101110011111
33
111110111110111111111011111111000111111011110100101110101111
3
110111010100001011101010101101011110011011100000000101011110
124
11111011010101010010111101100001100010100110101110100011111
187
11110011110010000101001111110101010110010111100101110000111
197
101111010101010100110001011010100110011111010100100111011100
186
111110001010010001111111001011111111011011110100100000101010
8
10011000110011111110101010011011011001111110111011001001000
66
110101110111100010011001111100101010111010010100111100000111
74
100100101011011111001100100010110001101010010110100010010010
42
11110110111010110101111101110111100100111110111001010101111
192
101101101100110110110111101110111101011101100101111000101
122
110111110011010011001011110000101100000000000010111000011011
97
10010011110011111010011101010110000111001111001111111101111
29
11011110001110101011101111101111111100001111010101011101010
180
10100001111111001111111111110101111110111111111110101101110
88
111001111101010110111111011110110101111110001110011101011101
167
111110110100000000000111111011111101111100111110110111101011
35
110011111111111101010101010101100111001110110101110111110111
42
101111001000010001010000011111101001001011111101000111000111
177
11111101000110000001100111111110010101010100011011011110110
98
110100101011010101101110111000010100001001001111110000010
158
100010001010011010101010111100110001011011010111011101111100
43
111110010011101101110111010111001011001111000111101101110101
138
100001101111011111110010011111110001110001111110101101000111
37
101011111110111110101001010111010110111000001111111101000110
193
1110001101010001001110011011111110011101000100000110000100
137
111001011101011011101000101011101111011111000000011001001011
155
111011001111000100111011011010010111101110011101111010001000
59
11101010000001011001111010011011100010111110100100111110111
158
111101111110110111001010100010010011111011011001110100010110
138
100001111110011110101110110011101111111010110111110110111100
154
101100101111111010101010011111111011110111111111001111110001
140
111000110101011110100000111000010111110101010001110000000111
54
11110101101000111011001001010100100001111010011000111110110
135
100111111011000111111111000100010111110110111110100101010110
101
111000011001100000101001101010000001100110110000111101111
58
101011111100001001110011100110011110001111011110110101101111
148
1100001111111100110011010010000111111011000111110011010111
27
1110000110010010001110110001101001001010101001111010111100
148
101100001100011000111101110111111110101111110111100100001010
162
111101011100010110110101011111110101100111100100101111011011
189
101010101111101111111100011110111111110011001111010010011101
104
1111101010101111101101010001010110001001011001111001010110
76
101010001111010111011110100101111101011011101101000111111110
59
1110111101100100111011011110010111111110010011011001000001
136
110111101011111111101101011110110100111000011110011000110110
40
1110010100011111100100100000111110101111011010011110101100
45
101001111110101000100111110011111111111011111011000100111011
17
101100111110110100010111001001111010001100100110000001101110
97
101001110011010011101011111010100010010001101011101010101111
44
11111111111001111011110100101111010100101101101111000011011
119
1111111011101111010110010111011110000110110101101111100111
183
100111011100100011101111111110010001110011101111110110100110
117
100101010110010001101111011001110111101100101100001010111110
176
11001011110101010111111101110110011110000011111111001010010
176
10011010011011001110110000101100111100100000111111011111011
37
110001111100101111110101011101100100011110100011011000101101
155
10001000111110110111101011111011101111111000111100110111110
131
100111111101110011011110111000010010011110001011010100110
129
110010110001111100110101101101000000000001101111111111000100
1
111000111111101111101110110011110011110100111011111011101111
74
111101101100100111001100110011011011110101111111011100011111
93
101111110110000111111101111111011111101011111000000010111
91
11011100101111101000101111101011000001011001110111111100011
10
1001111010011000110100011001111110110111101100010011010000
38
1110101110011000111101010100110000110110011000011111111011
118
100111110101111111010111010111011011011101000011110111100101
140
10100100100011111000111111001000100101111101111101100110111
34
100001000111111111111110000100000010010010011111001110010110
174
1001111100001101011010101010001000111101101001011100011110
113
100111011001100111111110111100000111110111011101111111011000
117
111101111101001110001011000110110111101101101111111111110110
95
101110101111011001110111111100100011111111101000111111111110
98
10101111111110111000101101011111101011111010001110000011101
137
111001101111001110101001011011000110010110001101100001010101
146
11110101111111100101101011100110000111101101101101010111101
137
1011101101110111110010101101001100011110001110111010100011
123
110100001110101000111110100111001001110110011100010101011
95
100011101101111010101111111001011011100010001001110001011101
46
100111011111010111101010110110001111110110001001101111110
81
111110001011010111111001110101100000001010111000000101010111
37
11111000100010111010000101111101100011111101100111110000101
118
11111011010110011101001101111101011101111100000110111011001
119
10000111010111110111011011001001100110010100111101101000111
46
110000101011011011101111011011100011111001111011101011111111
195
100011000110011011011110101101010101000101110000001110001001
74
100011011000010010101100100111011101110101111110011001101001
13
1110101111010101110101111111111111110111111001111100001
188
111011110110111100011011000110011001010100111111111010000001
158
101000010101111010010001101101001011111011100010010101110
119
110110010001010001001011101111111101000110101110010011110110
165
1110010111010100011100010110000001000111110101100111001101
63
1101001111000101100110110000110100011011011011000010100010
73
1010100001000001111111111111110101000110111001101111010101
99
11111000110001110110111110011011110100011110110110001000101
191
10110110111111011111101010010101111010111010101101111111011
97
110011100101111100101110100100101110111101011100111001001111
152
111100001010010110110111011110100000101101110101010110111011
60
111010011010000100110011100000111000001110010111011110100001
101
101001111110000101110011011011101011011101010111011101111111
99
101110101001000010111111110111011101100110101011111011101010
9
101101110111001000111000101011000010101101101011000010111000
52
111011010110110100101011111000100101011011010110011010100111
137
111110101110110111011110111001111100110010000001001010001101
15
100001000111011111011100111111101110110001011000101101001011
117
111110110011101111111101100101101111100111111111011101100010
17
1100100111010111000101101010110110001111011110111011011000
15
11111101000111010011110101000111111010111111011111001101000
116
10011001101010110011010100111111011101011101010111011101011
110
101010110111000111101100110011111101001100011010011111110100
18
110011101010111111011110100011011111111000011101011100011111
147
110010110010010010010110101011101010101110100100000010111101
74
1101111011101111110010111111011011101100001011111101110
29
111111111101001001011110110101010001011111010011101101101001
21
11011000111110001001101100001110100001110110011010111110111
146
101111111100110111110101011110101000011011110101111110101000
54
111111000100110111111101101011011111111100011101000101110011
198
110100111110100101110111011010110010001110110110110111110111
128
110111010011100111101100011011100110010011110011110100011100
134
10100101110001100111101000001000100100010011011111111101111
20
11111101000100111111010110111001101101110011000100010100
30
110011101000101111101010111000000110110110101111111110001100
80
111110100011101111111010111001011001111111111111111111101100
53
11011100011010111011110011000000110101000111100101101101111
12
111100111111010011101111101111111010001100001011000110101100
45
110110111010111000101011111100111011110001010111001110101100
102
1111111010101101000010111111101010101110010100111111101111
146
101010100111110001011001111100101100110101101010110101100111
26
111100010111110100100110111111001011011001010111100101010111
110
101001110111000101000110110110011111111110011100111010110101
102
11100101010111011000001010101110011011001111111111110010110
140
110001100010100111111111111111011101111111001101111001111110
192
111110001111000111110101101111101110110001010101110111010011
25
111100011100110011110011100101010011111011100111011101011101
97
11110001111011101101001110111010100001011001100111001100010
22
111101011111100011111000100101000011011011110111101110011011
54
101110111111110110001000001101111010110111000110010010111100
73
111100011111111110111101111100100011010100000011000001011111
128
110101011001110100111111111011011011101001101001100101111001
131
110001110011111101111111101111000100111010111010110100110111
128
101001100101111010001101010010110010111011111100011000101001
197
111011001101101000111111001001011011100001111100111001001001
105
101101101101111100101001110110011111111101000111110000000111
56
111011101111010110011101011111010110111001111111110101010101
44
100111001100111100001010111010110100110001100010100010110111
199
101100111000110110001010111011111001010011101100111111101010
43
1011010110101010111110111001111011000110001011111010110100
103
111111010001111010011110101011111101101011111001010111111
103
111111101011011110111111110101101110111110101111111100000
70
111010111111110100111100111010111101111110100011000111000100
136
101101101100010100100011111111000110111100001111110111011010
174
10111011010010111110110101111111101001011011011101010111000
142
101010011001111001111010101000010011011110010000111110001110
56
10111110001101101101100111111110011000111101001011010111111
56
11101100100000111101101001111101101101111011011110011111110
175
1101100101011111111110010110010011111100110011001101011
104
110000011001010111111011111001100011111001011111111001110011
198
101110100001111000111010111010010010110101001010111001111111
61
101011011001110111101110101001011011111001110010011110111111
185
10111001100101001011011110011011110111101110110111011
106
10110010100000101010001100111111101001110010010001110111111
109
110110110100011011111111110011110101110111101111001001000011
48
1110111100001100101001011111101111010101111010110011111
165
101110011111100110101111100101011001101111001110101101101001
134
10111010111111101101101110111101001111101111111001001011011
59
111101100101011010111011111111110011000111100001101001010101
26
11101111010011001011110101011000111011101110110011110001111
187
100101101111110110101110111100111110010001010101100000101101
46
1001001111000001110110100000011111101010000011110111011001
13
110101011101010000011101101001001111111111001111110001011101
113
101011110010101101001111111111111111110101100110111100010100
41
101111111011111001010001011110101001100100111101011011111111
130
111111110011101110101011111010111111110101001001011111110110
33
110010111111001100001011111111111110010000001101011101110011
21
110110111111100011111111000110110111111111111110000000001100
115
111100101100110100101111101111101110111101000011110010010101
128
10110001011100111111110111110100010011101110110110010110110
62
111011101010111001110100011110001111111011100111111011011110
143
101001011101100111111110110011010010100110111111111100100111
77
