60 200
111010111110111011110001011111011111011010111011100011101
101
10010111001011001010101100111011100011010110110011011111010
106
10111111111100101110111111101111101111101100111001000011110
111
111010101111110010010101110111111111111110110100101001111111
130
1111111111001001111111001110111111100010111111101111110110
97
11111101011111111010101111110111011111110111110100111101001
117
110110011111101111111100001111011111111010111111110111000111
131
11011111010111011011111000010101111101111001101111001111111
23
111010101110101111110001100110111101101111001110011100101101
69
111101110101010111011111101100011011111100111001011111101011
7
101001110110110001110001001101111001101100111010110101110101
164
110111000101111110110111101101111010110010101101111011111111
157
11101111011111111111101110010100011111111011011101011011
88
110101110111101011111111101101111110011011000111110011111011
71
110101111100011111111111011101010110001110011111110111011111
196
111101110111110111111000000110010111001111111111111111111010
91
11111011011110111110010011111011000111011100101011111010011
135
10010100010110111101110000110010111110101011001110101101111
162
111010111110111011111111101011011011111111111011110100011010
17
101001011011011100110010111110111110111101010111111011111111
125
110001110101100010111001010110111100010011111111101110011111
33
111111111110111111111011111111100111111011111100101110101111
3
110111010100001011111010101101111110011011110100000111011110
124
111111011010101010010111101100111110110101110101110110111111
187
11111111110010101101001111111111010110010111100101111110111
197
101111010101110101110001011110101110011111110110110111011101
186
111111001011010001111111001111111111011011110111101000101011
8
10111100110111111110101010011011011001111111111111001001111
66
110101110111101010011011111101101010111011111100111100010111
74
100100101011011111001100101110110001101110010111100111010010
42
111110110111010110101111101111111100101111110111101110101111
192
10101101111100110110110111101110111101011101100101111100101
122
110111111111010011001011110010101100000000000011111010011011
97
10010111110011111011111101011110011111001111011111111101111
29
11111110001110101011101111111111111100001111110101011111010
180
11111001111111101111111111110101111110111111111110101111110
88
111001111101011110111111011110110101111110011110111101111101
167
111111110100001000000111111011111101111110111110111111101011
35
111011111111111111010101010101100111001110110101110111110111
42
101111001000111001010000011111101011001111111101000111011111
177
111111101000110000101100111111110110101010100011011011110110
98
101110101101111010101101110111100010100001101101111110000010
158
101010001010011010101010111110110011111011011111011101111100
43
111110011111101111111111110111001111111111100111111101110101
138
100001111111011111110010111111110001110001111110101111000111
37
101011111111111110101001011111111110111000011111111101111111
193
1110001101110101001111011011111110011101010110010110000110
137
111101011101011011101000101011101111011111010011011001001011
155
111011111111110101111011011011010111101110011101111010001000
59
111111111011001011001111011011011100111111110100110111110111
158
111101111110110111011110101010011111111011011001110110010111
138
100001111110011111101111110011111111111010110111110110111100
154
111100101111111010101010011111111011110111111111001111110101
140
111000110101111110101010111000111111110101011001110000110111
54
11110101101001111011011011110101100001111110011010111111110
135
100111111011000111111111000100110111110110111110110101110110
101
111101011011100000111101101011011101100111110000111111111
58
101111111101111001111111100110011110001111111110110101111111
148
101100101111111100110011010110001111111011011111110011010111
27
101111001110010011001111111001101111001110101001111110111101
148
101100101100011001111111110111111110101111111111101110001010
162
111101011100111110110101011111111101100111110100101111011011
189
101110111111111111111100011110111111110011111111010110011111
104
1111101110101111101101110101011110111001011001111001110110
76
111110101111110111011110110101111101111011101111001111111110
59
101110111111100101111011011111010111111111110011111001000011
136
111111111011111111101101011110111100111000011111111010111110
40
101110111111011111111100111100111110101111111010011110111110
45
101001111110101001110111111011111111111011111011001100111011
17
101101111110110100010111001001111011001111100110001001101110
97
101101110111011011101011111010111011010001111011111011101111
44
11111111111101111011111101101111011100101101101111000011011
119
101111111011101111011110010111011110100111111101111111100111
183
100111011101100011101111111110011011110011101111110110111111
117
110111010111010001101111011001111111101100111100011011111111
176
11011111110101011111111101110110011111010011111111001010110
176
11111111011011001110110110111100111110100000111111011111111
37
111001111111111111110101011101110100011111101011011000101101
155
10011000111110111111101011111011101111111100111101111111111
131
100111111101110011011111111000110110011110011011011100111
129
111010110001111101110101111101010010110001101111111111000110
1
111000111111101111101110110011110111110101111111111111101111
74
111101111100100111001101111011011011110111111111011100011111
93
11111111110110010111111101111111111111111011111000000111111
91
111011110101111101011101111111011000011011001111111111100011
10
1001111010011010111100011011111110110111101111010111110000
38
101110101111111000111101010100110001110111011001111111111111
118
101111110101111111011111110111111011111101000011111111100111
140
10100100100011111001111111111000100101111101111101101110111
34
110011001111111111111111000100010110111110011111001110111111
174
11011111100001111011010111110101000111101101001011110011111
113
100111011101101111111110111100000111110111011101111111011010
117
111111111101001110001011000110111111101101101111111111111110
95
111110111111011001110111111100101011111111101000111111111110
98
11111111111110111000101101011111111011111011001111000011101
137
111011111111011110101101111011101110010111001101101001111111
146
111110101111111100101111011100111100111101111111101011111101
137
101011101101110111110010101111001101111110011110111010110011
123
110100011110111100111111101111001011111110011100010101011
95
100011111101111010101111111011011011100110001011110001011101
46
110111111111010111101010110110101111110111011011111111111
81
111111011111011111111011110111100000011011111001011101110111
37
11111000100111111010001111111111110011111101110111111000101
118
11111011111111011101001101111101111111111110000110111011101
119
111000111010111110111011011101101111110010100111111101000111
46
111010101011011111101111111011100011111001111011101111111111
195
100011000110011011011110111101010101001101110000001110101001
74
110111011100110110101101100111111111111111111110011011101001
13
100001110111111010101111101111111111111111111111101111101011
188
111011110110111100011011000110111001010111111111111010000001
158
101000010101111010010001101101101011111011100010010101110
119
111110010011110001101011111111111111001111101110011011110110
165
101110010111010101011100010110000001000111110111100111001101
63
101101101111111101110110110111111100111011111111000110100011
73
11010110011000001111111111111111101010110111001101111011101
99
11111010110011110110111110011011110100011110111110111000101
191
10110110111111111111101010011101111010111110101101111111111
97
110011101101111100111110100100101110111101011101111001101111
152
111111011010010110111111011110100010111101110101011110111011
60
111011011010010100111111100000111001011110010111111110100001
101
101001111111101101110011111011101011011101010111111101111111
99
111110101011000010111111110111011101100111101011111111101010
9
101111111111101100111001101011000110111101101111000110111100
52
111011010110110110101011111100100101111011110110011011101111
137
111111101111111111011110111001111100110011000001001110111101
15
110101011111011111011100111111101110110001111100101101011011
117
111110110011111111111101110101111111101111111111011101111010
17
1100111111010111001101101011110110001111111110111011111001
15
11111101100111010011110111000111111010111111011111001101100
116
10011001101010110011010100111111011101011101010111011111011
110
101111110111000111101101110111111101011111011010011111111100
18
110011101110111111111110100011111111111000011111111100111111
147
110010110111011010110110111011111010101110101101011010111101
74
10011101111011101111110111111111011011111110001011111101110
29
111111111101101001011110110101011001011111011011111101101101
21
11011110111111001001101100001110110001110110011110111110111
146
111111111100111111110101011110101000011111110101111111101100
54
111111010100110111111101111011111111111100011101000101110111
198
110100111110100111110111111010110010001110110110110111110111
128
110111010011100111101100011111100110011011111011110100111110
134
110100101110011110111111110011000100110010011011111111111111
20
11111101000100111111110110111001101101110111000111011100
30
110111101000101111111010111000000110110111101111111110111100
80
111110100111111111111010111001011101111111111111111111101111
53
111011100011110111011110011000010110101100111111101101111111
12
111100111111010111101111101111111110011100111011000111101100
45
110110111010111001101011111100111011110001110111001110101101
102
1111111110101101000110111111111010111110110100111111101111
146
101110100111111001111001111100101100111101101110110111100111
26
111100010111111100100110111111101011111101111111111101111111
110
111001110111000101000110110111011111111110011100111010111101
102
11100101010111011000101010101111011011111111111111110011111
140
110001111010101111111111111111011101111111011101111001111110
192
111110011111001111111101111111101110110001110111110111111111
25
111100111100111011110011100111110011111011100111011111111101
97
111110101111011101101011111111010111011111111100111001100010
22
111101011111100111111110101111000011111011110111101110011011
54
111111111111110111101000001111111110110111000110011010111100
73
111101011111111110111101111100100011110101000011000101111111
128
110111111001111100111111111011011111101001101111100101111101
131
110001110111111101111111101111000101111010111010110100110111
128
101001110101111011001101010010111010111011111100011100101001
197
111011001101101001111111101101011011100001111100111001001001
105
101111101111111110111001111111011111111111100111110000000111
56
111011101111010110011101011111010110111011111111111101010101
44
100111101100111111001010111010110100110111100110110010110111
199
101100111100110110111010111011111101110111101100111111101111
43
1111111110101110111110111011111111101110101111111011111100
103
111111011001111110011111101011111101101011111001110111111
103
111111111011011110111111110101101110111110111111111100010
70
111010111111111101111100111010111101111111100011010111000100
136
111101101110010110101111111111000110111111001111110111011010
174
11111011011010111110110101111111101101011011011101110111010
142
101010111011111101111010101100111011111110011101111110001110
56
10111110001101111101111111111110011000111101001011010111111
56
111101100110010111101111001111111101111111011011111011111111
175
1101110101011111111110011110010111111101110011001111011
104
111000011001011111111011111001101011111101111111111101110011
198
101110100011111100111010111010010111111101101110111001111111
61
111011011001110111111110101001011011111001110010111110111111
185
1000111111111101111001011011110011111110111101111110111111
106
11111010101000111111001101111111101001110010110001110111111
109
111110110100011011111111111111110101110111111111001011000011
48
100001110111100101110101011011111101111010101111110110011111
165
101110011111100110101111100101011101101111011110101101101011
134
10111010111111101101101111111101001111101111111011001111011
59
111111101111011110111011111111111011110111110001101001011101
26
11101111010011001011110101111110111111111110110011110011111
187
110101101111110110101110111110111110110111010101100000101101
46
1111101111011001110110100011111111101010001011111111111001
13
110101011101011111011101101001001111111111001111111011111101
113
101011111110101101001111111111111111110101100110111100010100
41
101111111011111011011011111110111101100100111101011011111111
130
111111110011111111101011111110111111110111001001011111110110
33
110011111111111101101011111111111110010001111101011101110011
21
110111111111100011111111100110110111111111111111100000101100
115
111100101101110100101111101111101111111101000011110010110101
128
110110101111100111111110111110110010011111110110110110110111
62
111111101010111011110100011111011111111011100111111011111111
143
101101011101100111111111110011111011101110111111111110100111
77
