60 200
10010010000000000010001011101000010001010000010100
101
100000001000000000000010000000001010000010010000000010
106
10000001100000000000100001000101111001000001000000010000
111
1000000100010000000101000000011010001000010000000000100101
130
1000010101000000010000000000000111000000010000000001000010
97
1100000001110010000000010000100000110110101100100000100001
117
100100000111100100100100001000000010000010101000000000000001
131
11001000001000000001001000000000100000001000000
23
101010000000100000000001100000000000001100000000000000000100
69
100000100000000000000000001100001000001000010000000000001001
7
1000000010000000000000000100001000000000110000000001000101
164
1000001100000000001000101010010010000000000001010000010
157
10101101000011001000000000000000001000000010000000000000
88
100101100100001000110000000001111010000000000000000000010010
71
100101000011100101001001000000010000000010000000000010101
196
110000100000001000000010000000000010100000101010010010
91
10010011000100000100000000000000000101010000001000001010000
135
10100100100000010000100010000000000000001000011
162
100000000000000000001000001000000000111100001001000000000000
17
100100000101010000100110000010011001000110000
125
100000000001000000000000000000000000010000000000000100010011
33
1000011010000011101000100011000000010001100000000100101000
3
100000100000010100000000100000010010000000000000100000100
124
1100010000000000000111101100000000010100010100000100000000
187
1110010000010000000000000100000010100000101000000000000100
197
110010101010100010000010000100000010000000100000101000000
186
101100000000000001000001000000000001000000000000000000000000
8
1000000011000110000010001000010000000000000001000000000
66
101010000000000000001110000001010001000000000010000000011
74
100000101001000011001100100000100000000010010000000010010010
42
1100100000010000100100000010001100000001100000000010000000
192
100000000000100101100010110000001000100001000000100
122
10010110000000000001010000000000000000000000000100000011010
97
1000001000000000001000010000000000100000011010100001
29
1000000000000001010001111101101100000001100000001010100000
180
100000000010000001110110000101001000100110000010001100010
88
11000100100000100000000010000000000000010000000000000010100
167
10000000000000000010000000010100010000000100010010000000
35
10000000001010100010000000100000011000010000001000101000010
42
10000000010000000000011101000000000010000000000000000110
177
10100000000000000000000000000010000001000100000001000000100
98
10000001010000001101000000000000100000000001111000000000
158
10100000100000000001000000010110000000000000
43
1001010100000100000010000000000000100100100000
138
1001110001010000010010000000000110000000100000000000100
37
101010000100101010000001000000000110011000000100010000000000
193
101000001000100011010101100001100000000000010000100
137
11001001001000010000000100010000001001100000000000000000001
155
1001000000110010000000000100000000011101001000001000
59
1000010000000001000010000001000100010000000100100000000101
158
100001111010010101001010000000010010010001010000010000000010
138
100001011100000010001000010000000100000010000000000000000000
154
100000100011001000001010000101010001010111000000000001010000
140
100000000100000010000000011000010000010100000000100000000000
54
1010000101000110001000000000000000000010010000000110100100
135
110000010000000101111000100000010000010100100100000000000
101
1100000000001000000100000100101000
58
1000100000000000100000100000010110001101010010010000000110
148
1111000010010000000000000011010000000000000000100
27
100000000000010000001101001001000100001001010001000
148
100000000000000000110000110111101000001110100000100000001000
162
10100000000010000000001000100100000100000000111010011
189
1100001000010100000100000000000010001010010000010000
104
100000000000000100000010000000110000000001001100000010000
76
100010001100000001010110000000010001010010001100000000000000
59
100001001000100100000010100000010101000010000001000000000
136
110000000010000001100000000000000000000000010000010000110010
40
100010100000011000000000000100100001011000000000000000000
45
1000100000000001000001000100011001000010000000001000
17
100000011000000000000000000000110000000000100000000000000100
97
1000011010000000001001010000010000001001001000010000010
44
1110000000001100000100100000001000100001001101000000000000
119
1101000010100000000000000100001100000000010100000101000010
183
100001000000100000001100100000000000010011101001000000000000
117
100000010000000100110001000000001001000000100000000001100
176
10000000010101000010000000110010001000000000010010000010000
176
1000001010000010000000000000011100000000000001001101011
37
110000100000000000001100000000000000000010000000001001
155
10001000101000000001100000000000100100011000010100000100100
131
100001000000100010010000110000010000001000001000010100110
129
110010000000000100000000100000000000000001000000000100000000
1
10000001001001001100000010001000001110000101000000001000111
74
101000000000000000000100110001001000000000011000001100000001
93
1100010000001100000100000000110001000010000000000011
91
100000001000000001000001000000000010001000110000000011
10
110010000000000100010000010010010000100100010001010000
38
100100000000000100000000000010000000000000000000000011000
118
100100100010100000000000101010000001000000000110000000001
140
10000100000001000000101001000000000100000000000001000110000
34
100001000010011011000010000000000000010000010111001000010010
174
110000000000010010000010000000010000000000000000000110
113
100001000000001000000010000000010000001000100101100011000
117
111000001000001010000000000100000100001100001110000100000000
95
101000000100000001100010100100000000001000100000010011100100
98
1000001000000000001100000010001000000000000110000000000
137
1000000000000010101001010000000100010000000001000000000101
146
1000000000100100000000010000100000100000100000000010010000
137
1101001010001110000100001000000010000000000111000000000
123
10000001010101000001100100000001000010100001000010100010
95
10000000010010000000111000000001100000000000000001000100
46
1000000001000000000000011010010000000000001010
81
100000010000010100000000001000000000000101000000101000001
37
10101000000010010010000000100001000000001001000000000000000
118
10000001010000001000000000000000010100100100000000001000000
119
111000010000110000001000000000100010000000100000000000
46
10000000000010000000100011001000000010000000010000001100001
195
10000100001000010000000100000000000001000000001100000001
74
1000010000100100000001010101000001110100000000000001
13
1100000110010000000000000001100010100100010000000000001
188
100001010000010100000001000100010000000000001010010010000000
158
101010000010000100000001000101000100010010001110
119
110000000000010001000000100100010001000000001000000010100000
165
100000110010000001000010100000001000100000000000000000101
63
1101000001000100010000010000010011001011000000100000
73
1000000001000000001110000001010100000010100001000100000101
99
10001000000100000000010000000000010100000000000100
191
100100110000010100000010000001001000111010001000100100010
97
10000000110000100000000011000010000100001000000
152
1100001000000000010110000010000000100100100100000000001010
60
10000001010000000000011100000010000000100000000000100100000
101
10000001000001000000001000001000000000010100000011
99
100001001000010000010100110010100000000100000000000001010
9
101001000001001000101000001000000000001100001000000000100000
52
1000000100110000101011000000000000011000010100000000000100
137
100000000000001001000000001010000000000000000000010001101
15
10000000011000100110100100100000000000100101001001
117
1110100010001001010000100000000110000010000100001000000010
17
10000000000000000110100000000010000000000000000
15
10100000000000000010100101000011100000010000000110000101000
116
1000000100001010000000001010001010001000001011000011
110
100000100011000100001000000000011000001100000010010001110000
18
10100000010100010010100000000100001000010001000000001000
147
10000000000000000010000001011000010000000000000000010000101
74
101110001000000000010100000001001001000000011110100000
29
100010000001000001010010110001010001001000010000100101001000
21
1000000011110000000000000000010000001010100001000000000100
146
10100000000110100000011010001000001001000101110000000000
54
111111000100000100010000000001010010000000000000000000000000
198
100100100000100101000110000000110010000010000000000000110000
128
100110001000011011000010000001000001100100010100
134
101100001100011001000000000100100010001010000101101001
20
1010001000000000000000010101000100000000001000100000000
30
110000001000101111000000100000000000000000100000010100000000
80
100100010000011001010000001000000110001100000001001000000
53
10000100001000000000100010000000100001000000000001001000000
12
110100010000001001001100011010000000000000000000000100
45
100010011000101000000000001100000010000000010001001010001100
102
1110110000000000000000010000100010000110010000000011000101
146
101000000011000000010000010000000100000000000000110100000001
26
101000000001000000000000010101000000000000000001100000000000
110
100000000000000100100000100110000010000111000100000
102
1000001000010000000000000000000001011000101011000000000000
140
10000000010000001100000000000001100111100000001000000000000
192
1000000010000100110101001000000000100000010101010000000011
25
10000110000000001000000000000000100010000000000
97
10010000110000000000000000100000100000001001100010000100000
22
100000011000000000011000100000000001010000100011100000000000
54
110100110000000000001001110000000000000000000000100000
73
1100000000001000110101010100000000000000000010000000000010
128
100100011000000100000110000000000000000001000000000000110001
131
10001000000110001010100001100000000101010101000010100100000
128
1000000000000000000000000010000000001001000100000000000000
197
101010001101100000000010000001000000000000000000100001000000
105
100001100110000100000000010000010001000000100100000000000
56
10000100101000000010001001000000000010001000101110000000000
44
100110000000001100000000101000000000100000000000000000000000
199
10000000010001000001001010001010000000000000101100000
43
1000000000101000011100010000011000000010000000111000010000
103
110000000000101000010000001000011000101010110000000101100
103
11101101001000100110110010000000000001010100010000100000
70
10000000000000000000000101100010000000001000000000100
136
1000100100000100000000100011000110000000001100000000000000
174
10010000000010000100000001111010000000010011001000000000000
142
101000001001000001101000001000000000001100010000011000001000
56
10000000001001000000011000100001000100100000000000100100
56
10001000100000001000000000110000101100000000000000000010010
175
1000000001011010100000010000001000100100000001000000
104
110000000000000111101011110000000000101000010001101000000011
198
1000000000001000010010010000000000010000000000
61
100000010000000011001000001000000001100000000010000000000110
185
1000100101001010000010010011110001001100000010000
106
10110010100000001000000100110010000000000000010000000110110
109
100000010001110000000001100000000001001001000000000010
48
110001100000000000000000000101011000100001000100000000
165
100000000000100000001000000001000000001001100000001000000
134
10010000101010100001000010000101000100001100010000001000000
59
101001000000001010100001000010000010000010100001100000000000
26
11000100000000001011010000000000010001000100010011010000001
187
100101100101000110000010100000001110010000010000100000100100
46
1000000100000001100000100000000011000000000000000000001000
13
100001000000000001000001001000011101001001110010001010000
113
100001000000101100000100010011000000100101100100000100000000
41
1000100001010000000001000100001001000000011000010000000100
130
101000010000101000000000100010010010100000001000000000010010
33
110000000000000010011000100100000000001100000000100000
21
110010010010000000101010000000000011110000010000000000000000
115
1001010001100110001000000110000010000
128
1000001001110011000000010011100100100000010000000
62
100010001000000000010000001000000100000001100000010000000100
143
1000000100000000100100000010000000000000000110010000000110
77
