60 200
1000010110010011010001010101011101010010001011000010101
101
10000101001001000000000100111011000001010000110010001001010
106
10010100001100000010011100101010101111001100111000000010000
111
1010001101010010010101100010011011101000010100100001110111
130
1011010101001001010000000010111111100000010100100111000010
97
1100000001110110000000011110110011110110101100100000101001
117
100110000111100101111100001010001010010010101011010100000101
131
10000011010011001001001000000001011100011000101110001001111
23
101010100000101001100001100100000101001110000010001100001101
69
101001100001000001010110101100011001001000011001001000101011
7
101000000010010001000001000101001000000000110000000001100101
164
11000001100110100001101101010010010010001000001011001010
157
11101111000111011100001110000100011101000011001000010001
88
110101100110001010111101000001111110000010000011100010111010
71
10101101000011101111101001001000010000010011100000101011101
196
110100100001101000000110000001001010100100101010010010
91
10110011001110101110000000000010000111010000001000011010000
135
10101100100000010000110010100001001100001001111
162
100010000000000010011101001000000000111100001001010100010000
17
1000000011001100100000101110100100110001010011101010111111
125
100000110001100010101000010000000100010001011010001100010011
33
1100111010010011101010110011000000111001100000101110101101
3
110111000100000010101000000100011110011001000000000100010100
124
1110011010000000010111101100000000010100110100010100011000
187
11110011100010000100001001110101010100010101100100000000100
197
111010101010100110001011010100110011011010100100101011000
186
111110001010010001110111000000001001010001000100100000001010
8
10011000110011110110000010001010010000101100101011001001000
66
110101010011000010011001111000101010111000000100110100000111
74
100000101001000011001100100000100001000010010000000010010010
42
1100110000010100100111000110011100000011100000000010101100
192
1101100000100110110111100110111000001100100101111000101
122
10010110010010010001010000000000100000000000010100000011010
97
1110001001010011101010110000000001110000111011100001
29
11011100000010101010001111101111101100001110000101010100000
180
10100000001011000011111111110101001110110110111110101100010
88
111001101100010100010010011110110100101010000000000000011101
167
111010100100000000000011110001111100110100001110010110000000
35
10000001011010100010000000101000011000110100101110101100111
42
100010001000010001000000011111101001000010101000000001000110
177
10110100000100000001000110110010010101010100010001011100100
98
110000001010000101101100100000010100001001001111100000010
158
100000000000000010101010110000000001000001010111011101010100
43
111100000010101101010101000111000011000101000000100100110101
138
1001111001011110010010010110001110001110110000101000111
37
101010110110111010001001000011000110111000001111111100000000
193
10000101000001000110011011101100011100000100000110000100
137
11001001001001011000000101011000001011101000000001000001001
155
111000001111000000110011001000000111101100011101111000001000
59
1101010000000011001110010001011100010110000100100101100101
158
100001111010010111001010100010010011010001010001010000000110
138
100001111100001010101110010011100111110010000001110010010000
154
101000100111111010101010011111110001110111000000001011110001
140
111000100100001110000000111000010011010101010001100000000000
54
1010001101000110011001000000100000000111010011000111100110
135
100110110010000100101111000100000110110010100100100100010100
101
10000000000100000101001100000000001100010110000101101111
58
1000111000000001100000100010010110001111011110110000100110
148
1011111100110010000000000111011010000110110001010111
27
1010000100000010000110100001101001001000100001001010101100
148
100100000100011000110100110111111110101110100010100000001010
162
111000010100000100110101001001010100100101100000000111010011
189
1110001101110100001110000001110011001110010010010001
104
101000010000100100101010001010110000001011001100001010000
76
100010001110010011010110100001011001010010101101000010001000
59
1110101001000100111001010100000110101010010011001001000000
136
110010001011101011101100000100010000100000011110011000110110
40
1110010100000111000100000000100100101011010010000010000000
45
1001111110101000100111100011110110011001111011000100001011
17
100100111010110000010100001000111000001000100110000001000100
97
101001100011010001101011011010100010000001101011100010100011
44
11111001010001100010100100100011010100101001101011000000011
119
1111000011101110010110010101011100000110010100001111000010
183
100101011000100001101100111100010001110011101101010000000100
117
100100000110010001100110011000110011001000001100000000001110
176
10000000010101000011001001110110011110000011011111000010010
176
11010011010000010110000100100011100100000001011011111011
37
10001111100101011100100001100000000010100000011000000101101
155
10001000101010000111100001001000100100011000111100000110100
131
100011011001100010011010110000010000011100001001010100110
129
110010100000110100110100101100000000000001101111101111000000
1
111000011011001101101000010011110011110000101011000011001111
74
111100101100100110000100110011001001010001011010011100011111
93
101111100110000101110001110001011110101010110000000000111
91
11001100100101100000101101001011000000010001000110000000011
10
1111010000000100100011000110110110000100100010001010000
38
100101000010000101101010000010000000110000000000000011011
118
100100101010100000010000111010000011101000010110110100001
140
10000100000001110000101011000000000101100101101101000110100
34
100001000110011111010010000100000000010000010111001110010110
174
110000001001010010001010000000111101101001001000011110
113
100110001001000101011110011000000011100011011101101110011000
117
111000101001001110001000000100110111101101001111011100010010
95
101110101100010001100011111100000010101011100000011011110110
98
10101100101010001000101100001110001010010010000110000000101
137
111001101000000110101001010011000100010000001101100000010101
146
11000101001111100000100010100100000100101100100000010111001
137
1011101101110101110000101101000000010110001000111000000000
123
110000001110101000101100100100001000110110011000010100010
95
100011000000011010101101111000011011100000000000110001001101
46
100010010111010000101010110100001011110110001001101001110
81
110110000010010011111001000001000000001010111000000101010111
37
10111000100010111010000101101001000010111101000100000000000
118
11001011010000011101000100110100011100111100000100101011001
119
10000111010011100110000011001000100110010000001101101000000
46
10000101010011000001100011001100001010000001010000011110011
195
11000110001000011000101100000000000001110000001110001001
74
10001000010010100100100001011101110001111110010001101001
13
1110001111010100100101101111100011110100010001101100001
188
111011010100010100010011000100011001010100111111010010000000
158
101010010010000101101001011101000100010010001110
119
110110000001010001000011100101010101000110001000010010100010
165
100000111010100001100010110000001000101000001100110000101
63
1101001101000101100110110000010100010011001011000000100010
73
1010100001000000011111110101010100000110100001000101010101
99
1000000110001010100111010010010100100001010110110000000101
191
10110110110111011110100010010101011010111010001000110101010
97
10000100101011100101110100100001110111100011100101001000010
152
1100001010010000110110001110100000101100110100000110001011
60
110000011010000000100011100000111000000100000011000110100001
101
101000010010000001100001011001101001001100010110011100110111
99
100110101001000010111110110110010101100010101010100000101010
9
101001100111001000111000101011000010101100001010000000100000
52
11001000100110000101011001000100001011011010110011000000100
137
11100101000110111011100011001011100110000000001000010001101
15
100001000110001000011000100110100100100001001000101101001011
117
11110110011001111111101100001100110000010010100011101100010
17
11010110000000100000110100000001011100000010001000
15
10101101000111010010110101000111101000110100001111000101000
116
1001100000110001010000011101010101011001000111011001011
110
101000100111000111101100110001011000001100010010011011110000
18
110010100010010110010110100000011100011000010001011000011111
147
10000100010000010010110101011100010001100000000000010011101
74
1101111001000010000010111111011001101100001011110101100
29
101111110001001001011110110101010001011110010000100101101000
21
11000000011110000000001000000010100001010110001010111000111
146
111110100000111100101011010001000011001000101111000001000
54
111111000100100100011001101001011110111000001000000101110011
198
110100100010100101100111000000110010001010110010110101110101
128
10000010001100111001100011011000110010011000011100100011100
134
100101100001100111001000000000100100010001010110101101111
20
11110101000100100000010010101001100101010011000100000100
30
110000001000101111101010111000000000110010101011010110001100
80
11110100011001111111010000001001000111011110011001101101100
53
10000100011000101010110010000000100001000100100101101000010
12
101100111101010011001011101110111010001100001000000000101100
45
110110011000101000001011101100100010110000010011001110001100
102
1111111010100000000000111001100010000110010100110011000111
146
101000100111110000011001110100100100100101001000110101100011
26
101100000111000100000100110101000000011000000011100100000110
110
1001100100000001000110100100001100111100011100111010100001
102
1100001010111010000000010101100011011001101111011100010110
140
10000000010100111100001101100001100111110001001111001110110
192
111000001111000111110101001001001110100001010101010101000011
25
110100000100010010110001100101000000100001000101011000000001
97
11010001111001101000001100111010100000011001100110000100000
22
100001011111100000011000100001000001011010100011101010001010
54
101100110101110000000000001001110010100101000100000000110100
73
1100010101101100110101011100000011000100000010000000001110
128
110101011000110100111110111000010001000001001001000000110001
131
110001110011111101010111101110000100101010111000110100100100
128
101001000000001010000000000010110010011001101100001000000000
197
111011001101101000111010001001011011100000011100100001001000
105
101100001101111000101000010110011110101000000100100000000010
56
111010101111000100011101001001000100011001001111110100010101
44
100110000100111100001010101010110100110001100010100000110111
199
100100011000010110001010101011010001010000101000111101101010
43
1001010100101000111110010000011010000010001011111010110100
103
110010010001101000010110101011111101101010111001010101110
103
11111101011010110111110010100101110111110101010011100000
70
101010010100000100101000111000101101011110100001000011000100
136
1000100100000100000001101111000110110000001100100001011000
174
10010010000010001100000101111011001000011011011001010011000
142
101010011001101001111000001000000001011100010000011000001110
56
110100001101101000000011110100001000100100000010010111100
56
10101000100000001000000001111000101100111000000100001010010
175
101000100011111110100010010010011010100100011001000001
104
110000011001000111111011110000000011111000011101101000100011
198
101110000000101000100000011010010010010101001010010000001010
61
101000010000010011001110001001011011101001110010011100110110
185
10011000100101001010001010010011110101001100010110010
106
10110010100000001010001100111111001001100000010001100111111
109
100010100000011001111001100001110100100011101011001000000010
48
1110011100000100001000001100101111000100101000100011110
165
100100010111100100100011100000011001101011001110101101100001
134
10010010111010101101101110011101000110101110010000001000010
59
111101000000001010101001100010110011000110100001100001000101
26
11000111010000001011110001000000111001101100010011010000101
187
100101100101100110101110111000011110010001010100100000100101
46
1000000100000001110110100000010011000000000000110011001001
13
110101011101010000001101001001000111101001001110110001010001
113
100001000000101101001110111011110010100101100110001100010100
41
101110100011110001000001010100101001000000011100010011001111
130
101101010010101000101001111010111010110100001001010000010010
33
10000110001001100001010111000101100010000001101011001110000
21
110110010110100000111011000010110011110010111110000000000100
115
111100000100100100100101101110001110111101000001110010010100
128
10010000001100101111110011110000010011101100100100010010100
62
111011101010001000010100001100001110110011100001110001010110
143
101000010101000110110100000010010000000100000110110000100111
77
