60 300
110111111111111111111111111111111111111011110111111111111101
101
111011111111111011110111111111111100011111111111111111111110
106
11111111111111111111111111101111111111111101111011001111111
111
111110101111111011010111110111111111111110111111111111111111
130
1111111111101101111111101111111111111111111111101111110111
97
11111111011111111111111111111111011111110111111110111101101
117
111111111111111111111100011111011111111011111111111111110111
131
11011111010111011111111111111111111111111101111111011111111
23
111111111111101111110101101111111111111111011111111111111111
69
111101111111110111111111101101111111111110111101111111111011
7
111001110111111011111011101111111101111111111111110111111101
164
111111111111111111110111111111111011111111111111111011111111
157
101111101111111111111111111111110101011111111011011101111111
88
111111111111101111111111101111111110111111011111111111111011
71
111111111111111111111111011111111111101110011111111111111111
196
111111110111111111111110111111011111111111111111111111111111
91
11111111011110111111110111111011011111011111111011111111111
135
11111110111111111111110010111111111111111111101111101111111
162
111111111111111011111111111111111111111111111011111101111110
17
101111111111011110111111111111111111111111110111111111111111
125
111101111111111010111101111111111110110111111111111111111111
33
111111111111111111111011111111110111111011111101101110111111
3
110111110101111111111111111111111111011111111101100111011111
124
111111111011101111110111111110111110111111111101110111111111
187
111111111111011111111111111111111110111111111110111111110111
197
111111111111110111111011111111101111111111111111111111111111
186
111111111011110101111111101111111111011011111111111111111011
8
11111111110111111110111010011111111111111111111111111001111
66
110111110111111111011111111111111111111111111111111101110111
74
111111111011111111101100111110111001101111111111101111011011
42
111111111111111111111111111111111100111111110111111110101111
192
10101101111111111111111111111111111101111111110101111110111
122
111111111111111111111011111010111110100111001111111010011111
97
11111111111111111011111101011111111111011111011111111101111
29
111111111101111111011111111111111111111101111110111111111110
180
111111011111111111111111111111101111111111111111111101111111
88
111111111111111111111111011111111101111111111111111111111101
167
111111111111011101110111111111111101111110111110111111111111
35
111111111111111111110101011111111111111110110111110111111111
42
111111001111111101111011111111111111011111111101010111011111
177
111111101101111111111110111111111111111010111011011111111111
98
111111111111111111111111110111111010101111111111111111111011
158
111111011011111111111111111110111111111111111111111101111111
43
111111111111111111111111110111001111111111100111111101110111
138
111011111111111111111111111111110111111011111110101111101111
37
111111111111111110111111011111111111111010111111111111111111
193
111111101101111101011111111011111110011111111111011111011110
137
111101111111011111111011111111111111111111110111111001111111
155
111111111111111101111011011011011111111111111101111011101100
59
111111111111001111011111111011111111111111111101111111111111
158
111101111110111111011111111110111111111111111111111110110111
138
111111111111111111111111110111111111111110111111110111111101
154
111111101111111111111110011111111111111111111111011111111111
140
111111110111111110111111111110111111111111011011111111111111
54
11111111111101111011011011111101111111111111011110111111111
135
111111111111011111111111010111111111111110111111111111110110
101
111111111111111101111111111101111111101111111111011111111111
58
101111111101111111111111110111111111111111111111111101111111
148
111111111111111111110011110110111111111111111111111011111111
27
111111011110011011011111111011101111101111101101111110111111
148
111101101110111001111111110111111111111111111111111110001111
162
111111111110111111110111011111111111111111111100111111111011
189
101110111111111111111110111110111111111111111111111111111111
104
11111111111111111111111111111011110111111011101111101110110
76
111111111111110111111111111101111101111111101111111111111111
59
101110111111110111111111111111110111111111111111111101010011
136
111111111011111111111111011110111101111111011111111011111110
40
111110111111011111111110111110111111111111111010111110111111
45
111001111111101111110111111011111111111111111111011111111011
17
111111111110110111111111011101111011111111101111011101111110
97
111111111111111111111111111111111011111111111111111111101111
44
11111111111111111011111111111111111111111101101111100111111
119
111111111011101111011111110111111110101111111111111111110111
183
101111011101111111111111111110011011111011111111111111111111
117
110111111111110111101111011011111111111111111100111011111111
176
11111111111111011111111111111111111111111111111111111011111
176
111111111111011111111111110111110111111110111111111111111111
37
111011111111111111111111111111110110111111101111111111101111
155
11111001111111111111111111111111111111111111111111111111111
131
101101111111101110011111111111111111111111111111011111100111
129
111010111001111111111101111111111110111111111111111111111111
1
111110111111101111111110111111110111111111111111111111111111
74
111111111111111111111111111111111111111111111111011110011111
93
11111111110111110111111101111111111111111111111100111111111
91
111111111101111101011101111111111110111111111111111111101111
10
111001111111111011111111111111111111111111101111111111111111
38
111111101111111001111111111111110101111111011111111111111111
118
111111110101111111111111110111111111111111111111111111111111
140
11101111111111111111111111111111110101111111111111111111111
34
110111011111111111111111101101011111111111011111011111111111
174
111111111110111111111110111111111111111101111001011111111111
113
101111011111101111111111111101111111111111111111111111111111
117
111111111111111111011011101111111111101111111111111111111110
95
111111111111111001111111111100111111111111101101111111111111
98
111111111111110111111111101111111111011111011111111101011101
137
111011111111011110111111111011111111111111111111101101111111
146
111111101111111111111111111111111111111111111111111111111101
137
111111111111111111111011111111101111111110111111111111110111
123
11111111111110111100111111111111101111111111111101110111011
95
110011111101111111111111111111011111100110101111111011111111
46
111111111111111011111111111110110111111110111011011111111111
81
111111111111111111111111111111110101111111111101111111111111
37
11111111101111111111101111111111111111111101111111111100111
118
111111111111111011111011111111111111111111111111111111011111
119
111111111011111111111111111101111111111111111111111111110111
46
111110111011111111111111111111111111111101111111111111111111
195
110011110111111111011111111101111101101111111001111111101101
74
111111111100111111111111101111111111111111111111011011101011
13
111101111111111011101111111111111111111111111111111111101011
188
111111111111111110111011110111111011110111111111111010011111
158
111111001110101111111010111111101101011111111101111111111111
119
111110010011111011111111111111111111011111101110111011110110
165
101111011111111101111111111111001011100111111111101111111111
63
111101111111111111111111111111111111111111111111101111110111
73
111111111011100011111111111111111111110111111101101111111111
99
111111111111111110111111111011111110111111110111111111100111
191
11110110111111111111111110111111111110111111101111111111111
97
111011111111111111111111110111111110111111111111111001101111
152
111111111111110111111111011111111111111111111101111111111111
60
111011111011110101111111110101111111111110110111111111111111
101
111101111111111111110011111111101011111111010111111101111111
99
111111111111100110111111110111111101111111111011111111111111
9
101111111111111100111011101111101111111101111111111111111101
52
111111110111111111111111111100111111111111110110111111101111
137
111111111111111111111111111111111110111111101101011111111101
15
111101111111111111111111111111111111111101111111101111011011
117
111110110111111111111111110101111111111111111111111101111111
17
111101111111011111111111111111111110101111111110111011111001
15
111111101101111011011110111111111111111111111111111101101111
116
111011111111011111011010110111111111111011101110111111111111
110
111111111111000111111111111111111101011111011010011111111111
18
111111111110111111111111111011111111111111111111111111111111
147
111010110111011111111110111111111111111111111101111010111111
74
11011111111111111111110111111111111111111110111111111111111
29
111111111111101011111111111111111001111111011011111111111111
21
111011110111111011111101100111110111011111111111110111111111
146
111111111101111111111111111110111111111111111111111111111111
54
111111011110111111111111111111111111111100111101000111111111
198
110111111110111111111111111011111111111110111110111111111111
128
111111111111111111111110111111101111111011111111110111111110
134
111111111110111111111111111111101101110111111111111111111111
20
110111111101100101111111111111111101111111111111110111111101
30
111111111110111111111110111110110111110111101111111110111111
80
111110111111111111111111111111011101111111111111111111111111
53
111111110011111111111111111110011111111111111111111111111111
12
111110111111011111111111111111111111011111111011101111111110
45
111111111111111101111111111110111011110101111111111111101101
102
111111111110111111011110111111111111111111111101111111101111
146
111111101111111111111111111110111111111101101111111111111111
26
111111110111111111101110111111111011111111111111111111111111
110
111011111111100111000111111111111111111111011101111111111111
102
111111111011111111001111010111111111011111111111111111111111
140
110011111110111111111111111111011111111111111111111101111110
192
111110011111101111111111111111101110111011111111110111111111
25
111101111101111111111111101111111111111011101111111111111101
97
111111101111111111101011111111111111111111111111111111110010
22
111111011111111111111110101111111111111111111111111110011111
54
111111111111111111111110111111111111111111111111011110111110
73
111101111111111111111111111110111011110101111111101111111111
128
110111111111111111111111111111111111111111101111101111111111
131
111111110111111101111111101111001111111110111111111110110111
128
111001110101111111111111110110111111111111111111111110101111
197
111111101101111111111111111101111011111111111111111111011011
105
101111101111111110111101111111011111111111101111110110111111
56
111111101111111111111101111111111110111111111111111111111111
44
111111101100111111111111111111111110111111100110110110111111
199
101101111101111110111010111111111111110111111101111111101111
43
11111111111111111111110111111111111101111101111111111111111
103
110111111111011111111111111111111111111111011111011110111111
103
101111111111111111110111111110101101111111111111111111100011
70
111010111111111111111110111011111111111111111011111111011111
136
111111101110111111111111111111000110111111011111111111111011
174
111111011111011111110110111111111101111111011111111110111111
142
111110111111111111111111101111111111111111011111111111011110
56
111111111111111111111111111111111111111111111001011111111111
56
111111101110011111111111111111111111111111111111111011111111
175
111111111111101111111111111011111111111111111111111111111111
104
111101111111011111111011111011101011111111111111111111111111
198
111111110111111101111010111111110111111101101111111001111111
61
111111111111111111111111101101011111111111110111111110111111
185
111001111111111111111111111111110011111111111111111110111111
106
111111111101111111111001111111111111101110011110101111111111
109
111110110101011111111111111111111111110111111111001111110011
48
110101110111111101111111111111111111111111111111110111111111
165
101110011111111111111111111111111101101111111110111111111111
134
11111111111111101111101111111111011111111111111011111111111
59
111111111111111111111111111111111011111111110001101111011111
26
11111111111011111111110111111110111111111111110011111011111
187
111101111111110110111111111111111111111111111111100000111111
46
101111111111111011111111111111111111111111001111111111111111
13
111111011111011111011101111111011111111111111111111111111101
113
111111111111111111111111111111111111110101110111111111111110
41
111111111111111011111111111111111111111110111101011011111111
130
111111111011111111111111111110111111111111011101111111111111
33
110111111111111111111011111111111110111101111111111111111111
21
110111111111111011111111101111111111111111111111110001111110
115
111111101101111101111111111111111111111111110111111111111111
128
111111111111100111111110111110111111011111111111111111110111
62
111111111111111011110111111111111111111111110111111111111111
143
101111011101101111111111111111111111111111111111111111110111
77
111111111111111111111110110111111111111111011111011111110111
25
111111100111011111111110001011101101111111111111111011101111
31
111111111111010111111111111111101110111111111011111111110101
93
111011111111111111111111111011111101111111111110111111111111
48
111111111111110111111111111111111111111111111111101111111111
106
111100111111010111110111111110111110111111111111111111101111
22
111110111110011111101111011111101111111111011111111111111111
157
111110111111111111111111111111111111111111011111111110111111
77
111111101111111111101111111111111111101111111111111111111111
62
111110111111111111111101111011111111111111111111111111111110
196
111101101111111111011111110111111011110101111110111111111111
167
101011111111101101111111111110111111111111111111110111111111
147
11001111111111111100111111111111111111111111101111111111111
44
111101111111111111111111101111111111111111111111111111101111
56
111101111111111111111111010101111101111111111011111111111001
104
111111111111111111111111111111111101111111111111001111011111
86
111010111011110111110101111011111111111111111111111111111111
123
100111111111111011111111111101111110101110111111111111011111
56
111111111111111110001111110110111111101110111011111111111110
35
111111111111111111111111111010111111111100110110111110101111
128
11111111110111111111111011111111111111111111110111111111111
61
111111111111110100111111110111011111111111111111101111111111
158
111111111111111111111111110111111111111111111110001111110111
140
111111111110111110111111111111011111111111111111111111111011
72
111111111110111111100111111111111111101111101101101110111111
68
111111111111111111111011101111111111111111111111110101110111
101
111111111011111111111111111111111111111111111111111111111111
43
111111101111101011111100111111110111111111111110101110111101
112
111111111111111111111111111111101111111111111011111111111010
89
111111111111101111111111110111111101010110111111111101111101
10
111111111111111111110110101111101111111111101111111011110111
199
111011111111111011111111001111111111010111101101111111111111
77
111111111111111101111111111011111111111110111111011011011111
61
11111011111111111111111110111111111111111111111111111111111
167
101111111111111011010111111111111111011111111111011111111111
95
101011111011101111111110111010101111111111111011110101111111
156
111111011111111111111111111111111111101111011111111111110111
121
111111111111101111111111111111111111110111111101111111111011
34
11111011111111111111111111111101111011111111101011111111111
69
111011111111011101111101111111111111111101111111111111111111
99
111111011111101011111111111111111111111111111110110111111111
134
11111101111111111011111111111111101010111111111111111111110
93
111111111111100111111101111110111111111101111011111111111101
173
11111101111111111111111111111111111111111111011011111110101
136
111111111111111111111111001111101111111110111111111111111110
54
101011111111011111111110111011111111111111111011111111111111
100
111101101111111111101111111110111111111011101111111011111111
84
111111111111111111111111110011111111101101111111111111110101
55
111111111111111110001000111111101110111100111111111111111111
25
111111111111111111101011111111111111101111101111111111111101
59
111011101111111111111011111001111111111111111011111111110011
189
111111011111111111111101111101111111011100111111111011111110
181
111111111111101110111111111110111111111101011111111111111110
120
111111110111111111111111111111111111110100111111011110111111
132
101111111111001111100111111011111110111111111011111111111110
112
111111101011111111011000111111111111111111111110111111111111
10
111011011011111111111101111111111111111111111101101101011111
87
111111111111110011111011111101011111011101111111111110111011
80
111111111111101111111111111111111101111111111111111110111110
58
111111111111010111111111111111111111110111111111111111111101
177
111111111111011111111110101111111111111011111101011111110111
21
111111111111111111111111111111101110111111111111101110111111
105
111111111111110111111111111110111111110111111111110111111110
136
111111111101111111111111111111111110110111111111011111100101
97
101101111111011101001111110111111111111111110101111110110110
172
111111111110101111011111111111111111111111101111111111111111
169
111111110111111111111111110110111111111110101111111111110011
121
111111111111111111111111111111110111111011111111111111111111
164
111111111111111111111111111111111101111111111101111111111011
8
11111110111111111111111111011101111111111111111111111111111
10
11111111111111111110111111111101101111111111111111111111111
61
111111111011111101111111111111101110111111111110111111111111
139
111101111111111110111111111111111111111111111111111111011011
122
111111111111111111111011111101100111111111101111101011101111
188
111111111011111111110111111011111111111101111111111111100111
171
111010111110111111111111111111111111111111111111111111111111
16
101101101111111110111111111111111101111111111011111111011111
135
111111111111111011111111111111111111111011111111111110111011
175
111111111111111111111011111111110111111110111011111111111111
96
11111101101111011011110101111111111111111011111111101111111
120
111001111111111101111111111111111111110111111111101111111111
40
111101110101111111111111111111111111101011111110111111111111
155
111111111001111111111111110111011111111101111100111111111101
78
110101010111110111111111111011110111111111111111111111111111
151
111111111111011101111111111111100111011111101111111101110111
137
111110110111111111110101011111111111111001110111101111111111
156
111111111111111111111101111111111011111110111111111111111111
131
111101111111111111111111111111111111111111011111111111111111
92
111111111111111111111011111111111111101111111101101111011111
44
110111111111111110111111101111111111111111111101111110111101
128
111011110111111111001111111111111011111111111111111111111110
35
111111111111111111111111111111110011111111111111111101111111
183
111111111111111101111011111111001011111111111101111101111111
144
111111110100111111110111111111011101111111111111110111100111
32
111111111111110111111110111111111111111110111111111111111111
7
111111111111111111111111100110111111111111111111111111111110
133
110111111111110111111111111111111111111111101111111111101011
117
111111111101111111111111111101111111101111111011101101111111
186
111111110101111111111011111111101011101011111111111111111011
52
111111111111011111111101011111110011111110111111110011111111
102
