60 300
10110010000000000010001011101000010001010000010101
101
100001001000000000000010011000001010000110010001000010
106
10000001100000010011100101000101111001100101000000010000
111
1000000100010010000101100010011010101000010000000001110101
130
1011010101001000010000000000111111000000010000100011000010
97
1100000001110010000000011010110000110110101100100000100001
117
100110000111100100100100001000001010000010101000000100000001
131
10000011010011001001001000000001001100010000101010001001111
23
101010100000100001100001100100000001001100000000000000001100
69
100000100001000000010100001100001000001000010001001000001011
7
1000000010000001000000000100001000000000110000000001100101
164
11000001100000000001101101010010010010001000001011001010
157
10101111000011001000001110000100011000000010000000010000
88
110101100110001010111100000001111010000000000000100000011010
71
10101101000011100111101001000000010000010010000000001010101
196
110100100000101000000110000000000010100100101010010010
91
10010011001110001110000000000000000111010000001000011010000
135
10100100100000010000100010000000000000001001011
162
100000000000000010011101001000000000111100001001010100010000
17
10001100100000101010100100110000010011101010110101
125
100000010001100010100000000000000100010000011000000100010011
33
1000111010000011101010110011000000010001100000000110101001
3
10111000100000010101000000100000110011000000000000100010100
124
1110010000000000010111101100000000010100110100010100011000
187
11110011100010000000000000100100010100010101100000000000100
197
110010101010100010000010000100110010011000100000101011000
186
111100001000000001000111000000001001010001000000100000001010
8
10001000000011110110000010001000010000100100001001001001000
66
110101010000000000010001110000001010111000000000110000000011
74
100000101001000011001100100000100001000010010000000010010010
42
1100110000010000100100000110011100000001100000000010101000
192
100100000000000110101100110110000001000100101001000101
122
10010110010000000001010000000000100000000000000100000011010
97
1110001001000000001000010000000001100000111010100001
29
1001000000000001010001111101101101100001100000001010100000
180
100000000010000001110111000101001010110110100110101100010
88
11001101100010100010000011110110100101010000000000000010101
167
100010000100000000000010110000110100010000000100010110000000
35
10000000011010100010000000101000011000010100001000101100110
42
10001000010001000000011101001000000010101000000000000110
177
10110000000100000000000110110010000101000100010001011000100
98
110000001010000001101100100000000100001001001111000000010
158
10101010110000000001000001010111000001010100
43
110000000010101101010100000100000011000000000000100100100000
138
1001110001010000010010010010001110000010110000101000111
37
101010110110101010001001000001000110111000000100110000000000
193
101000001000100011010101100001100000000000110000100
137
11001001001000011000000101011000001011100000000001000001001
155
11000001011000000110010001000000100101000011101101000001000
59
1101010000000011000010000001001100010100000100100100000101
158
100001111010010101001010000010010011010001010001010000000010
138
100001011100000010001100010011000110100010000000000000010000
154
100000100111101010001010010101010001010111000000000001010001
140
101000000100000010000000111000010001010100010001100000000000
54
1010000101000110011000000000000000000110010001000111100110
135
110000010000100101111000100000110010010100100100000010100
101
100000101001100000000001000000110000101101011
58
1000111000000000100000100000010110001111011010110000100110
148
11111100110010000000000010011010000110010000000111
27
1010000100000010000110100001101001001000100001001010101000
148
100100000100010000110100110111101000101110100010100000001010
162
10100000100010001000001010100100100100000000111010011
189
1100001000110100000110000000100011001010010010010000
104
100000010000100100001010000010110000000011001100000010000
76
100010001110000011010110000000011001010010001101000010001000
59
1100101001000100110001010100000110101000010001001000000000
136
110000000011001001100000000100000000000000010100011000110010
40
100010100000111000000000000100100001011010010000000000000
45
1000011000101000000101100011110100011001100011000100001001
17
100000011000100000000100001000111000000000100100000001000100
97
1000011010001101011001010000010000001101011000010000010
44
11110000010001100000100100000011010100101001101000000000000
119
1111000011101100010110000101011100000000010100001101000010
183
100101011000100000001100110100000001010011101001010000000100
117
100100000110000001100110011000010001001000000100000000001100
176
10000000010101000011000001110110001010000000010011000010000
176
11000001010000010000000100000011100000000000001001101011
37
1111000100011000000001100000000000000000011000000001101
155
10001000101010000111100001000000100100011000111100000110100
131
100001011000100010010010110000010000011000001000010100110
129
110010100000100100100100100100000000000001100101101111000000
1
110000001011001101101000010011000011110000101010000001001111
74
101000001000000010000100110001001001010000011010001100001101
93
100101100010000101110000100000000110001010010000000000011
91
11001100100001100000101000001010000000010001000110000000011
10
111010000000100100011000110010110000100100010001010000
38
100100000010000100101010000010000000110000000000000011011
118
100100100010100000000000101010000001101000010110010100001
140
10000100000001010000101001000000000100000100101001000110100
34
100001000110011111010010000100000000010000010111001100010110
174
110000001000010010000010000000010001101001001000001110
113
100100001001000101010010010000000010100011010101101100011000
117
111000101000001010001000000100110110101100001110001100010010
95
101010001100000001100010100100000000101010100000010011110110
98
10001000001010000000101100000110001000010000000110000000001
137
1000100000000010101001010011000100010000000001100000010101
146
11000100000101100000000010100100000100100100000000010011001
137
1011101101010001110000100001000000010000000000111000000000
123
110000001010101000001100100000001000110110001000010100010
95
100010000000011010100000111000000001100000000000110001000101
46
1000000101010110100001011010110000000000001110
81
100100000010000010100001000001000000000000101000000101010001
37
10111000000010110010000000101001000010011001000000000000000
118
11001011010000001000000000110100011100101100000100001000001
119
111000011100110000001000000100110010000000100100000000
46
10000100010011000001100011001000000010000001010000001100001
195
10000110001000010000001100000000000001010000001110001001
74
1000010000100100100001010101100001110110000001100001
13
1100001111010100100001000111100011110100010001001100001
188
111011010100010100010001000100011000000100101010010010000000
158
101010010010000101000001011101000100010010001110
119
110110000000010001000001100100010101000000001000010010100010
165
100000110010000001100010100000001000101000000000010000101
63
101001101000001000110010000010100010011001011000000100010
73
1010000001000000011111010001010100000110100001000101010101
99
1000000110001000100111000000010000100001010110100000000100
191
100100110011011110100010010101001010111010001000100100010
97
101010000101110000100000010011000011000100001000010
152
1100001010000000010110001010000000100100100100000110001010
60
110000001010000000000011100000110000000100000010000100100000
101
1000010010000001100001000001001000001000010110010100110011
99
100100001001000010001110100110010101000000100010000000101010
9
101001000011001000101000101001000000101100001010000000100000
52
11001000100110000101011000000100001011000010110011000000100
137
10100001000010111011100001001011000000000000001000010001101
15
1000010000000011000100110100100100000001000101101001001
117
1110100011001001010100100000100110000010000100011100000010
17
1010110000000000000110100000001010000000010000000
15
10101101000100000010110101000111100000110100000111000101000
116
1001100000110001010000000101010101011001000011011001011
110
100000100011000110101000110001011000001100000010010001110000
18
10010100010010100010010100000000100001000010001001000011000
147
10000000010000000010110101011100010001000000000000010000101
74
101111001000010000010110100011001101000001011110100100
29
101010010001000001010110110101010001011010010000100101001000
21
11000000011110000000001000000010000001010110001000110000110
146
110110000000111100000011010001000011001000101111000000000
54
111111000100100100011001001001011110100000001000000100110001
198
110100100010100101100111000000110010001010100000010000110000
128
10000010001100111001100011011000110000001000001100100010100
134
100101100001100111001000000000100100010001010100101101011
20
11010101000000100000010010101001100100010011000100000000
30
110000001000101111101000110000000000000010100011010110001000
80
10100100011000011111010000001000000110001110001001001100000
53
10000100001000100010100010000000100001000000000101001000000
12
101000111101010000001011001100011010000000001000000000000100
45
110010011000101000000000001100000010100000010011001010001100
102
1111110000100000000000110001100010000110010100010011000101
146
101000000111000000010000110100000100000001001000110101100011
26
101000000111000100000100010101000000011000000001100000000010
110
1001100100000000000100100100001100110000010000111000100000
102
1100001010111010000000000001000011011001101011010000010100
140
10000000010000101100001000000001100111110000001010001010010
192
1000000011000101110101001000001000100000010101010001000011
25
100000100010010110000000001000000000000000100010000000001
97
10010000110000101000001000110010100000001001100110000100000
22
100001011010000000011000100000000001010000100011101000000010
54
1000110101110000000000001001110010100000000100000000100100
73
1100000000101000110101010100000011000000000010000000000010
128
110101011000110100101110101000010000000001001000000000110001
131
110001100010110101010110001110000100101010101000010100100100
128
101000000000000000000000000010110000011001000100000000000000
197
111011001101101000011010000001000001100000010000100001001000
105
101100001100110000101000010010011110101000000100100000000000
56
11010101101000100010001001001000000011001000111110000010000
44
100110000000011100001010101000100100110001100010000000000010
199
100000011000010110001010001001010001010000001000010101100010
43
1000010000101000111110010000011000000010000011111010010000
103
110010000000101000010100001000011101101010110000000101100
103
11111101011010100111110010000101110111110100010011100000
70
101010010000000100100000010000101100011110000001000000000100
136
1000100100000100000000100111000110110000001100100000000000
174
10010010000010001100000001111010001000010011011001000001000
142
101010001001101001111000001000000000001100010000011000001100
56
110000001101001000000011100100001000100100000000010101100
56
10001000100000001000000000110000101100000000000000001010010
175
101000100001111010100010010000001010100100010001000000
104
110000000000000111111011110000000000111000010001101000100011
198
1000000000001000000000011000010010010001001000010000000000
61
100000010000010011001000001001001001101000010010011000000110
185
11000100101001010001010010011110001001100000010000
106
10110010100000001000000100111110000000100000010000100110111
109
100000100000011001110001000001100000000001001011001000000010
48
1110001100000000001000001000101111000100001000100001100
165
100100000000100100100011000000011001001001001100101101000000
134
10010000111010100001100010000101000100001100010000001000010
59
101001000000001010100001000010010010000010100001100001000101
26
11000110010000001011110001000000011001101100010011010000001
187
100101100101000110100010101000011110010001010100100000100101
46
1000000100000001100000100000010011000000000000110011001001
13
100001101000000001001001001000111101001001110010001010001
113
100001000000101101000110110011100010100101100100001100000100
41
1110100001110000000001000100001001000000011100010000001111
130
101101010010101000101000101010111010110100001000000000010010
33
10000110001000000000010011000100100010000001100000000110000
21
110010010010100000101010000000000011110010110010000000000000
115
111100000000100100100001101010001110110001000001110010010000
128
1000001111110011110000010011101100100100010010100
62
111011101010001000010000001000000110100011100001010000010100
143
1000010101000000110100000010000000000100000110010000000110
77
101000010000010001111000110100000000100100010110011100110000
25
11000100000010100100010000010001101001101010100000000100000
31
10000000010010000100101001000000110111001110000000010100000
93
101001110011110011010000000000011000100110100100000001001000
48
1000110100100101110011110011011001000110010011101010011000
106
111000000001010101010110100000000000101000000011111110100001
22
10000000010010001000100010000000000001000011010101010110001
157
10010100001100010010000000000000100100000001011010000001000
77
1000101110100000101101111001010100000110000010000000000100
62
100101100010100010001001001101001000101000000000010
196
1000100010110000010010000010001000000001010000000110110100
167
10001000100010001010001011010001010010000011000000
147
10000000101000001000101100000000000001001110100001000000110
44
11011111100000000101000100000100110000000100011000100
56
100000010010111000001010000000100000100111110000100000001001
104
11100010100000000000000000000000100001100011101000000000001
86
111000000011010010000100101001111101010001000101000011000100
123
100110100000001001011000000100110100100100010100010000100
56
100100011001000000000000100000000101001000101001101000101010
35
100100100001000110010010000000010001000100010100010000010
128
110100100000101001100010101010000011000101010010001010001
61
100100000000000001001000000010110100000001011100111110011
158
10100101011010010001101000000100000110000111110000000000000
140
100000000010001010001000001000001000000100010101101100110000
72
110010000000101000001110000110001100000000000000100010000
68
110000110010000100110000100010000100110000001010000000000000
101
10101100001010001000101001100010000010011001010011100111010
43
10000100001100000011000000001010000101010000100001000101000
112
10111010101001010101010000000101110010001001011100100110000
89
101001001000101010000111110100010000000000000010101100000001
10
11000011100000000000000101010100000100000001010001001010000
199
1000011100000000010100000101000100000100001000000011110011
77
10000000010000000000011000011000101001000111000011000010000
61
10100000000100001001100000000000100100010010000000001000111
167
11010000001000010011111001000011001010110011001100000
95
1010010001000100101010000000100000010010001000000100000001
156
101000000011000100000000011001000100001101001001001011000000
121
1110001000000100101111011000010001100000100100011000
34
11010001001001011000000000110010000110000010110000011
69
101000100010001001000000000010000110000100101010000100100101
99
101011000101000001000011001001000010001000000000111000110
134
10010100100000000000000100000100001000000011100101110110010
93
1000001100100110111101011000101000101001100000000001000100
173
10000001001010001100010010110001011011110001010001100010000
136
10000000010010010010001110000111100100010001000001000000
54
100000010010010011001100001000010000101100010001000000010010
100
101100100101110111100010101010100000111010100000100000011001
84
110001000000000010010100000001000000001001010110000101010100
55
101011100010000000001101101100000100011110101000000000
25
101100000101100010001011101001010101001001100001110110000100
59
100001001111010001000001101000010001001111000001000000100000
189
1000000011000110101001010000110001000000101000100000010010
181
1001001101000000010000010110011000110000000000000010010010
120
110001000100100000010010001101100100100000000001001110101010
132
101001101000000100100000001011000100011010000101111101000
112
100101000011010001000000101000111101100100000000100010001000
10
1000011000101001110101110000000001110000000001000000000011
87
1010111000001101001000000010001000000000100101010000010
80
11000100100001100001000010110010101110101000001011000010010
58
1000101000000110001100110001000000011010100010000000101
177
100101110001000100001010000000000100001010100100001110010011
21
10000001010000100000000100101100100100110000010000000011101
105
100010010100000001101010000000100110010000000100101100100
136
1111000000111100010011000011000010101010000011010100001
97
1000101100001101000000001100001000000010000
172
11110010000000000100100110110000000011000110001010011010
169
110000000000100001011001010100000000000010101010100110100010
121
100000101010000000010001101100100001000010001001000101100110
164
1100110100011011111000101101011000001000111100101000111000
8
1110100001001100001000010001100001010100011000001001010100
10
101100000011000010010001111000100101100111000101000010001
61
10000101011110001001101100100000010101001011000000010000100
139
1000001011100110000101011100001000001010110000001110000000
122
100001000010001000000010100000101101000000000000011000000
188
100000101010010001000100100001011001010000100000000010100101
171
1000000000000010000000010010000000000100110100101000
16
100001100110010000001110001000010101101010001010100001010001
135
100100010001001001010010001100100000010001011000101010100000
175
110101010001000010000000101000000010000010100000100100011001
96
101010000001010000001100001010000001101100001100000
120
110001000000000000100001010101010000100000011011000000010100
40
10000000000100010000000101010000000000010000010010000000000
155
1011011001011000011100000000000100000101010100010010000100
78
100000010100110100100001100010000001010001010001011100011011
151
10100000001001001000100000001000000000100001001000000000010
137
110100000010000100000000001110011000001000011000000010010
156
100000001100001011011001010010101000010110000000000101000101
131
100000100011011110110000000001010010000001001100011000100
92
100000010010000000000011001000000010000100000000001010
44
110011110001000100100000000001000100000110000010000011000
128
100010000000000001000110001001000000101100001101101000010110
35
11000000101000011000110001011100000011101000001100000101010
183
1000010100001100000001111110000000000000011100000000010110
144
110001000100001000000100000010000000100000101011010000100101
32
110100111010010001000000110100011000101000001101010100001011
7
10100011100100000100000000011010110100000000000001000
133
110100011111000011100000110001011010000101001101000001100000
117
100000001000000111101100000000000100101000001000000111011
186
100000100000010100001000100111101000100010000100001010110010
52
1110111101001000110000000100010011011000100101100000000001
102
