60 300
111000011110011011010001010101011101011010001011000011101
101
10000101001001001000000100111011000011010000110010001001010
106
10111100011100001110111110101111101111101100111000000010000
111
101010001101010010010101110011111111111000010100100001110111
130
1011010101001001110001000110111111100000011100100111100010
97
1100000011110110010100011110110011110110111110100101101001
117
100110001111101101111100001011001011010010111011110110000111
131
10001111010011001011001000010001111100111000101111001101111
23
111010100000101011100001100100111101001111000010001100001101
69
111001100001010111011111101100011001111000011001001000101011
7
101000000010010001100001001101001000001000110000010001110101
164
10111000001110110110101101101010010110010101100101011101011
157
11101111000111111101001110010100011111000011011001010001
88
110101110111001010111101100001111110001010000111100010111011
71
10101101000011101111111011001000010000010011111000111011101
196
10001110100100001111000000110000001001011101101101110111010
91
11111011001110111110000010000011000111010000101000011010001
135
100000110111100100000010000110110100001001110001001111
162
100010001010101010111101001000001010111110001001110100011010
17
1001001011001100100010101110111100110001010011101011111111
125
100000110001100010101000010110110100010001111011101110011011
33
101100111010110111101011110011000101111011100100101110101111
3
110111010100000010101010101101011110011011100000000101010100
124
1110011010001000010111101100000100010100110101110100011100
187
11110011110010000100001001110101010100010101100100100000110
197
101111010101010100110001011010100110011011010100100111011100
186
111110001010010001111111001001111001011011010100100000001010
8
10011000110011110110100010011011011000111100111011001001000
66
110101010011000010011001111000101010111010010100111100000111
74
100000101001000011001100100000110001001010010010100010010010
42
1100110100010110101111101110111100100111100100000010101100
192
101101100000110110110111101110111000001101100101111000101
122
110110110010010010001011110000101100000000000010100000011010
97
1110011011010011101010110000110001110001111011101001
29
11011110001110101010001111101111111100001110010101011101010
180
10100000001111001111111111110101011110110111111110101100010
88
111001101100010110110011011110110101111010000000000101011101
167
111110100100000000000111111001111101110100011110110110000000
35
110011101011011100010001000101000011000110100101110101100111
42
100010001000010001000000011111101001000010101101000011000111
177
10111101000110000001100110111010010101010100010001011100110
98
110000101010000101101110101000010100001001001111100000010
158
100000000000000010101010111000110001010001010111011101010100
43
111110000010101101010111000111000011000111000000100100110101
138
100001001111011111110010010110110001110001110110000101000111
37
101011110110111010001001000011010110111000001111111100000000
193
110001101010001001110011011101100011100000100000110000100
137
11001011101011011000000101011101101011111000000001001001011
155
111000001111000100111011011010000111101110011101111000001000
59
11101010000000011001110010011011100010111110100100111100101
158
110101111010110111001010100010010011111001011001010100010110
138
100001111100011110101110010011101111111010100111110010010000
154
101100100111111010101010011111111001110111110111001111110001
140
111000110101011110100000111000010011010101010001110000000101
54
11010001101000110011001000010100000000111010011000111110110
135
100110110010000111111111000100000111110010111110100101010100
101
11000001001100000101001100010000001100110110000101101111
58
1000111100000001110000100010011110001111011110110101101111
148
1100001111111100110010000010000111011010000111110001010111
27
1010000110010010001110100001101001001000100001011010101100
148
100100000100011000110101110111111110101111110111100100001010
162
111001011100000100110101001101110100100111100100101111011011
189
100000001110001111110100011110100011110011001111010010011001
104
1111000010101111101101010001010110001001011001110001010010
76
101010001111010111010110100001011001011010101101000110111110
59
1110111001100100111011011110010111111110010011001001000000
136
110111101011101111101101001110110100110000011110011000110110
40
1110010100000111100100000000101110101111010010011110000100
45
101001111110101000100111110011111111011011111011000100001011
17
101100111110110100010100001000111000001000100110000001100100
97
101001100011010011101011011010100010000001101011100010101111
44
11111001111001100011100100100011010100101001101111000010011
119
1111011011101110010110010101011110000110110101001111100110
183
100101011000100001101100111110010001110011101111110100000110
117
100101000110010001101111011001110111001000001100000000011110
176
11001011010101000111001101110110011110000011011111000010010
176
11010011010001110110000101100111100100000111011011111011
37
110001111100101111100101001101100100011100000011011000101101
155
10001000111110000111100011111010101110011000111100110111110
131
100111011001100010011010111000010010011100001001010100110
129
110010100001110100110101101101000000000001101111111111000000
1
111000111111001111101110010011110011110000101011010011101111
74
111100101100100110001100110011011011110101111110011100011111
93
101111100110000101111101110111011110101011110000000000111
91
11011100101111101000101101101011000000011001110110001000011
10
1111010010000100100011001110110110011101100010011010000
38
1100101110010000101101010000110000110110000000010011011011
118
100101110101110110000111000111011010011101000010110110100101
140
10100100000011110000101011000000100101101101101101000110101
34
100001000110011111111010000100000010010000010111001110010110
174
111000001101010010101010000000111101101001011000011110
113
100110001001100111111110111100000111100111011101101110011000
117
111101111001001110001010000100110111101101101111111110010110
95
101110101111010001100111111100000010101011100000111111110110
98
10101100101110111000101100001110101010110010000110000011101
137
111001101100000110101001011011000110010100001101100000010101
146
11000101011111100000100011100110000100101100100000010111001
137
1011101101110101110000101101001100011110001110111010100000
123
110100001110101000111110100101001000110110011000010101011
95
100011000001111010101101111000011011100000001000110001011101
46
100011011111010011101010110100001111110110001001101011110
81
111110000011010111111001000101000000001010111000000101010111
37
10111000100010111010000101101001100010111101000110010000100
118
11101011010000011101001101111101011101111100000110101011001
119
10000111010011100111000011001001100110010000111101101000000
46
110000101010011000101110011001100011110001011011101011111111
195
11000110011011011100101100000001000101110000001110001001
74
11001000010010100100100001011101110001111110010001101001
13
1110101111010101100101101111101111110100010001101100001
188
111011010110110100011011000100011001010100111111110010000001
158
101000000101111010010000101101001011101001100010010001110
119
110110010001010001000011101101111101000110101100010011110110
165
110010111010100001100010110000001000111110001100110000101
63
1101001111000101100110110000110100010011011011000010100010
73
1010100001000000111111110101110101000110110001101111010101
99
1110000110001110100111110010011110100001110110110000000101
191
10110110111111011110101010010101011010111010001100110101010
97
110001100101011100101110100100001110111101011100101001000011
152
11100001010010100110111011110100000101100110101000110101011
60
111010011010000000110011100000111000000100010111010110100001
101
101001110010000101110001011001101011001100010111011101110111
99
100110101001000010111110110111010101100110101010111011101010
9
101001100111001000111000101011000010101101001010000000101000
52
111011000110110000101011011000100101011011010110011010100100
137
111100101010110111011110111001111100110010000001000010001101
15
100001000111011001011100100111101110110001001000101101001011
117
11110110011001111111101100001101110100111011100011101100010
17
1000100111010110000101100000110100000101011100111011001000
15
10101101000111010011110101000111101000111110001111001101000
116
1001101000110011010000011101011101011101010111011101011
110
101010110111000111101100110001011001001100010010011011110000
18
110011100010111111010110100000011100111000010001011000011111
147
110000110010000010010110101011100010101100100000000010011101
74
1101111001000010000010111111011011101100001011111101110
29
111111110001001001011110110101010001011111010000101101101001
21
11000000111110000001101100000010100001110110001010111010111
146
100111110100100111100101011010001000011001100101111100101000
54
111111000100110100111001101001011111111100001001000101110011
198
110100111110100101100111000000110010001010110010110111110101
128
110110010001100111101100011011100110010011010011110100011100
134
10100101100001100111001000001000100100010001010111111101111
20
11111101000100110101010110111001100101110011000100000100
30
110011101000101111101010111000000110110010101011010110001100
80
11110100011101111111010010001001000111111110011101111101100
53
11011100011010111011110011000000100001000100100101101000110
12
101100111111010011101011101110111010001100001011000100101100
45
110110011010101000001011111100111010110001010111001110001100
102
1111111010100001000000111011100010100110010100111111001111
146
101010100111110000011001111100101100100101001000110101100011
26
101100000111000100100100110101000000011001000011100101010110
110
101001110111000101000110110100001111111100011100111010110101
102
1100101010111011000001010101110011011001111111111100010110
140
110000000010100111100101111100011101111111001001111001110110
192
111000001111000111110101101011001110110001010101110111000011
25
111100000100110011110001100101010000101001000111011001000101
97
11010001111011101000001100111010100000011001100110001100000
22
111001011111100000011000100101000001011011110111101110001010
54
101100110101110100001000001001111010100101000100000010111100
73
111100011101101100110101011100000011000100000011000001011110
128
110101011000110100111110111010010001001001001001100000111001
131
110001110011111101110111101111000100111010111000110100100111
128
101001100001101010001101000010110010111001101100001000000001
197
111011001101101000111010001001011011100000011100100001001000
105
101100001101111000101000110110011111111001000100110000000011
56
111010101111010110011101001111000100111001001111110101010101
44
100111001100111100001010101010110100110001100010100010110111
199
101100011000110110001010101011111001010001101100111111101010
43
1001010110101000111110011001011011000010001011111010110100
103
111011010001101000010110101011111101101011111001010111110
103
11111101011011110111111010100101110111110101110111100000
70
111010010111000100101000111000101101011110100011000111000100
136
101100100100000100100001101111000110110100001110100111011010
174
10111010000010111100000101111111001000011011011001010011000
142
101010011001101001111010101000000011011100010000011010001110
56
111100001101101101000111110100001000101101001011010111100
56
11101100100000111100000001111000101101111011001110011011110
175
101100100011111110100010010010011010100110011001101001
104
110000011001000111111011110000000011111001011101101000100011
198
101110100001111000100010111010010010010101001010110001011111
61
101001011001010011101110001001011011101001110010011100111111
185
10111000100101001010001010011011110101001100110111011
106
10110010100000001010001100111111001001110000010001100111111
109
110110110000011001111111110011110100110011101011001001000010
48
1110011100001100001000011110101111000100101000100011111
165
100100010111100100101011100001011001101011001110101101100001
134
10111010111010101101101110011101000111101111010001001010011
59
111101100101001010111001110010110011000110100001100001000101
26
11101111010011001011110101001000111011101100010011010001101
187
100101100111110110101110111100011110010001010100100000100101
46
1000000110000001110110100000011011101010000001110111011001
13
110101011101010000011101001001001111111011001110110001011001
113
100001000000101101001110111011110011100101100110001100010100
41
101111100011111001010001010110101001000000011100010011011111
130
111101110011101100101011111010111110110101001001010110110110
33
10000110101001100001010111010111110010000001101011101110000
21
110110010111100001111111000010110111110110111110000000001100
115
111100101100100100101101101110101110111101000011110010010101
128
10110000001100111111110011110000010011101110100110010110100
62
111011101010001000110100011110001111110011100101110001010110
143
101001010101000110111100110010010010000110111110111000100111
77
101000011101110011111110110100010010111100011111011110110000
25
11100100010010101110010001010001101001101010110000001100010
31
110100101010010010110101001010000110111001111000101010110000
93
101011110111110011010101001001011000100110101110000011001000
48
1000110111110101110011111011011011110110110111101110011111
106
111100000001010101010110110010001010101110010111111110100101
22
10000001010010011100100011011100000101100011010111111111011
157
11010100011110010110100100011010101110000011011110100001110
77
1111101111100000101101111001111100000110000010010100000101
62
100101110011101011001111111101001010101110101000010
196
101000100110111001011010110011001001000101010010001110110101
167
1000000010001001110010001110001011110011010110000011000011
147
10001000111000001100111101000100000001011110101101001100111
44
11111111110100000101001110100100110000100111011100110
56
100001110010111011001011010000101100110111110010111100001001
104
11100010110000101011000110000000100001100111101000010001001
86
111000011011010110000101111011111101011011001101100011010101
123
100110100100001111011100100100110101110100010100010011110
56
110110111001110100000001110000000101101100101001101000101110
35
101100110001000110010010000101011011000110010100110000110
128
11110100100100111101111011111010111011101111010110001010001
61
111101100100000011011100001011111100110011011100111110011
158
10110111011010010001101100010100010110110111110000010100000
140
100000000010101110001100101010001001010100010111111110111000
72
10111010000111101000001110101110101100010001001100110111001
68
110010110010000101110011100010100100110101101010000001000100
101
11101100001010101100101101110111100011111001110011110111011
43
10000100011100000011100000111010101101010111100001000111000
112
110111111111001011101010010100101110110101001011101100110010
89
111011001010101111000111110100010100000110100111111101000001
10
11101011101100101100000101011101000110011001010001011010010
199
1011011110100001111101000101001101010101101000001011110011
77
11000010110101000000011010011100101001000111000011000010000
61
10100000001101001001100010101100110110011010000000011100111
167
100111010001001000111011111001011011101111111011111101011
95
1010110011000100101010000000101010110010111011000101101001
156
111110001011010100100100011101000110101111001011001011000000
121
10000011110001000000111111111011000010001101001100101011000
34
1100011010001101001111000001101110011111111001010110111111
69
101011101011001001000000110010000110110100101111110101101111
99
1101011001101000101010111001001000010011000000000111010110
134
10110101110110100000110100110101001000001111101101110110010
93
101011011100100111111101111000101000101001110011100001001100
173
10000101101110001110011010110001111011110001010001111010000
136
100110101110011110011010001111100111111100010001101101000000
54
101000011010010011011100011000011100111111011001001100010010
100
101100100101110111100110101010111110111010100001100000011001
84
111101010011010011010101000011100101001001110110100111010100
55
101111011101110000000011101101100011100011111111010000110
25
101101100111100010001011101001011101001111101101110110111100
59
111001001111010101000001111000010101011111000011100011100000
189
101011000011000110111101010000110011000000101000110001010010
181
1011001101000000111100011110111000111000000101110011010110
120
110001000100111000010010111111100100110000111101011110111110
132
1111101101001101100110101001011000100011111000111111111000
112
110101000011110001001000101110111101100111010010111110101000
10
1010011001111101110101110101001001110001100001100100010011
87
1101011111000001111011011001011011011001000101111010010010
80
11010110100001101101001110110111101110111100101111100010010
58
1000101000101111001100111101001100011110110010001100101
177
100101111001000110101010000001000101011010101100001111110011
21
10110011011000100010000101101101100110110000011000000011101
105
100010011110010001101011000000111110010000000100101100100
136
1111001000111100011011111111000010101010100011010100101
97
100101000001000101001101100011101001001001110001101100010100
172
10111111010000000001101111111111111001011101111001110111011
169
111001100000100101011001010110000100100010101111100110100010
121
110001111110000100011111101100100011000010001101010101100111
164
1111110100111011111000101101111001001010111101111010111010
8
11110100011001110001000010011101011011100011100001001010101
10
10101111000011000010010011111000100101100111000111100010001
61
11010101011111001011111110111000010101001111000101010000100
139
101001001011100110100101011100001011001111111010001110001010
122
101001110111011100000110100000101111000101010000011100110
188
100100101010110001000100101001011111110001100010001110100101
171
11000011010000011100100110010100000110101110101101000
16
100001100110010000101111011010110101101011011010111001010001
135
101110011001101001010010001110100100010011011001101110100010
175
110101111011010011010000101110000111011010100000101111011011
96
10000101110000001010001101110111011110011101100101100100
120
110001011001000100111001110101010011100001011011101100011100
40
11001000100110010010000111011100100000010100010011101101101
155
111011011001011100011100010000000101001101110100110110010100
78
100001010101110110100111100010000001010001011111011100111011
151
10110000011011001100101100001000010010100001011000000010110
137
1110100000110001100000001001110011100001000111000100010110
156
111010101100001011011001010010111010010110000100001101001111
131
10100001110011011110110000000001010010110001111100011010100
92
1000111010010011010000010011001101100010010100000000001010
44
100110011111011000101100100100011110100001110100010100011001
128
100010000000000101001110011001000000101101001101111100111110
35
11000000111100111000110111011110000111101101011110000101111
183
1110110101001100000001111110000000011011011100101000011110
144
110011100100001001110101010110010100101110111011110101100111
32
111101111010010001110010110100011101111110011101010101011011
7
10110110100011111101011100000001111010110110010000000001000
133
110110111111100111100100111011011010111101001101100011100010
117
10101001001000100111111100000100100100101011011100100111011
186
110001100000110110001000101111101000100011000100111010110010
52
1110111101011100110100000110110011011100110101110000010001
102
