60 500
111010111110111011110001011111011111011010111011100011101
101
10010111001011001010101100111011100011010110110011011111010
106
10111111111100101110111111101111101111101100111001000011110
111
111010101111110010010101110111111111111110110100101001111111
130
1111111111001001111111001110111111100010111111101111110110
97
11111101011111111010101111110111011111110111110100111101001
117
110110011111101111111100001111011111111010111111110111000111
131
11011111010111011011111000010101111101111001101111001111111
23
111010101110101111110001100110111101101111001110011100101101
69
111101110101010111011111101100011011111100111001011111101011
7
101001110110110001110001001101111001101100111010110101110101
164
110111000101111110110111101101111010110010101101111011111111
157
11101111011111111111101110010100011111111011011101011011
88
110101110111101011111111101101111110011011000111110011111011
71
110101111100011111111111011101010110001110011111110111011111
196
111101110111110111111000000110010111001111111111111111111010
91
11111011011110111110010011111011000111011100101011111010011
135
10010100010110111101110000110010111110101011001110101101111
162
111010111110111011111111101011011011111111111011110100011010
17
101001011011011100110010111110111110111101010111111011111111
125
110001110101100010111001010110111100010011111111101110011111
33
111111111110111111111011111111100111111011111100101110101111
3
110111010100001011111010101101111110011011110100000111011110
124
111111011010101010010111101100111110110101110101110110111111
187
11111111110010101101001111111111010110010111100101111110111
197
101111010101110101110001011110101110011111110110110111011101
186
111111001011010001111111001111111111011011110111101000101011
8
10111100110111111110101010011011011001111111111111001001111
66
110101110111101010011011111101101010111011111100111100010111
74
100100101011011111001100101110110001101110010111100111010010
42
111110110111010110101111101111111100101111110111101110101111
192
10101101111100110110110111101110111101011101100101111100101
122
110111111111010011001011110010101100000000000011111010011011
97
10010111110011111011111101011110011111001111011111111101111
29
11111110001110101011101111111111111100001111110101011111010
180
11111001111111101111111111110101111110111111111110101111110
88
111001111101011110111111011110110101111110011110111101111101
167
111111110100001000000111111011111101111110111110111111101011
35
111011111111111111010101010101100111001110110101110111110111
42
101111001000111001010000011111101011001111111101000111011111
177
111111101000110000101100111111110110101010100011011011110110
98
101110101101111010101101110111100010100001101101111110000010
158
101010001010011010101010111110110011111011011111011101111100
43
111110011111101111111111110111001111111111100111111101110101
138
100001111111011111110010111111110001110001111110101111000111
37
101011111111111110101001011111111110111000011111111101111111
193
1110001101110101001111011011111110011101010110010110000110
137
111101011101011011101000101011101111011111010011011001001011
155
111011111111110101111011011011010111101110011101111010001000
59
111111111011001011001111011011011100111111110100110111110111
158
111101111110110111011110101010011111111011011001110110010111
138
100001111110011111101111110011111111111010110111110110111100
154
111100101111111010101010011111111011110111111111001111110101
140
111000110101111110101010111000111111110101011001110000110111
54
11110101101001111011011011110101100001111110011010111111110
135
100111111011000111111111000100110111110110111110110101110110
101
111101011011100000111101101011011101100111110000111111111
58
101111111101111001111111100110011110001111111110110101111111
148
101100101111111100110011010110001111111011011111110011010111
27
101111001110010011001111111001101111001110101001111110111101
148
101100101100011001111111110111111110101111111111101110001010
162
111101011100111110110101011111111101100111110100101111011011
189
101110111111111111111100011110111111110011111111010110011111
104
1111101110101111101101110101011110111001011001111001110110
76
111110101111110111011110110101111101111011101111001111111110
59
101110111111100101111011011111010111111111110011111001000011
136
111111111011111111101101011110111100111000011111111010111110
40
101110111111011111111100111100111110101111111010011110111110
45
101001111110101001110111111011111111111011111011001100111011
17
101101111110110100010111001001111011001111100110001001101110
97
101101110111011011101011111010111011010001111011111011101111
44
11111111111101111011111101101111011100101101101111000011011
119
101111111011101111011110010111011110100111111101111111100111
183
100111011101100011101111111110011011110011101111110110111111
117
110111010111010001101111011001111111101100111100011011111111
176
11011111110101011111111101110110011111010011111111001010110
176
11111111011011001110110110111100111110100000111111011111111
37
111001111111111111110101011101110100011111101011011000101101
155
10011000111110111111101011111011101111111100111101111111111
131
100111111101110011011111111000110110011110011011011100111
129
111010110001111101110101111101010010110001101111111111000110
1
111000111111101111101110110011110111110101111111111111101111
74
111101111100100111001101111011011011110111111111011100011111
93
11111111110110010111111101111111111111111011111000000111111
91
111011110101111101011101111111011000011011001111111111100011
10
1001111010011010111100011011111110110111101111010111110000
38
101110101111111000111101010100110001110111011001111111111111
118
101111110101111111011111110111111011111101000011111111100111
140
10100100100011111001111111111000100101111101111101101110111
34
110011001111111111111111000100010110111110011111001110111111
174
11011111100001111011010111110101000111101101001011110011111
113
100111011101101111111110111100000111110111011101111111011010
117
111111111101001110001011000110111111101101101111111111111110
95
111110111111011001110111111100101011111111101000111111111110
98
11111111111110111000101101011111111011111011001111000011101
137
111011111111011110101101111011101110010111001101101001111111
146
111110101111111100101111011100111100111101111111101011111101
137
101011101101110111110010101111001101111110011110111010110011
123
110100011110111100111111101111001011111110011100010101011
95
100011111101111010101111111011011011100110001011110001011101
46
110111111111010111101010110110101111110111011011111111111
81
111111011111011111111011110111100000011011111001011101110111
37
11111000100111111010001111111111110011111101110111111000101
118
11111011111111011101001101111101111111111110000110111011101
119
111000111010111110111011011101101111110010100111111101000111
46
111010101011011111101111111011100011111001111011101111111111
195
100011000110011011011110111101010101001101110000001110101001
74
110111011100110110101101100111111111111111111110011011101001
13
100001110111111010101111101111111111111111111111101111101011
188
111011110110111100011011000110111001010111111111111010000001
158
101000010101111010010001101101101011111011100010010101110
119
111110010011110001101011111111111111001111101110011011110110
165
101110010111010101011100010110000001000111110111100111001101
63
101101101111111101110110110111111100111011111111000110100011
73
11010110011000001111111111111111101010110111001101111011101
99
11111010110011110110111110011011110100011110111110111000101
191
10110110111111111111101010011101111010111110101101111111111
97
110011101101111100111110100100101110111101011101111001101111
152
111111011010010110111111011110100010111101110101011110111011
60
111011011010010100111111100000111001011110010111111110100001
101
101001111111101101110011111011101011011101010111111101111111
99
111110101011000010111111110111011101100111101011111111101010
9
101111111111101100111001101011000110111101101111000110111100
52
111011010110110110101011111100100101111011110110011011101111
137
111111101111111111011110111001111100110011000001001110111101
15
110101011111011111011100111111101110110001111100101101011011
117
111110110011111111111101110101111111101111111111011101111010
17
1100111111010111001101101011110110001111111110111011111001
15
11111101100111010011110111000111111010111111011111001101100
116
10011001101010110011010100111111011101011101010111011111011
110
101111110111000111101101110111111101011111011010011111111100
18
110011101110111111111110100011111111111000011111111100111111
147
110010110111011010110110111011111010101110101101011010111101
74
10011101111011101111110111111111011011111110001011111101110
29
111111111101101001011110110101011001011111011011111101101101
21
11011110111111001001101100001110110001110110011110111110111
146
111111111100111111110101011110101000011111110101111111101100
54
111111010100110111111101111011111111111100011101000101110111
198
110100111110100111110111111010110010001110110110110111110111
128
110111010011100111101100011111100110011011111011110100111110
134
110100101110011110111111110011000100110010011011111111111111
20
11111101000100111111110110111001101101110111000111011100
30
110111101000101111111010111000000110110111101111111110111100
80
111110100111111111111010111001011101111111111111111111101111
53
111011100011110111011110011000010110101100111111101101111111
12
111100111111010111101111101111111110011100111011000111101100
45
110110111010111001101011111100111011110001110111001110101101
102
1111111110101101000110111111111010111110110100111111101111
146
101110100111111001111001111100101100111101101110110111100111
26
111100010111111100100110111111101011111101111111111101111111
110
111001110111000101000110110111011111111110011100111010111101
102
11100101010111011000101010101111011011111111111111110011111
140
110001111010101111111111111111011101111111011101111001111110
192
111110011111001111111101111111101110110001110111110111111111
25
111100111100111011110011100111110011111011100111011111111101
97
111110101111011101101011111111010111011111111100111001100010
22
111101011111100111111110101111000011111011110111101110011011
54
111111111111110111101000001111111110110111000110011010111100
73
111101011111111110111101111100100011110101000011000101111111
128
110111111001111100111111111011011111101001101111100101111101
131
110001110111111101111111101111000101111010111010110100110111
128
101001110101111011001101010010111010111011111100011100101001
197
111011001101101001111111101101011011100001111100111001001001
105
101111101111111110111001111111011111111111100111110000000111
56
111011101111010110011101011111010110111011111111111101010101
44
100111101100111111001010111010110100110111100110110010110111
199
101100111100110110111010111011111101110111101100111111101111
43
1111111110101110111110111011111111101110101111111011111100
103
111111011001111110011111101011111101101011111001110111111
103
111111111011011110111111110101101110111110111111111100010
70
111010111111111101111100111010111101111111100011010111000100
136
111101101110010110101111111111000110111111001111110111011010
174
11111011011010111110110101111111101101011011011101110111010
142
101010111011111101111010101100111011111110011101111110001110
56
10111110001101111101111111111110011000111101001011010111111
56
111101100110010111101111001111111101111111011011111011111111
175
1101110101011111111110011110010111111101110011001111011
104
111000011001011111111011111001101011111101111111111101110011
198
101110100011111100111010111010010111111101101110111001111111
61
111011011001110111111110101001011011111001110010111110111111
185
1000111111111101111001011011110011111110111101111110111111
106
11111010101000111111001101111111101001110010110001110111111
109
111110110100011011111111111111110101110111111111001011000011
48
100001110111100101110101011011111101111010101111110110011111
165
101110011111100110101111100101011101101111011110101101101011
134
10111010111111101101101111111101001111101111111011001111011
59
111111101111011110111011111111111011110111110001101001011101
26
11101111010011001011110101111110111111111110110011110011111
187
110101101111110110101110111110111110110111010101100000101101
46
1111101111011001110110100011111111101010001011111111111001
13
110101011101011111011101101001001111111111001111111011111101
113
101011111110101101001111111111111111110101100110111100010100
41
101111111011111011011011111110111101100100111101011011111111
130
111111110011111111101011111110111111110111001001011111110110
33
110011111111111101101011111111111110010001111101011101110011
21
110111111111100011111111100110110111111111111111100000101100
115
111100101101110100101111101111101111111101000011110010110101
128
110110101111100111111110111110110010011111110110110110110111
62
111111101010111011110100011111011111111011100111111011111111
143
101101011101100111111111110011111011101110111111111110100111
77
111101111111111111111110110101110111111100011111011111110011
25
11111100110011101111010001011101101111111010110111011101110
31
110111111011010010111111011011100110111101111011111010110001
93
101011111111110011010101111001011000111110111110101111111000
48
1110111111110101110111111011011011111111111111101110111111
106
111100001111010101010111111110001010101110011111111110100101
22
11110111010011011101100011111100000101101011011111111111011
157
111110111011111010111111100111010111111001011111111110001111
77
101111101111111100101101111001111100001110101111010111001101
62
11010111110101110011101011011111111111111111111110111001110
196
101000101110111111011011110111101001110101110010111111110101
167
101000111010101101111111011110011111111011110111100011111011
147
10001010111000111100111101010111001111011110101111111111111
44
11101011111111111101000101111111110100111001100111011101110
56
101101111010111011101111010000101101111111111010111110111001
104
11101110111000111011000111101000101001100111111000111011011
86
111000111011010110000101111011111111011111001111111011011111
123
100101111100111001111011100100101110101110111010100010011111
56
111110111101110100000001110100111111101100101001101111101110
35
11111110111001110111110110000101011111100110010111110101111
128
11111101100100111101111011111011111111111111110110001011011
61
110111111101110000011011100011011111110110111111100111110011
158
10111111011011011111111110110111011111111111110001011100101
140
110010110010101110101101111011001101110100010111111111111011
72
111111110010111111000001110101111111100010001101100110111001
68
110011110010001111111011100011101110110101111110110101100111
101
11111110001011111100101111111111110111111101111111110111111
43
11100101011101010111100000111110101101111111100101100111000
112
110111111111011111111110010110101111110101001011111111110010
89
111011111111101111101111110111110100000110110111111101000101
10
11111011101100101100000101111101101110111101011101011010111
199
101011111111111011111101000111101111010101101001011111111011
77
11011110110101100101011110011110101101100111001011001011110
61
10101000101111111101111110101111111111011010000011011111111
167
1100111011001011000111011111101011011101111111011111111011
95
101010110011001111101110010000101011111110111011000101101101
156
111111001011011111111101011111101111101111001011011111000110
121
11100111111101101110111111111111111110001111101101101111000
34
1101011011011101111111011101101111011111111001011110111111
69
111011111111001101110001110011010111111100111111111101101111
99
1111011011101001101110111111111010010111110010010111010110
134
10110101111110101010111110110111001000001111101101110110110
93
111111011100100111111101111000111001101001110011101111101100
173
10100101101110011111111010111101111111111111010011111010001
136
101110111111011110111011001111101111111100010111111101001110
54
101001111011010111011100011001011111111111111001101110010111
100
101101100101110111100110101110111110111011101101111000011111
84
111111010011011011010111110011111111001001110110111111010100
55
11101111011111110001000011111101110111100011111111011110111
25
111101100111111111101011111001111101101111101111110110111101
59
111001001111011101110001111000011111111111111011110011100010
189
111111000111000110111101111001110111011000101101110011010110
181
1111111101100110111101011110111100111000011101111111011110
120
111011100101111010011010111111111111110100111101011110111111
132
101111111101001101100110101011011100101111111010111111111100
112
110101000011110111011000101110111101110111010110111110111101
10
11011011001111111110101111111101111111101101101101100010011
87
11111011111010001111011011101011011011101100101111110011011
80
11010110100101101111011111111111101111111111101111100011110
58
110101110111010101111101100111101001100011111110011111110101
177
111111111111011111101110001001111101111010111100001111110111
21
111110011011111110010100101101101100110110111011100000111101
105
110111110011110110001101111100011111110010100001100111100100
136
111111111001100111111011111111111110010111011101011111100101
97
100101110011011101001101110111111101011001110101111110010100
172
110111111110000000001101111111111111011011101111001110111111
169
111001110001111111011111010110101100111010101111111110110011
121
111011111111011100011111101110110011101010011111010111111111
164
11111110101111111111000111101111001101010111101111010111010
8
11111110011111111011100111011101011011100111111011101011101
10
10101111001111111110010011111101101101111111111111101110011
61
11011101011111001011111110111001110111011111110111011001100
139
111101111111110110111111011110101111011111111110011110001010
122
110101101111111011100010110100000111111100101010101011101111
188
111110111010110001000111101001111111111101100111111110100111
171
101010011010111110101111101100110011110001111111110111101011
16
101101101110010000101111111011110101101011011011111111010101
135
101111111111111001011111111111100110011011111101101110101011
175
110101111011111111111001111111000111011010100011101111111111
96
111001101111010001010001111111111011111011101111101110110
120
111001111101000100111101110111110011110001011111101110011111
40
111001010101111010110100111111100101001010110110011101101111
155
111011011001111110111101110110011111111101110100111110110100
78
100001010101110110101111101010110101111001011111111100111011
151
11110100111011001111101100001000110010100101111011101110110
137
111110110100111111100101011011111111101001000111000110111110
156
111011111110001111111001011011111011110110100110111111001111
131
10100001110011011111111000011001010010111001111111111110100
92
111101111111010011110000110111011111100010011100101100001110
44
100110011111011110101101100111111111101001111101111100111001
128
111011110011011111001110111101101000101111111111111100111110
35
111110100111100111111111111111110011111101111111111101111111
183
111110111111011101001011111111000010011111011101111101011111
144
111111110100011111110111011111010101101110111111110101100111
32
111101111111010111111110111110011101111110011101111101111011
7
11111111110011111101011100000001111110111110011011101011110
133
110110111111110111100101111011011011111111101101101011100011
117
11111001101011111111111101100111100100111111011100101111111
186
110001100101111111111010111111101011101011100110111010111010
52
1110111111011111110101010110110011011110111101110000011101
102
101100101111011111111111001110111011111111111111111010001111
114
111111111111110101100111111110111011111110111111001111110100
16
111011010101111101010101011111111110101111101011110101101100
169
110101110111011011111011111101010001011101111111111101101001
93
110111111110111111111010100011110011110101110100111110011111
27
1101111001011111111001111100000111111110010111111011010001
58
110110111010111101101111110010011011100111011011000011011110
163
11111011111111100111110111100110110101111010110010111111110
65
110010101111111110011011100010111010101110110111000111010110
109
111011011110101111011011111111011111110111111100011111011101
14
10111011011110011111111110011100011111111111111111111111001
185
111111110111111010000111110001111111101101100111111101111101
122
110011111111111011111100101110011100110110111100010011111010
42
111111101111011011110100110111000010101101000111010101111111
108
11111101111111101110101111010111001111101111111011011000111
146
110111000101011100000011011111111011110111100111001110010110
12
110111001110011111110100101111011111100010111110101101111000
69
110110001111101011111011001010101100001101111110110011111010
48
111101111011100001111111111111110011101101010000111110010111
194
11100110001101000110111100101111110111110110110111111111100
175
111101110011000100011110011100110111110111111110101010110111
104
10101111111000011111111010111101111011110110110111111001010
50
11101001101111100111101101111111100111111011001110001011
68
11101101111011111000111110011111110010011001000101111110111
69
101101100111111110100101111111101111110110111111010101011110
81
110011110011111110101011111011011101111001111010111011110
67
111111010100111010011101101110101101111101000111011101101101
54
11110101111110110110111010101011011101011110011111110110001
175
101111111011001111101100110111111101001011010011000001011011
49
100111011110111011111111111111111111111111100110111101111111
55
111011001101110111101111110001011001101111001011111110101101
147
111011001101001101011010001111011111111111111110111110101111
108
100111011110111110101111111011011011110101110111010111111011
167
1101100100010001111111111111101110111101111011110001010111
99
111110010110011111010001110011111011101000101111001101101001
106
111001101110100010001110111111010111100101111101100011100010
62
111010101111111010011101000111111111110011011100001110101011
64
101001001111011101011111100101010111111101010101100110111010
90
10000110100111101101001111111111111110101010110100101001011
99
100101001111111110111011110001111011101111101011010111111001
72
110101101111111110111111110110010111111111001111110101000111
46
10111111110011010011111100111111111111111011111110111110111
68
101011001110101111110101111111101011011010101101010111101001
177
100111111100110100110101100010011111111010011010101010001011
21
111111110111000111111111111101100000011101111110011111111111
12
111011100111110110011111111111110011010111111111001110001001
169
100111100111110111101011111111110001110111101111010100001011
108
111011001111111100111010101100111011101011111111111100100110
90
11010111010010110110101111111111000100111001100111111111111
170
101101011011111100011011110011110101101101111100101101111000
98
110110110001000111110111011111101111101101111111001000111011
2
111110111110111111111101101010110111100111100110111110111110
30
101001110111111111000000110111110001111001011010111010101001
24
1000101101101111111111011110011111101110111111111111001110
42
101110000001110110100111111101101111111111110111100110101001
117
111011011011001100111010111111111011111111111111001110010101
128
111101000111101111110001111111111011010111011111100111001111
84
111111100101101011111110110110011111110111011001111111101101
17
111101100011011101100101000100011110100110101111101111111111
18
10011011011111111101101011101111111111110101110111010011011
51
111111101111001001101110110101001100011111011111111011110010
186
111110111101001101010101111001111111100101110010110010001101
25
101001011011010100001110111110001001001011111110011111110000
161
111111111111111011110111011110001011110111111001001111111011
192
111111111111100001110111111111100101111101110101110100101001
115
11100111001110101011111011000101010100011111111111011111011
51
111111101101010010101110111110010011110111111011111011111111
146
111111101101110111100110111011101011101111111110111111111111
154
111111011111111011100010101111111100111011101111101011011110
63
111111110111101000001111111011101110110111101011011001011111
111
101100101011101011011100111110111110111010001011001101011101
56
101111101000110111001111010011111101101111110111011111010001
58
11110011110011010101111011111011111110000111001011101111001
122
100111011101101111101011111110010111111110110000110111110111
182
101111111011101101111111111100011111000101001110101111111111
49
100000111101111011101101111111001001100111001100111001000111
15
1111111110010001011100111001111110111010111111011111101
92
1110111010100010111010100111111101111111000110010011111011
116
101111111100111110111110100101110100101111100111101111100101
148
111110100001101010111001011111001100011111111101111110111001
63
111111111101100111011011101101011111011111111111011111101111
195
101111100111111111000101110110011111101101101100001111000000
73
1001101110101011101110111110011111111111101111111111111001
122
111111101110011001110100011110111101100101111101100111111011
185
101010001110111111101000101010111010001110111110100101111111
12
101111011110111110100111011110101110111011011010110011110111
38
110111111011110101010111011111011100011011111001101001110110
150
111101011101111011110010111010011110011001011111111110101111
88
111101111011111110111101101111010111001101110101111111110101
196
111111111100101100111110001101111101000100110100111111111111
129
100010101011111101101101111111101111100101101111111111101011
110
111001000111110011000100010001110111000111101111111111101111
97
10011111100101010111011101101000101101101001110111100001010
138
11111101011010011011110000011100101111111011111111101101111
21
100110111111101110011100011111111111111001111100010111101111
113
111100111010111111101111101110111111111111111111111101011101
95
111101000011101100110100101011011100110111110111111001101111
191
111010101110111111011111110110001110100101110111011111001111
140
10011101001011010110111111101011011100100111011111100111101
111
1011111000011111100100111110100000101101100000111001110101
192
101101010101101110001110010011100011111101011011001100001110
119
111111000111110100111110110111101111111111111111100111111011
26
111110111100111101101111001110011010111011110101101100110101
103
11011110010101111110010101111111100000011011010111111011101
11
110110111011010101111111100000100110111101111111101011110111
143
111010111101111101111110111011000100011110110001110010100111
183
101111111010110111001101100111101111011111101111111111101111
197
11111011001111111111111110110110110010011111011111001111111
197
111111110011111001110110101101100111011001110101111100111111
34
111100101110111010111011101011010100111011111011001110111010
119
111010110101011011110010101111111110011111011011001000110111
77
101111010101101100011101110101101101011111111011101001100000
124
1110011110101010101111111111101100101010011110110111001110
141
101111111011101011111101111110101010011101101110101010111111
84
10010110110011011111000111111100111010100111011011111011101
194
101011111111111010111111101011101111111011110010001000110001
158
11110111101111110111111011110011111100001011001010101001010
140
111110111001011110010001001110110111011111100101101111000101
98
111100101011111110111100110011110111110101111101111111011101
75
11111111011101011101111111111111111111111011110111111111011
187
110101110111111111011010000101100010111110010111100000110010
141
110110111110111101111111111010111111101111101101010111011101
108
111001110111111100111111010011100001110011010100110011111101
150
111111111111101111101111111011111111111111111111100011101111
112
101110011100111101111111111111110011011111011101101001110110
64
101110111111110111111111111110111110111111101110101111110101
75
111111100111110101010111110100111110111010111010011100111011
65
10110011111111010111011111011111010111011110110111101111011
69
111101100111011011010111011111011100100111111110111011111011
55
1111111101111011011011001111011011111111111111110111101011
61
111011111111000100000111111101010011111011010111110011110111
98
111110110110111111111011111111110101111111101111111011110110
92
101101011111011111111011101100000111011001000111111011101001
140
110011111110010011011111111010111111101010100101111111101101
79
110110110111111111010111101111011111111100111101101011101111
27
110110010011111101111010110000101110110101010000111101111111
190
11011100110001101101011101101111110101100011111000111111111
89
1011101000111100111110111111011111011111100111111101010111
39
101011001101010110010111110101110001101010111111001011101111
54
10000111111111100110101111011100111011110110001110101111011
163
101110111101101001001110111011111010011101011100000011000011
193
11001011101101110111101100110011110010001011101101101111111
129
110000100111101101111111000111111011111100111111000111110011
188
110101011111110101101100101110110110101111111111100001111010
80
101111000111100110111010011111010101111101001110011110101110
67
11110101111101111110110111111110111111101110111111100111111
103
111111101111111011111111111111111101001101110110010010110110
83
101011111100000110010000111100101010111111110001100111000111
175
111111111011110110110101101001001111101010011111100111111011
42
1101111111111011001111100110011111010101100100011010001011
136
110011111111111111111011010101100110111100111000111101001111
97
11011111110101111110001111111011001011011101100110111111001
22
101111101111111111110101111110101111110101111011111111111111
132
111011111111001100110110111011111111001111110111000101010100
39
11100110101110111111111111111011110111111100011111100011011
12
1110011101101111011110111111111111010110110010010111111111
75
111101110111011110001111100110111110111111111001111111010110
19
10001111111111110010101111101010111100111101011001101111101
82
111010101101001110010111111101011100101111010111111010011111
86
110111110011111111111011010111000110110111010111101110111100
149
111110111100101011101111111101111111011010100111111001111111
155
1111111111111110111001111011001011111011011100101011101011
77
10111011000111111000111010001111000011010110110011111010110
88
110011011111100111111111110111111111110011111111110010101001
155
110100011010010101100110110001110111111001111110101001110101
190
11110010110111111111111111001011111100111110101111111101100
170
110101111110110111111011011111010101111111110011111111101101
59
101111110011101101101111001011111111101111101000011011111111
18
111101111110011011111110110111101111011110111010110011101111
18
111111111101011111111011101111111110000001000110011101111010
119
100101110011000110101111100111010110101111101001101110110111
130
110111111010001101000010001110111110000110110011101010111101
90
110101110111011010110011101110111111011110100111111001111001
163
111111010001110111101011010010111011100111011011110101100111
106
101101011110110010110011101001010011100010100010001111111110
46
10100010100110011111110111010001111000110111001110011111001
115
111111111111111110011101111100011001111011111111110110111111
44
111011101001111110111000011101011001110111110100111100101100
48
111111001111011110111100110010111100001111111010111101110110
57
111111111111111010001100011010111111111011110111100011101
120
110111110111011101110011101110001111100110111111110000111111
102
10111011111110111101011010100111011010110011111100011111111
92
101100100110110101110000111101111000110111010111111101111111
31
10101001101000111111011111111101010111110010110111001011110
47
101111111111110111111110111100111111111001110100101100110011
171
101011111111001010111010010101111101110101110000001111010011
81
110111110111010001111111110111111111000011111111111011011111
111
111110111100011111101111111101001001110001111101111111111111
120
111101111111101111100100110100011011001111111111111110101110
72
111111000111110111110010101110100010101111111111011101011110
124
110100101111011111111111111111111100111010111101001101110111
157
111000111010111110011101011111001001011011111111001101111111
15
10111111110101001101100111111111111110010101011100011111110
111
111111110110011111101011100011011010111101110010011001111110
108
101100101011101101110110111010111101100101110100110001111111
166
111101111111111100011111111110111111011111101111001101011001
67
110101100101111111111011111101111011101110110001100101010101
53
10111011111111111010101011000110101001111111001011011011111
35
11101111111011111110001011000011101011111110101111111110111
58
111111110111111101100010110111011111101100111011111011010111
170
