60 600
1000010110010011010001010101011101010010001011000010101
101
10000101001001000000000100111011000001010000110010001001010
106
10010100001100000010011100101010101111001100111000000010000
111
1010001101010010010101100010011011101000010100100001110111
130
1011010101001001010000000010111111100000010100100111000010
97
1100000001110110000000011110110011110110101100100000101001
117
100110000111100101111100001010001010010010101011010100000101
131
10000011010011001001001000000001011100011000101110001001111
23
101010100000101001100001100100000101001110000010001100001101
69
101001100001000001010110101100011001001000011001001000101011
7
101000000010010001000001000101001000000000110000000001100101
164
11000001100110100001101101010010010010001000001011001010
157
11101111000111011100001110000100011101000011001000010001
88
110101100110001010111101000001111110000010000011100010111010
71
10101101000011101111101001001000010000010011100000101011101
196
110100100001101000000110000001001010100100101010010010
91
10110011001110101110000000000010000111010000001000011010000
135
10101100100000010000110010100001001100001001111
162
100010000000000010011101001000000000111100001001010100010000
17
1000000011001100100000101110100100110001010011101010111111
125
100000110001100010101000010000000100010001011010001100010011
33
1100111010010011101010110011000000111001100000101110101101
3
110111000100000010101000000100011110011001000000000100010100
124
1110011010000000010111101100000000010100110100010100011000
187
11110011100010000100001001110101010100010101100100000000100
197
111010101010100110001011010100110011011010100100101011000
186
111110001010010001110111000000001001010001000100100000001010
8
10011000110011110110000010001010010000101100101011001001000
66
110101010011000010011001111000101010111000000100110100000111
74
100000101001000011001100100000100001000010010000000010010010
42
1100110000010100100111000110011100000011100000000010101100
192
1101100000100110110111100110111000001100100101111000101
122
10010110010010010001010000000000100000000000010100000011010
97
1110001001010011101010110000000001110000111011100001
29
11011100000010101010001111101111101100001110000101010100000
180
10100000001011000011111111110101001110110110111110101100010
88
111001101100010100010010011110110100101010000000000000011101
167
111010100100000000000011110001111100110100001110010110000000
35
10000001011010100010000000101000011000110100101110101100111
42
100010001000010001000000011111101001000010101000000001000110
177
10110100000100000001000110110010010101010100010001011100100
98
110000001010000101101100100000010100001001001111100000010
158
100000000000000010101010110000000001000001010111011101010100
43
111100000010101101010101000111000011000101000000100100110101
138
1001111001011110010010010110001110001110110000101000111
37
101010110110111010001001000011000110111000001111111100000000
193
10000101000001000110011011101100011100000100000110000100
137
11001001001001011000000101011000001011101000000001000001001
155
111000001111000000110011001000000111101100011101111000001000
59
1101010000000011001110010001011100010110000100100101100101
158
100001111010010111001010100010010011010001010001010000000110
138
100001111100001010101110010011100111110010000001110010010000
154
101000100111111010101010011111110001110111000000001011110001
140
111000100100001110000000111000010011010101010001100000000000
54
1010001101000110011001000000100000000111010011000111100110
135
100110110010000100101111000100000110110010100100100100010100
101
10000000000100000101001100000000001100010110000101101111
58
1000111000000001100000100010010110001111011110110000100110
148
1011111100110010000000000111011010000110110001010111
27
1010000100000010000110100001101001001000100001001010101100
148
100100000100011000110100110111111110101110100010100000001010
162
111000010100000100110101001001010100100101100000000111010011
189
1110001101110100001110000001110011001110010010010001
104
101000010000100100101010001010110000001011001100001010000
76
100010001110010011010110100001011001010010101101000010001000
59
1110101001000100111001010100000110101010010011001001000000
136
110010001011101011101100000100010000100000011110011000110110
40
1110010100000111000100000000100100101011010010000010000000
45
1001111110101000100111100011110110011001111011000100001011
17
100100111010110000010100001000111000001000100110000001000100
97
101001100011010001101011011010100010000001101011100010100011
44
11111001010001100010100100100011010100101001101011000000011
119
1111000011101110010110010101011100000110010100001111000010
183
100101011000100001101100111100010001110011101101010000000100
117
100100000110010001100110011000110011001000001100000000001110
176
10000000010101000011001001110110011110000011011111000010010
176
11010011010000010110000100100011100100000001011011111011
37
10001111100101011100100001100000000010100000011000000101101
155
10001000101010000111100001001000100100011000111100000110100
131
100011011001100010011010110000010000011100001001010100110
129
110010100000110100110100101100000000000001101111101111000000
1
111000011011001101101000010011110011110000101011000011001111
74
111100101100100110000100110011001001010001011010011100011111
93
101111100110000101110001110001011110101010110000000000111
91
11001100100101100000101101001011000000010001000110000000011
10
1111010000000100100011000110110110000100100010001010000
38
100101000010000101101010000010000000110000000000000011011
118
100100101010100000010000111010000011101000010110110100001
140
10000100000001110000101011000000000101100101101101000110100
34
100001000110011111010010000100000000010000010111001110010110
174
110000001001010010001010000000111101101001001000011110
113
100110001001000101011110011000000011100011011101101110011000
117
111000101001001110001000000100110111101101001111011100010010
95
101110101100010001100011111100000010101011100000011011110110
98
10101100101010001000101100001110001010010010000110000000101
137
111001101000000110101001010011000100010000001101100000010101
146
11000101001111100000100010100100000100101100100000010111001
137
1011101101110101110000101101000000010110001000111000000000
123
110000001110101000101100100100001000110110011000010100010
95
100011000000011010101101111000011011100000000000110001001101
46
100010010111010000101010110100001011110110001001101001110
81
110110000010010011111001000001000000001010111000000101010111
37
10111000100010111010000101101001000010111101000100000000000
118
11001011010000011101000100110100011100111100000100101011001
119
10000111010011100110000011001000100110010000001101101000000
46
10000101010011000001100011001100001010000001010000011110011
195
11000110001000011000101100000000000001110000001110001001
74
10001000010010100100100001011101110001111110010001101001
13
1110001111010100100101101111100011110100010001101100001
188
111011010100010100010011000100011001010100111111010010000000
158
101010010010000101101001011101000100010010001110
119
110110000001010001000011100101010101000110001000010010100010
165
100000111010100001100010110000001000101000001100110000101
63
1101001101000101100110110000010100010011001011000000100010
73
1010100001000000011111110101010100000110100001000101010101
99
1000000110001010100111010010010100100001010110110000000101
191
10110110110111011110100010010101011010111010001000110101010
97
10000100101011100101110100100001110111100011100101001000010
152
1100001010010000110110001110100000101100110100000110001011
60
110000011010000000100011100000111000000100000011000110100001
101
101000010010000001100001011001101001001100010110011100110111
99
100110101001000010111110110110010101100010101010100000101010
9
101001100111001000111000101011000010101100001010000000100000
52
11001000100110000101011001000100001011011010110011000000100
137
11100101000110111011100011001011100110000000001000010001101
15
100001000110001000011000100110100100100001001000101101001011
117
11110110011001111111101100001100110000010010100011101100010
17
11010110000000100000110100000001011100000010001000
15
10101101000111010010110101000111101000110100001111000101000
116
1001100000110001010000011101010101011001000111011001011
110
101000100111000111101100110001011000001100010010011011110000
18
110010100010010110010110100000011100011000010001011000011111
147
10000100010000010010110101011100010001100000000000010011101
74
1101111001000010000010111111011001101100001011110101100
29
101111110001001001011110110101010001011110010000100101101000
21
11000000011110000000001000000010100001010110001010111000111
146
111110100000111100101011010001000011001000101111000001000
54
111111000100100100011001101001011110111000001000000101110011
198
110100100010100101100111000000110010001010110010110101110101
128
10000010001100111001100011011000110010011000011100100011100
134
100101100001100111001000000000100100010001010110101101111
20
11110101000100100000010010101001100101010011000100000100
30
110000001000101111101010111000000000110010101011010110001100
80
11110100011001111111010000001001000111011110011001101101100
53
10000100011000101010110010000000100001000100100101101000010
12
101100111101010011001011101110111010001100001000000000101100
45
110110011000101000001011101100100010110000010011001110001100
102
1111111010100000000000111001100010000110010100110011000111
146
101000100111110000011001110100100100100101001000110101100011
26
101100000111000100000100110101000000011000000011100100000110
110
1001100100000001000110100100001100111100011100111010100001
102
1100001010111010000000010101100011011001101111011100010110
140
10000000010100111100001101100001100111110001001111001110110
192
111000001111000111110101001001001110100001010101010101000011
25
110100000100010010110001100101000000100001000101011000000001
97
11010001111001101000001100111010100000011001100110000100000
22
100001011111100000011000100001000001011010100011101010001010
54
101100110101110000000000001001110010100101000100000000110100
73
1100010101101100110101011100000011000100000010000000001110
128
110101011000110100111110111000010001000001001001000000110001
131
110001110011111101010111101110000100101010111000110100100100
128
101001000000001010000000000010110010011001101100001000000000
197
111011001101101000111010001001011011100000011100100001001000
105
101100001101111000101000010110011110101000000100100000000010
56
111010101111000100011101001001000100011001001111110100010101
44
100110000100111100001010101010110100110001100010100000110111
199
100100011000010110001010101011010001010000101000111101101010
43
1001010100101000111110010000011010000010001011111010110100
103
110010010001101000010110101011111101101010111001010101110
103
11111101011010110111110010100101110111110101010011100000
70
101010010100000100101000111000101101011110100001000011000100
136
1000100100000100000001101111000110110000001100100001011000
174
10010010000010001100000101111011001000011011011001010011000
142
101010011001101001111000001000000001011100010000011000001110
56
110100001101101000000011110100001000100100000010010111100
56
10101000100000001000000001111000101100111000000100001010010
175
101000100011111110100010010010011010100100011001000001
104
110000011001000111111011110000000011111000011101101000100011
198
101110000000101000100000011010010010010101001010010000001010
61
101000010000010011001110001001011011101001110010011100110110
185
10011000100101001010001010010011110101001100010110010
106
10110010100000001010001100111111001001100000010001100111111
109
100010100000011001111001100001110100100011101011001000000010
48
1110011100000100001000001100101111000100101000100011110
165
100100010111100100100011100000011001101011001110101101100001
134
10010010111010101101101110011101000110101110010000001000010
59
111101000000001010101001100010110011000110100001100001000101
26
11000111010000001011110001000000111001101100010011010000101
187
100101100101100110101110111000011110010001010100100000100101
46
1000000100000001110110100000010011000000000000110011001001
13
110101011101010000001101001001000111101001001110110001010001
113
100001000000101101001110111011110010100101100110001100010100
41
101110100011110001000001010100101001000000011100010011001111
130
101101010010101000101001111010111010110100001001010000010010
33
10000110001001100001010111000101100010000001101011001110000
21
110110010110100000111011000010110011110010111110000000000100
115
111100000100100100100101101110001110111101000001110010010100
128
10010000001100101111110011110000010011101100100100010010100
62
111011101010001000010100001100001110110011100001110001010110
143
101000010101000110110100000010010000000100000110110000100111
77
101000011101110011111110110100010000111100010110011100110000
25
11100100000010100100010001010001101001101010100000001100000
31
110100100010010000110101001010000110111001111000100010110000
93
101011110011110011010100000001011000100110101100000011001000
48
1000110100100101110011111011011011000110110111101110011111
106
111000000001010101010110110000000000101010000111111110100001
22
10000000010010001000100010010100000101100011010101110111011
157
10010100001100010010100100000000101100000011011010100001110
77
1111101111100000101101111001110100000110000010010000000101
62
100101100011101011001011111101001000101100001000010
196
101000100110110001010010110011001000000101010000001110110100
167
1000000010001001110010001110001011010001010110000011000011
147
10001000111000001100111101000100000001011110101101000100111
44
11011111100000000101000100100100110000000100011000100
56
100000110010111011001011000000101100100111110010111100001001
104
11100010100000101000000000000000100001100011101000000000001
86
111000011011010010000100111001111101011001001101000011010100
123
100110100000001001011100100100110100110100010100010010100
56
100110111001000100000000100000000101001100101001101000101110
35
100100100001000110010010000101011011000110010100010000110
128
1110100100100111101101010101010000011001111010110001010001
61
101100100000000011011000000010111100000001011100111110011
158
10100111011010010001101100000100010110110111110000010000000
140
100000000010001110001000101010001001000100010111101110110000
72
10110010000101101000001110001110001100000000000000100111000
68
110000110010000101110011100010100100110000001010000001000100
101
11101100001010001100101001100011100011011001010011110111010
43
10000100011100000011000000011010101101010011100001000111000
112
110111011101001011101010010100101110010101001011101100110000
89
111001001010101111000111110100010000000000000110101101000001
10
11001011100100000100000101010100000110000001010001001010000
199
1011011110100001010100000101000101000101101000001011110011
77
10000000110000000000011010011100101001000111000011000010000
61
10100000001100001001100010000000100100011010000000001000111
167
100111010000001000010011111001010011001110110011011101011
95
1010010011000100101010000000100010110010101001000100100001
156
111110000011010100000100011101000110001111001001001011000000
121
10000011110001000000111101111011000010001101000100100011000
34
1000011010001001001011000000000110011000110000010110110011
69
101001101010001001000000000010000110100100101111000100100101
99
101011001101000001010011001001000010011000000000111010110
134
10010101110010100000000100100100001000000011101101110110010
93
101001011100100110111101011000101000101001100000000001000100
173
10000101001110001110011010110001011011110001010001110010000
136
100010101010010010010010001110000111111100010001000101000000
54
100000010010010011011100001000011100111111010001001000010010
100
101100100101110111100010101010110010111010100000100000011001
84
110001010010000010010101000001000000001001010110100101010100
55
1111011101110000000011101101100000100011110101000000100
25
101100000101100010001011101001011101001011100001110110011100
59
110001001111010001000001111000010101001111000011100001100000
189
1010000011000110101101010000110011000000101000110000010010
181
1011001101000000111000011110111000111000000101110010010110
120
110001000100101000010010001111100100100000010101011110101110
132
111001101000001100110000001011000100011010000111111111000
112
110101000011110001001000101000111101100101010010100010101000
10
1000011001101101110101110101000001110001000001000000000011
87
101010111000001101011011001011011011001000100111010000010
80
11000110100001100001001110110011101110111000101011000010010
58
1000101000000110001100110101000100011110110010000100101
177
100101111001000110101010000000000101001010101100001111010011
21
10100001010000100000000101101100100100110000010000000011101
105
100010011110000001101010000000111110010000000100101100100
136
1111001000111100010011100011000010101010000011010100101
97
100101000000000001000101100011101000001001100001100000010000
172
10011110010000000000101111111111101000011001110001010111011
169
110001100000100001011001010110000100100010101110100110100010
121
110000101110000100010111101100100011000010001101010101100110
164
1101110100011011111000101101011000001010111101101000111010
8
11110100001001110001000010011101001010100011100001001010101
10
101111000011000010010001111000100101100111000101000010001
61
11010101011110001001111100100000010101001011000001010000100
139
1000001011100110000101011100001000001011111010001110001000
122
101001100011001100000110100000101111000100010000011100110
188
100100101010010001000100100001011001010000100000000010100101
171
11000001010000010000100010010100000110101110101101000
16
100001100110010000001111001010110101101011011010110001010001
135
100100010001001001010010001110100000010011011001101110100000
175
110101111011010010010000101110000010010010100000101110011011
96
101010000001010001101100011011010011101100101100100
120
110001011000000000111001110101010010100001011011101000011100
40
11000000000100010000000101011000000000010000010010100000101
155
111011011001011100011100010000000101000101010100010010000100
78
100001010101110100100101100010000001010001010001011100111011
151
10110000001001001000101100001000010000100001001000000010110
137
1110100000110001100000001001110011100001000111000000010010
156
110010001100001011011001010010101010010110000000001101001111
131
100000110011011110110000000001010010100001011100011000100
92
110010010010000000000011001001000010000100000000001010
44
110011111011000101100100000001000100000110100010100011000
128
100010000000000001001110001001000000101100001101101100110110
35
11000000111000011000110101011110000011101100011100000101011
183
1010010101001100000001111110000000010000011100000000010110
144
110011000100001000100100010110000100100110101011010000100111
32
110101111010010001100000110100011100111100001101010100001011
7
10110010100011110100001100000000111010110110010000000001000
133
110100011111100011100100111001011010010101001101000011100010
117
10101000001000100111111100000000000100101011011000100111011
186
100001100000110110001000100111101000100011000100001010110010
52
1110111101001100110100000100010011011000110101110000010001
102
100100000011100101111001010011011111110000011011000001111
114
111111110111100001000110110110111001010010110001000010110100
16
1010101110101010001011101111110101001100011110101100100
169
10100100001000011010011010001010000011001100111000101100000
93
100101100110000111000010000000000011010101010000100100001001
27
1000110001011101000000110100000001110100010111100010000001
58
10010011010000101100010110000001010100000000010000011010010
163
11000111000100101000110000000100001111010110010101111110
65
100010100111011010011000100010110010101100000001000100010110
109
11011010001110000010101111001010000111011100000101001001
14
10001001011100000111110110011100011101001110000011111110000
185
111111010111111010000111000001111111100001100011010101001100
122
100001000111000011111000101110011000010010110100010001111000
42
1101100001000000100100010010000010101000000001000100001110
108
1110101111111100100100010000011000100001001100011001000100
146
100100000000001000000011010110000001100110100110000000000110
12
100101001110011001000000101111010101100010111010001100111000
69
110000000000000001011010000010101100001001101100010001110010
48
11001001000000001110101100111000000000101000000110010000101
194
100110001101000110001100101101000001100000010001100001100
175
11000110001000100011010010000110010110100110110001000000110
104
10001111111000011100111010011001110011100010000111010000000
50
11100000001101000111001000101111100111100011000110001011
68
10000001101001111000110110010111100010011000000100111010101
69
101100000111011010000100101111000100100000100101010101001000
81
100000010011110010100001100010000101111000001010111000010
67
111000000100010000000001101100101100101101000110011100000000
54
1110101111100010110101010101010001101010100001110110110000
175
100011010001000100001100110110110001000000000001000001011001
49
1001100001011110101111100100010110100000110111101000101
55
101010001001110010100110010001010001000000001001001010101101
147
100000001001000101001010001000001111111001110010100110001001
108
100110000010110110101010001000000001010101100110000100110010
167
101000000000001111111010111101000000001110010100000000011
99
100000010000001011010000000001011001101000101001001101000001
106
10000001010100000001110101001000101000101101001000010100010
62
110000001110110010001001000001110100100011011000000100101001
64
1000010011101001010100100010111101101010001000100010010
90
110100111101101000111001010111000101000110000001000000
99
100101001011111100011010100001110001101100101011000101010001
72
100000100111100110110000100010010001101101000101110101000100
46
111011100001010001101100011011001111100010100100010010001
68
1010001110101111110100111110100011010010001100010101100000
177
100010111100110000010000100010001110100000001010001010001000
21
100000010110000011111001101001000000001101000100011101011111
12
111010100011010110011001110111010010010011011011000000001001
169
100001100101000110100010010111000000110100001101010000001010
108
11010000100100000001000101100111000001011111000010100000110
90
1000101010010010000000001011101000000001000100010111111110
170
101100011001111100001011010010100001000100111100001001001000
98
100010110000000110010001011001000011001000100000001000110001
2
11110111010000101101001000000010010000001000000000010000110
30
100001010101000100000000110110010000110000000010011000101000
24
1001001010110110000010001110100010101101000111000000
42
101110000000100010100100011001101101111100100101100100000000
117
101011010000001000001010111000110000101010101010001000010100
128
100000000101101111000000001101011000000000011000100010001111
84
11100000101000010011000110110011110100000010000110101101100
17
100100100000000101100100000100001100000000100111000100010001
18
10011001011100001000101011001101111110110001000101010010001
51
100100111001001100110010001000000010100010010110010000010
186
100100101100000000000100110000110000100000010000010000001100
25
100000011011000100001000001000000001001010001100010101100000
161
101111110101000011100000011000001011100010011000001100100010
192
10011101101000001110110101010000000110001010100100100101001
115
10100100001010100010011010000101010000000011101100000111011
51
10001101101010010101000101010010011010111100011010001100100
146
11001101001010011100100101011101001001110111110111011111111
154
110110001111101011000010100111110100000011000011000010010110
63
101101000000100000000010100000000100000011101011010001011001
111
100000000001000000100111100010100010000000011000101011101
56
101011101000010011001100010011000100100101100010010011010000
58
10010000000010000101111010100010011110000101001001101111001
122
100101000000101011101010111110010011011000110000000011110000
182
1110011000000000111010011100001011000001001000101010110110
49
100000011101100000101101111010000001100011001100010000000011
15
1100001110000000001100111000000010100010010100010110000
92
1110001010100010111000000100101101011100000110010001100010
116
1111000000010111100100101000100001111100110001010100000
148
111010000001001010000000010110000000001011111001010010101001
63
11110000100010011010100001001011000011101111011111000011
195
101100000001011011000001110100011101000101101000001111000000
73
1000101000000001101000010100001010011110001010000100011001
122
1111101010010001000100001100101100100001101000100101110001
185
1000000100101100101000101000111010001010110000100001010100
12
101011011110111100100001011010100110001011011010100000100010
38
110111011011110000010111010000001100011001011000100001100010
150
1100010001011001010010111010011110001000011100001100001101
88
11000011011001110100001000110000111000001100100001111000101
196
1010011100100000010100000100011101000100100100111111100011
129
10101011110100101001100100101110000100101101110101101011
110
10000000011110001000100010000100100000110001001111100001100
97
10000110000000000110011001100000101100000001100111000000000
138
10010101011010011011010000011000101101011001001110001000010
21
111001101010001000010111101011001000110100010100101110
113
10000101000001010101111100110101101011101011100100100001101
95
111001000000001000110100001001010000000110110011110001000011
191
100000001110001111011101100110001110000100100000010011001101
140
10010000000001010000111111001001000000000101000011100110101
111
11110000000110100000101100100000101101000000001001010001
192
101000100100100000010010001100010110101010010001000000010
119
100001000011010100010110110011100000001111110111000101101001
26
10000101000110001000110000100010010101001000100100100110101
103
10000100010000111010010101011111000000000011010101001011001
11
110110011000101010000100000100100101101111110101001000101
143
100000111101111001000000010001000100011110010001100010000101
183
1010101000000111001001000101101010000111101100111101100011
197
10101010000000011111001000100110110010011100011010001101101
197
11101010011100000100100101001100010010000010101111100011111
34
100100001100011010100011101010010100101011110011001010111010
119
110010000100011001100000101000010110011100000001001000110111
77
100011010101100000011101110101100101011100001000100000100000
124
10000110100000000000010010001100001010001010010100001100
141
100010101010000011000100101000100000011000001000001010001111
84
10010000110001000111000011001000001000100101011011000010000
194
100001111110111010111100001010001011110011100000000000100000
158
1110111000110000111111011100010111100000011001000101001010
140
110010000000011100010001001110110010010101100100100111000101
98
111000100011100000111100110000010011000100010100010101000000
75
11011110011001010100111010101111011011111001110101110100010
187
100000110000000101010010000001000000001100000000000000010000
141
100110111010101001010101010010000111000000000101000001011101
108
101001100100111000101101010001000000110001010100110010011001
150
110011111101000110100111101001110011001110111011000011001111
112
100110001100011101001001010111000011011000010100101001010100
64
1110000010100110111110000110011110100000001110101010110001
75
1100101000001000100010000010000001000001010001100101010
65
1101010111001001000011010110011000110011101000000
69
110000000111001000000101011110010100100010011100011001000010
55
1011100100100000011011001110011000110000011011110011101010
61
110001001100000100000011010101010001111001000101000001110111
98
101000000100011100001011100100000100101000001011101011000000
92
100011001010111100000001000000111001001000000111000000001
140
100010001100010011010101110010010110100000000000111011101001
79
110100110111000001000100000100001010101100111101001000001100
27
100110010001001000011010010000000000000101000000100101100011
190
11011000100000100001001101100111110100000011001000111111010
89
1011100000111100010100000001011011011000100000110101010110
39
101011001001000110010101010100100001101010011111001001101111
54
10000011110001100000100000011100001010010110001110101111011
163
101110011001100001000100000010101000011001010000000011000011
193
10000010101001100111100100010001100000000011100001101000100
129
100000100001001100100101000101001011011100110110000100110010
188
10000000101110101100100100010100100100110011001100001111010
80
100011000000100100011000010000000100010001001110001000100100
67
100000110000100100110011101100011011001110010010100101101
103
1000101000011011001110111001011000001001110000000010100110
83
1010110100000010000000101000000000010011000001100010000100
175
110101110011000110000101001001000011000000011111000001101010
42
1000001011111010001111100010011100010000100100000000000001
136
110011100110101111101001000000100110001100000000010100000000
97
10010111110100111110000011010010001001000100100100111001001
22
10001010111111110101110010100101100101001011011010010011
132
1001110111001100110000011000101110001100000010000100010000
39
11000010001110110101101101100000100111111100000101100010010
12
1110000001100101001000110000101000010100100000000101101001
75
1001010001010010000101100100001010101110011001110101010110
19
10001001001100010010000111100000100100001001000001000000101
82
1010101101000100000111101101011100001101000101111010001010
86
100011110011010010110001000010000010110111000011100100111000
149
11000011100001001101100110000111111011010100100001001001110
155
1010010011101100011001100010001011110011010100001001000011
77
111011000011010000011000000001000001010010110010010010110
88
11011100110011001010010101010100001100011110000100001
155
100001000010001000000100001010101001001110000100001010000
190
10000000100101110100001000000001111100111110000011110101000
170
110000001110100001111011010111000001111000010011101110001100
59
100111110000101100001000000010010011101010101000001011111010
18
10101110010001010101110000110001110001110111010000011101001
18
101101111001011100101000001101100000000000000100010000010010
119
100100000001000010101001100110000110100011101001100110110100
130
110001010000001000010000000100000000010000010101010010000
90
110100110111010010100000100010011010010010000010111001010001
163
11101010000110010101010010010001011100100011011000001100101
106
100100010110110010010010000000000010000000100000000111111110
46
100010100010011111110110000000100000010101000100011010001
115
100100111110101000001100001100011001111011110101000100011100
44
10000001001100010000000101000001100101010100011000000000
48
111001101001010000100000010011000000011101010110001110110
57
100111010001010000000100001010110011000010100110000011101
120
10100100000000100011001100000011000100011000110000011110
102
10000001111110111101000000000011010000010010110000010000001
92
1100000010000001100000110101001000110111000101110001110111
31
10100000100000010100001001100000010011010010000101000000100
47
1011110110100100101100001000101100010000000100001100010010
171
1001111100001000011000000100000000110001000000000111010011
81
110100100011010000000110110110110101000011100100111010010111
111
11010111100001110101100111100000000010000111100111011000001
120
100001001111101100000100110000001000001010110110101010001010
72
11000000000110111110010100110100000101100000110000001010010
124
110000100001010111101000010100111100101010101100001000110111
157
1000111010111010000000010001000001010010010010000001101111
15
10111110010001000101100010001011100100010100011000011111100
111
101011110010000110100011100010010010101001110010011001011100
108
1100001001100101110100111010101001100100000100010000111111
166
111100101110101100001010110110000110010010101110001100001000
67
1000000001010001010001101111011101110010001000100010001
53
110001110100110010100010000110001001100001001000001010110
35
10101110000010011010000011000010101010110110000111000010111
58
1011000011111000100010110111000010000100011011101010010110
170
10110000000101001110010100111010011101111001000111010110110
133
111100011100100000100000010101010110111110100000000101001000
197
10110011111100101010000101001000000001111001100100111000100
63
101000000000011101111001010111101000100010000000011001101101
191
111111100101101110010011010110010011000000010100010001010101
117
101001000100101100000010101100010001000101010010111001100101
49
10101010001101011010000011010000011010000011010101000110010
187
10000000000101011010110000001010000100010111101000000011100
188
100010101001000000000101001011110101110000000001010110110010
129
100000000011101100000001110010010000100001001000000001
124
1100111000110000010011101001011000000101100000010001100010
92
10001110101111010000001011011000100100000110011010101010011
72
110011100001000000100001000011010010001010110001001001100010
161
111110100000011010011100110101001010000100001111010101100
6
110010001011000011111001011100000111000001010010000011110110
92
11110100010111110001100000110010001000110000101101101011111
136
1000100001011000101000010101010000100100001000000100100111
183
10000011111011111010010001000010001010011100110011000000001
114
111000101010100001011001100110011000010010100111001100111011
129
110111000000010001001110010001100110001100010011111000100111
173
10001001000101100110100000000110001000010110000001100001000
158
101010000100001000101111110100000000010100100000010100110011
107
1010000000011011110101011001101011011111011010011011100101
111
100000001100100001110011010111010010001110011010011000011000
68
100001000001110010010001000000111000001101010100101111010100
33
101110101011110011100010000110000000100001001010000110110001
136
100010010100100000110011011001001110010000100010000100000
90
110110001001010111011100100110001000000001111000010001100100
116
10000100000100000010010000010010000000000100111100000100101
18
100111010110010010010100100000001000010010100000000111100001
161
1101100000001110011010010110001110111000000010010100000101
187
101110010001111001001000001010000011100111001010010010010
66
10111111001000000100000101100100100011110010010101010111110
181
1000101111010000100011110100000010010111001001011010101100
141
10011001101010100110000000000100100011100000101101000011
80
100101100001010101100101011000001111100001001000001100110110
142
10010000000001010001001000010010111110110111101010000110
53
101000010101111101010000000000011010000000011011000001001
2
100101101110111011111000000110000010100010011100011000010011
187
11110010010111010000000010111000011000011101001010010110
36
1100010011000000000010100110011001100000000000100001001101
115
10110000000001000000010010111101110100000101010011001001101
114
11100010111011100000011000010100101101101000000000111111010
84
11010011100001011011100101000010000000110011110101000101110
84
100100000010101100011000010101000100101100010010011011010101
46
1010000000000101011000100001100000100111000000100000110010
129
1000000010000100101100000011100010011100011110100001110010
79
111000001000101001110101101100000000000000110110010010000111
123
100100001010000011000110010001110100000011010000000010010110
97
10000100100110100000000101101110001000101000100100010100111
103
101110111000000010111110000000100100001001100111110110010100
20
11100011101000000101001100100000000100001000001001100001110
40
11000011000000101101000000001010010101100010011010011101010
176
100100000010000001000001000101010001110011000010001101000001
108
110011100000100100101001001001110101001111100110000000110010
8
10000011100011001110000010011010100001100001010000100111100
145
10100000100001111001110111111000110001001101010000010111000
143
11010001010111101100001001100111110110011101100000001011001
166
1010100100110000001001011000011010011001001000001100
60
100110000010000110001110110001110011011101100000010100000011
52
10110100000001110000110111001100100111000100100011000110
186
100001010000101001001000101011001101101010111000110100111
42
110101100000110100010000111000100000100010001111000101110001
104
10001001001100010001111010010001000100000010000110100100000
198
10111000000101000000111111011001010010000000001000001101000
199
11110111000100000111101001010010001000000111101000010000010
31
111000111010000111010000000001110000000000010101010110101110
139
110000011100111111010001101101000110011001100000110110010110
82
1001011111110000111101011000000100100000011101001000000
54
1101101101000001001000101000001100011110010110010001000
44
1100100101000010001011100101010011100100000001011111010000
6
10001011000100100001000111010010111100100110100101000001
16
10000100100000011000010000101100010110100001000001000010
113
1100111100110110100010000110010100001001000101101101000100
195
111101101100000000100001101011011100001100010010100001100001
157
10011000101000000010000011001110101101010100010011110000010
76
101010000010001101100101101000010010000000101111001100110100
109
101000001010001001000010100111100010111010001000000000010010
48
11010100111010011001111001010000000011000001111010001001010
164
11100110111000001000001010101001000011010101011000011000001
104
11010000010011110000011001000001001000010010110010100000010
192
111000100001000011010101001001100010101010010010010011101
120
100101110000001011100101001101110110010010010110010100110001
70
100010000011001010010010010011000110110100011001100000101011
18
101001001000001111000111000111100111011101111011101101100111
140
100011100011110001010010001001110101000000000000000110100011
120
11000100110000100010010100100100111000010110111000001101000
188
100110100000111100101110100101110010000010000000101000010010
177
100001101010100010111101000010000010101111001111010001000010
122
1011010011101100000100100110000111101001000100001111011101
100
10010010001100010000011101000000000001101110011110100100
134
10110110110110011000110010100111001101101011101011000001
182
111100010000101110111100010101010111010000001100010010100111
130
1000000000100000110000001100011100001011001001000000011001
148
10100100010001010100100110101111101000000111001001100010
73
110000000111001111001110100110001111100000000001000011000101
196
100101111111010001000100000110011001001111111000000011000101
69
110101100001110010101001100011001110111010010101000010100001
62
11011001100110101000001010100101100100001001110001010111110
119
110000110110101100001000000011111100001000000111010100011011
122
