60 700
111000111110011011110001010101011111011010001011000011101
101
10010101001001001010100100111011000011010100110011011001010
106
10111101011100101110111111101111101111101100111001000011010
111
101010001111010010010101110011111111111010010100100001110111
130
1111010111001001111111001110111111100010011101101111100110
97
11101001011111111010100011110110011110110111110100111101001
117
110110011111101101111100001111011111011010111111110111000111
131
10001111010111001011101000010001111100111001101111001111111
23
111010100100101011100001100110111101101111001010011100101101
69
111001100101010111011111101100011001111000011001011000101011
7
101001000010110001100001001101001001001100111010010101110101
164
110111000101111110110101101101110010110010101100111011101011
157
11101111010111111101101110010100011111010011011101010001
88
110101110111001010111101100101111110011010000111100010111011
71
10101111100011101111111011001000110000110011111100111011101
196
110101110110110011111000000110000111001011101111101111111010
91
11111011001110111110010010111011000111010100101011111010011
135
100010110111101100000010000110110101001001110101001111
162
100010101010101011111101101001011010111110011001110100011010
17
101001001011001100100010101110111100111001010011101011111111
125
110001110101100010111001010110110100010001111011101110011111
33
111110111110111111111011111111000111111011110100101110101111
3
110111010100001011101010101101011110011011100000000101011110
124
11111011010101010010111101100001100010100110101110100011111
187
11110011110010000101001111110101010110010111100101110000111
197
101111010101010100110001011010100110011111010100100111011100
186
111110001010010001111111001011111111011011110100100000101010
8
10011000110011111110101010011011011001111110111011001001000
66
110101110111100010011001111100101010111010010100111100000111
74
100100101011011111001100100010110001101010010110100010010010
42
11110110111010110101111101110111100100111110111001010101111
192
101101101100110110110111101110111101011101100101111000101
122
110111110011010011001011110000101100000000000010111000011011
97
10010011110011111010011101010110000111001111001111111101111
29
11011110001110101011101111101111111100001111010101011101010
180
10100001111111001111111111110101111110111111111110101101110
88
111001111101010110111111011110110101111110001110011101011101
167
111110110100000000000111111011111101111100111110110111101011
35
110011111111111101010101010101100111001110110101110111110111
42
101111001000010001010000011111101001001011111101000111000111
177
11111101000110000001100111111110010101010100011011011110110
98
110100101011010101101110111000010100001001001111110000010
158
100010001010011010101010111100110001011011010111011101111100
43
111110010011101101110111010111001011001111000111101101110101
138
100001101111011111110010011111110001110001111110101101000111
37
101011111110111110101001010111010110111000001111111101000110
193
1110001101010001001110011011111110011101000100000110000100
137
111001011101011011101000101011101111011111000000011001001011
155
111011001111000100111011011010010111101110011101111010001000
59
11101010000001011001111010011011100010111110100100111110111
158
111101111110110111001010100010010011111011011001110100010110
138
100001111110011110101110110011101111111010110111110110111100
154
101100101111111010101010011111111011110111111111001111110001
140
111000110101011110100000111000010111110101010001110000000111
54
11110101101000111011001001010100100001111010011000111110110
135
100111111011000111111111000100010111110110111110100101010110
101
111000011001100000101001101010000001100110110000111101111
58
101011111100001001110011100110011110001111011110110101101111
148
1100001111111100110011010010000111111011000111110011010111
27
1110000110010010001110110001101001001010101001111010111100
148
101100001100011000111101110111111110101111110111100100001010
162
111101011100010110110101011111110101100111100100101111011011
189
101010101111101111111100011110111111110011001111010010011101
104
1111101010101111101101010001010110001001011001111001010110
76
101010001111010111011110100101111101011011101101000111111110
59
1110111101100100111011011110010111111110010011011001000001
136
110111101011111111101101011110110100111000011110011000110110
40
1110010100011111100100100000111110101111011010011110101100
45
101001111110101000100111110011111111111011111011000100111011
17
101100111110110100010111001001111010001100100110000001101110
97
101001110011010011101011111010100010010001101011101010101111
44
11111111111001111011110100101111010100101101101111000011011
119
1111111011101111010110010111011110000110110101101111100111
183
100111011100100011101111111110010001110011101111110110100110
117
100101010110010001101111011001110111101100101100001010111110
176
11001011110101010111111101110110011110000011111111001010010
176
10011010011011001110110000101100111100100000111111011111011
37
110001111100101111110101011101100100011110100011011000101101
155
10001000111110110111101011111011101111111000111100110111110
131
100111111101110011011110111000010010011110001011010100110
129
110010110001111100110101101101000000000001101111111111000100
1
111000111111101111101110110011110011110100111011111011101111
74
111101101100100111001100110011011011110101111111011100011111
93
101111110110000111111101111111011111101011111000000010111
91
11011100101111101000101111101011000001011001110111111100011
10
1001111010011000110100011001111110110111101100010011010000
38
1110101110011000111101010100110000110110011000011111111011
118
100111110101111111010111010111011011011101000011110111100101
140
10100100100011111000111111001000100101111101111101100110111
34
100001000111111111111110000100000010010010011111001110010110
174
1001111100001101011010101010001000111101101001011100011110
113
100111011001100111111110111100000111110111011101111111011000
117
111101111101001110001011000110110111101101101111111111110110
95
101110101111011001110111111100100011111111101000111111111110
98
10101111111110111000101101011111101011111010001110000011101
137
111001101111001110101001011011000110010110001101100001010101
146
11110101111111100101101011100110000111101101101101010111101
137
1011101101110111110010101101001100011110001110111010100011
123
110100001110101000111110100111001001110110011100010101011
95
100011101101111010101111111001011011100010001001110001011101
46
100111011111010111101010110110001111110110001001101111110
81
111110001011010111111001110101100000001010111000000101010111
37
11111000100010111010000101111101100011111101100111110000101
118
11111011010110011101001101111101011101111100000110111011001
119
10000111010111110111011011001001100110010100111101101000111
46
110000101011011011101111011011100011111001111011101011111111
195
100011000110011011011110101101010101000101110000001110001001
74
100011011000010010101100100111011101110101111110011001101001
13
1110101111010101110101111111111111110111111001111100001
188
111011110110111100011011000110011001010100111111111010000001
158
101000010101111010010001101101001011111011100010010101110
119
110110010001010001001011101111111101000110101110010011110110
165
1110010111010100011100010110000001000111110101100111001101
63
1101001111000101100110110000110100011011011011000010100010
73
1010100001000001111111111111110101000110111001101111010101
99
11111000110001110110111110011011110100011110110110001000101
191
10110110111111011111101010010101111010111010101101111111011
97
110011100101111100101110100100101110111101011100111001001111
152
111100001010010110110111011110100000101101110101010110111011
60
111010011010000100110011100000111000001110010111011110100001
101
101001111110000101110011011011101011011101010111011101111111
99
101110101001000010111111110111011101100110101011111011101010
9
101101110111001000111000101011000010101101101011000010111000
52
111011010110110100101011111000100101011011010110011010100111
137
111110101110110111011110111001111100110010000001001010001101
15
100001000111011111011100111111101110110001011000101101001011
117
111110110011101111111101100101101111100111111111011101100010
17
1100100111010111000101101010110110001111011110111011011000
15
11111101000111010011110101000111111010111111011111001101000
116
10011001101010110011010100111111011101011101010111011101011
110
101010110111000111101100110011111101001100011010011111110100
18
110011101010111111011110100011011111111000011101011100011111
147
110010110010010010010110101011101010101110100100000010111101
74
1101111011101111110010111111011011101100001011111101110
29
111111111101001001011110110101010001011111010011101101101001
21
11011000111110001001101100001110100001110110011010111110111
146
101111111100110111110101011110101000011011110101111110101000
54
111111000100110111111101101011011111111100011101000101110011
198
110100111110100101110111011010110010001110110110110111110111
128
110111010011100111101100011011100110010011110011110100011100
134
10100101110001100111101000001000100100010011011111111101111
20
11111101000100111111010110111001101101110011000100010100
30
110011101000101111101010111000000110110110101111111110001100
80
111110100011101111111010111001011001111111111111111111101100
53
11011100011010111011110011000000110101000111100101101101111
12
111100111111010011101111101111111010001100001011000110101100
45
110110111010111000101011111100111011110001010111001110101100
102
1111111010101101000010111111101010101110010100111111101111
146
101010100111110001011001111100101100110101101010110101100111
26
111100010111110100100110111111001011011001010111100101010111
110
101001110111000101000110110110011111111110011100111010110101
102
11100101010111011000001010101110011011001111111111110010110
140
110001100010100111111111111111011101111111001101111001111110
192
111110001111000111110101101111101110110001010101110111010011
25
111100011100110011110011100101010011111011100111011101011101
97
11110001111011101101001110111010100001011001100111001100010
22
111101011111100011111000100101000011011011110111101110011011
54
101110111111110110001000001101111010110111000110010010111100
73
111100011111111110111101111100100011010100000011000001011111
128
110101011001110100111111111011011011101001101001100101111001
131
110001110011111101111111101111000100111010111010110100110111
128
101001100101111010001101010010110010111011111100011000101001
197
111011001101101000111111001001011011100001111100111001001001
105
101101101101111100101001110110011111111101000111110000000111
56
111011101111010110011101011111010110111001111111110101010101
44
100111001100111100001010111010110100110001100010100010110111
199
101100111000110110001010111011111001010011101100111111101010
43
1011010110101010111110111001111011000110001011111010110100
103
111111010001111010011110101011111101101011111001010111111
103
111111101011011110111111110101101110111110101111111100000
70
111010111111110100111100111010111101111110100011000111000100
136
101101101100010100100011111111000110111100001111110111011010
174
10111011010010111110110101111111101001011011011101010111000
142
101010011001111001111010101000010011011110010000111110001110
56
10111110001101101101100111111110011000111101001011010111111
56
11101100100000111101101001111101101101111011011110011111110
175
1101100101011111111110010110010011111100110011001101011
104
110000011001010111111011111001100011111001011111111001110011
198
101110100001111000111010111010010010110101001010111001111111
61
101011011001110111101110101001011011111001110010011110111111
185
10111001100101001011011110011011110111101110110111011
106
10110010100000101010001100111111101001110010010001110111111
109
110110110100011011111111110011110101110111101111001001000011
48
1110111100001100101001011111101111010101111010110011111
165
101110011111100110101111100101011001101111001110101101101001
134
10111010111111101101101110111101001111101111111001001011011
59
111101100101011010111011111111110011000111100001101001010101
26
11101111010011001011110101011000111011101110110011110001111
187
100101101111110110101110111100111110010001010101100000101101
46
1001001111000001110110100000011111101010000011110111011001
13
110101011101010000011101101001001111111111001111110001011101
113
101011110010101101001111111111111111110101100110111100010100
41
101111111011111001010001011110101001100100111101011011111111
130
111111110011101110101011111010111111110101001001011111110110
33
110010111111001100001011111111111110010000001101011101110011
21
110110111111100011111111000110110111111111111110000000001100
115
111100101100110100101111101111101110111101000011110010010101
128
10110001011100111111110111110100010011101110110110010110110
62
111011101010111001110100011110001111111011100111111011011110
143
101001011101100111111110110011010010100110111111111100100111
77
111001011111110111111110110101110111111100011111011110110011
25
11101100110010101111010001010101101011111010110001011100010
31
110101101010010010110111011011000110111001111001101010110001
93
101011110111110011010101101001011000101110111110000011011000
48
1110111111110101110011111011011011111111110111101110111111
106
111100001001010101010111110010001010101110010111111110100101
22
10000001010010011100100011111100000101100011011111111111011
157
111110100011111010111111100011010101110000011011110110001110
77
101111101111101000101101111001111100001110100011010111000101
62
11010000100101110011101011011111111101111110111110101000010
196
101000100110111111011010110111001001010101110010001110110101
167
1000000010001001111110011110001011110011010111100011101011
147
10001000111000011100111101000111001101011110101111101111111
44
1000011111111110101000101101111100100111001100111011100110
56
100001111010111011001111010000101100110111111010111100101001
104
11100110110000111011000111000000100001100111111000011001001
86
111000011011010110000101111011111101011111001101111011011101
123
100111100111001111011100100100110101110100010100010011111
56
110110111001110100000001110000101111101100101001101001101110
35
10111110110001100110110010000101011111000110010101110101111
128
11111101100100111101111011111010111011111111110110001010011
61
111111100100000011011100011011111110110011011100111110011
158
10110111011010010001101110010100011110111111110001010100101
140
110000000010101110101101101010001101110100010111111111111011
72
111111110010111101000001110101111111100010001101100110111001
68
110010110010000111110011100010101110110101101110110001000110
101
11101110001011111100101111111111110111111101111011110111011
43
10100101011101000111100000111110101101110111100101100111000
112
110111111111001111101110010110101110110101001011111101110010
89
111011101011101111100111110101110100000110110111111101000001
10
11111011101100101100000101011101101110111001011101011010010
199
101011111111100001111101000101001101010101101001011111110011
77
11011110110101100100011110011110101101100111000011000010100
61
10100000101101111101111110101100110111011010000010011100111
167
100111011001011000111011111001011011101111111011111111011
95
1010110011000110101010000000101011110010111011000101101101
156
111110001011011100100100011111101110101111001011011111000010
121
11000111111001001000111111111111110110001101101100101011000
34
1100011010001101001111001101101111011111111001011110111111
69
111011101111001101100000110011000111110100101111110101101111
99
1101011011101001101010111111011010010011100010010111010110
134
10110101111110101000110110110111001000001111101101110110010
93
111011011100100111111101111000111001101001110011101101001100
173
10000101101110011110011010110101111111111101010011111010000
136
101110111111011110011010001111100111111100010011111101000000
54
101001011011010011011100011001011101111111011001101100010110
100
101101100101110111100110101010111110111011101001100000011111
84
111101010011010011010111000011111111001001110110111111010100
55
10101111011111110001000011111101110011100011111111010110110
25
111101100111111110101011111001011101101111101101110110111101
59
111001001111011101110001111000010111011111100011100011100000
189
101111000011000110111101110000110111010000101000110011010010
181
1011001101100110111101011110111100111000001101110011011110
120
111001000101111010011010111111101110110000111101011110111110
132
1111111101001101100110101011011100101111111000111111111000
112
110101000011110011001000101110111101110111010010111110101001
10
11011011001111111110101110111001101111101101001100100010011
87
1101011111010001111011011101011011011001100101111110011011
80
11010110100001101101011111111111101111111100101111100010010
58
10101010111000101111001100111101001100011110110010001110101
177
101101111001000111101110000001000101011010101100001111110111
21
110110011011011110010100101101101100110110000011100000011101
105
100110011110110001101111100011111110010000000100111100100
136
101011111001000111111011011111111100010101010100011010100101
97
100101010011010101001101100111111101011001110001111100010100
172
10111111110000000001101111111111111001011101111001110111011
169
111001110000101101011101010110101100110010101111100110100010
121
110001111110011100011111101110100011100010011101010111110111
164
1111110100111011111000101101111001101010111101111010111010
8
11111110011011110011000111011101011011100111111011101011101
10
10101111000011111110010011111101101101101111101111101010001
61
11011101011111001011111110111001110111011111010101011000100
139
101101001111100110110101011110101111011111111010011110001010
122
101101111111011100010110100000101111100101010001011100110
188
110110101010110001000100101001011111110101100010011110100101
171
101000011000111110101111101100110011110000110101110101101010
16
100001101110010000101111011010110101101011011010111011010001
135
101111011001101001010110001111100100011011111101101110101011
175
110101111011010111010001111111000111011010100011101111011111
96
10001101110000001010001111110111011111011101111101110100
120
110001011101000100111001110101010011100001011011101110011101
40
11001000101110010010000111011100100000010100010011101101101
155
111011011001111110111101010110010111011101110100110110010100
78
100001010101110110100111101010000001111001011111011100111011
151
10110000111011001110101100001000010010100001011010001110110
137
1110100100111001100000001001111011100001000111000110011110
156
111010101110001111111001011010111011110110100110111101001111
131
10100001110011011110110000000001010010111001111100011010100
92
111001111010010011010000010111001101100010011100000000001010
44
100110011111011100101100100111111111100001111101111100011001
128
110011000000000101001110111001100000101101011101111100111110
35
11110100111100111111111111011110000111101111011111000111111
183
101110110111001100000001111111000010011111011100101100011110
144
111011110100001011110101011110010101101110111011110101100111
32
111101111111010101110110110100011101111110011101010101111011
7
11110111100011111101011100000001111110110110011000101011100
133
110110111111100111100101111011011010111111101101101011100011
117
10111001001000100111111100100110100100111011011100100111111
186
110001100000111110011010111111101011101011100110111010111010
52
1110111111011111110100000110110011011110111101110000010101
102
101100101100011111111111001010011011111111011111011000001111
114
111111111111110101100110111110111011111110111101000111110100
16
100011010101111101010001011111111110101011101011110101101100
169
110101100011001011111011011101010000011101111111011101101001
93
100101110110011111110010100000110011010101110100110110011101
27
1001111001011111101000111100000011111100010111101011010001
58
110010111010111101101110110010011011100111011010000011010110
163
1011011111011100101110111000100110001111010110010111111110
65
110010100111111010011000100010111010101100010111000110010110
109
111011011110101111000010111111011111000111111100011111001001
14
10101001011110000111111110011100011111011111111011111111001
185
111111110111111010000111110001111111101101100011011101011100
122
110001111111111011111100101110011000010110111100010001111000
42
111101100011011011110100110110000010101101000111010101101111
108
11111101111111101100100111010111001110101011111011011000111
146
100111000100011000000011010110100011100111100111001110010110
12
110111001110011111100100101111011101100010111110101100111000
69
110000001100101011111010000010101100001101101100010011111010
48
111101111000100001110111110111100011001101010000111010000111
194
11100110001101000110101100101111110101100000010011111101100
175
111001110001000100011110011000110111110110111110001000010111
104
10101111111000011110111010011101110011110110110111111000000
50
11101000001101100111101001111111100111111011001110001011
68
11101101111011111000110110011111110010011001000101111110111
69
101101000111111110100101101111101110110110110111010101001000
81
110001010011111010100011111011001101111001001010111000110
67
111010010100011010000101101100101100111101000110011101001101
54
11110101111100110110101010101010011101011110011111110110001
175
101011011001001110001100110111111001000011010011000001011011
49
111001100111011111111111100111110111110100110111101111101
55
101011001101110111100110110001011001101111001011101110101101
147
111011001101000101011010001101011111111101111010101110101111
108
100111011010110110101111011011000011110101110111000111110010
167
101000100010001111111111111101110100001111011100001000111
99
101100010000011111010000110011011011101000101111001101101001
106
111000101110100000001110101111010101100101111101100011100010
62
110010001110111010001101000101111111110011011000000100101011
64
101001001111011101001111100101010111111101010001100110111010
90
110100111101101000111111011111110101000110000001001001
99
100101001011111100111010100001111011101111101011010101110001
72
110101100111111110111001110110010111111101001111110101000111
46
111011110011010001111100011111111111110011110110011010101
68
101011001110101111110100111111101011010010101101010111101000
177
100111111100110000110101100010011111101000001010101010001011
21
111101010111000111111101101001100000011101100100011101111111
12
111010100111110110011111111111110010010111111111001000001001
169
100011100111100110101011011111010001110100101101010100001010
108
11011001111100100101010101100111001001011111110111100100110
90
11010111010010110010101011111101000100111000100011111111111
170
101101011011111100011011010011110101001101111100001001001000
98
110010110001000110010101011001101111101101111111001000110011
2
111110111110011101101101000010110110100101100110001010101110
30
101001110101110111000000110111110001111001011010011000101001
24
1101101111110111011110011111101110111101000111001110
42
101110000000100110100101111001101101111110110111100110000001
117
111011011011001100011010111111110001101010111010001110010101
128
101001000111101111110000001111111011010101011111100011001111
84
11110000101101011011000110110011111110000010000111111101100
17
101100100011011101100100000100011110000110100111001110011101
18
10011011011110111100101011001111111111110001010101010011011
51
110111101111001001101110010001001100011111010111111010110010
186
101110111101001101010101111001111111100001110010010000001101
25
101000011011010100001110111100001001001010011100010101110000
161
111111111111111011110010011110001011110110111001001111111011
192
111011101111000001110111101011000101111101110101100100101001
115
10100101001010101011111011000101010100011111111101011111011
51
11111101101010010101110101110010011110111101011111011101111
146
111101101101010111100100111011101001101111111110111111111111
154
111111001111111011000010101111110100001011101011101011011110
63
111111010011101000001111101011101110110011101011011001011111
111
101100101011001011011100111110110110010000000011001101011101
56
101111101000110111001110010011111101101101110111011111010001
58
11110010110011010101111011111010111110000111001011101111001
122
100111011001101111101011111110010011111110110000110111110011
182
101111111011101101111111111100011111000101001110101011111111
49
100000111101111010101101111110000001100111001100110001000011
15
1111111110010001001100111000111110111010111111011111100
92
1110111010100010111010100110101101111110000110010011101010
116
101001111100100010111110100101110100101111100111001011100001
148
111010000001101010111000011111001000011111111101111110111001
63
1111111101100111011011101101011111011111111111011111101011
195
101100100111111111000101110100011111101101101000001111000000
73
1001101100001011101100111100011010011111001110101100111001
122
111111101110011001000100011110111101100101111100100101110001
185
101010000110101101101000101000111010001010111110100101111101
12
101111011110111110100111011110101110111011011010100001110110
38
110111011011110001010111011000001100011001111000100001100110
150
11100010101111011010010111010011110011000011110111110101111
88
11101111011111110110101001110000111001001110101001111100101
196
101010111100101000110110001101111101000100100100111111111111
129
100010101011111101101001101110101111100100101111110111101011
110
11001000111110011000100010000110101000111101101111110101101
97
10000110000100010111011001101000101100101001100111000001010
138
11111101011010011011010000011100101111011011111111001100111
21
100000111011101110011100010111111111001001111100010111101111
113
11000111010011011101111101110101111011101111111110101001101
95
111101000000001100110100001011010000110110110111111001101111
191
100010101110011111011101110110001110000101100000011011001111
140
10010001000011010010111111101011010000100111010011100111101
111
11111000000111100000111100100000101101100000101001010101
192
1101010100101110000110010011100011111101011011001000000110
119
111111000011110100011110110111101111111111111111100111111011
26
110110101100111101101111000100011010101011000101101100110101
103
11011110010101111110010101011111100000011011010101101011101
11
110110111011000101111111100000100100101101111111101011110101
143
111010111101111001111110111011000100011110110001100010000111
183
1111111010010111001101100101101010001111101110111111101111
197
10101011000011111111111100100110110010011111011110001111111
197
11101010011111000110110101101100111011001110101111100111111
34
110100101110011010110011101011010100111011111011001010111010
119
111010010100011011100010101100111110011111001001001000110111
77
101111010101101100011101110101100101011111111011101000100000
124
1110011110100010101011111111101100001010011110110110001100
141
100011101011001011111101101010101010011101101110101010011111
84
10010010110011000111000111101100111010100111011011101010100
194
101011111111111010111101101011001011111011110000001000110000
158
11110111000111100111111011110011111100001011001010101001010
140
110110111001011100010001001110110110011111100100101111000101
98
111100100011100110111100110011110111010101010100111111001001
75
11111111011001011101111111111111111111111001110111110111011
187
100001110001101101011010000001000000111110010010100000010010
141
100110111010101001011111111010001111101111001101010001011101
108
111001110101111000111111010011100001110001010100110011011101
150
111111111111100110101111111001111011111110111111000011101111
112
101110011100111101001111110111110011011011010101101001110110
64
101110101111110111111111100110111110101001101110101011110101
75
111111100101010101010110110100111010101010111010011100111011
65
110001101111010111011101011111010111011110110111101100011
69
110101100111001010010111011111010100100111111110111011110011
55
1111110101101001011011001110011001111101111111110111101011
61
111001111111000100000111011101010011111011010111010011110111
98
111100110100111110101011111111000100111010101111111011110100
92
100100011101010111101011101000000111011001000011111011101001
140
110011011110010011010111111010011111100010100101111111101001
79
110100110111110111010111101101011010111100111101001001101111
27
110110010011111101011010110000101100010101010000101101111111
190
11011100100001101101011101100111110101100011111000111111111
89
1011100000111100011100101001011011011011100110110101010111
39
101011001001010110010111110100100001101010111111001011101111
54
10000111110111100100100101011100111011010110001110101111011
163
101110111101101001001100111010111010011001011100000011000011
193
11000010101101100111101100110001100010001011101001101101101
129
110000100101001101110111000101111011111100111110000110110011
188
10101001111110101101100101110110100100110111011100001111010
80
101111000110100110011010011111000101010101001110011010100110
67
11110001111000111110110011101100111111001110111111100111101
103
111110101100111011111111111001111100001101110110010010110110
83
101011110100000010010000101100101000011111110001100011000101
175
111111110011110110000101001001000111001000011111100011111010
42
1000101111111011001111100010011110010101100100011010000001
136
110011100110101111111011010101100110011100110000111100001110
97
11011111110101111110001111111011001011001101100110111111001
22
100111101111111111110101111110101101110101011011011111111111
132
111011110111001100110100111010111111001100010111000101010100
39
11100110001110111111101101101000110111111100011101100011011
12
1110001001101111001110111111111111010100110010010111111011
75
111101110101011010001111100100111010101111111001110111010110
19
10001111111101110010001111101010110100111001000001101111101
82
1010101101001110010111111101011100101111010111111010011011
86
110111110011111010110011000011000110110111010111101110111000
149
111110111100101001101111111101111111011010100111011001111111
155
1011110111111110011001110010001011111011011100001011001011
77
10111011000111111000111010001111000011010110110010111010110
88
100000011011100111011011110011111110100011111111110010101001
155
100011000010001000010110001110111111001111110101001110000
190
10100010100111110100001101001011111100111110001111111101000
170
110000111110110111111011011111000101111011110011111110101101
59
100111110010101101001100000011011011101011101000001011111110
18
110101111010011011101110000110001111011110111010110011101011
18
101111111101011111111011101111111100000001000100011001111010
119
100101100001000110101101100111010110101011101001100110110111
130
110111101010001101000010000110100100000010110010101010111100
90
110100110111011010110011101110111111011110100111111001111001
163
111111010001110011101011010010001011100101011011110001100101
106
101100010110110010110010101001010011000010100010001111111110
46
100010100010011111110111010001111000110111001110011010001
115
100101111110111010011100111100011001111011110111110110111111
44
11011101001011100111000001101011001110111110100011100100000
48
101111001111011110111100110010111000001111111010111101110110
57
110111111101011000001100011010111111011011110111000011101
120
110011110111001101110011101110001111000100111011110000111111
102
10111011111110111101011010000011010000010011111100011111101
92
1100000110110101110000111101011000110111010101111101111111
31
10101001100000110101001111101101010011110010010111001011110
47
101111111110110100101110101100101110110000110100001100110010
171
1011111101001000111000000100100101110101010000000111010011
81
110110100011010001110110110111111111000011110100111011011111
111
11110111100001110101101111100000000010001111101111011010111
120
111001011111101110100100110100001011001010110111111110001110
72
111111000111110111110010101110100010101101111110011101011110
124
110100100111011111101101011111111100111010111101001101110111
157
11000111010111110010101011101000001011011011111001101111111
15
10111111010001001101100110111111110110010101011000011111110
111
111111110110011111101011100011011010101001110010011001111100
108
101100101011100101110110111010101001100100110100110000111111
166
111100111110111100011011110110001111010010101110001101011001
67
110101100000011110111011101101111011101110110001100101010101
53
110011111101111010100010000110101001101111001001001010111
35
11101110111011011010001011000011101010111110001111011110111
58
111111010111111101100010110111011111001100011011111011010111
170
110110011001101101111011100111110011101111001000111011110110
133
111100011101101010110010011111010110111110111010001101101010
197
110110011111111101111010101011001011001111001111110111000110
63
101100001001011101111101110111111111101010001010011011101101
191
111111100101111111010011011110011011000110010110110001110101
117
101011010100101100000111101111010001000111010110111101101111
49
10111010001101111111111011011111011110010111011111000110010
187
10010110001101011111110110001011001111010111101000110111101
188
101010111011010000010101001111110111110000101101110110110011
129
11000100110011111111101000011110111110111101101001100010001
124
1100111011110100010011101101011100000101100000011001110111
92
10001111101111011001101011011000100100111110011010101011011
72
111011110001111001100011010011011010011011110101011011110010
161
111111111000011010011100110101001010100101001111011101100
6
110010111111010011111101111110000111011011010010010011111110
92
111111100010111110011100000110111101100110011101101101011111
136
1010101011011011101011110101010000101110101011011100101111
183
11000111111111111111011111010011001011011100111011011011101
114
111001101111111001111001100110111010010011100111111100111011
129
110111001000110011101110111111110110001110010011111011111111
173
11111101011101110111110001000111001100110110100001111111001
158
111010100110101110101111110110011100010101110010111111110011
107
11011001110011011110111111001101011011111011111011011100101
111
111010001100100001110011011111011011001110111010011010011000
68
101001001011110010010001000001111000011101011110101111011100
33
111111101011110111110010000110000000100101011010110111110101
136
10100010010101110000111111011001001110110011110110000100000
90
111111001111011111111100101110111000000101111100011001110110
116
10100111010100010110111001011010010000000100111111000100101
18
100111011111010010010100111110101101111011110000011111111001
161
1111101000101110011010010111001111111100100010011100000101
187
11101110111001111011101100001010100011100111011010110010011
66
110111111111001000111000101101100100011110011110111011111110
181
11111101111110100110011110100111010010111001001111010101100
141
110011011101010110110001101101100100011100010111111100011
80
110101110001111111100101111101101111101101001110011100110110
142
10011011000001010001101001111010111110111111101110010110
53
101101101010101111101111111000001011011010001011011001001001
2
111111111110111011111111000111000010111010011110011000011011
187
111111011011111011000001010111100011001011101101011110110
36
101111010111100100000011101110011001110101000100101101011101
115
110111010100101001001010110111111111100010101011011001001101
114
11110011111011111100111111011100101111101100010101111111010
84
11010011101011011011100101000011011000110011110101001101111
84
111111111010101100011101011101100100101100010010011111011111
46
101011010101000101111111100001100010110111010000100000111110
129
101100000010101100101101001011101011011100111110100001111011
79
111111101100101101110101101100000100100100110110011010000111
123
111100101011000111101111010101110100101011110110010110010111
97
110000100100110110001000101111110101010101010100110010100111
103
101110111000000011111110010010100100011001101111111111111100
20
111101111101110000101011111110101010100001110011101100001110
40
111101011100000111101010010001110011111101011011010011111110
176
111101000010001001010111001111010001111011110011001101010011
108
110011101100101100101001011001111101001111100111101001110110
8
10000011100011011110001110011110101001100001010010110111100
145
11101000101001111011111111111101111101001101010010011111000
143
111011111111111101100001001110111111110011101100010111011101
166
111101101110100100111001001101011100011111111001001001101100
60
100110100110100111101110110011110011011101110000111100100111
52
1111110100000001111100110111001110100111100110100011000111
186
10100001010000101101011100111111011101111110111000110101111
42
110101110011111100010010111110110111100010111111000111110001
104
11101011001101011011111011011011011101101011011111101111100
198
10111110000101110000111111011011110110000011011100001101000
199
11111111001100000111101001110111011100110111101111010000010
31
111001111010100111110000110101110000010011010101110110101110
139
110100011101111111110001111101010111011011100001110110110111
82
101001111111111001111101011010100111100100011101001000100
54
101001101101101000101111100101000001100111110111110010001101
44
111100100101100111011111100101011011101100000101011111110000
6
111101011000101101001001111010010111111111111110111100001
16
110101101100000011010011000101100010110101001001101100111
113
101100111110110110100011101110110100101011111101101111001100
195
111101101100000111100011101011111110001100010010100001111101
157
110011000101010001111000011001111101101010100010011110110010
76
101010001111111111110101101000110111000000101111101110110100
109
111010111110011001001010110111100110111010011010000101111010
48
11010110111010011001111001110010000011000011111011001001111
164
111111111111101001010001010101101110111010101011010011110111
104
111011010011011110000011101000101101100010011111010100101010
192
100111000100011100011111101001001100111101011011111111111101
120
100111111010101011100101001111110110111110010110110100111101
70
100010000011011111110010110011000111110110011111100001101011
18
101101001001101111000111000111100111011101111011111101100111
140
100011101111110101010110001001110101001101111011100110100111
120
11000100110000101010110111100110111000010110111101101101001
188
100111100100111101101110100101110010101011010000101010110111
177
101111101110100010111101011010001010101111111111110101001110
122
101111011011101110101100101110000111101001001100101111111101
100
100011110011001100110001011101000000110011101111011110100110
134
110110111110110111000110111101111001101101011101111000001
182
111100011001101110111100110101111111110000001100011010111111
130
1110011101110001111011011100011111011011001011100010011001
148
101010100111010001010110111110101111111110000111011101110110
73
111010001111001111111110101110001111111001000001100111000111
196
100101111111010011000101000111011001001111111101101011000101
69
110101100011110111101001100011101110111011011101011110100001
62
111011111110110101000101110110101100100001011110001010111110
119
110000110111101100101000011011111101011000011111110100011011
122
111111101111100101101000101001100011000100011011111110011101
12
11011101000000111111011000111000111100111001011111101111000
133
101011111001010001101000010011110100010100100100111100110001
166
110100100000110011110101000111011011111110001111011101111111
68
10011001001111111011011110110011101101111011100110111110010
136
110111111111101001010001110101110010011110111000001001010011
78
11010001001100010110101001010011010110101111110111111111101
73
10001110000111001001110110010101110011111110011110101011101
87
111011010001110101001011111010101011101111101111001101010101
23
111001011001110111011011111011101011111110111000010101100111
18
110010110011000101001111111100010111000110100011001101101010
96
111110010001110011111101101111110110001111111111110001011011
106
11000010010111100001101100110111011010010010101111110111101
29
111001001011101110100101111010110011000010110010101111010011
107
111101111001011101110001101000111010111100111101111110010000
103
11011111101010110110101011011110111010010101001010010101110
81
110010111110101100010011000010011011100001111101011011100
13
111101001111101001111110010011111011010000000011110101011111
91
11100000111110110111111010111110110110010101101110010111101
83
11110000110011011110111010110000000100100010010110001101011
49
1111100111011111101001110101111010110000101011011000010101
158
111001111110101111111011010001101101101101001111111111011111
169
111111110010100111010111011111111101101010011100001111101010
84
111010111101101011101100010110111110011111011101011000111010
43
111101101110001101100111101101100000010111011001101101100110
168
100010001110111101111111111000110111000100110101011000110111
126
11111101100011111011011110001000011111101001110110100110100
188
10000111001110101011000011011111011101010111011111010110011
123
110101100110111101110011111100001010101010001011010001100110
133
101101111110011111011011001011111111111001000001011000101100
103
111101001110110110101011101011110000111111111111101111111
67
11001011000011110001111011110001100111101111111110100001
95
110110001110011110000100111001011101010011101111100001111110
15
11000111010110101111011110101010100010110101010011001101111
44
111001101110111011111001101001111101010111001010101000101101
114
110111111110011011111011110110100100010111010100010111100011
111
111110111010001110101100001000010100000101110100000110101101
117
111110001111110110011010111011100111101111110010000011011001
54
100111110110111111001101111111100111101111010110011011101011
94
100111111100111111011101010100000011111100111101001100111111
196
111100011011111111111001010010101000100110110011100011011010
65
110100110011111111110111111000011110010110101011101011101111
15
111000011111101111001011010011110111010000110111101011101110
199
1111000110101010111111011011110110101001111100101101100110
6
111111110110011111000001111111100011011111111101001111100
78
111110110001001111100100111101111011111011001011010000001111
77
101000110000110001101110000011110100001011010001110001011100
143
1010101100100001101010000111101111100101101111001111110010
48
111000111101110111110101111100111111100011110101001111001011
86
111011100001000110101100111000101110101011000010011011111001
141
101010111011101111001111100010101010011111101100001110110111
192
110110110111011100111111101101011110011101111101101111000011
145
1100001111000110010100111100110111101010001101111000101101
26
11101011101110111101011110110100111110110111010011000001011
1
11101110101011111011101111010011001101010100001110100011001
94
101000111011111111001111011101011101100110000011011110101100
36
110100100010100110011110111101011111111100101010000001111101
145
101110110111111101000111111110100011111010000110001101110
71
100101000111001101101110001111001101111000100010111100111100
70
111111000111010010101101101010000011111111001111110111010110
25
100010001001001100111111101101101011110001111110100011001101
200
111001110111100101011101101101101010110010110111001111111011
137
101010100001101101100100011011110001101010100110010100111010
66
100110111001010001001101101110010010010011010001110111101
14
110011111111000111110001111010101111001110011111111011001111
126
111010110100110001101111000111011011101010111000011111111001
58
110111011010101111111011111111110101010110000010000101111110
172
111100111100010001111111100110111110000111010111001100010110
198
111101111111111111011110011110111100010110001101111010101101
2
110000001001111110001011101000100010110000111111001110110001
24
111010010111011111001100010111010000110011001100111100111111
41
100110011101101110001111101110111010101110011110010100111001
68
10100100000100100101010001110101011101101110101000010011101
105
111110000110111111110100101111100110111000111001110111110111
125
11011100010100100000110111111001100111011000011111011001001
1
111001101000100111100101011011101101111011111000010000101001
152
100111111111000000010110101110001010110000010111110111011001
90
111000010110111001001110011001011100100110110111101110001100
138
101101101101011010110100000111111111100010011110110111110110
190
1001010101111001111011011000011100010010100011111111011111
129
110101101101010010100110100111100101110000010110010100110111
103
100011100110011001101111000001111011011010010101010100110011
152
10011100001111101101001011101111111000111011011011000111110
159
11100110001101111010011111111000001111111111100111010110110
58
111011011011100111111001000010001000011110000111110010100111
166
11110111011101110001001011000101011110111011011101010100111
179
111000010101101100111000010101001100001100100111110101111101
81
111111001101111000011010111100010111101010100110001011101
52
100001010011110111011111101000110111011100011001100111100111
9
110010111010111111011110000001000110110110000101010010011011
140
111010110010100000111110010111000011001111000000011010101110
121
1101000111111110000101100111000010100111111111110111001001
34
101010111111011101111101011110110111111111101111111011011111
71
101001110010101100101011100110011110100111001010111000000100
135
11001001011000101101100110101111011011100110101110101011101
48
11010101001000001110110001101100000000101101111111111010001
165
111100110111011001100001111010000010011101010111111101101010
128
1101000100001110000110111111100110111111111001100110011001
85
11110101011001110011010110011111111111110011110011110111000
182
100111011001111100111101101100101001101011011001001010110001
3
