60 800
10111010111110111111110111011111011111011110111111111111101
101
10011111001011001110101100111011100011111110110111011111110
106
10111111111111111110111111101111111111101100111011000011111
111
111110101111110011010101110111111111111110110110101011111111
130
1111111111001101111111001110111111101010111111101111110111
97
11111111011111111110101111111111011111110111111100111101001
117
110111111111101111111100001111011111111011111111110111100111
131
11011111010111011111111101010111111101111001101111001111111
23
111010101111101111110001101110111101101111001111111110101111
69
111101111101110111011111101101011011111100111101111111111011
7
111001110110110011110011001101111101101111111010110101110101
164
110111001101111110110111101111111010110111111101111011111111
157
100111101111111111111111111110110101011111111011011101111011
88
110101111111101011111111101111111110111111001111111111111011
71
111101111101011111111111011101010110001110011111111111111111
196
111101110111110111111000001111010111001111111111111111111011
91
11111011011110111110010111111011010111011111111011111010011
135
10010100010110111111110000111010111111101111101111101101111
162
111111111110111011111111111111111111111111111011110101011110
17
101011011011011110111011111111111110111101010111111111111111
125
111101110101101010111101111111111100010011111111101111011111
33
111111111110111111111011111111100111111011111100101110101111
3
110111110100001011111110101101111110011011110101000111011110
124
111111011011101010010111111110111110111101110101110111111111
187
111111111111010111111111111111111110111010111100111111110111
197
111111011101110111110001011110101110011111110110111111011101
186
111111101011010001111111101111111111011011111111101010101011
8
10111100110111111110111010011111011011111111111111001001111
66
110111110111101010011111111101111110111111111100111100110111
74
100110111011011111001100101110110001101111011111100111010011
42
111111110111010110111111101111111100101111110111101110101111
192
10101101111101111110110111101111111101111111100101111100101
122
110111111111111011111011110010101110100100001011111010011111
97
11010111111111111011111101011111011111001111011111111101111
29
11111110001111101011101111111111111100001111110101111111010
180
111111011111111101111111111111101111111111111111110101111111
88
111011111111011111111111011111110101111110111111111101111101
167
111111110110011000000111111011111101111110111110111111101011
35
111111111111111111110101010111101111011110110111110111111111
42
111111001100111101011010011111111111001111111101010111011111
177
111111101000110011101100111111111110111010111011011111111110
98
101110111111111111101101110111111010100111111101111111011010
158
101111001010111010111111111110111111111011111111111101111101
43
111110011111101111111111110111001111111111100111111101110101
138
110011111111011111111011111111110101111011111110101111001111
37
111111111111111110101101011111111110111010111111111101111111
193
111111101101110101011111011011111110011111110110010110001110
137
111101011111011011101011111011101111111111110011011001111011
155
111011111111111101111011011011010111101110011101111010101100
59
111111111011001111011111011011111101111111111101110111111111
158
111101111110111111011110111010111111111111011001110110110111
138
110101111111011111111111110011111111111110110111110110111101
154
111100101111111011101110011111111111111111111111001111110111
140
111000110101111110101010111010111111110101011011111000110111
54
11110111111101111011011011111101101101111111011110111111111
135
101111111111010111111111010111111111110110111110111111110110
101
111101111111100000111111101111011101110111110001111111111
58
101111111101111011111111110111011111011111111111111101111111
148
101100111111111110110011110110011111111011111111110011110111
27
111111001110011011001111111001101111101110101101111110111111
148
101100101110011001111111110111111111111111111111111110001010
162
111101011110111111110101011111111111100111111100101111111011
189
101110111111111111111100111110111111110111111111011110111111
104
1111101111101111101111111111011110111101011001111101110110
76
111110111111110111111110110101111101111011101111111111111111
59
101110111111100101111011111111110111111111111011111001010011
136
111111111011111111101101011110111100111001011111111010111110
40
111110111111011111111110111110111111111111111010111110111111
45
101001111111101101110111111011111111111011111011011110111011
17
111101111110110101011111011101111011011111100110001101101110
97
111101111111011011111111111010111011011101111011111111101111
44
11111111111111111011111111111111011101101101101111000111011
119
111111111011101111011110010111111110100111111111111111100111
183
101111011101110011101111111110011011111011111111111111111111
117
110111011111110101101111011001111111111110111100011011111111
176
11111111111101011111111101110110011111010011111111001011110
176
11111111111011111111111110111110111111100011111111111111111
37
111011111111111111110101111111110110111111101111111100101101
155
11011000111111111111101011111011111111111110111101111111111
131
101100111111101110011111111111001110111111110111011111100111
129
111010111001111111111101111111110010110011111111111111100111
1
111110111111101111111110110111110111110111111111111111101111
74
111111111100101111111111111111011011110111111111011110011111
93
11111111110111110111111101111111111111111011111100111111111
91
111011111101111101011101111111011000111111101111111111101011
10
11001111010111011111101011011111110110111101111011111110101
38
111111101111111000111111111110110101111111011111111111111111
118
111111110101111111111111110111111111111111010111111111101111
140
10101101111111111101111111111111110101111111111111111111111
34
110011011111111111111111101100011111111110011111001110111111
174
11111111100101111011010111110111101111101101001011111011111
113
100111011111101111111111111101001111111111111111111111111011
117
111111111101111110001011001111111111101101111111111111111110
95
111111111111011001110111111100111111111111101101111111111110
98
11111111111110111011111101111111111011111011111111100011101
137
111011111111011110111111111011101110010111111101101001111111
146
111111101111111101111111011111111101111111111111101011111101
137
111111111111111111110010111111101101111110011110111110110011
123
11110101011110111100111111111111101011111110011100010101011
95
110011111101111010101111111011011011100110101111111011011101
46
1111111111111011111111110110110101111110111011011111111111
81
111111111111111111111011110111110000011011111101011101110111
37
11111011100111111110001111111111111011111101111111111100101
118
111111111111111011101011101111101111111111110010111111011111
119
111111111011111110111111111101101111111111110111111101000111
46
111010111011111111101111111111100111111001111111111111111111
195
100011000111111011011111111101010101101101110001001111101101
74
111111011100110111111101100111111111111111111111011011101001
13
100001110111111011101111111111111111111111111111111111101011
188
111011110110111110011011110111111011010111111111111010011011
158
10111001010101111010010101111101101011111111101110011101110
119
111110010011111001111111111111111111001111101110111011110110
165
101110011111110101011100111110001001000111111111101111101111
63
101101111111111111111110111111111111111011111111000111110011
73
11010110011100011111111111111111111110111111001101111111101
99
11111110111111110111111110011011110101111110111110111000101
191
11110110111111111111111010111101111110111110101101111111111
97
110011101101111101111111100100101110111111011111111001101111
152
111111011110110110111111011111100111111111110101011110111011
60
111011111010010101111111110100111111011110010111111110111011
101
111101111111101101110011111011101011111101010111111101111111
99
111110101111000010111111110111111101100111101011111111101111
9
101111111111101100111011101011100111111101101111111111111100
52
111111110111110110111011111100110101111111110110011011101111
137
111111101111111111011110111111111100111111001101001110111101
15
111101111111111111011110111111101110110101111110101101011011
117
111110110111111111111101110101111111111111111111111101111010
17
111100111111010111001101101011110110001111111110111011111001
15
111111101100111011011110111011111111011111111111111001101101
116
10011011101010110011010110111111011111011101010111011111111
110
111111111111000111101111111111111101011111011010011111111111
18
111111101110111111111110111011111111111001011111111111111111
147
110010110111011010110110111111111110101110111101011010111101
74
10011111111111101111110111111111011111111110111111111111110
29
111111111111101001011110111101011001111111011011111101111101
21
11011110111111001011101100001110111001110110011110111111111
146
111111111100111111111111011110111010011111111111111111101101
54
111111011110110111111101111111111111111100011101000111110111
198
110111111110110111111111111011111011101110110110110111111111
128
111111110111110111111110111111100110111011111011110100111110
134
111101101110011111111111111111101100110110011111111111111111
20
10011111101000100111111111110111101101111110111000111111100
30
111111111110101111111110111100000111110111101111111110111100
80
111110100111111111111010111111011101111111111111111111101111
53
111011110011110111111111011110011111111111111111111111111111
12
111100111111010111101111111111111111011101111011001111111100
45
110111111111111101111011111100111011110001110111111110101101
102
11111111110111101000110111111111111111111111100111111101111
146
101111101111111011111011111110111100111101101111111111100111
26
111101110111111101100110111111101011111111111111111101111111
110
111001110111100101000111110111111111111111011100111110111111
102
111100101010111011001101010111111111011111111111111110011111
140
110011111110111111111111111111011111111111111101111101111110
192
111110011111101111111111111111101110111001111111110111111111
25
111101111100111011111111101111110011111011100111111111111101
97
111111101111011101101011111111011111111111111111111011100010
22
111111011111111111111110101111011111111111110111111110011111
54
111111111111111111101010101111111110110111010110011010111100
73
111101011111111110111111111100101011110101011111101111111111
128
110111111111111100111111111011111111111101101111100111111111
131
111101110111111101111111101111000101111010111110110110110111
128
111001110101111011001101110010111110111111111111111110101011
197
111011101101101101111111111101011011100001111100111111001001
105
101111101111111110111001111111011111111111101111110110111111
56
111011101111011110011101111111110110111111111111111111110111
44
111111101100111111001111111111110100110111100110110010110111
199
101101111101110110111010111111111101110111101101111111101111
43
11111111111111111111110111111111111101110101111111111111111
103
111111111011111110011111111011111111101011111001110111111
103
101111111111111011110111111110101101111111111111111111100010
70
111010111111111111111100111010111111111111111011110111000101
136
111111101110110111101111111111000110111111001111111111111010
174
11111011111010111110110111111111101111111011011101110111111
142
111010111011111101111111101111111111111110011111111111001110
56
111111110001111111101111111111111111111111111001011111111111
56
111101100110011111101111001111111101111111111111111011111111
175
111011111111101011111111110011110111111111101111011001111111
104
111101111001011111111011111011101011111101111111111111110011
198
101110110011111100111010111111010111111101101110111001111111
61
111011111111110111111111101101011011111111110011111110111111
185
101001111111111101111001111111110011111110111111111110111111
106
111111011101011111111001101111111111101110011110101111111111
109
111110110101011011111111111111110111110111111111001111110011
48
110101110111101101110111111011111111111011111111110111111111
165
101110011111110110101111100111111101101111011110111101111111
134
11111011111111101111101111111101011111101111111011011111111
59
111111101111011111111111111111111011111111110001101111011101
26
11101111110011001111110101111110111111111110110011111011111
187
110101111111110110101111111110111110111111010101100000101101
46
101111101111011011111110101111111111111011001011111111111001
13
110101011111011111011101101001001111111111001111111011111101
113
111011111110111111111111111111111111110101110111111110011100
41
101111111111111011111111111110111111111100111101011011111111
130
111111111011111111111111111110111111110111001101011111111110
33
110111111111111101111011111111111110111001111101111111110011
21
110111111111100011111111100110110111111111111111100000101110
115
111111101101110101111111101111101111111111010111110111110101
128
110110111111100111111110111110110110011111110110110110110111
62
111111111011111011110110111111011111111011110111111011111111
143
101101011101100111111111111011111011111110111111111110110111
77
111101111111111111111110110111110111111111011111011111110011
25
111111100111011111111110001011101101111111111111111011101111
31
110111111011010010111111111011101110111111111011111010110101
93
111011111111110011010101111011111001111110111110111111111010
48
1110111111110101111111111111011111111111111111101110111111
106
111100101111010111010111111110111010101110011111111111100101
22
11110111110011111101101011111101000111111011011111111111111
157
111110111011111110111111110111110111111101011111111110011111
77
111111101111111111101101111011111101101111101111011111011101
62
111110111110111110011101111011111111111111111111110111101110
196
101000101110111111011111110111101011110101111010111111110101
167
101011111010101101111111111110111111111011111111110011111011
147
11001111111111111100111101111111011111011111101111111111111
44
11101111111111111111101101111111111101111101111111111101111
56
111101111110111111111111010000111101111111111011111110111001
104
111111110111000111111111111101100101111100111111001111011011
86
111010111011110110000101111011111111111111111111111111111111
123
100111111100111001111011110100111110101110111011100010011111
56
111111111101111110000111110110111111101100111001111111111110
35
11111111111011111111110111000101011111100110010111110101111
128
11111101110111111111111011111011111111111111110111101011011
61
111111111101110000011011100111011111110110111111101111111011
158
10111111111011011111111110110111111111111111110001011110101
140
110010110110111110101101111011011101110110010111111111111011
72
111111111110111111100001110101111111100011001101101110111101
68
111011110110111111111011100111111111110111111110110101100111
101
111111111001111111111111111111111110111111101111111110111111
43
111111101011101011111100010111110101101111111100101100111000
112
110111111111111111111111110110101111111101101011111111110010
89
111011111111101111111111110111110100010110111111111101100101
10
11111011111110101110010101111101111111111101111101011010111
199
111011111111111011111101000111101111010111101101111111111011
77
11011110111101100101111110011110111101100111111011001011110
61
10101011101111111111111110111111111111011110110111111111111
167
101111111011011011010111011111111111011101111111011111111011
95
101010110011001111101110111000101111111110111011000101101101
156
111111011111011111111111111111101111101111001011011111100110
121
11101111111101101110111111111111111110101111101111101111010
34
1111011111111101111111111111101111011111111101011111111111
69
111011111111001101111001111011110111111101111111111111111111
99
101111011111101001101110111111111011011111111010110111111111
134
10111101111111111010111111111111101010111111101111111110110
93
111111011100100111111101111010111011111001110011111111101100
173
11100101101110011111111111111101111111111111010011111110101
136
111111111111111111111011001111101111111110010111111101101110
54
101001111011011111011100011001111111111111111011101110111111
100
101101101101110111100111111110111110111011101111111011011111
84
111111111111011011111111110011111111001001111110111111110101
55
11111111011111110001000011111101110111100111111111011111111
25
111101110111111111101011111111111111101111101111111110111101
59
111001001111111111110001111001011111111111111011110111100011
189
111111010111100111111101111101111111011000101101110011010110
181
1111111101101110111101111110111100111101011111111111111110
120
111011110111111111111010111111111111110100111101011110111111
132
101111111101001111100111111011011110101111111010111111111100
112
110101101011110111011000101110111111110111011110111111111111
10
111011011001111111111101111111111111111101111101101101011111
87
11111011111010001111011011101011111011101111101111110011011
80
111110110111101111111011111111111101111111111111111100111110
58
111111110111010101111101100111101011100111111111011111110101
177
111111111111011111111110001111111111111011111101001111110111
21
111110111011111110111110111111101110111110111111101110111101
105
111111111111110110011101111100011111110010100111100111100100
136
111111111101101111111011111111111110010111111111011111100101
97
100101111011011101001111110111111111011001110101111110110100
172
110111111110100110011111111111111111011011101111011110111111
169
111011110111111111111111010110111101111010101111111111110011
121
111011111111111100111111111110110011101011111111010111111111
164
111111111111111111111111111101111001111010111101111011111010
8
11111110011111111111111111011101111111110111111011111011111
10
11101111111111111110111111111101101111111111111111101110011
61
11011111011111101111111111111101110111011111110111011001100
139
111101111111111110111111011111111111111111111111111110011010
122
111111111111111111100010111101100111111100101011101011101111
188
111111111011111011100111101001111111111101111111111111100111
171
111010111110111111101111101101110111110101111111110111101011
16
101101101110111010111111111111111101111011111011111111010111
135
101111111111111011011111111111111110111011111111111110101011
175
110101111011111111111001111111000111011010100011111111111111
96
10111001101111011001010101111111111011111011111111101111111
120
111001111101100101111101111111111011110011011111101111111111
40
111101110101111111111110111111110111001011110110011111101111
155
111111111001111111111101110110011111111101110100111110111100
78
110101010101110110101111111011110101111011111111111100111011
151
111110100111011101111111110001100110010100101111111101110110
137
111110110110111111100101011011111111101001100111001110111111
156
111011111111101111111001111011111011111110111110111111101111
131
11101001111011011111111111011011111010111011111111111111111
92
111111111111010111110001110111111111101010111100101100001110
44
110111111111011110101111100111111111111101111101111100111101
128
111011110011011111001110111101101000111111111111111101111110
35
111111110111100111111111111111110011111101111111111101111111
183
111110111111011101011011111111000011011111111101111101011111
144
111111110100011111110111011111010101111110111111110111100111
32
111101111111010111111110111111111111111110011111111111111011
7
11111111110111111101111100100011111111111111111011111011110
133
110111111111110111111101111011011011111111101111111011100011
117
111111111101111111111111101101111101100111111011101101111111
186
111001100101111111111011111111101011101011111111111110111011
52
11110111111011111110101010111110011011110111111110000111111
102
101101101111111111111111011110111111111111111111111010111111
114
111111111111111101111111111111111111111111111111011111110100
16
111111010101111101010101111111111111101111101111111101101100
169
110111110111011011111011111101011111011101111111111101111001
93
111111111110111111111110100111110111111101111110111111011111
27
101101111101111111111011111110001111111111010111111111011101
58
110110111011111101101111111110111111101111011011011111111110
163
11111111111111111111111111110111110101111010110110111111111
65
111110111111111110111111110110111011101110110111000111011110
109
111111011110111111011011111111011111110111111100111111111111
14
110111011111111011111111111011100011111111111111111111111001
185
111111110111111111001111110001111111111101111111111101111111
122
110111111111111011111111101110111100111110111100010111111010
42
111111111111111011110100110111100111101101100111010101111111
108
11111101111111111110111111010111001111101111111111111001111
146
111111000111011111010011011111111011110111110111011110010110
12
110111011111111111111101101111011111111111111110101111111110
69
111110111111101111111011001011111111101111111111111011111011
48
111111111111110101111111111111110111111101011001111110011111
194
11100111001111001110111100101111110111111110111111111111111
175
111101110111000100011110011100110111110111111111101010110111
104
10111111111011011111111011111111111011111110110111111001010
50
1111101001101111101111101111111111110111111011011110001011
68
11101101111011111001111110111111110010011001110101111111111
69
101101101111111110110101111111101111110110111111010111111110
81
110011111011111111111011111011111101111001111010111011111
67
111111010110111010011101101111111101111101000111011101101111
54
111111101111111110111111010111011011111011111011111110110101
175
101111111011001111101111110111111101101011011011010001111011
49
101111011111111011111111111111111111111111101111111111111111
55
111111001101111111101111111101111011101111101011111110111111
147
111011001111001101111010001111011111111111111110111110111111
108
100111011111111110101111111011011011110101111111110111111011
167
1111100100110001111111111111101111111111111011110011111111
99
111110011110111111110001110011111011101000101111001101101011
106
111111101111100011001111111111111111101111111111110111100010
62
111110101111111010011111000111111111110111011100001110111011
64
101001011111011111011111110101010111111101110111101110111010
90
10000110101111101111101111111111111110101011110100101001011
99
110101011111111110111011111101111011101111111011010111111001
72
110111111111111111111111111110010111111111001111111111000111
46
11111111110011110111111110111111111111111111111110111111111
68
111111001110111111111101111111101011111110111111010111101001
177
100111111111110110111101101110111111111010111010111010001011
21
111111110111000111111111111101100001111101111110011111111111
12
111111100111110110011111111111110011010111111111101110001111
169
111111110111110111111011111111111001110111101111011111001111
108
111011101111111101111010101111111011111011111111111110100110
90
11110111011110110110111111111111000110111011100111111111111
170
101101011011111101111111110111111101101101111100111101111000
98
110111111001100111111111011111101111111101111111011010111011
2
111110111111111111111101101010110111100111110110111110111110
30
101011111111111111001110110111110001111001011111111110101101
24
1011101101101111111111011110111111101111111111111111011111
42
111110010001110110100111111101101111111111110111111110111001
117
111011011011101101111110111111111011111111111111001110010111
128
111101011111101111111001111111111011111111111111100111001111
84
111111100101101011111110111110011111111111011011111111101101
17
111101101011111101110101100111011110100110101111111111111111
18
110011111011111111111101111111111111111110101111111010011011
51
111111101111011111101110110101001111011111011111111011110110
186
111110111101101111010101111001111111101111110110110010101111
25
101001111011010101101110111111011001101011111111011111110111
161
111111111111111111110111011110001111110111111001001111111011
192
111111111111110011110111111111100101111101111101110100101001
115
11100111101110101111111011010111010100111111111111011111011
51
111111111101110010101110111111010011111111111111111011111111
146
111111111101110111101110111011101011101111111111111111111111
154
111111011111111011111011101111111100111011111111101111111110
63
111111110111101100101111111011101111111111101011111001011111
111
101101111111111011111100111111111111111110101011011101111101
56
101111111001111111001111010011111101111111111111011111010011
58
11110011110111110111111011111011111110111111001111111111011
122
110111011101111111111111111111010111111110111000110111110111
182
101111111111111101111111111100111111101101011110111111111111
49
100110111101111011101101111111001001101111011111111101000111
15
10111111111111010001011100111001111110111111111111111111101
92
101110111111100010111011110111111101111111000110010011111011
116
101111111100111110111111100101110100111111101111101111101101
148
111110100001111010111111011111101110011111111101111110111001
63
111111111101110111111011101101111111011111111111011111111111
195
111111110111111111100101110111111111101101101110101111010001
73
101011111110101011101110111110011111111111111111111111111001
122
111111101110111111110100011110111101110111111101100111111111
185
111110011110111111111100101010111110101111111110111101111111
12
111111111110111111100111111110101110111011011010110011110111
38
110111111011111101011111111111111100011111111101101111110110
150
111111011101111011110011111010011111011011011111111111101111
88
111101111111111110111101111111010111001101111101111111110101
196
111111111101111101111110001101111101000100111110111111111111
129
100010101111111101101111111111111111101101101111111111101111
110
111001001111110011000101010101110111000111111111111111111111
97
10111111111101010111111101101110111101101011111111100001011
138
11111101011011011011110000111100111111111011111111101101111
21
100111111111101110011101011111111111111011111110011111111111
113
111100111011111111101111101111111111111111111111111101011111
95
111101000011101100110111111011011100111111111111111001101111
191
111011101110111111011111111110001111100111110111011111001111
140
10111101001111111110111111101011011101100111111111110111101
111
1011111010011111100101111110100111101101110100111011110101
192
101111010101101110001111010011110111111111011011001100001110
119
111111001111111110111110110111101111111111111111101111111011
26
111110111100111101101111101110111011111011110101101110110111
103
11011111010101111111111101111111100100011011010111111011111
11
110110111011110111111111101000101110111101111111101011111111
143
111110111101111101111110111011100101111110110011111010110111
183
111111111010111111101101100111101111011111111111111111101111
197
11111011001111111111111110110111110011011111111111011111111
197
111111110011111001110110111101100111111101110111111100111111
34
111111111111111010111011101111010100111111111111001110111110
119
111010110101111011111011111111111110111111011111001000110111
77
101111110101101101111111111101101101111111111011101001110010
124
1111011110101111101111111111111100101011011110110111101110
141
111111111011101011111101111110111110011101111111111111111111
84
11110110111011011111001111111100111010100111011111111011101
194
111011111111111010111111101011111111111111110110001100110001
158
11110111111111110111111011110011111100101011001110101001010
140
111110111111111110010101001110110111011111101101111111011111
98
111100101011111110111101110011110111110101111101111111011101
75
11111111111101011101111111111111111111111011111111111111011
187
110101111111111111111111000101100011111110011111100100110010
141
110111111111111101111111111010111111101111101101011111011101
108
111001110111111100111111010011110101111011110101110011111111
150
111111111111101111101111111011111111111111111111111011111111
112
101111011100111101111111111111110011011111111111101001110110
64
101110111111110111111111111110111111111111111111101111110111
75
111111101111110111110111111101111111111010111010111100111011
65
11110111111111011111011111011111011111011111110111101111111
69
111111100111011011011111111111111110110111111111111011111111
55
1111111101111011111111001111111011111111111111111111101011
61
111011111111000110000111111101010011111011010111110011111111
98
111111110110111111111111111111111111111111101111111011110110
92
101111011111011111111011101100010111011001100111111011101101
140
110111111110010011011111111110111111101010100101111111101101
79
110111110111111111010111101111011111111101111101101011101111
27
111110010011111101111111111000101110111101110001111111111111
190
11011101111001101101011101111111111111100111111011111111111
89
111011101000111100111110111111011111111111101111111111011111
39
101111001101011111010111110101110101101010111111101011101111
54
10000111111111101110101111011110111011111111001110101111011
163
101110111101111101101110111011111011011101111101100011001011
193
111011011101111110111101101110011110011011111101101111111111
129
110000110111101111111111010111111111111100111111100111111011
188
111101011111110101101110101111110110111111111111101001111111
80
111111100111100111111111011111010101111101011110011110101111
67
11110111111101111110110111111111111111111110111111100111111
103
111111101111111011111111111111111101001111111111111010110110
83
101011111100001111110001111101101111111111110001101111000111
175
111111111011110110111111101011011111101010011111101111111111
42
101111111111111011011111100111111111111101101100011010111011
136
111011111111111111111111111101101110111101111101111111101111
97
11011111110111111110101111111011001111111101101110111111101
22
101111101111111111110101111110101111110101111111111111111111
132
111011111111101110110111111111111111001111110111011101010101
39
11100110101111111111111111111011111111111110011111111011011
12
11111011101111111111111111111111111111110110011010111111111
75
111101111111111110001111101110111111111111111111111111110111
19
111001111111111111010111111101110111100111111011011111111101
82
111011101101011110111111111111011101101111010111111010111111
86
110111110011111111111111110111010110110111011111101110111100
149
111110111101101011111111111101111111011111100111111001111111
155
101111111111111110111011111011101011111011111100111011101011
77
10111111000111111010111010011111000011111110111111111010111
88
111011011111110111111111111111111111110111111111110011101001
155
111110111010111111101111110101111111111001111110101001110101
190
11110010110111111111111111001111111110111111101111111101100
170
110101111110110111111011111111010101111111110011111111111101
59
111111110011111101111111001111111111101111101001111011111111
18
111101111110111011111110110111111111011111111010111011111111
18
111111111101011111111111101111111111000111001110011101111010
119
101101111011011110111111100111010110101111111011101110110111
130
111111111110111101010111001110111110001110110111101110111111
90
110101110111011110110011101110111111011110100111111111111101
163
111111110101111111101011010111111011110111011011110101101111
106
101101011110110111110011101001011011100110110110011111111110
46
11110110100111111111111111011001111100110111001111011111001
115
111111111111111111011101111100111011111111111111110110111111
44
111011101001111110111000011101011011111111110110111100101100
48
111111111111111111111110111010111101001111111110111111110110
57
100111111111111111111111100111110111111111011111111110011111
120
110111111111011101110011101110011111100111111111110100111111
102
110111011111110111111111111110111011111110111111100111111111
92
111100110111111111110000111101111100110111010111111101111111
31
11111011101000111111011111111101011111111110111111101011110
47
101111111111110111111110111100111111111001110110111101110011
171
111111111111011110111111011111111101111101111000011111010011
81
110111110111010011111111110111111111011011111111111011111111
111
111111111100011111111111111111001001110001111101111111111111
120
111101111111101111101101110100011011011111111111111110111111
72
111111101111110111110010101111110110101111111111011101011110
124
110100111111011111111111111111111101111110111101101101110111
157
111001111010111111011101011111001011011011111111001101111111
15
11111111111101101101110111111111111110011101111110011111110
111
111111111110011111111111101011011010111101110010111011111110
108
111101101011101101111110111010111101100111110100111001111111
166
111111111111111110111111111110111111111111101111101101011111
67
111101100101111111111011111111111111101110111001101101110101
53
10111011111111111010101011100110101101111111001011111011111
35
11111111111111111110101011001111111011111110111111111111111
58
111111111111111101100010111111011111101111111011111011011111
170
110110111001101101111011101111110011101111011110111111110110
133
111110111111101111111011011111111111111111111110101111101010
197
111110111111111101111011111011001111001111011111110111000110
63
101110011001011101111101110111111111101110001110011111111101
191
111111101111111111011011011111011011010111010111110111110111
117
111111011111101110000111101111110011111111011111111101101111
49
111111110011101111111111011011111111111110111011111011110110
187
10110111011111111111111111101111111111111111101110111111111
188
111010111011110010011101001111110111110110111101110110110011
129
11001111110111111111101110011111111110111111101011101011011
124
101101111111110111110111111101111111101111100101011011111111
92
10001111111111011001101011011000100101111110011010101011111
72
111111110111111011111111010111011010011011111111011111110011
161
111111111111100011010011111110101111111110111001111111101110
6
111011111111110111111111111111110111011111010011010011111110
92
111111111111111111011101001111111101111110011101111111111111
136
11010111011111011101011110101111000111110111011011110101111
183
11000111111111111111011111111111111011011101111011011111101
114
111101101111111011111001100110111110111011111111111100111111
129
110111101000110111111111111111111110101110111011111111111111
173
11111101011101111111111001010111111111110111101101111111011
158
111111111110101110111111111110111110111101110110111111110111
107
111011111111011111111111111001101111011111011111011011101111
111
111011001111111011111011011111111011111110111110111010111000
68
111001111111110010011001011001111000011111111110111111011111
33
111111101111111111110010010111000111111111111111111111110101
136
110100010110101111001111111011001111110111011110110100111001
90
111111111111111111111100101110111100011101111111011011110110
116
11110111010110011110111011111110110101100111111111010111101
18
110111011111011111011110111111111101111111111011011111111001
161
11111111001111110111010010111101111111100110010111110000101
187
111111111111011111111101110101110100011110111011110111110111
66
110111111111001100111111111111100101011110111110111111111111
181
111111111111110111110011111101111110111111111101111110111111
141
11111111011101011110110111111101110111111100011111111101011
80
111111110011111111101101111111101111111101101110111100111110
142
11011011111101010001101111111111111110111111111110011110
53
101101111010101111111111111110111011111010001011111101111111
2
111111111111111011111111100111110111111011111111111110111011
187
111111111111111011111101011111101011111111101101111110110
36
101111111111100111001011101110111011110111110101101101111111
115
110111011110101011001011110111111111101010101111011101111101
114
11111011111011111101111111111101101111111110111101111111011
84
111111111111111011111100101101111011110110011111101101101111
84
111111111011101111011101111101100111111101111010011111111111
46
111011011101101111111111110111101010111111110110100101111110
129
101101101111111111111101101111111111011110111110110111111111
79
111111111100111111111111111110101111100100111111011010001111
123
111100111111010111111111110111111111111111110110110110111111
97
110010100111111111101100111111111111010111111111110110111111
103
111110111001101011111110111011110110011111101111111111111101
20
111111111101110100111011111110101110111111111111111110011111
40
111101111111100111111011111001111111111111011011011111111110
176
111111011110001101010111001111011111111111111111001101011011
108
111011101100111111101011011111111101111111110111101101111110
8
111010011110111111111011110011110111001111101111111110111111
145
111101101101001111011111111111101111111001111010110111111011
143
111011111111111111110001011111111111111111101111010111011101
166
111101101111100110111111101101011101011111111111111101111100
60
110110111111111111101111110011110011111111110011111100111111
52
111111110100100101111110111111111110111111110111100111010111
186
10101001011111101101011111111111011101111110111001111101111
42
110111110011111100011010111111111111100010111111011111111111
104
11101011101111011011111111011111111111101111111111111111111
198
10111111111101111000111111011111110111111111011100001111011
199
11111111101110110111101001111111111101110111101111111001111
31
111111111011111111110001110111111111110011011101110111111110
139
111101011111111111110011111101110111111111111011111111111111
82
101111111111111111001111101011110110111110100111111111011110
54
101011101111101111111111111111001101100111111111111111011101
44
111101100101101111111111110101011111111100111111111111111011
6
101111111111101111101011011111011011111111111111110111111001
16
101111101111111111011010111101111100010110111111101101111111
113
101101111110111111101111101110111100111011111101111111001100
195
111111111111000111111011111011111111001111010011100111111101
157
110111110111010111111001011011111101111010100010111110111010
76
111111011111111111110111111001111111100111101111101111111111
109
111111111111111001011111110111111110111111011010100111111011
48
111111111111010011101111111111111111011001111111011011101111
164
111111111111101011110101110101101111111110101011011111110111
104
111111011111111110100111101111111111101011111111111110111010
192
101111010111111110111111101001111110111101111111111111111111
120
101111111110101111110101001111111110111110110111110100111111
70
100110010111011111111011111111110111110110111111100001101111
18
111101101111101111000111101111111111111111111111111101111111
140
101011111111110111010110001011110111011111111111101111100111
120
11100111111110101010110111111110111011110111111111101111101
188
111111100100111111101110111101111011101011111000111010111111
177
111111111110110011111111111011001111111111111111111111111110
122
111111111111111110101110101111000111111111101101111111111101
100
111111111011001100110011111111001100110011111111111110101110
134
111111111111110110111100111111111111001101111011101111110101
182
111111111011111111111100111101111111110110011101111011111111
130
11110011111111101111111011111011111011111001111101010011111
148
111111111111110101111110111111101111111111000111011111110110
73
111111111111011111111111101111001111111011000111111111000111
196
101101111111111011000111100111011011011111111111111111001111
69
111101100011111111111111101111101111111011011111011110111011
62
111111111110111111010111110111111111110011011111011111111111
119
110101111111101110101101011011111111011100111111110110011011
122
111111101111101111101111111111111011110111011111111111011101
12
111011101000010111111011000111001111100111001111111111111110
133
101011111001010101101111111011111111110101111110111101110111
166
111111101001111111111111110111011011111111001111011101111111
68
110011111101111111011111110110011111101111111101110111110011
136
111111111111101101010111111111111011111111111001111101011111
78
111110011101110111111101001111011110111101111111111111111111
73
111111110001111011011110110110101111111111111111110111111101
87
111111010011111101001111111010101011101111111111011101111101
23
111011111001110111011111111111101011111111111000110101110111
18
111111111011101101111111111111010111100110110111111111111010
96
111111011101111011111101111111111111101111111111111001011011
106
111100010111111110011111100111111011011110110101111110111101
29
111111101111111111110101111011111111100111110011101111111111
107
111111111101111101110111111101111110111101111111111110010100
103
11111111111010111111111011111111111111110111101011110101110
81
111110111111111100011111000011111111100011111111011111101
13
111101001111101011111111110111111011011011010111110111111111
91
111110111111111110111111010111110111111111111101110110111101
83
111110000110111111111111111110111100110111111011110001101011
49
101111110111111111101011110111111010110010111111111010111111
158
111101111111111111111011110011101111111101001111111111011111
169
111111110011111111111111011111111101111111011111101111101010
84
111110111111101111101111110111111111111111011101111001111011
43
111101111110101101111111111111101101110111011011111101100111
168
110110011111111101111111111100110111100100110111111001110111
126
11111111111011111011111110111110111111111101111110100110101
188
10001111111111111011010011111111011101011111111111110111011
123
111101110110111111110011111101101111101110011011010001110111
133
101111111110011111011111111011111111111111110111011110101110
103
111111111111111110111011111111111011111111111111101111111
67
11001011101111111101111111111011111111101111111111100101
95
111110101111111111001110111001111101111111111111111101111111
15
111010111111111111111111111111110100110110101010111011111111
44
111111101111111011111011101001111111010111111110101011101111
114
111111111110011011111111110111101101011111011101010111100111
111
111111111111111110111101101111110111101111110110000111101111
117
111111111111111110111010111011110111101111110010100011111101
54
101111110110111111101111111111110111111111111110011111111111
94
101111111110111111111111111111111111111110111101111111111111
196
111101111011111111111011011010101001110110111011110011111011
65
110111111111111111111111111110011110111110111111111111101111
15
111011111111101111011111011111111111010100111111111011101110
199
11111100111101110111111011011111111101011111110111111111110
6
101111111111111011111000111111111111011011111111111011111100
78
111111110011011111101101111111111011111011111011110010111111
77
111011110100110011111110111011110100111111110101111101011111
143
111011101101110001101111101111111111111101111111111111110011
48
111001111111110111111101111111111111110011111101101111111111
86
111111111001000111101111111000101110111111100111111111111101
141
111110111111111111011111101111111011011111101100111110110111
192
110110111111111110111111101101011111011111111111111111110111
145
1100101111000111010111111110111111111010111111111000111111
26
11101111111111111111111111111110111110111111011111100011011
1
111111111101011111111101111010011101101111110011111100111111
94
101110111111111111001111011101111111111111010111111111111110
36
111101110010101111111111111101111111111101111110100111111101
145
101101111110111111111100111111110110111111011111110111111110
71
100111110111101101101110001111111101111100101010111110111111
70
111111110111111010111111111011100011111111011111111111110110
25
111110011101111110111111101101101011110001111111110111001101
200
111101111111111101111101111101101010110110111111001111111111
137
111111110001101111111100011111111011111111101110111110111111
66
10100111111101010001101101101111010010010111010101111111101
14
110111111111100111110101111111101111111111011111111111011111
126
111110110101110101111111000111011111111111111100111111111111
58
111111111110101111111011111111110111010111111011100111111110
172
111100111100111001111111111111111111000111010111101110010111
198
111111111111111111111111111110111110111111101111111111111101
2
111110111101111110001011101101111011110100111111011110111001
24
111011110111011111101100110111011000110111111111111111111111
41
111110111101111110111111101110111110111110011110011111111101
68
110110110001100100101010101110111011101111110111011011111111
105
111110111110111111110101111111110110111010111111110111110111
125
111011101010111100001111111111011101111111011011111111001111
1
111101111110101111111101111011101111111111111100111100111111
152
101111111111000101111111111110001010110001110111111111011101
90
111011010111111011111111011011111111111110111111111111001101
138
101101111111011111111111000111111111100011111111111111111110
190
1011110111111001111111011111111101011010101011111111011111
129
111101111111010111100111101111100111111100010111010100110111
103
101111111110111101101111000001111111111010110111110110111011
152
11011101111111111111001011111111111100111111011011011111110
159
11111111001101111110011111111111011111111111110111011110111
58
111111011111101111111111110010111110111110011111110010101111
166
111110111011111110111001011001111111110111111111111010111111
179
111011111101101100111000110101111110101111100111111101111111
81
11111111101101111011111010111101110111101110100110011011111
52
100111110111110111011111101011110111011111111011101111111111
9
110010111110111111011111100011111111110110101111011011011011
140
111011110110110010111110111111011111011111100000011111101111
121
101101001111111110111101101111000010110111111111110111111011
34
101010111111011101111111111110110111111111101111111011011111
71
111111110010111101101111101111111110101111101110111001000111
135
11101111111101111111101111111111111111111110111110101011111
48
11011111111111011111110011101100010100101111111111111010001
165
111111110111111001101011111111111010011101010111111101101111
128
101111000110011110111110111111110110111111111011111110111101
85
11111111111111111111011110011111111111110111111011110111101
182
111111111001111111111101101110111111101011111111011110111111
3
11111111111011111011011111100111111100111011111111011111111
49
10101101111001111101011111100110111111110111111011011110110
68
11110101011111111111111011111111101111111011110111101111011
174
111101110111111111110111111111011110111101111111111011111111
121
101111111101111101111110011111111111111100100011110100111101
70
111111111101001111111001111001101111111111111010001101011111
173
101111111111111111111111111111111111111010011001101111111111
168
110111111111111011111110111011111011111111101011110101101100
89
110110101111111111111111101110010111101111011001011111111011
138
10111110111111101101111111111011111101111111101111000111111
124
111111011101111111101100101101101111110101111111111011110110
155
111110101101011011001011111110111110011111110010011111111101
172
111111110111111101111111010011111111011111111111110111111101
67
101111111111011111111111010101111011011111101111111010111111
189
110010100111011011111101011111111011111010111111111111011111
199
111101101111110110110111110111111101111011101111111101111110
65
11110110111001111001111111010111111111111110011111011011110
115
110111111110111000111100101101111101111101110111111001111111
75
101111101111001101011101101111101111110101001101101101111010
14
111111111111010111101110111101111111111011111111111011010110
199
111110111011110100110011111101111111011100010011111001111011
156
110101111111010111011110101111010011011111010111111101111100
64
110101111111101111010111110110111111110111111101011111111111
108
1111100110111111111111110111111111110111111111111111101111
121
111111000111101111111110011111101101010101110111110111111111
159
111111010101101111001111011101110111111111110111011111111011
54
101111001001111111111111101111111100101110101110111110111101
168
111111101101100111111011111111011110011011111110111100011111
186
111101111111111110111011111111101101011111111100001111100111
186
111111111111111110101101111100001011111111101100111011111111
184
101000111111111011100011000100110101111111111111111011111101
132
11111111111111101101111001100100000111101110011011111011101
72
111111111010011101011011111101111110111011111111111011111111
191
100011010111111111101110011111100011110001111110100101110111
150
111110111111111011011111111111111110110101110100110011111111
49
100111101111111111010111111111111111001111111111010111011110
172
11110111111111100111111111001110101011011111111011010110110
118
110111001111111111011011110111111011110111011111111101101111
44
111110111111111011110011110111111111101111111111010111111111
122
111111011111101111111011011111011011011101001101011011111001
157
101010111011111111100111111110111110111111010011111111101100
119
111111111110111110110110101110101111100111101111111110110111
47
111011110101111100111001111100111111110111111111111011111101
165
111110111111111111110110111111111011110101011100111101111111
100
111111111100111100111111011111111111101111111001111111111111
130
111100010111101111001111111101111101101111111111111110111000
181
111111111111101011111111100101111110010011111000011011010111
47
1011110111011110111111111111111111111011111101011111111111
117
111001011111001111101111111111101101111111011000111011110011
169
111111111111011001111111111111010110011011111111001111111111
105
110111111101111111111101111001010011011101100101001111111011
84
11100111101101011111111111101110101001101111000110110111101
171
111111011010111111111111011100111111001001011111101111101111
182
111101111101011111011110011111111111101111001111111101111111
96
111111111110111111110110111011010001001111110011111111111111
156
110101011110011111111111011111111110111111011110111111111111
124
110110111111010101111110111111111111100111111001111111110111
19
111101110001011111111111101101001111011000111001101111111111
45
110110101110000110110011111111011111101101111111111111111111
146
111111111111111111101111110101011111111111110110111111111111
11
110011111111110111111111111111111111111010111011011110111111
67
111111111111110011111011111110110011111010111111111111111111
195
111111111111011011111111111100011011110011101111111010010111
88
101001111000011101111110011111110111111010101111110011011111
75
101101011111110011111110011101110101110111010111111111101111
52
101011111111111111111011111111111111101101111111101011111101
136
111010011111011111110111111011110011111111111111111111011111
144
100111111001101010111111101111111111010011111011111110011110
85
111101111111100101110011101101100011111110110111111111111011
157
111111011101110111111111011111110101111101100111011111100101
137
111101100101111110011110111111101111111111011101111111111011
138
110010101101101001101101110111111101111111011101001111111101
54
101011111111111011111111110111111111011110001111101101111111
138
110110101111110111111111011101111111110111111111111011111111
130
101010011110111111011010111111111110111011111110111111111111
164
111111111011111011111111101111000111111111111110100001111011
1
111111111111101111111111001111111111100111111111111110111111
41
111011111101111011010111011111101010101011101011101000111101
193
11101111101111011111111101111111111110111111110111111011101
109
101111111100011111101010101111111111111101011111011101101111
139
111111110111110111000011111110010111111001101101110101111111
163
11100111111110111111111111111111111111011000111111011111111
25
101111111110111101111011110110100111110101111010111110111111
106
111110111111111111111111111111111101001100110111111011111111
166
101111111111110111101111011101010101111101011100111111111111
132
1101111111101011111110111110111101110111111011010111111101
101
111110011111111100111110111111111111111111101111111111111101
106
1001111111011001111011011111110111111111111001110111011
26
111110110111011110100110111111011111111111110111111111101101
62
111101111111111011111111101110111110111011010011101111111011
124
11000011111111110111111111111101110111111111011011011110111
51
101001101111111110111111111111011111111111111111111110111011
125
111110111111111111011111110101101010111111111111011110111111
15
110110011111111110101111111111111101110110111111101111111001
180
100110111011101011010100101011111111111110110000011011111111
132
111111101111010111000011101110111001111111001110101111101110
105
111110101111111100111111101111111111111111010110111110111111
1
111011111010110111111101111001100110111010101101111011111111
97
111111111111111101111101111111111011111111111111111110001111
77
111111111100111110111111101111101100110111101111101101111111
171
