60 900
10110010000000000010001011101000010001010000010101
101
100001001000000000000010011000001010000110010001000010
106
10000001100000010011100101000101111001100101000000010000
111
1000000100010010000101100010011010101000010000000001110101
130
1011010101001000010000000000111111000000010000100011000010
97
1100000001110010000000011010110000110110101100100000100001
117
100110000111100100100100001000001010000010101000000100000001
131
10000011010011001001001000000001001100010000101010001001111
23
101010100000100001100001100100000001001100000000000000001100
69
100000100001000000010100001100001000001000010001001000001011
7
1000000010000001000000000100001000000000110000000001100101
164
11000001100000000001101101010010010010001000001011001010
157
10101111000011001000001110000100011000000010000000010000
88
110101100110001010111100000001111010000000000000100000011010
71
10101101000011100111101001000000010000010010000000001010101
196
110100100000101000000110000000000010100100101010010010
91
10010011001110001110000000000000000111010000001000011010000
135
10100100100000010000100010000000000000001001011
162
100000000000000010011101001000000000111100001001010100010000
17
10001100100000101010100100110000010011101010110101
125
100000010001100010100000000000000100010000011000000100010011
33
1000111010000011101010110011000000010001100000000110101001
3
10111000100000010101000000100000110011000000000000100010100
124
1110010000000000010111101100000000010100110100010100011000
187
11110011100010000000000000100100010100010101100000000000100
197
110010101010100010000010000100110010011000100000101011000
186
111100001000000001000111000000001001010001000000100000001010
8
10001000000011110110000010001000010000100100001001001001000
66
110101010000000000010001110000001010111000000000110000000011
74
100000101001000011001100100000100001000010010000000010010010
42
1100110000010000100100000110011100000001100000000010101000
192
100100000000000110101100110110000001000100101001000101
122
10010110010000000001010000000000100000000000000100000011010
97
1110001001000000001000010000000001100000111010100001
29
1001000000000001010001111101101101100001100000001010100000
180
100000000010000001110111000101001010110110100110101100010
88
11001101100010100010000011110110100101010000000000000010101
167
100010000100000000000010110000110100010000000100010110000000
35
10000000011010100010000000101000011000010100001000101100110
42
10001000010001000000011101001000000010101000000000000110
177
10110000000100000000000110110010000101000100010001011000100
98
110000001010000001101100100000000100001001001111000000010
158
10101010110000000001000001010111000001010100
43
110000000010101101010100000100000011000000000000100100100000
138
1001110001010000010010010010001110000010110000101000111
37
101010110110101010001001000001000110111000000100110000000000
193
101000001000100011010101100001100000000000110000100
137
11001001001000011000000101011000001011100000000001000001001
155
11000001011000000110010001000000100101000011101101000001000
59
1101010000000011000010000001001100010100000100100100000101
158
100001111010010101001010000010010011010001010001010000000010
138
100001011100000010001100010011000110100010000000000000010000
154
100000100111101010001010010101010001010111000000000001010001
140
101000000100000010000000111000010001010100010001100000000000
54
1010000101000110011000000000000000000110010001000111100110
135
110000010000100101111000100000110010010100100100000010100
101
100000101001100000000001000000110000101101011
58
1000111000000000100000100000010110001111011010110000100110
148
11111100110010000000000010011010000110010000000111
27
1010000100000010000110100001101001001000100001001010101000
148
100100000100010000110100110111101000101110100010100000001010
162
10100000100010001000001010100100100100000000111010011
189
1100001000110100000110000000100011001010010010010000
104
100000010000100100001010000010110000000011001100000010000
76
100010001110000011010110000000011001010010001101000010001000
59
1100101001000100110001010100000110101000010001001000000000
136
110000000011001001100000000100000000000000010100011000110010
40
100010100000111000000000000100100001011010010000000000000
45
1000011000101000000101100011110100011001100011000100001001
17
100000011000100000000100001000111000000000100100000001000100
97
1000011010001101011001010000010000001101011000010000010
44
11110000010001100000100100000011010100101001101000000000000
119
1111000011101100010110000101011100000000010100001101000010
183
100101011000100000001100110100000001010011101001010000000100
117
100100000110000001100110011000010001001000000100000000001100
176
10000000010101000011000001110110001010000000010011000010000
176
11000001010000010000000100000011100000000000001001101011
37
1111000100011000000001100000000000000000011000000001101
155
10001000101010000111100001000000100100011000111100000110100
131
100001011000100010010010110000010000011000001000010100110
129
110010100000100100100100100100000000000001100101101111000000
1
110000001011001101101000010011000011110000101010000001001111
74
101000001000000010000100110001001001010000011010001100001101
93
100101100010000101110000100000000110001010010000000000011
91
11001100100001100000101000001010000000010001000110000000011
10
111010000000100100011000110010110000100100010001010000
38
100100000010000100101010000010000000110000000000000011011
118
100100100010100000000000101010000001101000010110010100001
140
10000100000001010000101001000000000100000100101001000110100
34
100001000110011111010010000100000000010000010111001100010110
174
110000001000010010000010000000010001101001001000001110
113
100100001001000101010010010000000010100011010101101100011000
117
111000101000001010001000000100110110101100001110001100010010
95
101010001100000001100010100100000000101010100000010011110110
98
10001000001010000000101100000110001000010000000110000000001
137
1000100000000010101001010011000100010000000001100000010101
146
11000100000101100000000010100100000100100100000000010011001
137
1011101101010001110000100001000000010000000000111000000000
123
110000001010101000001100100000001000110110001000010100010
95
100010000000011010100000111000000001100000000000110001000101
46
1000000101010110100001011010110000000000001110
81
100100000010000010100001000001000000000000101000000101010001
37
10111000000010110010000000101001000010011001000000000000000
118
11001011010000001000000000110100011100101100000100001000001
119
111000011100110000001000000100110010000000100100000000
46
10000100010011000001100011001000000010000001010000001100001
195
10000110001000010000001100000000000001010000001110001001
74
1000010000100100100001010101100001110110000001100001
13
1100001111010100100001000111100011110100010001001100001
188
111011010100010100010001000100011000000100101010010010000000
158
101010010010000101000001011101000100010010001110
119
110110000000010001000001100100010101000000001000010010100010
165
100000110010000001100010100000001000101000000000010000101
63
101001101000001000110010000010100010011001011000000100010
73
1010000001000000011111010001010100000110100001000101010101
99
1000000110001000100111000000010000100001010110100000000100
191
100100110011011110100010010101001010111010001000100100010
97
101010000101110000100000010011000011000100001000010
152
1100001010000000010110001010000000100100100100000110001010
60
110000001010000000000011100000110000000100000010000100100000
101
1000010010000001100001000001001000001000010110010100110011
99
100100001001000010001110100110010101000000100010000000101010
9
101001000011001000101000101001000000101100001010000000100000
52
11001000100110000101011000000100001011000010110011000000100
137
10100001000010111011100001001011000000000000001000010001101
15
1000010000000011000100110100100100000001000101101001001
117
1110100011001001010100100000100110000010000100011100000010
17
1010110000000000000110100000001010000000010000000
15
10101101000100000010110101000111100000110100000111000101000
116
1001100000110001010000000101010101011001000011011001011
110
100000100011000110101000110001011000001100000010010001110000
18
10010100010010100010010100000000100001000010001001000011000
147
10000000010000000010110101011100010001000000000000010000101
74
101111001000010000010110100011001101000001011110100100
29
101010010001000001010110110101010001011010010000100101001000
21
11000000011110000000001000000010000001010110001000110000110
146
110110000000111100000011010001000011001000101111000000000
54
111111000100100100011001001001011110100000001000000100110001
198
110100100010100101100111000000110010001010100000010000110000
128
10000010001100111001100011011000110000001000001100100010100
134
100101100001100111001000000000100100010001010100101101011
20
11010101000000100000010010101001100100010011000100000000
30
110000001000101111101000110000000000000010100011010110001000
80
10100100011000011111010000001000000110001110001001001100000
53
10000100001000100010100010000000100001000000000101001000000
12
101000111101010000001011001100011010000000001000000000000100
45
110010011000101000000000001100000010100000010011001010001100
102
1111110000100000000000110001100010000110010100010011000101
146
101000000111000000010000110100000100000001001000110101100011
26
101000000111000100000100010101000000011000000001100000000010
110
1001100100000000000100100100001100110000010000111000100000
102
1100001010111010000000000001000011011001101011010000010100
140
10000000010000101100001000000001100111110000001010001010010
192
1000000011000101110101001000001000100000010101010001000011
25
100000100010010110000000001000000000000000100010000000001
97
10010000110000101000001000110010100000001001100110000100000
22
100001011010000000011000100000000001010000100011101000000010
54
1000110101110000000000001001110010100000000100000000100100
73
1100000000101000110101010100000011000000000010000000000010
128
110101011000110100101110101000010000000001001000000000110001
131
110001100010110101010110001110000100101010101000010100100100
128
101000000000000000000000000010110000011001000100000000000000
197
111011001101101000011010000001000001100000010000100001001000
105
101100001100110000101000010010011110101000000100100000000000
56
11010101101000100010001001001000000011001000111110000010000
44
100110000000011100001010101000100100110001100010000000000010
199
100000011000010110001010001001010001010000001000010101100010
43
1000010000101000111110010000011000000010000011111010010000
103
110010000000101000010100001000011101101010110000000101100
103
11111101011010100111110010000101110111110100010011100000
70
101010010000000100100000010000101100011110000001000000000100
136
1000100100000100000000100111000110110000001100100000000000
174
10010010000010001100000001111010001000010011011001000001000
142
101010001001101001111000001000000000001100010000011000001100
56
110000001101001000000011100100001000100100000000010101100
56
10001000100000001000000000110000101100000000000000001010010
175
101000100001111010100010010000001010100100010001000000
104
110000000000000111111011110000000000111000010001101000100011
198
1000000000001000000000011000010010010001001000010000000000
61
100000010000010011001000001001001001101000010010011000000110
185
11000100101001010001010010011110001001100000010000
106
10110010100000001000000100111110000000100000010000100110111
109
100000100000011001110001000001100000000001001011001000000010
48
1110001100000000001000001000101111000100001000100001100
165
100100000000100100100011000000011001001001001100101101000000
134
10010000111010100001100010000101000100001100010000001000010
59
101001000000001010100001000010010010000010100001100001000101
26
11000110010000001011110001000000011001101100010011010000001
187
100101100101000110100010101000011110010001010100100000100101
46
1000000100000001100000100000010011000000000000110011001001
13
100001101000000001001001001000111101001001110010001010001
113
100001000000101101000110110011100010100101100100001100000100
41
1110100001110000000001000100001001000000011100010000001111
130
101101010010101000101000101010111010110100001000000000010010
33
10000110001000000000010011000100100010000001100000000110000
21
110010010010100000101010000000000011110010110010000000000000
115
111100000000100100100001101010001110110001000001110010010000
128
1000001111110011110000010011101100100100010010100
62
111011101010001000010000001000000110100011100001010000010100
143
1000010101000000110100000010000000000100000110010000000110
77
101000010000010001111000110100000000100100010110011100110000
25
11000100000010100100010000010001101001101010100000000100000
31
10000000010010000100101001000000110111001110000000010100000
93
101001110011110011010000000000011000100110100100000001001000
48
1000110100100101110011110011011001000110010011101010011000
106
111000000001010101010110100000000000101000000011111110100001
22
10000000010010001000100010000000000001000011010101010110001
157
10010100001100010010000000000000100100000001011010000001000
77
1000101110100000101101111001010100000110000010000000000100
62
100101100010100010001001001101001000101000000000010
196
1000100010110000010010000010001000000001010000000110110100
167
10001000100010001010001011010001010010000011000000
147
10000000101000001000101100000000000001001110100001000000110
44
11011111100000000101000100000100110000000100011000100
56
100000010010111000001010000000100000100111110000100000001001
104
11100010100000000000000000000000100001100011101000000000001
86
111000000011010010000100101001111101010001000101000011000100
123
100110100000001001011000000100110100100100010100010000100
56
100100011001000000000000100000000101001000101001101000101010
35
100100100001000110010010000000010001000100010100010000010
128
110100100000101001100010101010000011000101010010001010001
61
100100000000000001001000000010110100000001011100111110011
158
10100101011010010001101000000100000110000111110000000000000
140
100000000010001010001000001000001000000100010101101100110000
72
110010000000101000001110000110001100000000000000100010000
68
110000110010000100110000100010000100110000001010000000000000
101
10101100001010001000101001100010000010011001010011100111010
43
10000100001100000011000000001010000101010000100001000101000
112
10111010101001010101010000000101110010001001011100100110000
89
101001001000101010000111110100010000000000000010101100000001
10
11000011100000000000000101010100000100000001010001001010000
199
1000011100000000010100000101000100000100001000000011110011
77
10000000010000000000011000011000101001000111000011000010000
61
10100000000100001001100000000000100100010010000000001000111
167
11010000001000010011111001000011001010110011001100000
95
1010010001000100101010000000100000010010001000000100000001
156
101000000011000100000000011001000100001101001001001011000000
121
1110001000000100101111011000010001100000100100011000
34
11010001001001011000000000110010000110000010110000011
69
101000100010001001000000000010000110000100101010000100100101
99
101011000101000001000011001001000010001000000000111000110
134
10010100100000000000000100000100001000000011100101110110010
93
1000001100100110111101011000101000101001100000000001000100
173
10000001001010001100010010110001011011110001010001100010000
136
10000000010010010010001110000111100100010001000001000000
54
100000010010010011001100001000010000101100010001000000010010
100
101100100101110111100010101010100000111010100000100000011001
84
110001000000000010010100000001000000001001010110000101010100
55
101011100010000000001101101100000100011110101000000000
25
101100000101100010001011101001010101001001100001110110000100
59
100001001111010001000001101000010001001111000001000000100000
189
1000000011000110101001010000110001000000101000100000010010
181
1001001101000000010000010110011000110000000000000010010010
120
110001000100100000010010001101100100100000000001001110101010
132
101001101000000100100000001011000100011010000101111101000
112
100101000011010001000000101000111101100100000000100010001000
10
1000011000101001110101110000000001110000000001000000000011
87
1010111000001101001000000010001000000000100101010000010
80
11000100100001100001000010110010101110101000001011000010010
58
1000101000000110001100110001000000011010100010000000101
177
100101110001000100001010000000000100001010100100001110010011
21
10000001010000100000000100101100100100110000010000000011101
105
100010010100000001101010000000100110010000000100101100100
136
1111000000111100010011000011000010101010000011010100001
97
1000101100001101000000001100001000000010000
172
11110010000000000100100110110000000011000110001010011010
169
110000000000100001011001010100000000000010101010100110100010
121
100000101010000000010001101100100001000010001001000101100110
164
1100110100011011111000101101011000001000111100101000111000
8
1110100001001100001000010001100001010100011000001001010100
10
101100000011000010010001111000100101100111000101000010001
61
10000101011110001001101100100000010101001011000000010000100
139
1000001011100110000101011100001000001010110000001110000000
122
100001000010001000000010100000101101000000000000011000000
188
100000101010010001000100100001011001010000100000000010100101
171
1000000000000010000000010010000000000100110100101000
16
100001100110010000001110001000010101101010001010100001010001
135
100100010001001001010010001100100000010001011000101010100000
175
110101010001000010000000101000000010000010100000100100011001
96
101010000001010000001100001010000001101100001100000
120
110001000000000000100001010101010000100000011011000000010100
40
10000000000100010000000101010000000000010000010010000000000
155
1011011001011000011100000000000100000101010100010010000100
78
100000010100110100100001100010000001010001010001011100011011
151
10100000001001001000100000001000000000100001001000000000010
137
110100000010000100000000001110011000001000011000000010010
156
100000001100001011011001010010101000010110000000000101000101
131
100000100011011110110000000001010010000001001100011000100
92
100000010010000000000011001000000010000100000000001010
44
110011110001000100100000000001000100000110000010000011000
128
100010000000000001000110001001000000101100001101101000010110
35
11000000101000011000110001011100000011101000001100000101010
183
1000010100001100000001111110000000000000011100000000010110
144
110001000100001000000100000010000000100000101011010000100101
32
110100111010010001000000110100011000101000001101010100001011
7
10100011100100000100000000011010110100000000000001000
133
110100011111000011100000110001011010000101001101000001100000
117
100000001000000111101100000000000100101000001000000111011
186
100000100000010100001000100111101000100010000100001010110010
52
1110111101001000110000000100010011011000100101100000000001
102
100100000001100000110001010011011101110000011001000000111
114
111111100101100001000110010000111001010010100001000010110100
16
1010101110101010000000101101010001001000010110001100100
169
10100100000000010010011010001010000001001100111000001100000
93
100101000110000011000010000000000011010100000000000000001001
27
100001000100000000110000000001110100010100100000000000
58
10010001000000001100010100000001010100000000010000011000010
163
111000000101000110000000100001001010110010101101100
65
100000100110011010011000100010110010101000000000000000010010
109
1010010000110000010001111001010000111010000000101001000
14
10000001011000000001110000011000011101000110000011111110000
185
11011010011111000000111000000011001100000100011000101001100
122
100001000111000011011000000100011000000010110100010001110000
42
100000001000000000100000000000000101000000001000000001000
108
1010101011110100000100010000011000100001001100011001000100
146
100100000000001000000000010010000000100010100010000000000110
12
100100001010011000000000101111010101000010101010001000001000
69
10000000101100001001101100000001010000
48
1001000000000001100000000111000000000001000000100010000000
194
1001000110001100101001000001100000010001100000100
175
11000110001000100010010010000110000110100110110001000000110
104
10001111011000011100111000011000010011100000000111000000000
50
10100000001101000111001000001111000100100011000010001001
68
10000000101001111000000010000011000000000000000100111010001
69
101100000000010010000000101110000000100000100000010101001000
81
100000010011110010100001100010000100111000001010111000010
67
101000000000010000000001100100101100100100000000011100000000
54
1010101111100010110101010101010000100000100001100110010000
175
100001010001000100001100110100110001000000000001000001011001
49
11110101101100100010110100000100110001000101
55
101010001001100010100100010001000001000000000001001000101001
147
100000001001000101000000001000001111111001110010000100001001
108
110000000100100101000001000000001010101000100000100110010
167
1000000000001001111000010101000000000010010100000000011
99
100000010000001001010000000001010001101000101001001101000001
106
10000001000100000001100101000000100000001101001000010100010
62
110000001110010010001001000001100000100011011000000100000001
64
1000010000001001010000000010111101101000000000100010000
90
110100111101001000111000010101000101000110000000000000
99
100100001011111000000010100001110001101100001011000101010001
72
100000100110000110010000100010010001101100000101010000000100
46
110011100000000001101100010011001110000010100000000010001
68
1010001110101110110100011010100001010010000100010001100000
177
100010111100010000010000000010001010100000001010001010001000
21
100000010110000011111001101000000000001101000100011001011111
12
111000000010010110001000010101010010010011011011000000001001
169
1100000000100100010010101000000110000000101000000001010
108
11010000100100000000000101100110000001011111000010100000000
90
1000100000010000000000001011100000000001000100000111111000
170
101100011000010100001011010010100000000100111100000001000000
98
100010100000000010010001010000000010001000100000000000010001
2
10110101010000101101001000000000010000000000000000010000110
30
1000100000000110010010000110000000000010000001000
24
1001000110100000010001100000010001101000111000000
42
1110000000100010100100011000000001110100100101100100000000
117
100011000000001000000010101000110000101010001010001000010100
128
100000000101101110000000001101001000000000011000100010001111
84
10100000001000010011000110000000100100000010000010101001100
17
100100000000101100000000000000000000000100110000100010000
18
10011001011100001000100011001001111010110001000101000010001
51
100101001000100010010001000000010100010010110010000010
186
100000101100000000000100110000010000000000010000010000001100
25
100000011011000100001000001000000001001010001000010001100000
161
101010110101000010000000010000000010000010011000000000000010
192
10001100100000001010100100010000000010001000100100100101001
115
10000100001000000010011000000101010000000011101100000011011
51
1101100000000001000101010010011000110100010000000100100
146
10000101000010010100000001011100001001110101010101011101111
154
110100001111101010000010000101110100000001000011000010010010
63
100101000000100000000010000000000100000011101011010001011000
111
1000000000011100000000010000000011000100010101
56
100011100000000011001100010011000000000101100000000011000000
58
10010000000010000101111010000010000110000100001001101111000
122
100100000000100001101010101110010011011000100000000011010000
182
1110011000000000101010011100001000000001001000101010000110
49
11101100000001001111010000001100011000100000000000011
15
1100000100000000000100111000000000100010000100010100000
92
1110001000100010100000000100100101011100000010010001000010
116
1101000000010101000000101000000001111100110001000000000
148
111000000001000000000000000110000000001011111001010000101001
63
1110000100010010010100000000000000011100101001111000010
195
1100000001011010000000010100011101000101001000001101000000
73
1000001000000001001000010100001010000010000000000100010001
122
1111100010010000000100001000101000100001001000100101110001
185
1000000000101100101000100000111010001010010000100001000100
12
101000011000100100100001010010100110001001011010100000000000
38
10011011011100000000111010000000100011001001000100001100010
150
1100010001011001010010011010010110000000011000001100001000
88
11000011011001110100001000110000111000001000000001101000001
196
10011000100000010100000100011100000100100000111011100011
129
10101011110100101001100100101110000100001000110101100011
110
10000000001110000000100010000000100000110001001111000001100
97
10000100000000000000011000000000001100000001000101000000000
138
10000101011010011010010000011000101101000000000110001000010
21
101001100010001000010111101011001000110100010000101100
113
101000001010100110100110001100011100011000100100001101
95
110000000000001000100100001001010000000110110010110001000011
191
1010001111011001100110001110000100000000000011000100
140
10010000000001010000101110001001000000000001000011100110101
111
11010000000110100000101100000000001101000000000001000000
192
101000100100100000010010001100010110101000010000000000010
119
1000011010100010110110001000000001100110111000101101001
26
10000101000110001000110000100000010000000000100100100110100
103
10000100010000011010000101011101000000000010010101001011001
11
10110011000100010000100000000100001001110110001000000101
143
100000001100101001000000010001000100001110010001100010000100
183
10101000000111001000000000101010000111001000111001100001
197
10101010000000011011001000100010110010010100010010000101101
197
1101000011100000000000101001100010010000000101110000011111
34
100000100011010000011101010010100100011110010000010011010
119
10010000100011001100000001000010100001100000001001000110001
77
100001000101100000011101010001100001011100000000100000100000
124
10000000100000000000000010001100000010001010010100001100
141
100010101010000011000100000000100000011000001000000000000111
84
10010000110001000101000011001000001000100101011011000010000
194
100001011100111010101100001010000011110011100000000000100000
158
110111000110000111111011100010111100000010001000100001010
140
110010000000001100010001000110100010010001100000000111000101
98
110000100011100000111100100000010011000100010100000100000000
75
1011110011001010100001010100010010001010001010100100100010
187
100000100000000101010000000001000000000100000000000000010000
141
100111000101001010101010010000110000000000101000000011101
108
101000100100110000101100010001000000110001010100110010011000
150
110001111101000110100111101001110010001110011011000001001101
112
100110001100011001001000000100000001001000010000101000010100
64
10000010100100001110000100010110100000000110001000110001
75
1100101000000000100010000010000001000001000001100001000
65
1101010101001001000010010100011000110011101000000
69
110000000110001000000100011110010100000010011000000001000010
55
1011100100100000011001001110010000100000011011010011101000
61
100001001000000000000011010101010001111000000101000001010111
98
101000000100000100001010100100000100100000000010001011000000
92
100011001010111000000000000000101000000000000111000000001
140
100010001100010011010101110010010110000000000000111001101001
79
100100110110000001000100000000000010101000010101001000000100
27
100100010001001000010010000000000000000101000000100100100001
190
1001000000000100001001101100101010000000011001000001011000
89
1011100000111100010000000001011001001000000000010101010010
39
101011001001000110010101000000100001101010011111001000101110
54
10000011110001100000100000011100001010010110001010101011010
163
101100010001100001000100000010100000011001010000000011000001
193
10101001000101100100010001100000000011100001000000100
129
100000100001001100100000000001001010011100110100000100100010
188
10000000101110101000100100000100100100110011001100001011010
80
100011000000100100011000010000000100000001001110001000000000
67
100000110000100100110011101000011010001110010010100101101
103
101000011011000110101001001000001000010000000000000000
83
1010010100000010000000001000000000010001000000100010000100
175
100101110011000110000101000001000001000000011110000001001010
42
1000001010111000000111100010001000010000100100000000000001
136
110011100110101010101001000000100100001100000000010100000000
97
10111100100111110000011010010001001000100100100111001001
22
10001010101111100001110010100101100101000011001010000001
132
1100010001000100000011000001100000100000010000100000000
39
1000010001110110101001100100000000110010100000101100010010
12
1000000001100101000000110000101000010000100000000101101001
75
1010001000000000101100000000010101100010000110101000110
19
10001001001100000010000111100000100100001001000001000000101
82
1010101001000100000000101101011000001001000101101000001000
86
100010110011010010100001000000000010110111000011000000011000
149
11000011100001001101100110000001011011010100100001001000110
155
1010010011101100011001100010001011010011010100001001000011
77
110011000010010000011000000001000001000010000010000000010
88
11011000110011000010010100010100001000001010000100001
155
100001000010001000000100001000100001001110000100001000000
190
10000000100101100000001000000000111000111110000011110101000
170
10000001100100001110001010101000001111000010011101010001100
59
100110110000101100000000000000010000101010101000001011111000
18
10101110000000010001110000110001110001100101010000010101001
18
100101111001011100101000001101100000000000000100000000000000
119
100100000001000000101001100110000110100011101001100100110100
130
110000010000000000010000000100000000010000010101010010000
90
10100000001010000000000100010001010010010000010111000010000
163
11101000000110010101000010010001011100100011001000001000101
106
110110010010010000000000010000000000000000111101110
46
100010100010011011010110000000000000010101000100001010001
115
100111010000000001000000000011001111011100000000100011100
44
10000001000000000000000101000001100100010000001000000000
48
11000101001000000100000010011000000011101010010001110110
57
100111010001010000000100001010110001000000100110000011001
120
10000100000000000011001100000001000100011000100000001000
102
1010110011100000000000010010000000000110000010000001
92
1100000010000001100000110000001000100111000001110001100010
31
100000010100001001100000010011010010000101000000000
47
1010110110100100100100001000100100010000000100000100010010
171
1001111100000000001000000100000000110001000000000001000011
81
110100000011010000000010010000110101000011100000011010010110
111
11010111100001000001000111100000000010000111100111000000001
120
100000001111101000000100000000001000001010110110100000000010
72
11000000000110101110000100110100000101000000110000000000010
124
110000100001000011100000010100111000001010100000001000110011
157
110010011010000000010001000001010010000010000001001111
15
10101110000001000101100010001001000100010100001000000100100
111
10000100100010000010010010001001110010010001011100
108
100000001100101110100111010101001100100000000000000101111
166
11100101010001100001010010100000010000000101110001100001000
67
1010001000000101000010101110010000000100010001
53
110001110000100010100010000010000001100001001000000010110
35
10001010000010011010000011000010001010110000000110000000111
58
1011000001111000100010110111000010000100000011100010000010
170
10110000000001001110000100110010011101111000000110010110010
133
111000011100000000100000010101010010100100100000000001001000
197
10110001001100101000000000001000000001111001100100011000100
63
100000000000010101011001010101100000000010000000011001000101
191
111111000001101110010001000110010011000000010000010001010101
117
100001000100101000000010101000010001000100010010111001100001
49
10101010001101011010000011010000011010000011000101000010000
187
10000000000101010010110000000000000000010110000000000011100
188
100010101001000000000100000011010100110000000000000110110010
129
100000000011101100000001100010000000100001000000000001
124
1100110000010000000011101001011000000101100000010000100010
92
1100100100010000001011001000100000000010011000101000001
72
100011100001000000100000000001010010001010110001001001100010
161
100110100000011010001100110101000010000100001100010100100
6
110010001011000010111001001100000111000001010000000011110010
92
11010100000101110001100000110000001000010000101001100011111
136
100001010000100000010001010000100000001000000000000111
183
10000011011010111010000001000010001010001100110000000000001
114
10000100010100001000001000010011000010010100101000000111011
129
110011000000010000000110010001100110001100010011100000000111
173
10001001000101100110000000000100000000000100000001100001000
158
101010000000000000101111110100000000010100100000010100110011
107
1010000000011011010100011001101010011111001010011011100101
111
1100100001110000010110010010000110011010011000011000
68
1000001110010010001000000110000001001000000100111000100
33
101110001011110011100010000110000000100001000010000110110000
136
100010010100100000100001011001001010010000100000000100000
90
110000001001010111011100100010000000000001110000010001100100
116
10000000000000000010010000010010000000000100111100000000100
18
100111010100000010010000100000001000010010100000000110100001
161
1100100000001100000010010100001010111000000010010100000101
187
101010000001111001001000001010000011100111001000000010010
66
111010001000000100000101100100100001110010010000010011010
181
1000000101000000100001110100000010000011001000001010000100
141
10001000001010100100000000000000100011100000101101000011
80
100100000001010101000001001000001111100001001000001000100010
142
10000000000001010001001000010010101110110101001010000100
53
1000010001101101010000000000010010000000011011000001001
2
100101101110100001111000000010000000100010011100000000010011
187
1100010010011000000000000000000001000011001001010010010
36
1100010011000000000010100000011000100000000000100001001001
115
10110000000001000000000000111000010000000101010011001001001
114
11100000011011100000000000000100101101101000000000111111010
84
11010001000001011011100101000010000000000000110000000001110
84
100100000010101000011000010100000000101100000000000011000100
46
1010000000000101010000100001100000100011000000100000110010
129
1000000010000100100000000001100010011100011010100000110010
79
111000001000001001110101101100000000000000000110010010000111
123
100100001010000001000110000001110000000001010000000010010110
97
100100110100000000100100010000000101000100100010100010
103
100100111000000010100010000000000000001001000110010110010100
20
1100011100000000101001100100000000000001000001000100001000
40
10000001000000101101000000001010010101000010010010011101010
176
100100000010000001000000000001010001000001000010000101000000
108
110011100000100100001001001001010101001110100110000000110010
8
10000010100011001000000000011010100001100001010000000100100
145
100000100001111000100111111000100001000101010000010110000
143
11010000010001001100000001100011010110011101100000000001001
166
1010100000110000001001011000010010011001000000001100
60
100110000010000100000110010001110011011100100000000100000011
52
10110100000001110000110101000000100111000000000010000010
186
100000010000101001001000101001000101101000110000000100011
42
110101000000010100010000011000100000000010000111000101010001
104
10001001000100010001101010010000000100000010000100100100000
198
10111000000100000000111011010001010010000000000000001001000
199
10100111000000000110101000010010000000000001100000010000010
31
111000011000000010010000000001100000000000010101010110101110
139
110000010100111111010001000101000010010001100000100010010110
82
1001010110110000110100010000000000100000011101001000000
54
101001101000001001000001000001000010100000110010001000
44
100100001000010001011100101000010100000000001010011010000
6
1010000100000000000011010000111100100010100100000001
16
100100000011000010000101000010110000000000001000010
113
100111100010110100010000010010100001000000001101101000100
195
1101000000000000000001101011010100001000010000100001100000
157
10011000100000000000000011000110101101000000010000000000010
76
1010000010001100100101100000010010000000001110001100100000
109
101000001000001001000010100011100010101010000000000000010010
48
11010000111010010001111001000000000011000001111010001001010
164
11100110111000000000001010101001000010010001011000011000001
104
11010000010010110000011001000001001000000010000010100000010
192
111000000001000011010101001001100010101000000010010011101
120
100101100000001001100001001101100110010000010010010100100001
70
10000001001010000010010011000010110100010001000000001011
18
101001001000001001000110000011100111010101111011101101100111
140
100011100001110001010010001000110101000000000000000110000001
120
10000100010000000000010100100100111000000110100000001101000
188
100110100000111000101110100101100010000010000000100000010010
177
100001101010000010100101000010000000000011001011010001000000
122
1010000001101000000100000100000110101000000100001101011101
100
10010000001100010000010100000000000000101110001000100100
134
10110100110100010000110000100111001100100010100010000001
182
11100010000101110111100010100000111000000001100010010100101
130
1000000000000000000000001100011100001011001001000000011001
148
10100100010001000100100110101011101000000011001000100010
73
101001111001010000100000111100000000001000011000001
196
100000110011010000000100000110001001001010111000000001000101
69
110101100000110000101001100011000110111010000101000010100000
62
11001001100000100000001010100101100100001001000001010111100
119
110000110010101000001000000001111100001000000111010100011001
122
110000001110100000101000100001000010000100001010110110011001
12
11010100000000100010001000001000111000110001010011101000000
133
101011111001010000001000000010100100000000100000001000010000
166
110011010101000011011000000000000000001101001001
68
1000000100011011001000010010100101111001000100110110010
136
10111001011100000010001100001110010000010000000001000010001
78
10001001000000100101001010010010010100011110000000001100
73
10000100000001001001000010010001110011111100001000000000101
87
1010001010100001001101000100010000101001010000001010101
23
1000010001000101011011001001101010010100100000000100100000
18
110000100001000100000101000000010100000000000001000100100000
96
10000001010001011001001111100110000001110001100001001001
106
1000010010001100000000100000000001000010010001110110011101
29
11000000011100010000101011010000011000000010010101011000011
107
101001001001000000100001000000011010101100000000011100010000
103
11101000100010101000010000011000010100000000010000010
81
110010000000100000010010000000001010100001100001011011000
13
101000010100000011100010000110011000000000011110001001011
91
11100000011010110011011010010110100010010100100010010110100
83
11000000000001000010000010000000000000000010000000001101011
49
1101100101011010101001110000000000110000101001010000010101
158
110001110010101111011000010001001101001101000110110000011110
169
10100100010110010011010001101010011100001001101010
84
10010001101101010101000000110010010011101001000010000011010
43
111001100100001101100000000100100000000001001001001000100010
168
10000110000000010000011000100000000000100000000000010011
126
111000000010100000010100000000011000001001100000100000000
188
110001100000011000001010110010101000011010111010010011
123
110100100000101000000001101100001000101000001000000000100000
133
100101111010000100001010000010000110011000000001010000101000
103
101100001100000010100001001001110000111101100000101000100
67
1000000011110001111010110000100101001000110010000001
95
100010000100011000000000111000000000000000000110000000101110
15
11000000000100000011000110000000100010000100010010000100110
44
101001001000100001010000101000010100000010001010100000001001
114
1001110001000001011000000100000000010000000000101100001
111
11110010010001100100000000000000000000101010100000010101000
117
101000000110000100010010101010000101000110000000000010000000
54
10010100001011001000001101100100100000000010010001101011
94
11111100101011001100010000000000010000100000000000001001
196
1000000000110010001001000010100000100100110001100010011000
65
10000110011111010010101010000010010010110001010100000101010
15
10010000010000000000001100101010000000100000011100100
199
110000000101010111111000011100100101001110100001001100110
6
111001010110000111000001101000100011000000100000001000000
78
101010000001001001000100010101110011101011001000010000000100
77
1000000000000000101010000000010000000011010000110001001100
143
1010001100100000001010000000101101100001101000001011100000
48
111000010000100001000001010000101000000010010001000000001011
86
100011100001000100000000110000000000100010000000000001001000
141
1010100010001100001011000010101000011110100000000000100101
192
10000100010010100001000001100010010011000001001001000000000
145
111000010000100000100000011100010001101110000000101
26
10100001001010000000011100000100111000010000000010000000000
1
1110101000010011101000000001001100000000001000000010001
94
1000001000001100001110000001000100100110000010001100100000
36
10100100010000100001000001000001000111000101000000000101001
145
100010011001100000011101000100010011010000000000101010
71
101000101101000000011001001111000100010110000010100
70
111110000000000000101001000010000011001100001000110010010100
25
1000001100101111000100101011110001001010100011000100
200
110001110001000000010101100100101010000010110001000011110010
137
1010000001101001100000011011110001000010000010010100011010
66
100100001001000000000100101000000010010011010001000110101
14
10001010001000001110000111010100100000000001001110001001110
126
10010000000010001001000000010011000100010110000010111100001
58
110111001010001111111000101110100000010110000010000001101110
172
10100001100000001010000000000111000000100000100000100010010
198
101101010010101010001010011000110100000100000100010010000100
2
100000000001111010001001001000100000100000110001000110010001
24
11000010101010011000100000001010000110010001000101000000001
41
100100001100100010001110101010010000101110010000010100011001
68
10100000000000100101000001010101011101000100100000010011000
105
110010000110010110100100001100100000101000000000100101000000
125
10001000010000000000000011001001000011011000001110000000001
1
101000100000100101100101011001100101011000001000000000001001
152
111101010000000010110001100000010110000000100110011001001
90
10000010110001001000110001001001100100110000100100110001000
138
1001000001000010000000101000110000000011100110100100110
190
1000010001011001111000001000001000000010000011000010010110
129
110100001100010000100000100110100100010000000000000000000001
103
110010000100101000000101010001000000101010100110011
152
11000000110001101001000101010100000000011010011000111000
159
11100000000001110000010011001000000101111100100000000100110
58
11011010011100111110000000010000000001010000001110000000001
166
10000111000101010000000000000000011010101010011001000100010
179
10000010000100000010000000101001100001100000111010101001101
81
10011001000111000000000001100010111001000000010000000001
52
10001000000011111101000010001011000011000000011000001
9
100010000000011000001110000000000110110010000001010010011010
140
10010000010000000011000010001000000001110000000000010000100
121
1100000011010110000100000110000010100111110100100010000000
34
1000010101000001110100001000110111100100000001110010001001
71
1001000010101100101001000110000110000000000000000000000000
135
10001001000000000001100000101001001011100010001100001001101
48
1010101001000000100000001000000000000100100000100111010001
165
101000110000001000000000110010000000001001000000111001101010
128
1100000010100110000100010101111001100110011001
85
1000000010001100001010000011101011010110000110010110100000
182
100010000001011000000000001000000000100011011000000010010001
3
11001100110001110000001111000001000000010000100000010101100
49
101100000000001001100100000011011000001101000000000100
68
10100001010101100101001010110011100100000011000000101011010
174
10000010000000000100100010011010000100000000111010000010011
121
101011000000001001000100011001111010010000100010000000010101
70
11011000001000101000010001101000010110010000000100001110
173
1100011001011000110011011111010100110010011001001101000110
168
10000111001101000001010001000110000000000101010010000101000
89
10000110010100011101100010000011000101011000011000001001
138
1110101000100101000000111011000000110101000001000010000
124
1000000001010001000100100100100000000000000010000000010
155
10100100000000000000000000000111100001010000000000010001101
172
10110101010000000100000000000101010111000011100000010000
67
100001000010010000001001000001100011010000000011000010000011
189
100000000110001000110101011010100000111000011110000001011001
199
100100000000000110011101101100000001100101001000010
65
111000110000001100000000011110001110000100001000000
115
111100000001000000000000001000001110001110110110000101000
75
110101010000000001001001100000000000100001100000001000000
14
100000110001000101000100000001101010101010000000110000000100
199
1100101000000100100000010000010110010000000001000001111000
156
10001101100010010010000000110000000010010000100100001100000
64
110100100110001100010010000100101000100110001001010000000000
108
11000110110100001001100100011000000000000010000101001101
121
10000000011100000010000100000100000100110010001001
159
1011010000000011001100001101010100010001000110000110010010
54
101000000001000100100000100000011000000110001010000010101001
168
1101001001000100000000000110001010010011101000100100010001
186
100000100101011100110001010001100000000101011100001100000000
186
10000110101010010001000101100000010100110000100110000000011
184
100000101000100011100011000100000001001010001000000000110000
132
1110010001010100000000001000000000111001110001010111000101
72
111001101000010000000001000001010100010001001100100001000110
191
100000010000000011100000000100000000110000001000100101110000
150
100100100010100011010110101100001110110000000000000010111111
49
1100000110101000110010101100100001001100010010011001010
172
100001110011100001111100000010100001000001000001000000110
118
10110000110000000000000000010010000100000000001010101101001
44
100110010000010010010000100001010011001000110011010000100001
122
10000010011001001100010000000011000000000001100010000100000
157
100010100000000101100101010110000000000001000000000101101100
119
10010000010100110000100100100101111000010000010010110000000
47
1011100100111100001000011100000110010001100111001001000101
165
110101011000000010011000001000100001001000101100011000
100
100000000000010000111000001011100101100001001001101001001010
130
11000000000001001001001110100100100000100111011001110101000
181
11001101011100001110000100101101110000000010000010000000101
47
1000000001010000001000111001101110001011000001001000111000
117
1000110001110101011010000000001000011000000010001000011
169
110100110010001010000000011000000000000000010000101000010
105
111000000100001000100100000000000001000100000001111000010
84
1000111000000001000111100100010100000001110000110100000001
171
11010000000100100100000010000111100000000000000000011000001
182
100001000001001000010010000000000010000000000111101000000111
96
1101000100011100000110000000010000000001010001001000001011
156
100100000010000010101000010011000100100000000110100011010101
124
110110000101000100010000010100111101100111000000010001100010
19
10000010000000000000110000101000000001000000000100000000111
45
100000000110000000000000011011100000010110100001000001
146
110101110010000100100000110100000111000111100100010101000000
11
10000110110110010010110101001111101011000101001010000110011
67
10110110001010000100011001100010000101000100000101010000111
195
110001000001000001000001100001000100000000011101000010110
88
1000001000100100010100110000110000000010010011010000
75
1110110001100110000001100000010100000100001100100101
52
100001110000011100001001101001010100001100110100100001010000
136
101000000010010000000001010011100001100000000110000100001000
144
111110000000000100111001101000000000001101001010000011110
85
101001000000101100000101000000000001000010000110110101000
157
10000000100010000011010000100010001010100100010001011000000
137
100100000000110000011000100000000110110000000100010000100010
138
10000100000100000000000010000000000110011001001000001100001
54
110000001001011011110010110100000010000011101001101111
138
100000100101100001010110000100011100100001000001001000100011
130
10000010000001001000111101101100100010000000011100101100
164
100010000011010001001001001001000010010000000000000000000010
1
101100000000001000010101001101101100000100110110100110001001
41
110010000100010010010010011000101000101010001010000000011001
193
1001010001101010110000101011001101000001000110000010000100
109
1111011000010000000000100110000000000000010000001101100000
139
11000000111010011000000000000000010110000000000010001011001
163
1100010001000000010100000100101110000001000001111011000001
25
101001100010000011000000010000011100000111010101000000111
106
101000001001011001100110010001111000001100000000101000011111
166
101110000001000110001000011001000000100100001000100010001011
132
101011000001010000000111010010000100000000001000100000100
101
100110011000110000011000001011000100010101000000100010000000
106
1101000011001000011000010100000011101000001010000000
26
1010100011001110000000100111010110100000010100000000101100
62
100010011000011000000100000101010010001000010101001010000
124
10000011111000000011100100110100000010011001011010000000001
51
100000001001011010001000100000010110000010001110101110010001
125
10011010100000110110001001010110000010000010010011001
15
100100000001010110000010001001000001000100100111100000000000
180
10010000001000010000001001000001001010000000001001010010
132
11000000010000100000011001100010000001100001000100011000110
105
101100100101001100001010000001011110110010000010100100000000
1
10000100000001110000100000001000000101100000010001
97
1100011010001000110100100110000010110111011110001000000001
77
10011100000000000011000100110000000000101101100101000000011
171
11000001100100100000001110000101101001001000110000000000110
20
10110100010000011000000001100010001000011000000101001000011
133
111100110000101011001001100001000010101101100001100110100011
115
1001100000010001101000000100001000000000001100100100110010
138
100100110100010000000000000000010001001000100100010010100010
24
10100000001010100101111000111000101001110001000110000010101
114
1101001001001000000000010010000000000000101000011000000011
49
101000001011111001101010011100011100010001100101001010000100
145
101001101101000010001000000001001000010101011010100001100000
18
1000100110010100011110100010000001000000100000001000100001
112
1000110010000101111010100011000000010011100111100001100000
26
1000010101011011100100001010001001110100001000100000100011
95
100000000100000000000000000010000011001100001001010001010
102
10100100000111000010000000101010000000010001011000000010
146
11001000000010001111010000111101001111000100110001010000010
15
101000000100001101001110001100111111010000010001000010000
115
1101000011000001110000100100100000010000110000010000011110
21
11001011000001001100010001000101100011000010010010001010000
167
10110010001000001100001100000011001011110001101100001100001
130
101001010100000100110010011000100010000001000010000110100
112
10011000101101000000000001000000001000100000101000011001000
101
11100010000000100110000100001011000001100001000000000000
160
10000110011000010000010001010010000000000110000000000101000
173
100000001000000101000100000010000000010000001010010001010111
83
1000011000100000111000011001001110000010101110001000001
184
100000000101001000000001001000100000101000101111100010110
178
11001110000000001000001010000100000000000001100011010101001
63
1101000001110101101000001000010000010100010010101001001
166
101010101101000000100100011011001001101000011000100010010000
137
1100011000101010000000010111000000010011010000111010001
50
101100000010010010000000000000001001000001000101001100000
149
110000000010110000111000000011100010000000010100000001100001
136
101001000000101000100110111101100000000000010001011000001101
155
10101001010000110010000100000100010011100111000010100011
176
101000011011101010001001100000010000100000000000001000100010
150
1000000000001000000001101000100010101000000100100000110011
116
110000010010000010011010010000000010101011010010000100110000
171
111011000001110010100000000100010001100100010000000001001
169
110000000000000010010000100001011000001000101001000001010000
138
1100000000010000000001000001000011011001
41
1001000100000001001110100000011011000100100111100010001100
192
100000111000001011001000000100110000000001100111001001001000
38
1000010001100100110001001000111000000100010000001011010100
14
101110010001000000010010100100100000110001000001000110101000
189
11000100000000110111011000000001000101101000001011010000000
159
100110101001000100001110011100001000010000011000010000
9
100000001000100100010110000100000110000000000110001000000000
86
1010100000001100000100000000110110111000001000000100010000
177
10001000001010111000000010110001000100101011100000100000000
170
100011100010110001100001101101100110000000111
137
1110000001111000000000110000010000101000001100100
25
10001100010000000000000000000110100000001001000100111010110
185
101001100100000001000000100000000100010001000010001000000011
117
101110000000001000000000100101110010101000100100001010000000
11
11001000111110110000011010000110010000100000000011
15
1010000000111000000100010000000000010101100010001001000011
139
100000110001100000001001000110000000010000101000000001011011
19
111011011000110000000010000000011101010000000000101001010100
129
10110000010110000000000000100100110101001001000101110100
16
101010001110010000011100100010011100100000000000100010010000
142
100000000000111000011111111100010010000100100001111000010
136
1000111010111011011000010001110110000101101100000001011010
187
11100010000111011011010001110101000000010010010011000000101
88
1000100000010011001000010001010100011000010100000001011100
122
100100011011000000100001000010010001110000110010000100010000
166
10100101100000011000000010000100001000011000000000001011
106
101110000000000000000100010000101100000000000001011010000100
185
1000001100001110101000010000010000000001001011100001
117
10000100010001010001000001000000101000000111000111100000001
166
101000010100010000010101110000000010010000111100000101
176
11001010010011010001100000110000100000000000010000010000100
82
1100000010000001000000010100001001010010000000010010110011
27
10010000000100010100000000101000010100001010000000110001011
84
10100010100001100000010110000000000010101100001110100101
86
10010001010010001100100000000000010001001011010000010000
118
110001000010000001000000111010000010010110000010010110001
6
1001000000100000000100001001110110011000000101000010000100
66
1000010000101000010010011011100000010100000010000001000100
130
1001010000000010010010001011111000101000000001000010000010
116
110001000000000110010010011000000000110101001001101001001
109
1000100100110010000000000010001000000000000100000000011000
105
10010000000000000001000001001100000110100010001001010000010
97
100000001000000000000110100011000010011010110100110010100010
20
10000100000000010101111001110000100010001000001011011000
59
100000010101000000000000001001000000000001011000000110001000
200
110010000010010000100111000100000011000000000000111000101100
181
101100100000010000000100000001001000000000001100000000001000
168
100010110001000010000000110000010001110000000110000101010
149
101011000101010100100000001000100000110000110000000100100001
15
11000011010000000101001001010010000000010000110010010100
133
1000000000000001000000100100100000100010011000010000001100
38
10000000110000100010010000110000001101000111001000010
21
101101110100000101000011000010000101101101000001100000100000
149
100100000001100000010010010000001010000000111000000000
81
100101100000110000001000100000100101000100010000000000000010
94
10100100001111011000001000100100000000100000001000000000110
165
1001101000111000110000001010001011000010001010100000000000
170
10110110010100100010011000000000000010010101000100010001
47
1010101000000000000001000000010000001010011000000001000000
155
1010100001100000100010111100011101000000100010011000
74
