60 900
10000000000010001011100000010001000000000000
101
100000001000000000000010000000001010000000000000000010
106
1000000000000000000000101001000000001000000010000
111
10000000101000000000010001000010000000000100101
130
100000000000000000000000010000000000000000001000010
97
1110000000000000000000000100010101000000000000000
117
110000000100000000000000010000000000000000000000000
131
11001000001000000000001000000000100000000000000
23
10000000100000000000000000000000000100000000000000000100
69
1100001000000000000000000000000000
7
10000000000000000100000000000000010000000000000100
164
1000000000000000000000100000000010000000000001000000010
157
10101100000000000000000000000000000000000010000000000000
88
100101100000001000110000000001110000000000000000000000000000
71
100100000001100100000000000000010000000010000000000010000
196
100000000000001000000000000000000000000000101000000010
91
1000000000100000000000000000101000000000000000010000
135
100100100000000000100000000000000000001000000
162
1000000000000000100100001001000000000000
17
10000000010000010001000000010000
125
1000000000000000000000000010000000000000000010010
33
1010000000001000000001000000000001100000000000100000
3
100000000000000000100000000010000000000000000000000
124
1000000000000000000011100100000000010000010100000000000000
187
100010000000000000000000000000010000000001000000000000100
197
110010000010000000000010000100000000000000100000100000000
186
100000000000000000000001000000000000000000000000000000000000
8
110000000001000000000000000000000000000000
66
101000000000000000001000000001010000000000000010000000001
74
100000000001000001001000100000000000000010010000000000000010
42
1100100000000000100000000000000000000000100000000000000000
192
100001100010110000001000000000000000100
122
10010010000000000001010000000000000000000000000000000001010
97
1000001000000000001000000000000000100000000000100001
29
1000000000000001010001110101100100000000100000000000100000
180
10000000010100000001001000000100000000001000010
88
11000000000000000000000000000000000000010000000000000000000
167
100010000000100010000000000
35
10000000001000000000000000000000011000010000000000001000010
42
10000000010000000000010001000000000000000000000000000010
177
100000000000000000000000000000000001000100000001000000000
98
1000000000101000000000000100000000000001000000000
158
1000000010000000000000000
43
10000000000000010000000000000100100100000
138
1010000010000000000000010000000100000000000000
37
1010000100000010000001000000000110010000000100000000000000
193
101000001000000010000000000000000000000000000000000
137
1001000000010000000100000000000000100000000000000000001
155
1000000000110000000000000000000000001001001000000000
59
1000010000000000000000000000000100010000000100000000000001
158
1001010000100001010000000010000000000010000000000000000
138
100000000000000000001000000000000000000010000000000000000000
154
100000000010001000001010000100000000010111000000000001000000
140
100000010000000010000010000010100000000000000000000
54
1000000001000100000000000000000000000000000000000100100100
135
110000010000000101110000000000000000000100000100000000000
101
100000000001000000100000100100000
58
100000000000000000000000010110000001000000010000000010
148
1010000010000000000000000010010000000000000000000
27
100000000000010000001100000001000100001001010000000
148
100000100100001000000010000000100000000000
162
10000000000010000000000000000100000000000000110000011
189
1000000000010100000100000000000000000000000000010000
104
100000000000000100000000000000010000000001000100000000000
76
100000001100000001010100000000010000010010000100000000000000
59
1000100100000010000000000101000000000000000000000
136
110000000010000000100000000000000000000000000000010000110010
40
10000000000000000000000100100000001000000000000000000
45
100011000000010000000000000
17
100000000000000000000000000000110000000000000000000000000000
97
1000000000000000001001010000010000001001000000010000010
44
1110000000000100000100000000001000000000001100000000000000
119
101000010000000000000000000001100000000000100000100000010
183
10001101001000000000000
117
10000000000010001000000001000000000000000000000000
176
10101000000000000100010001000000000010010000000000
176
1000000000000010000000000000001000000000000000001000001
37
100000000000000000000000000000000010000000001000
155
10001000101000000001000000000000100100010000000100000000100
131
100000000000001000001000000100000
129
100000000100000000000000000000000000100000000
1
1001001100000010000000001100000000000000001000001
74
1000000000000000000100100000000000000000000000001000000001
93
100000000001000000100000000100000000010000000000010
91
100000000000000000000001000000000010001000010000000010
10
10000000000000000000000000010010000100100000000010000
38
100000000000000000000000010000000000000000000000001000
118
100000010000000000000100010000001000000000000000000001
140
1000000000000100000000000001000010000
34
1000010011001000000000000000000000000000000001000000000
174
10000010000000010000000000000000000110
113
100000000000000000000010000000010000000000000001000011000
117
110000000000000010000000000100000100000000001110000100000000
95
10011100100
98
1100000000001000000000000000000000000
137
1000000000000000001000000000000100010000000000000000000100
146
1000000000000100000000010000000000000000000000000010000000
137
1000001000000100000000000000000000000000000010000000000
123
10000000000001000000100000000000000010100001000000000010
95
10000000010000000000100000000001000000000000000001000000
46
1000000000000000000000010010010000000000001010
81
100000010000000000000000000000000000000100000000000000001
37
10100000000000000000000000000001000000000001000000000000000
118
10000000010000001000000000000000010000100100000000001000000
119
111000010000100000001000000000100010000000000000000000
46
10000000100000001000000010000000000000000100000
195
10000000001000000000000100000000000001000000001000000000
74
1000000000100000000000010101000000110100000000000000
13
100000100010000000000000000100010100000010000000000001
188
100000010000000000000001000100000000000000000010000000000000
158
1000000000100000010000110
119
110000000000010000000000000000010000000000000000000010000000
165
100000000000000000000000000000000000000000000000000000101
63
1101000000000000010000010000000001000000000000000000
73
1000000000100000001010100000000100001000100000100
99
10001000000100000000000000000000000000000000000100
191
100100100000000000000000000000000000110010001000000000000
97
10000000010000100000000000000010000100000000000
152
1100001000000000010010000000000000000100100100000000001000
60
1000000000000000100000000000000000000000000000100000
101
1000000000000001000000000000000010000000010
99
1001000010000000100110010000000000000000000000000000
9
1000000001000000101000001000000000001100001000000000100000
52
1000000100010000100000000000000000010000010100000000000100
137
100000000000000000000000001010000000000000000000000000000
15
11000000010100100000000000000100101001000
117
1010100010001000000000100000000100000010000000001000000000
17
10100000000000000000000000000
15
10100000000000000010000100000001100000000000000000000001000
116
1000000100000010000000000000000010000000001011000010
110
100001000000001000000000000000001100000010010000000000
18
100000010000000000100001000000000000000001000
147
10000000000000000000000001001000000000000000000000000000101
74
1100001000000000010100000001001001000000001000100000
29
1010010100001000001001000010000000101001000
21
100000000000000000000000001010100000000000000000
146
10000000000110100000000000000000000000000000010000000000
54
111110000100000100000000000001010010000000000000000000000000
198
100100100000100100000000000000100010000000000000000000110000
128
10000000010001000010000001000001100100000100
134
101100000100001000000000000000000000000000000000000001
20
1000000000000000000000000101000000000000000000100000000
30
1000101101000000000000000000000000100000010100000000
80
100000000011000010000000000000100000000000000000000000
53
100001000000000000010000000100001000000000000001000000
12
110100000000001001001000011000000000000000000000000100
45
100010011000000000000000001000000000000000010000000010001100
102
110000000000000000000000000100010000110010000000000000100
146
10000000010000010000000000000000000000100000000000
26
100000000001000000000000010001000000000000000001100000000000
110
100000000100000010000110000000000
102
1000001000010000000000000000000001001000100000000000000000
140
10000000010000000100000000000000100101000000001000000000000
192
100010101001000000000100000010101000000000010
25
110000000000000000000000000100000000000000
97
10000000000000000000000000000000000000001100010000100000
22
10000000000000000000000000000010000000001000000000000
54
110000100000000000001001110000000000000000000000000000
73
1100000000000000000001000100000000000000000010000000000010
128
10000000100000010000000000000000000000000000000100000
131
10001000000110000010000001100000000100010100000010000000000
128
10000000001000000100000000000000
197
100000001000000000000010000001000000000000000000000000000000
105
1000010000000000000000000010000000000000000000000000
56
10000100000000000010001001000000000010000000100110000000000
44
110000000001000000000100000000000000000000000000000000000
199
10001000000000010000010000000000000101100000
43
1000010100000000011000000000000000101000000000
103
100000000000101000010000001000011000101000010000000100100
103
11000101001000100100100000000000000001010000010000000000
70
100100000000000001000000000000
136
100000000100000000000000000001100000000000000
174
10010000000000000000000001110010000000010000001000000000000
142
100000001000000000000000000000000000000100010000000000000000
56
100001000000100000000000100000
56
10001000100000001000000000100000001100000000000000000010010
175
1000000000001000000000000000001000100100000000000000
104
110000000000000101100000110000000000101000010001001000000010
198
10000000000000000000000
61
10000000001000000001100000000000000000000000
185
1001010000010010010000000001100000000000
106
10110010000000000000000000010000000000000000010000000100100
109
1010000000000000000000001000000000000000010
48
100001000000000000000000000001000000100001000100000000
165
1000000000000000001001000000001000000
134
10010000001010100000000000000100000000001100010000001000000
59
1001000000001010100001000010000010000000100000000000000000
26
10000100000000000011000000000000010000000100010000010000001
187
100101000000000010000010100000001000010000010000100000000100
46
1000000100000000100000100000000011000000000000000000000000
13
100000000000000001000001001000010000001001000000000010000
113
100001000000000000000000000000000000000101000000000000000000
41
1000000001000000000001000100001000000000000000010000000000
130
100000010000001000000000000010010000000000000000000000000010
33
100000000000000000010000000000000000000000000000000000
21
110000010000000000000000000000000011100000010000000000000000
115
1000001100100001000000110000010000
128
1000100011000000010010100100000000010000000
62
10000000000000010000000000000000000001000000010000000000
143
1000000100000000000100000000000000000000000010000000000100
77
10000000001101000000100000000100100010100000100110000
25
10000000000000100000000000000000000000000010000000000000000
31
10000000000001000000010100001000000000010000000
93
100000010000100000010000000000010000100000100000000000000000
48
10000000101100011000001001001000010000000001010010000
106
111000000001010000000000100000000000000000000001011000000000
22
10000000000000010000000000001000000000000000000000
157
10000000001100000010000000000000000000000001000000000000000
77
1000000100100000001101001001000000000010000010000000000000
62
100100010000010000001000000000000100000000000000
196
1000000000110000000010000000000000000000010000000000000000
167
1000010001010000000011000000
147
100000000000000000000000000001000000000000000000100
44
10010111000000000001000000000000000000000100000000100
56
100000000000000000001000000000100000100100010000000000001000
104
10000000000000000000000000000000000000000000000000000
86
100000000111100000000000100000000000000
123
110100000001000000000000000010100100000000000000000100
56
100001000000000000000000000000001001000000000000000100010
35
100100000000000010000000000000001000000000100000000010
128
100000000101000100010001000000010000000000000001010000
61
1000000000000110000000000011000010000010
158
100010000010000010000000000001000100000010000000000
12
1000000000000000000000000100000
197
10000000010000000000001000010000000000100000000000000000
3
10000000000000000000100010000000000001000100000100010000001
13
100000000000000000001000000000100010100000
26
10000000100000000100000000000100000000100100100000011000000
14
100000010000000000101000000000000000000000010100000000000
50
1000000000000000000000100000000010
17
10000000000101000001000001000000000000000000100100000
91
1000000001010000010000100000
129
100000000000000010000000000000000000000000000000000010001010
150
10000000000000000011000000000000001010010000001000000
95
1000000000000100000010000000000000000000001000000000000001
156
10000000000000000000000100000100000000000000000000
121
110000000010000100000100000000000
34
1011000000000000000000100000000000000000
69
100000001000000000000000000000000000100000000000000001
99
1010000000000000000000000001000000000000000000000000000
134
100000000001000000000000000100000000
93
100100010000100000000000000000001000000000001000000
173
10000000000010000000000000000000001000000000000000000010000
136
10000000000000010000001010000101000000010001000000000000
54
10010000000000000001000010000000100000000000000010000
100
101000000100000000000000001010100000010000000000000000000000
84
110001000000000000010000000000000000000001000100000000000000
55
10000000000000000000000000000010001000000000
25
1000000000011000000000001001000100000100000000100
59
1001101010000000000100000000000001101000001000000000000
189
100100001000000010001000000100000100000010010
181
1000100000000010000010010001000000000000000000000000000
120
100000000100000000000000000001000100000000000000000100000000
132
100000001000000000000000000010000000001010000000001100000
112
100000000000000000000101000100001100000000000100010000000
10
1000001000001001000000000000000000100000000001000000000001
87
11000001001000000000010000000000000000001000000000
80
100001000001000010000000000100000000000010000000010
58
100000000010001000000000000000000010100000000000000
177
100100000000000001000000000000000000000000100001000000010
21
10000001010000000000000100101000000100000000010000000000000
105
10000000000000100000000000000110000000000100000000000
136
1010000000010000000001000000000000001010000001010000001
97
100100001100000000000000001000000000000
172
100100000000000000000000010000010
169
100000001000000000000000000000101010000010000000
121
100000000010000000010000001000000000000000000000000100100000
164
1000010100000001011000100100000000000000000100100000100000
8
10100000001000000000000001000000010000000000000000010000
10
101000000001000010000000100000000100000111000100000000000
61
10000001011000000000001000000000000100000011000000000000000
139
100000000000010100000000001000010000000010000000
122
10000000000000000000000100000000000000000000000
188
10000000100000000010000010000000000000000000100
171
10000000010010000000000000010000100000
16
100000100000000000000000000000000101000000000000100000010000
135
100010001000001000000000100000000000001010000100000100000
175
10101000000000000000000101000000000000010000000000100001001
96
10000001000000001000000010000000100000000000000
120
110000000000000000000000000100000000000000001000000000010100
40
10000000000000000100000000000001000001010001000000100001000
60
1000000000000000000000000000000000000001000000000
46
1000000000010000000000000000000000000000000000000000000000
119
100000000000000000000000000100000000000000000000000000000
105
10000000000000000100000010000100000000000000000001010
187
10000000001000110011000000000100000000000000110001000010000
72
10000001000000000000000000000000000000000000000000100000
83
10000100000000000000000000000000010000010000000000001000000
165
1000010000000000000100000000001000000000100000
111
1000000000000000011000000001000000000000000100000010
15
1000000000000000010000000000000000000110000000001000000
110
100100000010000000
41
10001000000000000010000000000000000000000101000000000000
30
1010010000000000000001000000010000000000000000010
60
10000110100001000000000000001001000000000110100000000000000
180
111000000000000000000001000000000000001000000
99
10000000010000000010001100000000001000010000000000000000
184
100100000001000000000000000000010000000000000100000000000010
195
1000000000000000100011001100000000000000000010000
41
100000000000000001100100000000010000001000010000000001000000
163
100000000000000000000000000000000000000001010000000000010011
96
1000000000000100000100000100000000001000000000001000000000
27
100000000000000100000000000000000000000000
22
1000000000000000001100000000001000000000000000000000000100
110
100010000000000000000000000010000000000000000000100000000000
110
1000000000010100000000000
75
100010010010100000000000000000010000000
117
10000010000000001000000000000101000000000000000000000
81
10000000001100000000000010100000000000010011000000100
136
100001001000000000000000000000000010000010000000010000010000
37
1000000100100000000000000000000001000000000000000000
83
100000000000000000000000010100000000100000000000000
77
100001000000000000000001100000000000000000000000010000
94
1000000000000000010000000000000010000
108
100000000000000010001000010000000000101000000000000010
94
100000100000000000000001
187
1000000000000100000000010000000000000000000000010000000000
46
1000010010100100000010000001000000000010000
81
1000000000000000100000000100000000001001000010000001000
70
10100000000001100000110000000001000000000110000000000
164
10000000000100001100000000000000000000000000001000000000
132
10000000001000001100000000000000000001000000100
23
110000000000000000000000100000000000000000000000010000100000
154
101000000000000000000000000100000001000100001000
130
100000000000000001000000000000
57
100010000010000010000100000001000010000010000100010000000001
85
10001000010000001000100000000000000000000000100010
186
1000000100000000001001010000010010000000000000
132
1000100110000000000000000100000100000000000000000010100100
112
100000000000000000100000000010000000000000000000000100
193
10000000000000001000000000000000000000000000000000010000010
144
100000000000000110100000010000000000001000000000000001000
160
100000000000001000100000000000100000000000100
102
10000000100000000000000000000100000100000000000000
15
1000000000000000000100
6
100000000001000010010100000000000000000001
146
11010000000000000000010000010000000000000000000000
190
100000010000000000000100001010000101000000001000100010001000
155
100000100010000100000010000100000000100000000000100010
152
1000000000000101100010000000010000000000000000000000000
125
101000010100000000100000000000000000000000000000000
38
10100001000001000000000000100010000000100000100000000000
158
10000001001000010000000000000010000010000000001110000
70
100000000001001000100000010001000000000000000000000000000011
13
10000000001000000100100000000000000000000000000000000001
63
100000001000000000001001000000000000010000000000000000000
195
100000000000000000000000010001000000
86
10000000000001000000100000000000000000001110000000010000000
167
1001000100000000000000000010000000000000000001
183
110100010000101100001000000000010000000000000000000000110100
51
10000010000000000000000001000001
163
1000000000000000000000000000000100000000000
140
1000000000000000100001000010000000000000000
185
10000001000000000000100000000000000000000
177
100000000000001000000000000000000000000000001101000000
96
10000000010000000000000000000000000100001000000000
106
100000000000000000000000000000010000000010000001000
98
100000000100010000000101000100000000000000000000000010
20
1000000000000000000000000010100000010000000000000001000
80
10000000000000000000000000000000100000000
96
1000000000100000000000000100101000000000000000000000000
200
10000000000000001000000000000000000000000000000001000000
195
10000000000000000000100000010010000100000001
55
100000000000100110000000100000000
146
10000000000000000100000000000001000001000000000000000100
88
10000000001010000000000000000100010000001010001000110100000
100
100110000000000000010100000000000000001100000000001000000
56
10000001110000100000001000001101
83
10000000000000000001100010000000000001
141
10000000000000100000001000000000000010000000001000000000000
190
101010000010000110000100001000001100000000001
148
100001000010000100010000000000100000000000000000000000
196
1000001100000000000000000000100000000010000000
174
10000000010010010000000000000000001000000000000100000000
78
1000000000000000000000000000000000000000001000001000000
32
10000000101000000000001000000000000000000000010000000000001
86
10000001000000000010100000000000000000000001010
30
100000000010000010010100000000010000001
107
100000000000000000000000000000010001000000000010000
13
1010000000010000000000000001000000000000000000000000
102
1001000010000000000000010000000000000000001000000
65
100010000000000000001000000000100000000000000100100000000100
34
10000000000000000000000000000000001
165
1000010000110000001010010000000000000100100
55
11000100000000101000000000000000000000000000000000000000000
41
1000010001000010010000000001000001000000000000000
102
1000001000000000000110000000000000000000001001000000000100
89
1000000010000000001001000000100100
17
100010000000000000000010101000010000000000000000000000000
13
101000000000001000000010000010000000010100000100000000
160
10000000000010000000000000100
103
100100001001000000000000000000000000000000000000000000000
49
10000000001000000000000000000100000001010000000010000000100
189
100110000100000000000000100000000000000000
152
10000000100110000000000000001000000
163
1010000101010000000100000100000000000000000000000000000000
117
100100000000
110
10000000100000000000000000000000000000000000001000
3
10000010000000000000010001000010000000000000000000000000
125
1000000000001000000000000000000011000010000100000000
200
100000000000000000000010000000000100000100100000000000
142
10000010010000000000000000000000000010000000000001000000
68
1000000000000000000000100000000010000001000000100101000
149
100000000000000010000000000000000000000100000000100000000
135
10000000000000000000000010000000001000000011000000000000000
37
100000000100100010000000000000100000000100000000010000000
179
10000000000000000000000010000100000000000000000000000010001
23
110100000010000000001001000101100100000000000000000
180
10001000000000000000000000000100000000100100000000000001
39
100010110000000010000000100000000000000000010000000000000000
54
110000000000000000000000000000000
38
10001000001000010000000010000000100000000000000000000000000
180
100001000000000000000000001000000000000001000000000000000
155
1000011000000110000000000001010000100000000000000000001001
83
10000000000001100001010010000000000100000000101000000
24
110000000000000000000000
31
10000000000000100000000001000100000000010000010000000000000
177
1000000000000000000000000000000000000000000
191
101010000000001000000000000000000000000000000000001
75
1000000000000000000010000000000000000000000000001100010000
196
1000100001000000100000000001100000000000000100100000000100
42
110010000001000010000001000100000000000100000000000000001000
14
100000000000000000000010000000000000010000000000010000
154
100001000010100001000001000000000001000010001000000000100
94
1000000000000000100000000000000000000000011000000000000010
37
11010000000010010000000000000000001000001000000000000000
118
100000000001000100000000000000100000000000010000000000000
175
10000001100000010000000010000000000000001100100001000000
86
100000000000000100000100000001100000000000000101000000000000
67
1100000000000000
96
100001001100000000000000000100000000000010100000000100010000
200
10000000000000000100000000000000010001
38
1000000000000000000100000000000001000000000000000000
137
10001
156
10000000000000000000000000000100100010010000
166
1000000000000000000000000000000000010000010010000000000
109
1000000100000100000010000001000000110000100000
47
100000001000000000010110001000000010010010000000
42
100000000001000000000100100000000000100000101000000
46
1000000000010000000100000000000000001000000000001001010000
156
1000000000000000000000000100000000000000100000000
174
1011100010001000000000001000000000000011000000100000000000
129
1000000000000000001000000000010000000000000000000000
117
1100000000001100000010000110000010000100001000010000000010
101
110000000001000000010000010000000000000000000000000000
25
100000000000000000000000000000000000000000000100001000000000
64
100011000000000000000000000000000000001000000000000000000010
3
1000000000000000000000000000010000100000000000000000010010
99
100000000010000001000000000000000000000000010100000000000000
36
10110000000010000000001000000100000011001001000000
65
101100000000010000001000100000010001000000000000000
174
100000000000000000000010000000000000100000000000000000010
193
10001010000010010000000000000000000000000000001000000010
4
10000100000001000000100001000010000000000010000110010000
101
10110001000000010100000000010000
44
1100000000000000100100000000000000000000000
96
100000000000000000000000000000100100010110000000000000100010
144
10000000000000001011011000001000000000100000000000
5
100100110000000000000001000000000000100100001000000001
40
100000001100000000000001000000001000000100000000000100000
14
1000000000000000000100000100000000000000000000000000000
178
10000100000000010000000000000000000001000000100000000001000
1
1000000000000000000001000100000000001000000000000000
12
10010000000000100000000000000000011000000100000100000010000
83
10001000011000000100000000010100000000000010000011000100000
171
10100000000000000001000000001000000000001000000000100000
20
1000100000010000010000000010000000000000100000001100
11
100000010100000100000000000000000000000000000000000000000
39
100000000000000010000000000001000000000000001010000000011
112
1000000000000000000000000000
178
1000000000000100010000000000000000000000000010000000010000
173
100000100000000000001000000000001000000000000100010000000
143
10010000000000000000000000000000000000001000001010100
102
100000001000000000000000000000000000000000001010000000000000
155
1000000000011001010010000000000100000100000000001
3
1000001000100000000000000000000000000000
83
1000000000100000000010000000000100000000001100000000000000
54
100000000000100000000000001000000100
36
100000000000000000100000001000000001000100000001000000010001
118
10011100000000000010010000000000000000000000000000000000
37
110000000000001000000000000000
157
10000001001000000000000000000000100000000000000000000
86
100000000100000000000000000010000000000000000000000000000000
96
1000000000000000100000100001010
24
1000000000000000010010000001100000000001001000000000011
98
110000000000000010100000000001000011110000000000000001100000
36
11000000000010000000000000000000001010000000000001000000100
92
1000001000010000000000010000000000000000000000000000000
156
100000000000001000000100000100000000000000000001100000000
200
10001000000000000000000001000010000010000001000010001000000
60
1000100000000001000000100000000000000000000000100000011
163
1001000000000000000000010001100100100010111000000001100
196
10000110000000100000000000010000000000000000000100000000000
78
1000000100100000000000000000001100010000000000000000000
53
100000000000000000000011100100000000000000010000000000
104
100000000001000100000000000001000000010000000001100000000000
170
1000001000000000001000000001000000010000000000000000000010
78
1000010000000000000000000000000000000001000000000100000000
53
100000001000100001010000000000100100100000000000000
188
10000001010000001010010000000000000000000000101000000
101
10001010000000000000000000001010010000000110000001100000000
63
1000000000000100000000100000000010000010001
129
1000010000000000010000001000000000000000001010101100000000
106
100000000010000000000001000000010000001000000000011100100
166
10000000000000100100000100000000000000000000100000000001000
143
100000000000000000010000000000000000100000001010
127
1000000000000000000011010000000000000
88
100000000000000000000000010000100000000000101000100
111
1000000001100000000100000000010000000000000000000000000
47
10010001000000001100000010000000001001000010000000100001001
52
10000000000000001000001000000100000000000000000011
189
10000000100000000000000000000000000000100001010010000000010
20
10000100000000010000000100000000000101000010000000
94
10001000110000000000000100000000000100100000100000000000
117
10000001000000000000000000000000000000001000010000
122
10000000000000000000000010000000
65
1000000000000000100010000000100000010000000000000000000
17
100000011000000000000100010000000000000000000
163
1100000000001000000000000000000000000000001100000
91
101000000000000000000000000000100110000000
91
10000001000100000000100111100010100100001000010000000
101
1000000001100000000000000000000100010000000000100000000000
194
11000000000000000000000000000100000000011000000000000000
105
100001001000001000011000000000000000001000001000000000000000
141
10000000000001000000100001000000000000010000000010000
47
10101000000000000000000000101000000000000000000000000
101
1000000000010001000000000010001100000
88
1000000000000000001001010000000000000000000100000
7
10000000100000000000000110000000100100000001000000010
191
10000000000000000000000001100010000000100000001001
179
100000000000011001001000000000100000000010
29
1010000000000000000000000000000110000000010000000000001000
62
10100000000000000000000000000000000001000000000000000
107
1000010000000010001000000000000
53
10100010000000100100000000000010000000000000000100
142
1001010000000000000000000000000100000000010010000000
165
110010000010000000001000000010000000010000000001000010000010
83
100000000000000000000000000000000000000100100101000010
31
10000000000000000000000001000000000000000010000010000001
190
100000000000000000001000000000100000000100000000011000
66
101110000000000000000000100010000000000000000100000100000
178
1000010000100000000000000000000100000000000000001000000
24
1000000000000000000000000000000000000000000000000100000
73
10000000
122
1000010000000000000000000000010000000000
117
100000000000000000000000100000000000000000100000
46
1000000000000000000000001010000000000010100010000000
42
100010000000000100000000000000001000100000010000000000010000
170
1000100000000000000000000000000001000101000000000000
145
1000000000000000000000000000010000000000000
36
10000000000010000100000000000000100100000000000000000
168
100000000000000000000010
97
10010000010100000011001000100000000000100000100000
66
1000010100
25
11100000000000000000000010000010100000001100000000000000
40
1000011010000000000000000000000000
69
10011000000000000100011000000
12
10000000100000001000000000000000000010000000000
163
10100001000010000000001000000000000000000000100000000
27
1000100000000101000000100000000100000000000000
55
10000010000000000000000000010000000000001000001000000000
146
100000000000000000000000000000000000000100000000011000100
187
100000000001000000001010010000000000000000001000010000000
120
11010000000001000000000000010000000000001001000000
30
1000000000000010000000000000000000011000100000001001
23
10011000001000100000000000001000010000010000000010001000000
32
100011000000000010000000000000000000000010100000000001000000
121
100000000100100000100000000001000000000000000000000000010
143
100000000000000010000001000000000000001000000000000000000
141
10000000000000100000000100010000010010000000010000000
100
10000000000100000000000000001010000000000000000001010000000
148
1010010000000000000000000000000000000100100010000000000
177
10001001000000100000000000000100000000000001
196
10000110000101000000000000000000010000010000
151
10000100100000000000000000000000000000000100100000001000000
96
10000000000010001000000000000000000000000000000
4
10000011000000000000000000000000000000000000000100000
110
100000000000000000100000000000000000100000100000000000000
44
1010000000100000000000000000000000000010000000000000000
86
100101000010010000001000000000000000001000100100
139
10000000010001000000100100000000100000001000000000000
183
100001000000001001100000000000000000100000000000101000000
114
1000001100010100010100101010000110010000000000
146
110000001001000000010000000000000000000011000000000010000
111
10000000001000000000000000000000000000000101
114
110000011000000010000000000000000000000000000100000000
29
100000000000100001000010000000000001000010000000000000000000
34
1000000000000000000000000000000000100001001000000010000
163
101000000000000000010100000001000000000010
91
100000000000100000000001000010000000000001000100000000000010
195
10100000000100000000000000000001000000001000000000100
109
10000010000000010000000100000010000
140
100010001000000100010000000000000000010000000100000000
11
10100000000000000000000000010000010000000000010
127
1000000000100000110000000001010011000000000000100000000
199
1000000000000000010000100010100000010000001000000000000
11
1000000010000001000001000000000000010001010000000001
76
100000000000000000010100000010000000010000000000000010001
39
1000000010000000010000100000000010000001000000010010000
69
1000000000000000000000001000000100100000000001000000
36
10000000000000000000001000000000000000000010000000000001010
3
110001000001000001000000000000000000001101000000001000
118
1001000000000000000000011001000000110000010000000
28
1000000000000000000000100010000010000000000000000000000000
37
1000000000100000000000000010000000000000000000001000000000
138
1001000000000000000000010100100001000000000001000001
66
100010000100000010000001010001000000
29
1001001000000000000000000000000000000000000000
198
10000000000000000000000000000000000000000001000000001000
18
100010000000000010110000
132
100000011000000000000000000000000000000000001100100010000000
189
1000001000000001000000000100000001000000000000000000010000
155
100000000010000100000000000010000000000000100001000000100000
57
10100001000001000000010000000000000000001010000
19
1000000000100010000000000001100000000000000
36
10000001000000000010000100000000000101000100100110000000
151
11000000000000001000001000000010000001001010000000000
120
1000001000000000000000001000000000000001100110000
160
1100010000001000000000000000010100000000000000000000000
194
1000001000000000000000001001000010100000010100000000010
70
1010010000000001000100000010100000000000100100000001000111
81
100100100010000000010001000001100100100001000000001000000000
49
100010000000000000
169
1000000000000000000000000000000000000000000000000011000010
162
10000000000001000000000100000100000000000000000
58
100000001000000000000000000001001000001100010100
10
10000000000110100000000000100000100000000000000000000000
99
1000000000001000000000001001000000000100000010100000100000
13
100000000000000000000011000010000000000000000000000000000
128
101000001100010000000010000000010000000000100000001
142
1000000000001000000000000000000000000000010010000000000
129
10000000000001000000010000010000100
85
100000000100001000000000000000000000000100000110000
130
110000000000001100000000000000001000000000000100000000000010
68
10000000000000000000000000000
25
11000000001000000001000000000000000000000000000000000011000
104
100000000000000000000000000000000000010000000000000
2
100010001100000001000000000001000000000000000000000000000000
2
100000010000000000000001001000000000000100000000100
102
100000100000000000100000100000100000000001000000000000001000
11
10000000100000000000000010000001010000
101
110010000010000100100000000000001001100100000000
63
1010010000010000000001000000010000000000000000000000100001
32
1000000100010000010010000011000000000000000000000000
122
1000000000000000000000010000010000001000010001
191
10000000001010000000001010000000100000000000000
195
1000000000000000001100010100
11
10000000001000000000000001000000000000000000001000000
106
1100000010100001100010000000000000000001000110
51
1
163
1000000000000000001010000000100010000000000000000000
192
10000000010000000100101000000000000010000000000000000000
170
10000000001000000000000001000000000000000000000011000000001
41
10000011000000000000000000100000000001001000000000000100
117
1000010000000000000000000000010000000000010010000000000
147
10000000000000010000000000000000000000000100
163
100010000100000000100100010000010001000000000000000000000000
166
1000000000000001000000001000000000000100000000000000
187
1000100000000000000000000000000000000000000110000000000
164
1100010000000000000000000010001101001000000000000
151
100000000010000000000000001000001000000010010000000100000010
135
1000000100010000000000000100100000100000010000001000010
164
1000000000000010000000010000000000110100000000000000000000
148
100010000000000000000000000001001100001001000000001
2
1000000000011100000000000010000010001000010000000001000
168
101000101001000010000000000000000001001000010001000000000000
87
101000100000000010000000000000000000001000000110010010000100
20
1100010000000000000001001000100000000000000001000000000000
9
1000011000000000000000000000000000010000000100000000001000
108
10010000000001000100010000000000000000000100000000000001000
158
10010000000110000000010000000000010000100000000000000000000
28
1000000010000000000001000000001000
172
1100100010000000100011000000000000000001001100000100000000
105
1100000000000000000000000000000001010100000000000
151
110000000001000000010000000000100000000000000100000000
16
110000000000000100000100010000000000000000
4
100001001000000000000100000
32
10000000000000000000000000000000000010000000000
11
10010000000000100000000000000000000010000000000000001000
11
110100000000100000000000000000001000001000000000000001000
9
110000001001000000000000010000010000000000001000000000000000
150
1000000000000000000000000000000000000000000100011000000000
143
100000000000000000000100000000010000000000100100000000000
37
101000000001000000011000000001100000000011000
183
100000000000010000001110000000000000000000000000000000000
76
1010000100000010000000000000010000010000000000000
53
10000000000001001100000000000000100100001000000000000
52
100000000000000100000000000100001000100000000000
65
100100000000000000000000001110001000000000000000000010000000
64
10101000000000101010001000000011100000000010000000000000
189
10000000000000011000000000000000000000000000000000101000
122
100101010001000010000000110100000010000000
149
10000000000000000000000010000000000001000100100000000000
126
1110001000100000001010000
180
10000000000000000000001000001000000010000000000000001000000
115
100000000100001100010000010000010010000000000000000000
112
10000000000000000000000000100010000000100100000000000000000
197
1100000000000000000010000000000100010000100000000
51
10000000000000100000000100000000000000100011001100
152
100000000101011000100000000001100000000100000000000001010000
125
1000000010000000000000001010000000000000000000010100
116
10000001000000000000000100001000000000000000000010000010000
62
1010000000000000000001000000000000000000100000000000000
155
100000000010000000100010000001000001000000000001011000
30
101000000010000000000000100001000000000000010000100
198
10000000001100010000011000000011000001000000001000000001000
122
10000000000000000
8
1000000000000100100000000000000000000000000010000000110000
56
1000001000000000000000000001000000000000
122
100000000000000000000000101000100000000000001000000000010000
196
1001000000000000000000000001000000000010000000000000
59
100000000010000000010000000000000000000100000
11
1000000011010000000000001000010000001000000000
28
10000100000011000000000000000010000000000010000000000000000
18
1000001000000000000010000000000000
110
1000010000000010000000000010000
55
10001010000000000011010001000000000000000000001001000100100
193
1000000000000000000000000000000000000011100000000000100
148
100000000000000000000100000001000000000000000000000
33
10000000100000000010000001000010000000000000000010000000
47
100000010000001000010000000000000000000010011010000000100
187
110000001000000000010000000000000000000100000010000
16
110000010101010000000000000000011001000000000000000
154
10000010000000000000000000000000000000000000000000100
152
1000000000000100000000000000010000001000000011010000000
106
10001010001100000000000001100000100000000000000001
79
1000000000000010000001010001000010001000000000000000000
8
1000010000000000000000000000000000000000000000001
12
10001000000000000000000001000010000000100000001010100000
96
10000000100000100010010000000010001100000100
48
10000000001100000000000000000010000001000000000000000001001
56
10000000000010000000000100010000000000000000001101010000
138
110000001100100000000000000000000001000000010
1
100001110000110100000000010000000000000000000000010000000
70
10000000000000000001001000010000000000101000000000000001
181
10000010000100001000001000000010000000000100000000001
156
1000000000000001000000000000000000000100000000000
70
1000000000100000100000000
156
100000000100000100100100000010000000000000000000000000
122
1000001000010100000100000000100001001001000100000000
20
10001100000000001000000100000000000100000000000000000101
63
1100000000110000110000000000010100000100000000
54
101000000000000000001100000000000000000000
155
1000000000000000001000001011000000000000000000000001000000
96
10100000000001010010010000010000000010010001010000010
154
1100010000000000000000000010000010000000100000000000000
137
100000000000001000000000010000000000000000010000100000000000
85
101000000000000000100000000000000000000100000000110000000000
158
101000000000000111100100010000000000100000010000000000000
44
1000000010010000000000000001000000000000000000000000000000
14
10000000000000000000000000000001110010000001000
4
10000000000000000001000000000000000000010000000010000000000
165
10000000000000000000001000000010010000000011000000000010000
73
10010100000001100000000000010000001
3
1000000000000000000000000010000000001001
31
1110000000010000000000000000
176
100000000000000000100000000111000000100000000100000000000
105
100100100010000000101000010100010000000001000000000010100
141
110110000000000000000000000000000000000000000000010000110000
78
1000000000100000000000000000000010000000000100000000000000
168
100000000010010001010000000
161
11000100000001000000001000000100000000000001000000000000
67
1000000010000000000000011000000000000000000000000
138
100000000000000001000000000000000100000000000000100
141
100100000000000000000000010000000000001000010000000001000000
7
10010000001001000001010000000000000000000000001101000000000
48
1000000000100100001000000000101000000000010010000000000
62
1000000000000100000001000000000000000000
170
1000100000000100000101000
172
11000010000100000010000010100000101000000000
92
100000000001010000000000000000100000000001001000000000000000
130
1001000100100100100000010000000001100101100000000
141
100100000000000000000000000000000001000001
46
100000010011000010011000000110000
179
10000000000001010000010000000000000000000
76
1000010001000000000100000000000000100000000001000000000000
179
10000000000100110000000000000000000000001000000000000
166
1100000010000000000000000000000000000000100010000000000101
109
1000000010000000000000000000000000000100000000000011000
141
1000010000000000000000000010000000011010101000000110000000
10
1000000000000110000001001000000000000000101000000011000000
131
1000000001000100000000010000000000001000001000000
43
100100000000000000001000001000010000000000000000000000000001
145
100001000000000000001000010000000000000000001000000000000
6
1000000000100000000100000000001000
132
100101000000010011001010010000001000000000000100000000
180
10000000000000000000000101000000001000000000000000000000101
76
11000000000001000000000000000000000000001000000000001000010
156
1000000000000000000010010000000001010100110000001000000
112
10010000000000010000000000000100000010000010000010000000000
140
100000000001000000001000100100000100000000000100000
136
100000000000000100000000101000000000100000000010000
23
10000000100000001000000100000000000000000000000000
193
1100000000000000000000100010000000000000000000000100
144
100000000000110010
127
10000100000000000000000000000000
66
100000000000001000000010000000000100001000100000000000000000
184
110000000000000000000010000000000000010001
188
1000000010000000000000000010000000000000
24
100010000000010000101001000000000001000000010000000
8
10000001000010000000000011001000000100100010000
14
1000100000000000000000000010010000001000100000000000000000
180
10011000000000010000100000000000000001000001000001
93
100100000000000000000000000000000000000001100000001000100000
61
1011000110001000110000000000000010000000001000000000010000
179
1000000000001000000101001010000000000000010000000
13
10000000110000000000000000000000000000000000000010000000
149
10000000010000000000000000001000000000000000000000
86
10000000000000000001001010100000000000000000011000000010
141
1000000000000001010000100000
88
101000010000000000000000000010000011000000010000010000
51
10000100010000010101000000000100010001010000000000000000
188
1000000000001000000010100000000000000100001011001000
192
101000000010010000000000000000001000000100000001010000
4
100010000000100000100000000000000001000000000000000000000
127
10000000000000000000010010000000001001000000000010000010010
144
1000001000000000010000000000000010000000000000000010100010
82
10000000000001000001000000100010000000000000
167
10001010000000000000110000000000100000000000100001
14
10100010000001000000001000000001000000001000100000000000
63
100000100000001000000010000000100000100000000000
46
1000000010100000100100000000000
98
1000000000000000000001000000010000000000100000
160
100000001000000000000100000000000000000000000010
34
100100000010000001000100100000100000000000000000000000000000
83
1000010000000000000000100000001000100000001100000001010001
198
10010000000000000001000000001000001000000000000000100
140
110000000011000010000000000000000001000001000010100
99
1000000100010100100000000000000000000000000001001000000
100
100000100000000000110000000000000000100000
47
100000001000000000000000000000010000000001000
23
100000000000000000000000000000000000000001000001010000
71
1000000001000001000000000010000100000000000000000000000000
23
10000010000101000000001000100001000000000000000010000000000
140
1000000000100000000001000000000111
66
1000001000000001000
87
1100100000000010000100100111000010000100000000
17
101000000000000000000000000000000000000000100000100
160
100010000000000000000000100101000001000
81
1000100000001000000000000000010000000000000001000100010000
36
100000000000000000000001000000010000100000000010
63
1001010010000000010000001000010000100000000000100000010
59
1000000100000000000000000000000001100010000000001000
198
1000000000000100000000001000000000
170
1010000000001010000100000010101110000010000000000000
87
11000001001000000001000000
192
101000000010000000000000000000000000000000000010000000
116
1000000000000000000010000000000100000000001000000000000
78
1000100000000100000000000010000
127
100000000000000000000000010100001000000001000000000000000101
15
1110001000000000100000000100001000000000001000
168
100000000001000000000000000000001000000000001010000
38
11000010000000000000010000000000000000100000000001001100010
117
100000001000000000000000000000000000000000010000000000000000
189
10000000000000000000000000000000101000000000001000000000001
142
10010000000000100010010000100000000000100000010000100000
95
1011100000000010000000100001000000010010101
160
10000010001010000000000000100000100000000000001001000000010
107
11100000100000010010100000001001000000000000000100100
68
1000000000000000010000000000000000000101100000000
76
100000000000000100000000000001000010000000000000000000000
124
100000000000000100000000100001000000000000000000000000010000
100
1000000000000000000000000000000
172
10000010000000000100000000000000000000001001
175
1000100000100000000000000000000001000000000100000
69
100000000000001010000000000100000000001000000010100
135
10000010010000000000100000000000000000000000010000100000
46
10000000000000000000000000000000000000000010000000000
186
100000000000000000000000000000
191
1000000000000000000000000000000000100100
180
10000010000001000000000000000000001000011000000000000000001
51
10000000000
182
100110000001000000000000001000000
56
10000100000000000000000101000000100000010000000000000
87
100100001000000000010000100000100001000
58
100100000000001100010010000000000000000001
94
1100000000000000000000000000000000000000000010000000100
37
1000001100000100000000000000000000000
70
100000000000000000000001000100000000000010000
65
1000000011100001000100000000010010010000000000
87
10000000000000000010000000000010000000001000000000000000
58
100000000000000000000000000001000000100000000
91
10000001000000010000000000000000000000000000000000000001001
181
1000000000000000000010000001000011000000000000000001010000
199
100010000000000000000000000110000000000000000100001000000
22
11000000000000000000000000000000000000100000010100100000
26
100000000000000000010000000100000000
58
10000000100000000010000000100000000000000100000000000000000
147
10000000101000011000010000001100101000001100000000000000000
22
100100000001000000010000000000000000000000100000000000000010
155
110000000000100000000001000100010000000000000010000000
40
100001100000000000000000000000000000000000000000000010000010
142
10100000000000001000001000001000001000000000000001010
138
100000000000000000100000000000000100010000
121
101000000000000000000000000000000010100000000000000000000000
154
10000000000000000000001001000101010000000000000100000000
123
1001000000010000000010000
126
100000000000000000100100001100001000
75
1000000011000100000000000001000000000000000000
200
1110000000000100000000001000000000100100000000001000001
124
