70 1000
10010100000001000010110010011010001010101011101010010001011000010101
180
1001110000000100000010000101001001000000000100111011000001010000110010
24
1011101000010100100001110111001001010000110000001001110010101010111100
20
1011111110000001010010011100001000010100011010100100101011000100
87
1101100000000111101100111101101011001000001010010001011010101001001010
3
110000111100101111100001010001010010010101011010100000101000110000000
200
11011010000011010011001001001000000001011100011000101110001001111010
129
1001001000101011010101010000010100110000110010000010100111000001000110
31
11000000000110010111010011000010000010101101011000110010010000
127
1101101010010010010001000001011001010101000000010010001000001000101001
103
11101110000111000010001110100001100100001000100000110000011001101000
127
1011001100010101111010000011111100000100000111000101110100000011101111
135
10010010101101000011101111101001001000010000010011100000101011101011
22
100001101000000000001101001000011010000001100000010010101001001010
94
1100101000010011000010011110010110011001110101110000000000010000111010
192
1001000000000111100001001010100010000000000000000010101100100000010000
107
110010000010111010010011000101001110101011111111000100000000000100111
158
1100011000101010000100000001000100010110100011000100110001000000011
123
101001001100111010010011101010110011000000111001100000101110101101110
70
100010100011000011011100010000001010100000010001111001100100000000010
3
101000101011001000000001000011100110100000000101111011000000000101001
54
101101010011001101101010010010101100001111001110001000010000100111010
177
100011101110000000010010100010001001000000010100001110101010101001100
110
11000110011110110000010001010010000101100101011001001000111111000101
35
10010011010101001100001001100111100010101011100000010011010000011100
24
1010110011000001010010000110011001000001000010000100100000000
10
111000001100100101111000101001100110000010100100111000110011100000011
9
1000000000010000000000001010000001101000000011011000001001101101111001
155
10010100111010101100000000011100001110111000010010010110010010010001
128
1011100000010101010001111101111101100001110000101010100000100000000111
62
1110100101000000010110000111111111101010011101101101111101011000100
78
1110010110000000111001101100010100010010011110110100101010000000000
104
1100011010010111010110011111110101001000000000000111100011111001101
90
111111010010000101010000000010001101010000001011010100010000000101
124
10000000100011011001001010101010001000101110010010001000100001000100
130
1100000010100001011011001000000101000010010011111000000100010110100
158
1001101011100000000000000010101010110000000001000001010111011101010100
85
1110110000101000111011110000001010110101010100011100001100010100000010
178
110111000001111111100000000100000100111100101111001001001011000111000
72
1100110111011000111000001000001100001001010101101101110100010010000110
79
1001011000000101011000001011101000000001000001001000001000010100000100
119
1100000111100000011001100100000011110110001110111100000100000110010010
58
11000011010100000000110011100100010111000101100001001001011001011
68
11100100100000100001111010010111001010100010010011010001010001010
151
1110111000000001011110001010000111110000101010111001001110011111001
30
11100001001101010101000110000000000001010001001111110101010100111111
140
1100110010000001000000001110100110001111001101111000100100001110000
16
110110010000100101111000100000110110010100100100100010100000101000110
132
100110100001000000000010000010100110000000000110001011000010110111101
198
110110001010111000100011100000000110000010001001011000111101111011000
109
100100010000100101010110010000000010111111001100100000000001110110100
104
1101111111101011101000101000000010100001010000100000010000110100001101
65
10011010100100101010010010110000000011101001110010000010001100011010
110
1110001101110100001110000001110011001110010010010001111000010100
151
1000000010100001000010010010101000101011000000101100110000101000000
39
1001100100100000011000100011100100110101101000010110010100101011010000
164
10000001111001100011011000011101010010001001110010101000001101010100
66
1001001010110100100000100000001110010001011101011101100000100010
156
1000100111100011110110011001111011000100001011100111001010000011100010
155
11101011000001010000100011100000100010011000000100010010010011111101
55
1111010011000110100011010110110101000100000011010111000101000110100
123
1000011110000100011111001010001100010100100100011010100101001101011000
99
111001110110101000000010000111100001110111001011001010101110000011001
189
1100011001100100000110000000000111001001010110001000011011001111000100
149
1000011001001110110011110000011011111000010010100100000110010001100110
141
110100110100000101100001001000111001000000010110111110110100000000101
109
1101000010001111100101011100100001100000000010100000011000000101101100
190
10010101001100010001000101010000111100001001000100100011000111100000
139
1101111101111000000000010001101100110001001101011000001000001110
164
11110011110000101011000011001111111001010000011010011010010110000000
7
1000010011001100100101000101101001110001111101110000110110011011010000
54
1111001100001011100011100010111101010101100000000001110111100101100100
51
1011001100100101100000101101001011000000010001000110000000011000010
133
11011100000111101000000010010001100011011011000010010001000101
122
1110100001011011010000100001001010000100001011010100000100000001100000
181
10110010110110100011010000001001001010101000000100001110100000
109
100100001000000000100000101110011100101101010000100000001110000101011
169
1001010010001010000000111101101001001000011110100001000110011111
32
10011000100100010101111001100000001110001101110110111001100000000001
33
1101111011001110001010010011100010000001001101111011010011110111000100
186
1001000011000000010101011101011000100011000111111000000101010111000000
161
10001000000110110000001010100101011001010100010001011000011100010100
101
1000101001000001001011001000000101110010111001101000000110101001010011
90
1110101110000101101000000010110001000111000000000001100010100111110000
113
11000000111010100010110010010000100011011001100001010001000010111011
160
100111011000110000000110101011011110000110111000000000001100010011010
169
1100000010101011100001000100101110100001010101101000010111101100010011
16
101111010001000000000001110110000010010011111001000001000000001010
4
100110100011100111100000100101011001001011100010001011101000010110100
115
1110011000001100100010011001000000110110100000000110010110100000111010
93
1010100110000011000110011000010100000010100000111100111010000111010
102
1101001000001100011000100001100010110000000000000111000000111000100101
175
10001101100001100001000100001001010010010000101110111000111111001000
93
10101001111110100100000000000011100011110101001001011011111000111101
165
1011010010111010001000100100011100111011010100010100010011000100011
153
1000011100101010101000110001000010010100010000000000000010101001001
10
1000001110101000011000101100000010001010000011001100001011101100000010
86
101010001101001101000101100110110000010100010011001011000000100010100
41
110110000000101000101010000100000001111111010101010000011010000100010
29
110101110100010001101010100010000001100010101001110100100101001000010
18
100100001110111100011100101001000010001011011011011101111010001001010
9
1000011011000111010000010110011010000011000101100100001001010111001011
197
1101000000010001110000011100000010000001100011010000110011000010100
158
101001010000100100000011000010110011010010011000101100111001101110110
48
100000001000001100110101001000010111110110110010101100010101010100000
16
1011011010110011000000100110100110011100100011100010101100001010110000
141
1100101110011000000000100001000110100110010001001100001010110010001000
75
110001001101001001000010010001011010010111011100101000110111011100
63
110011001111111101100001100110000010010100011101100010010000100011000
9
1000100000000001101011000000010000011010000000101110000001000100010111
148
11101100101100101011010001110100101101010001111010001101000011110001
135
11000100100110111100000000001001100000110001010000011101010101011001
193
111000110000100010110000111111101000100111000111101100110001011000
113
10110101011100010001100000000000010011101011001010001001011001011010
50
111100100001000001011111101100110110000101111010110000100001000100000
176
1110111111000100100101111011010101000101111001000010010110100010000011
34
1100000100000110000000111100000000010000000101000010101100010101110001
29
10000001011100111000111110100000111100101011010001000011001000101
62
11001000101011001011010111010111111100010010010001100110100101111011
147
11000110110001100100110000111001000111000110100100010100101100111000
47
1100001100111001000000000100100010001010110101101111001000001000110011
130
100001111010100010010000001001010100110010101001100010000010010001001
144
110110110001100000010001011111010101110000000001100101010110101100011
196
10010010110100001010111101000110011111110100000010010001110111100110
103
1110100011000010000000001011001010000100011000101010110010000000100001
91
1011101100100010110000010011001110001100110110011110101001100101110111
128
1010000000000011100110001000011001010011001100011101101100110001010000
107
1010001001111100000110011101001001001001010010001101011000110001111111
26
101000010101100000111000100000100110101000000011000000011100100000110
29
1101111011100010110000100110010000000100011010010000110011110001110011
104
110011111000100111100111011000011000010101110100000000101011000110110
155
101001001001110100001010101010101000011010000000010100111100001101100
5
1001011000110010100000010000100010101100000000111110000011110001111
33
110100011110011010000011001110101000000110011001100001000000110100000
22
1101001100001011111100000011000100001000001011010100011101010001010
107
10000000001110010110011010111000000000000100111001010010100010000
192
1000001001001000000110001000110001010110110011010101110000001100010
44
1110111000010010101011100011010010010001101010110001101001111101110000
187
101000000000001011001001100110110000100000000001100011100111111010101
79
1011001101101000111010001001011011100000011100100001001000101001000000
36
10101110110000110111100010100001011001111010100000010010000000001001
124
1010000011011111110101011110001000111010010010001000110010011111101
195
10100001010001111011010101001100001001111000010101010101101001100011
76
10000011010000010001011111010110100110010001100001011000101010101101
37
110100001011010101111110110101011100101010111000010010101001010001111
147
111111010110101101111100101001011101111101010100111000000000110010010
123
110000101010010100000100101000111000101101011110100001000011000100000
53
1101100101001100000100010010000010000000110111100011011000000110010000
163
101110001000001100000111000100100100000100011000001011110110010000110
123
111101000010001001000000100101111001101010011001101001111000001000000
105
1000000001111000101100111000000100001010010100011010000110110100000
168
10100010001111111010001001001001101010010001100100000101010100010000
141
10101100000110010001111110111100000000111110000111011010001000110000
65
10011100110110110111000000010100010000001101001001001010100101001000
40
100111101010011000101100101010000100000100110011100010010110111010011
159
1100111111001001100000010001100111111000000001001100010010100101000101
198
1001111001100001110100100011101011001000000010001011001010000000101000
25
111001110000010000100000110010111100010010100010001111011000101000000
126
100100100010111100100100011100000011001101011001110101101100001000
12
1100001000101101001001011101010110110111001110100011010111001000000
99
1100110110001001101000010111111010000000010101010011000101100110001101
51
111000011110010001010100100000100101011000111010000001011110001000000
4
111011010000001001100000000000011001100100111001011001011001101011
142
1010111010100000011010010010001111010010011101100010100011001000000100
168
111111000010000001011010011101110111100101001011001100011000101000110
161
101000001001001011101000111100010000010101001010010000000111000100110
117
100000011010110011100001101101010010101000101001111010111010110100001
147
10110011110010111110000000000100101000011000100110000101011100010110
196
100101101110001110111101000001110010010100011011001011010000011101100
160
110010111111001111000001001110110010010001001010001111000001001001
99
1101110111010100010000101000011000011101100111000011100010101101010010
15
111001100000101000010101000110110100000010010000000100000110110000100
73
1101010100000001100000110100001110111001111111011010001000011110001011
82
1000011011100111100010001011000010111001000000101001000100010100011010
136
101000000010110001001101011000000110010000110100100010010000110101001
166
1001001011100111110110110110001101101111011100111111101011110011110011
194
1110000000010101010101101100000000001010100001111111101000010001000110
22
1000011100010000000010010001000100010010100000101100011010101110111011
188
100100000001010010010100001100010010100100000000101100000011011010
122
1111101001000101100001000010100111110111110000010110111100111010000011
56
101100110010000001010100000011101101000000000001001011000111010110010
177
1001110010001110001011010001010110000011000011101000100110110001010
35
1000100011100000110011110100010000000101111010110100010011100010000000
147
100110000000110111111000000001010001001001001100000001000110001001
172
1110100000000000101000001100101110110010110000001011001001111100101111
78
1010110010011010000110101000011100010100000101000000000000000100001100
12
1100100100110100110100010100010010100011100001101101001000010011100111
33
10000000010000000010100110010100110100010111010001001101000000010010
76
1001001000010001100100100001010110110001100101000100001101100110111001
102
1100111001110100100100111101101010101010000011001111010110001010001000
189
1100000100000000000101100100000000011011000000010111100000001011100111
44
1000100010111101110110000001010011101101001000110110000010001011011011
188
1110001100000000000000100111000010000000001000111000100010101000100
186
1110011100010100100110000001010000001000100001011001000010110100000111
168
1010001100101001100011100011011001010011110111010011000011001000010
87
1000010001110000001100000001101010110101001110000100011100010111011
70
110100000101101110111010010111010100101001011100101010010111011001100
9
10100010010100001111001001010101111000111110100010000000000000110
168
1000101000101101000001011110011011001011100100000100000101010100000110
106
1101001110010100100011100001100001000000010110111101000010101000001
89
11000010011000100000001001000110100000000010001111010000000110000000
120
1000010011101000000100001001111100101001100111011001101110101101010000
129
101100000000010100100110001001010100000001000101100101010010001001000
135
11010001001000110000111110000011010100000100011101000110001111001001
159
110011000110000010110110011101000001111000100000011110111101100001
190
10000110100100101111000100100101000100001101000100100101100000
110
110100000101001100100100001001100000000011101011001010011010100010010
122
100101011100101000000001001001000010000000111011011101100100000101011
93
1110010000101001011100100110111101011000101000101001100000000001000100
83
1000100010100000000100001010011100011100110101100010110111100010100
190
1110011111101000100100001001011000101010100100100100100011100001111111
113
101010101100101110101000001000000110010100000010010010011011100001000
138
10010101000001000000001001010110100101010100010110010010111011110
53
111101110111000000001110110110000010001111010100000010011100010100
163
1100000110110000010110001000101110100101110100101110000111011001110010
66
1010001100000100101100010011110100010000011110000101010011110000111000
175
1000111000000101110010010110001010000011000110101101010000110011000000
45
1000111110010010000001010101111010111000010110011010000001110000111101
182
110011000000101100010001101000011111111100001100010001001010000100
165
100001111000100100010100011110110010101001010001010100000001110011010
5
1000010000110011011011101011101010000011100010000010000000000111110
129
1010110000100100000101010111000001101011011001011011011001000100111010
112
100011110110010000100101101100011010000110000100111011001110111011100
115
1010010101011000011110100110000010001010000001100011001101010
146
100000000101101100100100110000010000000011101110010111100100011010101
86
1001111000000110101000000011111001000000010010110010000101000010100
184
111100100011110001001110001100001010101000001101010010100001
42
1100010101110111001010000000000010001011000111010000010011000011000000
58
10001010111010011010001001001111001000000000010111111111110100001100
62
1011001000110000100011010101011001100110001100000100001011001010110000
45
1101111100010110101100000101011110110100011101011000010111000010001011
71
1101000010011100010000100111010010101000111000010010101011001101110100
41
1001000101111000011000010010001111000100101100111000101000010001101
87
1010001110001000001101010101111000100111110010000001010100101100000101
6
111100010001000001110011000010000010111001100001010111000010000010111
42
100001011001010000100000000010100101000101001100011001100000110100000
103
10100000100001000100101000001101011101011010001001001010100100010001
152
1100110010000001111001010110101101011011010110001010001100000001100
147
1001101110010001000100100101001000111010000001001101100110111010000001
1
111011001011001000110101111011010010010000101110000010010010100000101
92
10100001011011101000011100000000000010101000000101000110110001101101
48
10101100000000001000001001010000010111100010110000000001110011101010
110
111000111000100000001010001010101000100100001000011000000000100010000
38
1010101110100100101100010000001010001010001011100111011011101101100
180
100100010110000001001001000101100001000010000100001001000000010110010
134
1101001111000111010000011000110000000100111001110000100011100000
124
1001010000101110001100010001100100011000010110110010100101010100101100
164
1100100100001000010000000000101000001000001100110111101100000000010
106
1011001000000010001000001101000101000110001000000110010010010000000
34
1001110001001000000101100001101101100110110000011001111101
30
1011001100000011100001100011010101111000001110110001110000010101111000
172
1101000010011100010100101010011000000011111100000000100000111000000000
107
1111000011010101000010111110011000100001000100100010110000100100110101
167
1110101101100100000000010001110101111010010001100000110100011100
158
1100100111001011010010101001101000011100010001011001010001111010000110
12
100010011111110000000000010010101101100010011101101101000111111000
121
11100001100000110110001000100111101000100011000100001010110010010101
110
1011000001111000111011110100110011010000010001001101100011010111000001
17
1001011000100001011010000001001000000111001011110010100110111111100000
79
1011111101010011000111101011001001111111110111100001000110110110111001
52
1101001101000101000001100110011100010110000000000101010111010101000101
130
1001100001110000100000000000110101010100001001000010010010100100001000
192
1010010001100010111010000001101000000011101000101111000100000011100101
78
10101111110010010011010000101100010110000001010100000000010000011010
26
110000000100010001011000000110001110001001010001100000001000011110101
10
1110010100001110111000001010010010100010100111011010011000100010110010
16
111110110011100011101001110000011111110000100001101101000111000001010
171
1011111101000011100000111111110000110001101010100110001000100101110000
94
1011000010001110000111110001011100110000100101101000100011110000111111
52
110010001000001101100001000000100100010010000010101000000001000100001
70
110100110000000000110000111010111111110010010001000001100010000100110
107
1101010110001011101000110011100011001000000000010000000110101100000011
30
110100000101011000010011011000100011100100100101001110011001000000101
172
11101011001110000000001010000001100100001011110000000000000001
63
1000010011000110100011000110010110100000110000001000110000110001100100
14
1110100000000011000110001000100011010010000110010110100110110001000000
148
111100011000110001011101000111111100001110011101001100111001110001000
113
1011110001001100000010011101010100000111000000011010001110010001011111
128
1001011110001001000001001010101010010000010000001101001111000110110
147
10011110010100001100010000101111000001010111000010010110000011101101
106
111100000010001000000000110110010110010110100011001110000000000001000
151
10110010011101011111000101101010101010100011010101000011101101100
19
100000110111101000101110001101000100010000110011011011000100000000000
11
101000100000000100100101010110110000010011000010111101011111001000101
168
101000100000111111100111001010011000100101010100010011100101001100100
127
101101101010100010000000010101011001100001001100100100000001001000101
85
1000010100000000000111111101011110100000000111001010000000001110011000
113
1010001001000000100000010110100000000010110011010001010010011010000
66
110110000001001010011010000001010100000001110101001000101000101101001
146
10111101101010001000100010010111000000111011001000100100000111010010
137
100011100101011100010100011000000100000000000010000100111010010101001
55
111111000110101000011100011011001010110001010100010000000110100111101
174
1000001001111001101100001000100100011011010001011101010001000100101001
46
1011000000000111011100001010001101100011011001111100010100100010010001
148
101000101000100000101000111010111111010011111010001101001000110001
137
11010001000111010111111100010111100110000010000100010001110100
60
1001110111010010010011011011000000001001110000001011000001111100110100
170
100011010001001011100000011010000110101000000101011101010001101011001
172
1101000010010000000100010110011100000101111100001010000011001000011001
195
100100000100010101001001000000000101110100000000100010001011111111000
162
100011000101011000110011111000010110100101000010001001111000010
2
100000010000000000100001101100010110000000110010001011001000011001000
130
110110010000110000000010011000101000101111011101000010110100100000001
119
101011011000001000111010001010110100011100000011000010101010001000000
71
1100000001000101001000110011011011111001001011001000000001000000001001
26
11110101011010000001000001010111000110000101010101010001000010100010
165
1101011011000100000000101101111000000001101011000000000011000100010
200
1001110001000100011011100000101000010011000110110011110100000010
134
1001101111110110001000101010010001110010010000000010110010000010000110
9
110011001000100000001010001001011001000001010100110010111000010001010
126
101100000000000100110000110000100000010000010000001100000100100111001
96
1010000001101100010000100000100000000100101000110001010110000011001
50
100100100101001101111110101000011100000011000001011100010011000001100
64
1000000001110110000011101100100111011010000011101101010100000001100010
176
101001001101011110001101000110010010101001000010101000100110100001010
196
1110010010101110100100111011111011101111111100100011011010100101010001
80
11111010110000101001111101000000110000110000100101100011001101001010
86
1010101101000000100000000010100000000100000011101011010001011001111011
58
10011010000100010000000000100000010011110001010001000000001100010101
52
1000010100100110111100111010111010000100110011000100110001001001011000
3
1100100110110001100000000111100000010010000000010000101111010100010011
22
11101001110000101100000100100010101011011010010100000010101110101011
65
111011000001011011110100000011000110011000100000000111001110011000000
142
100000001100001110000000001100111000000010100010010100010110000110000
82
1010100000000111000101010001011100000010010110101110000011001000110
34
101111100101001010100100000011110000000101111001001010001000011111001
184
100101100001110111101111100001111110100000010010100000000101100000000
66
1000001110100011101000101101000001111000000000011110000100010011010100
5
100000000110100001010000101001111000101000010001100101011000000010110
167
111110101001000100010000110010110010000110100010010111000100010001
41
1000001000101001000000100101100101000101000111010001010110000100001010
138
1001011000100001100010110101101111011110010000101101010011000101101101
185
11110001000011100001100001101011011101101111000001011101000000110001
34
100011000011100000110010000111100010100011000100010110010100101110
35
1100100000010100000100011101000100100100111111100011011000011011001110
31
1010101111010010100110010010111000010010110111010110101100010100
194
1000000000001000000001111000100010001000010010000011000100111110000110
57
1100100111000100001000100001100000000001100110011000001011000000011001
108
1010110010001101000101001011101010010101011010011011010000011000101101
41
1111100110101101011101011100100100001101000000011100110101000100001011
150
100011010000100101000000011011001111000100001100100001010000010101
173
1000000011100011110111011001100011100001001000000100110011011110010000
140
10100010010010000000001010000111111001001000000000101000011100110101
190
1010010001000000010000011110000000110100000101100100000101101000000001
124
111111011100010110100100001010001001001000000100100011000101101
188
1000010001001010100100010010010011010111000010000110101000101101100111
22
1110100101010111110000000000110101010010110010010000101000110001000
191
1101100110001010100001000001001001011011111101010010001011010000100010
132
1100011100000111101111001000000010001000100011110010001100010000101000
65
1000110100011011010010101010000001110010010001011010100001111011001111
61
1001000001010111110001111101010101000000001111100100010011011001001
31
111010100101001010111100110010101110101011101010011100000100100101001
99
11001100000101000010110011100000001001000110111010010000110001101010
137
1101010110000001110111010110010101110000100010000010000001100100001
37
1000111100000100001101000000000000100100011000010100010100101000011000
113
1010110110000100000100010101010000011000100101000100000011000001000001
139
101111001110000000000010000001001000011000100011100001100100000100010
189
1101110001011110000001100100010100101001000011111101110101111000010100
183
1110001000100111011001001010110010010011100010100011101110001100001111
128
1000111000001111001100000100110001000101000101010000000110010000000
64
10000011011110011001010100111010101111011011111001110101110100010011
194
101000001011101010000011000000010101001000000100000000110000000000000
151
11000101010011001001100101001101110101010010101010100100001110000000
117
1010011100110011101110110000110011110101001100100111000101101010001000
2
1101001001010111000011011000010100101001010100011001111110100011010011
2
1000001010011011111000011001111010000000111010101011000111001100011000
53
11001010000010001000100000100000010000010100011001010100001
91
1000110010000100000000000001101010111001001000011010110011000110011101
196
1100000110111100111010101110000000111001000000101011110010100100010011
72
101010001111001000101000001110111100101110010010000001101100111001100
166
1011100100000100101000001011101011000000011000100110000010000001101
85
1100101011110000000100000011100100100000011100000000101010000001000111
142
1000100011000100110101011100100101101000000000001110111010010000100
31
1001011000111110100110111000001000100000100001010101100111101001000001
124
1100100011111101010011001000100100001101001000000000000010100000
64
10110110110001000001101010101100011011000100000100001001101100111110
68
10101010100100001101010011111001001101111100101110000011110001010000
35
1111000110000010000001110000101001011000111010111101111010110010010001
161
1001011100110011000010001000000101010000110010100000000110000110100000
193
1001100100010000010101001100111100100010001100000000011100001101000
103
11001100110000111101010000010000100110010010100010100101101110011011
20
1000100010011100010001001000010000000101110101100100100010100100
95
100110011101100011011001110010010100101101010001100000010010001100001
71
100001101100111011100101100000100111000000001010011000001000001100001
25
100010101101000000100000001010000000000100110000011000100001000001000
179
11110101110011000110000101001001000011000000011111000001101
146
1100000000010100000000000100000101111101000111110001001110001000010010
167
10001001000100100100111001001011001110011010111110100100000010011000
1
1010111001010010110010100101101101001001110100101111101001111100000110
9
1110011001100000110001011100011000000100001000100000000010001010111111
99
1011000010001110110101101101100000100111111100000101100010010100100111
11
101010110000111000000110010100100011000010100001010010000000010110100
48
100100000100000010110010010100010100100001011001000010101011100110011
195
1110000110100010111101000101000100010010011000100100001111000001001000
150
10000100000101101110000111001001110000001010101101000100000111101101
101
1001101100110000111111011010100100001001001110010001111001101001011
149
101001001110110001100110001000101111001101010000100100001100110000111
122
10000100001110110000110100000110000000010000010100101100100100101100
133
1100001000010100000000000011011100110011001010010101010100001100011110
164
1111100111110000011110101000000100001000010001000000100001010101001001
187
1101011100000111100001001110111000110001000000010010111010000100000000
138
1011000010000000100100111010101010000010111110101110000001110100001111
101
101110010001010101110000110001110001110111010000011101001110011111000
19
110100010110111100101110010100000110110000000000000010001000001001010
49
1010101001000001001000000010000101010011001100001101000111010011001
92
100100100000101110010100010000110001010000001000010000000100000000010
39
1001001000101110010001101100000110010111010011011101001010000010001001
151
1100100100100000000000100000001000000001111111100011101010000110010101
140
100010100010011111110110000000100000010101000100011010001110010001011
189
1100100111110101000001100001100011001111011110101000100011100000
152
1010110001110110100001000000100110001000000010100000110010101010001100
65
1001100001010011000001110110001110011010010100001000000100110000000111
6
11000000110001000110001100000111100000100111010001010000000100001010
39
111101000000000011010000010010110000010000001000001010010000000010001
9
1000000110000011010100100011011100010111000111011100100000011111
174
10101010000010000001010000100110000001001101001000010100000010010011
179
11101001100101111011010010010110000100010110001000000010000110001
144
111001001110100101110001001111100001000011000000100000000110001000
28
1100000000010000111100111011000001011010010001101000000011011011011010
33
10011000000100000101011011010101000101000110101111000011101011001
53
1101111100101001101000001011000001100000010100100100001001111101
88
1110110000100001010111101000010100111100101010101100001000110111001100
21
1000011111100100100011101011101000000001000100000101001001001000000110
54
100111001001100101110000101111100100010001011000100010111001000101000
56
101010011001000001000100001111110101011110010000110100011100010010010
1
101011011000011001001010111000110000100000110000100110010111010011
4
10100010100011011110111011100100010001000100010111100101110101
54
1111000110001110100110010100010000110001001100001001000001010110100000
114
1101010010110101010111000001001101000001100001010101011011000011100001
25
1011110010001110101101100010110000111110001000101101110000100001000110
25
101010110111110100000000101001000001011000000010100111001010011101001
7
1010100001010010000000011110011001001110001001111000111001000001000000
94
11101111001010111101000100010000000011001101101101011001111110
107
10101111111001011011100100110101100100110000000101000100010101011010
42
101010001100101101001000100101100000010101100010001000101010010111001
22
10001011110100000001110001010101000110101101000001101000001101000001
180
10111101011100000000010101101100100100000000001010110101100000010100
50
11101100000001110010010000100001001000000001010001010100100000000010
70
11100011000001001110100101100000010110000001000110001000000001000000
12
1000100011101011110100000010110110001001000001100110101010100110001
35
1111010101100110011100001000000100001000011010010001010110001001001
97
1100000101001000001111011010001111101000000110100111001101010010100001
7
1100100010001100001011011010111110110010001011000011111001011100000
101
1000101000010101010000100100001000000100100111001111010001011111000110
34
111110111110100100010000100010100111001100110000000010010001000010
95
1001110111000101010100001011001100110011000010010100111001100111011001
70
1000000110000100011011100000001000100111001000110011000110001001111100
48
101001000000101001100110010001001000101100110100000000110001000010
85
1011001101011011111011010011011100101010101000010000100010111111010000
79
111001101011101001000111001101001100001100000010100000000110111101
35
10000011100100100010000001110000011010101001011110101000100000001100
71
1000000101110101011110011100010000110000000100001001010000110110001110
149
1000010001100100000010001001010010000011001101100100111001000010001000
194
100111100000100101011011000100101011101110010011000100000000111
66
100001001010000000011110000110100001000001000000100100000100100
186
1100110100101100011101110000000100101000001011001110101100100100101001
13
111001000111100100100000101000001110011100101001001001000110110000000
29
1011000101111110010000001000001011001001000111100100101010101111100000
174
1011010000110001000101111010000100011110100000010010111001001011010
139
1100001001000001100110110000001001100110101010011000000000010010001110
28
100001001011111011011110101000011001001011000010101011001010110000011
71
1111010100000000000110100000000110110000010011000010010000000001010001
36
1101110111011111000000110000010100010011100011000010011100010100001010
76
110110000111100100101110100000000101110000110000111010010100101101001
122
100110010011010001100010011000000000010100110011001100000000000100001
5
1101101000000000111111010001011000000000100000001001011110111010000010
156
100001000000011001111010100010111000111000101110111000000110000101001
171
1100001010100010010110001001001101101010100110100111000010110111001
162
10101100010000110000010011100000010000011001011001000000101011
144
1100010000000100001001011000000111000100111000111101000011100100001010
191
1001011001110000010001010011101011011000000000000001101100100100001
113
1010001001000101001110100100001010000011000110010001110100000011010000
163
1001000010011001111101100101000010000100100110100000000101101110001000
110
1001100100000000100001000001001100001110110111011100000001011111000000
128
10110100000000101001010110001001101001110101010111000111010000001
168
1001000000100000010000010001010100011100110000100011010000010110000110
108
1001111001110011100000100100101001001001110101001111100110000000110010
184
1010100000101110000010000011100011001110000010011010100001100001010000
181
1101100111011000000010110010010100000100001111001110111111000110001001
45
100101100001101001100100100000110001101000101011110110000100110011
101
1100011101100011100110111011000000101000000111000000001010100100110
125
10110100000001110000110111001100100111000100100011000110110011000001
99
111000110001000010100001010010010001010110011011010101110001101001110
39
100001101001000000110101100000110100010000111000100000100010001111000
85
101001000000000100000110100001000100100110001000111101001000100010000
125
1101001010010001000000111101000010000010010111000000101000000111111011
191
111010000000001110000000000010101010110101110101111011100010000011
56
1000001110011111101000110110100011001100110000011011001011001110001110
15
1000100010000010010111111100001111010110000001001000000111010010000000
112
10111110100001000001101101101000001001000101000001100011110010110
151
10111100100110100101000001100110010010100001000101110010101001110010
165
10000101100010110100001000001000010100001000101100010010000100011101
66
1011010001000011001010000100100010110110100010000000100001001000000110
64
1101101100000000100001101011011100001100010010100001100001001100111100
50
110100001001100010100000001000001100111010110101010001001111000001001
73
100000000001001001010100000100011011001011010000100100000001011110011
159
110000011110100010010101101000001010001001000010100111100010111010
125
101010100100001101010101100001100000101101010011101001100111100101000
119
111100000110010000010010000100101100101000000100011100110111000001000
73
11100010000100001101010100100110001010101001001001001110101101000001
76
10101101001011100000010111001010011011101100100100101100101001100010
164
1101110110110011111000100000110010100100100100110001101101000110011000
43
1010000000000000001101000110101001001000001111000111000111100111011101
188
1001001001110000101101110000011010000100011100011110001010010001001110
147
1110010111010010111001000001000000010100001001001100010011000010001001
26
1101010100010111101000010000010101111001111010001000010100110100000
177
1001000001011010011101100000100100110000111101001000100001111011101010
189
111010110000010000010010010001100010000011101000000000001101110011110
57
1101000000110001001010011100001011011011011001100011001010011100110110
185
110001110000101100100100000001100101111000100001011101111000101010101
174
101010010011010111110100000011100100110001000010000000001000001100000
173
11100111100111010011000111110000000000100001100010100000101001000100
127
10100101111111010001000100000110011001001111111000000011000101110000
199
10101111101110101100001110010101001100011001110111010010101000010100
125
1000000111010100011011001101100110011010100000101010010110010000100111
199
1000011000100011011111110011101011000011011010110000100000001111110000
193
1000001000111100110001011111101000000111000000111010000010100010100
183
1010000001000010011100100000100100000011100110001001101010100000010101
159
1100111101010000110110100001100000010111010110011010111110
68
10100110000001001000101111011011100010011100101111001100100110110010
44
1111110000100001101001011100101110000001000110010111001000001010100000
151
111001111111000101010000110100000100010010000001101010010100110100101
90
11110001010101011110011100001010101010010000110000011001001000110010
46
1000111011011001001101011011100101000010101100010110000101000101010000
145
1000010001100010000010111000001010100000010001100110010101010010010100
13
1011110100000100000010100010110010011111001100000111101011000010110010
10
100101010110000111001000010010101100001100100110101011000010010101110
128
1010101100011001011100010000001100000101110001000010101101000001100001
161
1000011100111010010101000000010000010011110111100101010011000100000001
116
10010001001000000000101010000110000101101110000100000111010001001101
183
100001010000001111001000011001100000000001111000100101110001100100010
186
1011001110000001111011011101101001111010011001010010001001011010001101
149
101000001010110111000000000010010100000100000000000000000100100000011
110
11010001101110000111100001111100111011011101001110101001000110000101
170
11010001101010011100001001101010111001110010101111011001010001101101
3
1010100000011001111001110100110001000001101000000001000101001000101110
174
111000110110000010010110000001001100100110110010011011100101111011010
15
1000000010001110110000111001111000100110000000110001010000010111111001
162
111010010011000111001000011100000011100000000011010001001100000100100
22
100000100000000010010000100001110011100010110000010101100111010101110
35
100001101110000000010100001010000110100100000111001000001101100001000
90
110101011001001110000111101100100101010100010010111101000011000101000
73
100000001111000111101011000110011110100011101000000100001011010011001
146
1011101100001000110000000001110010010010000010001110000011111100000000
17
1010000011011011000000000110101111001110101000100010100100010010000100
157
110000000010111100001010100110100010101101000110100001110000001100101
90
10000010101010000001010110100101111011100010000110110100001000000
98
110101010100001110011100000100000100110000011110010010001100100000000
151
100001011001001001101100100100000000110010001101011110110000011101010
2
10001111110010111100110101000000001011000010010000100000100100001101
139
1000011010100111100001000110111001001000010100000100100110001100010011
94
10111000011101100111000011001111111111010101000001101001011000101
11
111001101010011101000011011001100100000100110011100000010000111101010
93
111000001101000100011000100101000001001100100011100000010101011111101
86
100100100010011010111001110101100100101000000010100001110010101100
69
10000100000000001010100000010100000000110100001100010111000101110
131
11010010111001010001100100000101010000000101111100001101000001011110
47
10000010000001011001011100011000010011101000101110010111010001011000
126
1010100001111010010000010010010101110111000010001000000001100001011101
114
1111001101010110011000001101001100000001001010110010001110001111000
186
1111000110000100000100000011100010001101110000001101011000010001001010
192
1010101001101010000001011110000100111000110000010010000000000100100000
5
1110100000000010111010100001101110101100001100110000000000110010001100
96
10100000000110100110010001010110011000011100000010001011001100000100
192
1010001011101000000000010101000101001000101001000010001110000010101111
93
1110011011110001000101111000101000000100110010111101100000011111
8
10101001100010000011011100001010110111010100010000100010100110110
86
100000110011111110110010101111000100101010001100110111111110000
71
1000110100111001110001100100011101100101101010110010110001000011110010
114
11010001010111101010101000000110110110000001101111000110001000011001
9
11000110000101111001100111010001001101110010000000001001010000100100
16
1110000100110001010101110000101111110010010011011011000001110000111010
20
101111111010111111100000010110000010000101101110111001001000001000100
8
101000011000100011110000001001110000001000001000001000100101101110110
198
1101100011101101010010101110001010011000111100000100000100010010000100
89
1001000101000111001110000000100111101000100100100010000011000011000100
8
1100010111001100001010011100111110000101010101110001000100010100001100
52
10101010111011001001000000100110010100110001100100110001110101110
37
10110100100101110100100111000100001100101000000001010010000000010010
25
1001110001000000000001001110100100001101100001111100000000101110100001
164
1001001010100010000010011110010101100110110101100110100000000000100110
37
10010011000100001001111010110000000101101011000000101100000001101101
198
1100000001111011011011011000100000101100010010001100010010011001001101
12
1000001100000010000011100010011110000001001000001000010000000101100
96
1001010010010011010010001000000010000000010011100010000100010110011110
155
10001100100011011010000001110110010000001010101001100110110101001100
173
1011000100111000001100011010010101010111000001000110100110001110000100
169
1111000000011110111000000000011100000100110010000011011111001001110101
52
1110101010011101010100010011011010011100111110000000010001000001110000
48
101010011000011000001111101010011010100001110111010100000000010000000
160
111000010000001100010111001010100010000000101001000001000010000001100
138
1000110001001111110100011001101100001100100001100001110000101110010
108
10001100101110001110100111100000010001101100100000010100100110101100
54
1001100110000000110010000010000000011110010011000000001111000000000010
78
1101110001101110010001011100110100001111011000010000011100001010011111
36
11001011000010100001000000000000000010100111110101011101000110101101
55
1010011000001010010010111000100011100010011010001001000010101100101001
180
1010010000001101000010001000000001001000001001110100011011001001000000
124
1001010100011011000100010000011001000001000100100010011100110101000101
182
11110111000000100000000000111000001011011010010001110111100110011001
48
1000110110010010101100010010001010100011000010100100111010111101100101
62
1100111000000111000100010011101110110001100000101100011010110110000000
172
101011101100010011011000001101000001010100101100110011001111000001111
104
101010110010100101011001110010100001101001010101101000000001011000000
89
1010110000110000001010110100110111010000101000101111010000110011010100
82
100001111010101111010010110110010001100111101101000010001000000011
89
1110100110010011110001100000110111010010001010000100011011000101100100
86
100011001000010010101001000010100010110101100101110111001101111101011
63
1001111011011100000110011010110000110010010010010000111001101000001010
169
1101010001001011000001110110000001111011000010000101100000110000110010
3
1010100001000001001010101000101100100101000000110000011010000010000001
27
1110000001100001010010010000001100001001000011111000101100000000011000
64
110100000110000100000110100110110101010001010100010001000101011111000
44
1101010100011100001111000000101100110000100001101000000110100010110001
145
100000010110011101101100000001101101001000010100010000110011000110101
55
1010011100111000000110000000101111000111000010000100001001000010001001
59
1000001111000100010001000000000010000011100011101111100001010000000
126
1100000101001001111101110000000001101001100000010100100001100000001
118
1101000000000100000111100010000011100100010110110000000110101010101100
19
11110000000110100001001100011000000001100101010010100100000010000011
177
1000100100001001110101001101010010100100100001110001101110010110010010
6
1000110110100001001100100011000010000010010001101001111011010010011100
39
11000001000001100100101111000101000010000010000010011001001100100000
165
10010101001100101101000010001100110100110101010001000100011000011001
20
100111110101111000100011010000010010001001000001010100110000001100010
187
1100000000111011100001110000011101101101001000101001000110111001110
161
1000110110110000001010011010010011000000101110000010010101110011000101
70
101000101011100011000100100101001010001001000000110001010000110101011
154
110000111001000101010000000000100000000011110111001101011100010101010
67
1001011100001110011110000100010010010011011101100100010011111100010
2
110000000000000011111111010000101001001001110010001010000000111000010
30
1010111010100100110001001001100111011001101000101100110101101011100011
59
1100001111100000010100001000101001001000000110000001100011110101000111
6
1100011100001100100000011001000110011000000111010110110100001000011101
17
1001100111000100101100001000010100110010001100110100001000011010
2
1011011000011100010011001001101010010000011000000000001101010000
179
101000100101100101000100010100001000101100101010110100010000001000
48
1100000110010011100111011001000101101001000101010011000010010010010111
16
101110000010001000010010001111000110011010111001001111000010010
14
1000010000111000001011100101100111001001101001011010000001011010111
54
1010101100000000100100100110111010010010010010011101110111010100001011
152
10010011110001111001101011100001110000100101101110000000010000011000
98
1100011000000110001010011000100000000101000010100011101110111011101100
154
110000000000000000100001010011100100010001100011101010110100000000
65
1001100101101000000000001100100001001111000010010011010011101100101101
62
11100010000100011110010001010000000111000011010000100100001110001011
115
111111010000000110100100000010000111100000000000100100011000101001
156
1000100101000101101000011000010010100101100000000000100000000001111110
122
1001100000101101000110101110011101100100011100000110000000010000000101
63
10100111101100111110001010011100011010010000101000011010101001001100
170
1000100110000101000000001000000000100001000111111011000010100010001100
94
10101000011000000010100001101110000001011010000100011110100000100010
63
1101111101011101111001001010001101000001110011111001100101110100110100
179
10101100011101100101101101101100101101010011111010110001010010100001
112
100000100011101000010110010110110011110001110011001100010010101010110
87
1010011000011000000001001001101000000101101011000010110010000111000010
152
111011100000011000000101000001010011001011110001000001000001000100100
192
1100100111100010111010010101110011001101001000010100001000000001110110
31
1100101000000010010000100001010011100001100100001110100100011001010100
48
110110101000000011111000000000011011100110100000100001110100101000001
62
1110110011000101100010000001010011100001011000101010000000000011000100
190
1000011011010000010001011011001000101000001000100100110100001000100010
101
10010100000111001110110010010000011000010110100000000111100011000100
96
110001011011011110011110100000110000011101001111111101000010000010100
200
100010100111100101110110010100011100100001000011001001111011000000011
68
100101010101000101000001101100011110111110010101000000001111010110
63
1001101101001101011011101010000011010001001001001101000010110001000000
151
1101000101010001010100000011101110110100000000100111110100110110111000
83
1100011011111111110100010001100100100001001100100001000100100101100110
68
1000010010000000100110110000100000011100001101101010001100101000110101
169
1011000000111010011000010000000010110110001100000010001011011000111101
104
101001011110111000100010000100101010001001011111100110000011110110001
6
1001000001010100111110001101101100010000011000100010000011100001111010
25
100000010110000110010001000101110100000100101100110011001010111100100
114
11001110101101001101000000010001000101000101110010001010110001001011
76
1011111100011000001011100100011101100000100010000000000010111110000101
41
100000100110101001100101001100001110010001110100000101000100001001100
130
100101101010110101000110011100000101001110101111100000101000000001011
17
110110110100100000110000100011011010011000000101000101010111011010010
193
101110000100011101011100100011010000011111101110011110100110100000110
125
110110101001010110100010011010010011001010000000100101101010110110100
171
1010110000011001001000001010100100111101010110001100001001001101010100
114
1001101110100010000100001010010000010010101000000010010100111001000000
132
1000010100011000000010000110000011001100011001011100001000100111100110
122
101100000010001110110010010100110011111000000101111111001000001010
90
101011011101111100101000010100100000000100001001000011100011000100010
102
1011110000001001111011101010000001110011100011010001001110101101110
10
10010000000111000010111100101100011001100000011001001110110000011001
48
111101000100001110010000011000100010000110100001010010000111011000001
133
1101100100111100110000101011011001100011000010111101100001110110100011
169
1011000100101001100001001100010110101101000000100001000001000001110110
103
101001110001000110000110101110010011010101001000000001010001000100100
105
11001000000000000010110001100001001100111100000010101111111110001110
166
1100110101101111001110001000110010100101000010110011011110010011100001
2
11011010001100010000001010010001111110110101000011010010101000001111
44
1000010101000100110010100011111100011001111001010100000111000101001110
36
1010100000110011100100011001100010111101010001110001101001111011110000
186
11001100001001010011010000100011011101101110110110101010100111010000
129
11010111000010001010101110000001000001100000001000000001000100000100
102
11110100001111011011110011001100010100001100101010101100000111000011
91
1110000100011101001110101100111111010000011001000010000101110100000011
73
101111100001110000111000010010011001001000011010011000001111100001
21
1011000011000110110010110000010011010100010011011000110000100110100010
25
110000001010011000110100001011011000100000110001110000001100101111000
180
1100000001000100001101100011001100000010100101010000010111001001100011
84
110011000010010101110000111100100000000001000110110001011010100010000
115
1111110110100000100010100110000000011100000100001010000000011100010100
75
1010000000111000010100010000001000000001000000101001000101011101100
74
1011111000101100000010000110001001001110000110010011110000111011100010
153
110001101011100110010010000010100101010000100100010001011110
180
11100001100001010001101010100100110110011100000000010000010100011010
72
100100011011001001111000111000100010010000000101101100001110101101
169
1100011000111010110100010111000000010011010000111010001010111010110101
74
1101000010110000011001001000000000000000100100000100010100110000010000
131
1101100000110101111001000101110001110000000111000100000000101001001011
188
1001110111100001010001101010010000001010001001101111011010001110000110
112
11000100001001001001001100010000010101001010000110010010100000101
149
1000110100010001010100000010010000011001101110010110111111100010011
191
1001010001101101001001000001011101101001000010111100000011001000000010
153
1001000111011000001110010100000000100010001100110010000000001001110001
174
1100011011001011000000000000001001000010010101100000100010100100000101
149
110010011110001010110010000000000000010100111001100000100000110010000
67
100111000000111110111101101111000001001100100101101101110100000011011
58
1011000100100011100000011001000000111101010011000001110100010110010000
19
100010011000100111101001000001100110000011001101010011001000010001100
165
11101100000000110111011000000011001111101000001011010100000101110
126
101011000110100010110111010100100110000111001110110100001100001111001
7
1100000100000010011100101001001010001011001101100001000001100010000111
36
1111001011101101111100000100110000011010100110101110101100000010110110
2
1111111010101100011000011011011001100000001110100010000010101110000000
123
11110000001111000100010111100010110101000001100100000010000000000
116
1101000110001100001000000000000011010000101110101110011111111011000
152
1000010100000010101001100100010001000000110000000100010001000010001000
81
1000110110000100000100011110111011100000100000100011110111001011100011
9
1000000010101011110011100101110001110100000000110110001111101100001110
163
110110011000000001000010100000000101101100011101000001110000001000
145
110001100000001100000000111111100000000001010010111101100000110001101
5
1000010111000010110000000000000100101110111001001000101110110011101
54
1001111000010010101000111001000001110110001001110010100111000010001101
96
10110110000100101101100001000001010001110000111111111000110100001001
59
1110101000000011010010011000010101001000111010111011011000010011110110
188
1001000010001010100011011011110000001011100001110001000011101101101000
3
1101101001010000100001001000111000011101001111001100000010001000001100
191
101001111010010111110001100001100010000110010000110010111001000
48
1101011100101101110000000000000000100010000101100000100000101011010100
120
10011110011110001000100001100010000011000011101110100100000100000000
179
1011100100000100100001111000001010100001100100010100010100010100011010
164
1101100010110000100000000000010101010010100010010101000010100010011010
10
11000001111000011010000101101101000000001001011001100110010100100110
136
100100100100001000101000100001110000101000111100010001101010111101100
39
100010100000000110100010100001110001011111001010001111101100101111100
14
10110000110010111011010001101000101001000110010000000000001000100101
41
111011011100010010100001000010010001100110000100000010000001110100000
144
101100110111101001101001001100000010101110001001100100110000000100001
134
10110010011111111000101000000001000010000010000100001000011110
177
110001001000000110010011011100000001110101001001101001001010110111
189
101000100111000100110110010000001000010111001100000000100000010011001
29
110100110010100010001001000000000000100100000101110000111010001001100
19
1000010011000111000101101101011000110010010101000111101000110000100110
2
10011000000110010110000001100010011001011001100010000111101111011
158
1001010010011101011010111100000000001011100010110010010011010100001000
123
101100100000010000011110100001001110101000001110000010001000110010000
10
10010110101001000101100010000101000001100000100011101000001100101010
135
101001100110101001101011010111010100100000001000100000110010110000
154
1100000110110011101010000101101000001100001111110000111100100111001000
96
10001001101111000000110101011100100001110110010100010000010000011001
119
1000101010000110001110101011011111000011101001000001000000110000000110
136
100110000101100000010010010000001010000000111010010000010110111
126
110010010110000011000000100010000010010111010001000000110000011
107
100010101000100000000101001000011110111010010001001000000111000000010
192
10010111000100010001001001101000111100110000001110001011100
185
1110000010000101010011000011001000000110001011011001010110001001110
71
1010010110010010001011110001110100001010011001100000010101110000011010
77
1100011001000001100111000100111010000101011000000011000000110010000001
4
1000101000010010101000001011001101101010000000100000001010110100110000
84
1011001010100110000110001100000001010011010111001000000101010010101
43
110001001001100001010010111100011001010111111011000011001000010110000
90
1110110101010000111101101101100110101111000000010100010110100000110100
160
11101001001101101000001010001110110100110010100011101101001001000
169
10010111110010000000000011110001100101000110100010110100000001000010
24
101001000011110000110001110011101000000100100001000000010100100100000
67
10111010010011110000111010110011000010110001010001000111011100010
113
100110110001100001000101010000100101100101010101111111000000100010011
8
11101001010011101111010001110000011001001101001100011010110111010
143
1001110111000111001001001100100101001010011000000000101110000001000
164
1110010010101000111100001011010010010010010000011101100000011001101
1
1101000001001000110010001110100100110101000110101110100010110111001
66
1010100011000110111000000011010000000100011000011001100010010011010010
109
1000010110101101110100000100010100000000000011010110011001000011010
85
110101100110010100011001111110000000010000101001001000111010110001
73
1100011010000000000001110100101100001000110111100000000011110000000
180
1111000010001011110000000110010010001010000100111011100001000010010011
56
1100100010110010001000110010001000001110011000000100011000111100000110
70
1110010010001010101010010110010000001100111011011000100001111101100
179
1010100110000000100000000000001110010011001111000010000100000100010000
132
1111001111001110010100010000100101000001110110000000101101000111001010
9
110011000010111011100011000001100000100000011000010000111101000001
164
10001010100110111010010101001010001000010000000100110010000110001011
96
1100111010100001000100110001011011000111000110000011001001100010000001
24
1000011001010100101010100110110000100000001101000011010101000011000111
168
1100010000001001110001011001011000000000011111100000101010000000000001
107
101101000101011001010010101000100010000101101010011000110001111110011
162
1101001001100101000010011010000000100100001111000001101000110001010000
180
110110000001001000100001001100100010111011000100000001100000110000000
30
111000000000010001011110111010001110100100110101111110100011100010010
31
1100100001010010101100000000000010000011000010101001100000111000110
25
1010110011100111110100001011001110101000100010110111001000010000100
31
1001101000100101110110010000010011100010010000010110000100100000011000
185
1100000010001011010100100100111011010111010001101000001010000100100001
22
110110000000000111001111010110101101110110100101000000011100011001100
138
100111000000100110010011000111001011000010010001001011101110000111101
65
11000101011110101011011110110000101101000000111110001110110011011001
51
1000000110101111010000000110011111111110111000100111110001010000110
47
1100011000001001001001010100011010001001010100011000000010001001001010
165
11011001100110101100111001110100000111101100110000001000110000101101
31
1001101011000101000101100100001111011001100110000110011000111000000101
115
10110010001001101110001101000010001010000110011011001010010100110000
188
100100011100001000100011000111010001001000111001110010000010010100000
182
11010001010100010000100010110100000000000100000000101110001
121
101110011110010010100001010000110101000001110000010100011000000001001
180
1001100000110011010000110010100010001100110000001101101000101011110
171
1000111000010000000101101101111000111010000010000010000101101000110101
166
1011001000100000101011010010101100001111010000011100110100000011011
171
1110110101011010111000000101000000010000010000000110100111100011000110
187
1001101101110110010101000011000100001001100100100001000000001011110000
186
100000110100000100110000100111010011101001010111000110001
143
1111100011010110100000010100100001001111001100010001010111010000001110
181
1001100010100101000000011000100001101110100101101101000101010001000100
196
100011011001000110011001011000101001000001110001001010001010000101110
92
101100010000101001101001010000011011111011010000100010110000001101001
142
1011011011101010011011101001100110100000001111100101000000001010011
84
10011101011100011110000001001101101100010110001001000100000011010110
85
101010011010000010010100110100011000101000100001101100110001010100000
14
110101000010011000000010101110000110000100110000101111010000010001
74
1000000000100010001000011110100000000111111001111001101000000100100110
20
10110001000101111000011011011000001000011000111000110000010110100000
185
111011001000001010011010000000101101100101000000010101011111001000100
62
10010001100111001100100011110101000000000100010011010001011000010010
183
1100100010000000000000000101010001001000000111010110111001011000100011
153
1001100110101000111000000010001001000100101110111011110101001010010110
58
111100010100000100011001000011000001000000010011110101000010101010101
7
1100010110001000000011100011100001001001100010101100001111111001100010
175
1000000011011111011011010100010000110010001011100000010100101000001011
97
1000001111000011110001101100110000100010111010000111010101010100000
44
100010110001001010011010100000100001000010101010101000001010110100100
179
1010000011111100000000111100100001110000111001100101001010001101010000
126
1000011001110111101011011010000001000001100100101110110100011100010001
120
100101000001010000010111101011100000000100101100110001110100010000011
196
11010111011101001100010100000010010111011001001011000110110010010110
50
100101000101001000101010000011100000100111011000010010011010011000010
119
11101001000101000100011111001000010000011001010110010010001101101
153
1010111011100101101000110001000001111001000100010100001010010111010111
84
1100100011101001001010100001010001110000101100100111100010000101000111
38
11101001010000110010000000001000000110010100100000001011100111000001
138
1111101000100001000000111101001011110010100010101010000100100000100001
37
1111000111110000001001000100110011000100000000101010100110010001000101
86
10000001111001110001001011001100111110010011000001011011110001101101
138
10010000110000011110010000001100101010000010110001000100000010000001
26
101001101111010101110010110000010110000100011100010010000101100100
16
1001111001100000110110111011001101001000011011001100111000001
79
110100000010111010110110000010101010111010010010100101100001010000011
178
100001011010100110011100000000101010001110000111010100101110000111001
40
111000100011001010010000100010010101100101000000010000110110110000
85
1000100010100000001011010000100011001011000110001001001100111011110000
96
11000000100010000110111010110000010100000010000000001110100001011111
146
1001101010010000101000001100000000001000100010010000010100000000111110
53
10001000000100110010011000000101101001000101000011000101111000111111
143
1110010110010010100011000000000101100000101000011101100010000010110010
161
1000011101011000100101001001000001000110001110001000000011110010101
31
110101000100001001111101000111000110000100100011110010101010111011
48
10101100101101011001100100110001001101011000110001110000000000
18
1010010000000110000000010001101011101010010001100100010111100111110001
115
11101010010111100100110010000000100001010111000010001010101110101
189
111010010000111001011000100000000011000100011001010010000100000010100
109
11001000100110110100001010011111111010001101001000011101111100001000
184
1000001101010110010100100100100000001100010110000000110010000011100100
135
10010110001000001110111000011010110010100000001100010001001110000001
148
10000000011000001110000010000110101000101110101000010011100000010010
53
101011100011001011000100100010100101010010000001010100000100110
80
11000100101010100110100011000011000000100110111010010110100000101010
131
111010001010010001110010010011010000000000001000101110010001000110101
39
1000000000100001101010111001100011111111010000101111110100000111111101
117
100000011000010010001000000100001111000100100101000110100101000111001
163
111001000010001001110010100000110110110011011100010011101001100110011
34
1110001011000011001001011001110010000100000100001110001001000000
106
1010001101111100101010101011001001000011110100011110010010000110000010
173
1110000011011000100100011001001001111001000101101011001101111010110
110
1011100011011110100100000000010111110000010100010101001111010100010
102
100100110000100010010000000010111010001010100100011001011000001000111
48
1110010111000101100000010010000011011010011011100001100000000100101010
31
1111000000100001011010000010110101100110000100010101111000111110100101
28
111010001110000100010000010000100101001000111000111001010100111000
5
1011100000001010010000000001000001001000101100011010100011000010110000
12
100100000010110011101110001100110001111000101010001100000011011100101
115
11010000010010000010000000110110011000010100011011001101010101001110
183
11000100000110010110011010001100110001010000010110110011000000001010
184
1000000100001101010010110010001000011101111110100000110001000010111
112
1110001000000001001000011000100100000001011100000100001001000010010001
130
100100000011001101001101110010101001001000000000101010100011000000100
122
1010011100010101010100000000111101000100010001101000001101000010110011
194
100101100101111010010010010011010001001001000111100010011010101101101
24
110000101110000000001101011010010110000110100000010000111101100
150
100010111110011001001011001100101001001011001111111010000000011111001
198
1110000010111100001011101001000000001001100011100101001001100100001
7
1000001101000011010110100010000101000010010001001010001110000000000000
50
1001000011010000000000100000010001100110011000101010001000001000010111
121
111000110000001000100111001000010000000000100001101010001101100010010
140
10101110111000011011000011100110000100110100100000001011000101000110
104
111010101001010111101000001010000011100001100011001000010100100100010
156
1101000111100111000000000000010000101010000101000000111101000010000000
17
10100100000001110100101001101010010000110010111111100000100010000001
145
10110001100100100100010000100000010110010100000100110011001000
186
1000001011101011101011011110000011010001100010001010011000000111100
82
1110101010001001001010010110110011100000000010000101100000110000001110
198
110000011010011000111000011110011011000100000111001001000001000
189
1101001010010100101000010011000111001010100000000010011010101000101010
16
11110000100111110111110001100111100100001001010110010110100001011100
110
1111010011101110100000011101100101000110111111000001000011010100001111
178
1101000010110001111101010010010001110000000011001000100010010000000010
121
10101011100000101001001001000000100001111000000100011000000000010000
145
100000101000011001001001101101100011000010001111000100101110010011011
101
100010000000000010111011100010010000001010100100000101000000000110000
185
10001001101010011101111001000010010000001000001010001101101011001000
50
110000001010100100100011001110001100001011100001010101111001110000001
2
1001010001010000010011010010000000111100100110101111000100011110010
103
1010111101000111000000110010001110101000101100100111000111000110000
126
1010001110100000000010110011100000111111100000000011010111101001000001
36
1110001100001000001110100011000000000011010000100100001000000110101100
29
10100010100011001000110111001001110001100100001110001100000100100
148
10100101101100110010001010001010001000000100000100000101001101010000
189
1010000100111100010101111100000100000111010011110100100001010001010
186
1111101000100000101010000010011000101000001001010000110001000111100011
177
100001010101110000010011100010000001000000000010011001000000001001
155
101010100011100011000111111001010011000111100011000100010100000000010
84
101000011001000001010101101100110000000110111001110100000100111011100
78
10101101000100000000000110001011001010000000110101100001001100001001
75
1000100001001000100111010100000110010111111100000000010000010100101001
112
1001100000000001000010110100101001010101011010000001000000000100100111
5
1100010000010110011000100100000100001110100000001110000011001111000011
84
110010110011110110101010101000011010110100001110000001101001100100000
72
1010101100010110001000110100111011001100100000000000000010001001000100
21
1101000010011000010001001100100000010000000000010000010010001101101000
5
100100000111010000000010001000000100110010100000100000001110010001011
79
1001110100000000000011001101111101100100100101010001011110011100010
149
1001010000001000000100110101010100100011001110111010100111011010010100
56
111001001100101000100010110000110101000000011001010101011000000
194
10100010000100010010000010110000000001000000011101000001001001001010
25
11011011100110110100110001100110011000001000111100000111001001000001
21
1100011011101100001010001100110111011111101000100010010100001110100
89
1010100100010111101011010110001110010000110010100010000100000000100101
41
100000010101110011011001000000001100100101011000010001001000100101110
91
1010101110000100000000001001000100011001010100110100000000100001001000
190
101100000001100010000100000110111110001111100101110000010010101010101
25
1001101000000000011110000001010001000011100101001010011011001000011110
120
110011110011101010000110100000000010100010100001100010101101000111011
49
111000110000001111110100100100110001010001100101011011010011001110111
115
1000100000011001010011001000100101001000101001001001011111000010001110
127
100011011101100101010000001010100011111000100110001001101010001100001
164
1011001000011010110000100011010010000010001000100010011010101100100
102
10100101000101000001000000001111100011011001101100100000000011001110
5
1100000010101000000110001101000101100001100111101100111011000010100
103
1001000011111011110100010001100001101100001000001000001110001110100101
152
110011100111000101001000110001001001001110111110111110100100010000001
68
1000010000001010000000101000011110011111010101101101011001110111000100
86
110000000101010100001101110001101100001001101100010000100101010111
16
1110010110010010001101101100001111001010011110001100000010000100000001
153
10000111101010100011010010100111100000111010110111100000111000001110
56
1101000101101100000100001100011111000111000110010000000000100000001
43
10100100100100011100000000101100100011000001100101110001111000010110
53
1010010000110110000000110000000110000111111011010010001101100011101011
149
1000000000011100010011111111000110000010001000011010000110011101101001
72
1011100000000000111000010000111000101000010110001000000011110010000000
191
11001000010010011100110011100001100111101010001001001010101100000010
82
1001110001000111000000110000011100000000001000000011101000111010110
141
1001001001100100010011111101001000101010100110001010000000111000110
21
11010011100000010111000000100011001110001100110100001001101100100001
141
1011100100000001110111010100111000110100110010001100001001010100000010
38
1000101011111011011101010110000001100000010101000000001010010100101
135
1011000111111001111011011000001100111100010100010010011000110000100001
162
1000100110011000001101010000000000010001101001010000100001111000010010
119
1101101110011100010101010000000000000000001101000110000000111101111110
19
1111000010011011001111001001001000000001110111110010011011010100111000
158
1000000100001000100000100011001110001000100010001001111010010000010001
99
1101100000000111001000000100100010101000111100010011001000000111010110
73
1000000111110000010010111000000100011000011111100100001111100101000011
163
11001001111110100011010000011010010000001111001011001000000110010111
158
10000000111011100011111101101001110001011000000001101110000000111001
124
11000000010010000010010010001000110000100011001000010001001100010000
116
100100111100110010100000000000010011010111000011010000111011000100101
111
1000010110110100010000111011010000000100111001110101101000000001011000
38
1001000100000000110110001100110010011000000101001000100110110101
28
10100011000010010010110010110101111000110100000000111101011010010011
157
11101101000011010010001000010000000010000010000000001110101010001001
178
1010110010000101011001011010100110100110110100000000101001100000110000
122
101110100000000101001000100011000101000000001100001100100000001111000
37
1000010001010001000110101000001011100000101000001101000010100000011011
191
100001010010011011010100100100000110001011011010100010010110010001000
50
1001100000010010000000000101101010000111110000110001111101001110001100
177
110010101001100000000011111000100000010001000000001001011011011010000
89
1100110111011000000001100001010101001010000011111111001001001000000001
113
