70 1000
100000000000010010010000000000010001011101000010001010000010100
180
10000000100000000000100000001000000000000010000000001010000010010
24
1010001000010000000000100101000001000000110000000000010000100010111100
20
11100000001000000000100001000010000001000100000001010000000
87
1100100000000100001000001101101011001000001000010001000010101000000010
3
100000111100100100100001000000010000010101000000000000001000110000000
200
1001000000000000011001000001000000001001000000000100000001000000010
129
1001010101000000010000000000110000000000000110000000000000
31
11000000000100010111000001000000000000000000011000010000010000
127
1000101010010010000000000001010000010001000000010000000000000000100001
103
1100100000000000000000100000001000000000000000000010000011000000000
127
1011001000010001100000000011110100000000000000000000100100000010101101
135
10010000100101000011100101001001000000010000000010000000000010101010
22
100000101000000000001100001000000010000000100000000000101000001010
94
1000100000000000000010000110010010011000100000100000000000000000101010
192
1000000000111100001001000000000000000000000000010100100100000010000
107
10010000010101000010011000001001100100011000011000000000000000000010
158
10000000000000000000000000100000000000001000100110000000000000
123
1001001000011010000011101000100011000000010001100000000100101000010
70
100000100000000000010000010000001010000000010000001001000000000000010
3
101000001010000000000001000011000100000000000001111011000000000101000
54
1000010000001000000010000010100000000111001000001000000000000010000
177
10000010000000000010000000000000000000000000001100101010101000100
110
1000000011000110000010001000010000000000000001000000000110110000000
35
10010000010101000000000000000111000000101000100000000001000000001100
24
1000000001000001010010000110011001000001000000000100100000000
10
110000001000100001000000100001100100000010000100100000010001100000001
9
1000000000000000000000000010000001101000000000001000000000001001011000
155
10000000000010000100000000001000000110101000010010010110000000000001
128
1000000000000001010001111101101100000001100000001010100000100000000100
62
1010000001000000000100000011101100001010010001001100000100011000100
78
100010010000000011000100100000100000000010000000000000010000000000
104
1100001000000100010100001000000100000000000000000100000000101000100
90
111010000000000100000000000000001100010000000001010100010000000100
124
1000000100010000000100000010000001000000001000000
130
100000010100000011010000000000001000000000011110000000000010100000
158
1001000000000000000000000010100000100000000001000000010110000000000000
85
100000000000100000000000000000100101010000010000001000000000000010
178
110011000000100010000000000000000100111000101000001001000000000011000
72
1000110101011000011000000000000100001001010100001001010100000010000000
79
1000010000000100010000001001100000000000000000001000000000010100000100
119
100100000011001000000000010000000001110100100000100000110010010
58
1000010000100000000010000100000010001000100000001001000000001010
68
100001111010010101001010000000010010010001010000010
151
1010111000000000001010000010000101110000001000100001000000010000001
30
1100001000001010000000010000000000001000001000110010000010100001010
140
1100010000000000000000000100100000001101001000100000000100000010000
16
110000010000000101111000100000010000010100100100000000000000101000010
132
110000000000000000000000000000110000000000100000010000010010100000
198
100000100010000000000010000010000001011000110101001001000
109
100100010000100101000100010000000000011110000100100000000000000110100
104
1101111010000011101000001000000010000000000000100000000000010000001101
65
1000000000100010010000010000000011101001110000000000000000011000
110
1100001000010100000100000000000010001010010000010000000000010100
151
10000000000000010000001000000011000000000100110000001000000
39
1000000100000000001000100011000000010101100000000100010100100011000000
164
1000001000011001000001000010010001001000000101000000101010000
66
1001000010110000000000000000000110000000010000001100000000000000
156
1000001000100011001000010000000001000000010001010000001100000
155
1100000000000000000000011000000000010000000000000010010000000010001
55
10000110100000000010010100000100000010010010000100000100100
123
1000001010000100001110000000001100000100100000001000100001001101000000
99
1001110100100000000000000110100001010000000000000010000110000000001
189
100000000100100000010000000000110001000010000001000000011001000000000
149
1000010000000110010001000000000010010000010000000100000010000000100110
141
10000010100000100000000000000111000000000000010011010110100000000101
109
1001000000000110000100000000000001100000000000000000010000000001001000
190
10000101001100010001000101000000001100000000000100100011000010100000
139
1000000000100000000000010000100000010001001000011000001000000100
164
1000001110000101000000001000111111001000000000010000000010000000000
7
10011000100100000000001100000110000000100100000010010010011000000
54
11000100000011000001000000001100010000100000000000110101000000000000
51
1000000100000001000000001000001000000000010001000110000000011000000
133
11000000000011001000000000010001000001001001000010010001000101
122
100000000011000000000100001001000000000001000000000000100000000000000
181
10000000000000100011000000001001001000101000000000001010100000
109
100000000000000100000101110010000100100010000100000001000000101001
169
10010000010000000010000000000000000000110100001000010011011
32
10000100000000100000001000000001000000100010010110001100000000001
33
1001110010001110000010000010100000000001000001000011000011100001000000
186
11000000000001010000001000000011000101001000000000010001000000
161
10001000000000100000000010100000010000010000000000011000000100010000
101
100001000001000001000000000100100000001000000000000010101001010000
90
1010001110000100001000000010000000000111000000000000100000000010010000
113
1000000101010100000110010000000100001010000100001010001000000011010
160
101000000100000000100100000001110000000011000000000000000010001000
169
100000010100000100000000000000010000000010000000000000110100100000000
16
10010000000000000000000100000010000010100000000001000000000000
4
10100100100000000001000000001010100000001001001000000010000
115
1000011000000100000000010001000000010000000000000100000010100000010000
93
100000001000110010000000100000000100000011000010000000111000
102
1000001000010000100001000000010000000000000100000000110000000101
175
10000000000001100000000100001000010010000000101010100000111010000000
93
10100100100000000000011000001100100000000000000011000101001
165
1000000010001010001000100100011100100001010000010100000001000100010
153
1000000100100010001000000001000000010100000000000000000010101000001
10
1000001100100000010000101000000010001000000000000000001011100000000000
86
1010000000001101000001000100010000010000010011001011000000100000000
41
100000000000100000100000000100000000111000000101010000001010000100010
29
10001110100010001001000100000000000100010000001000000000100000000000
18
100000000011000010000100001000000000010010011000001010000001000000
9
1011000001000000010010010010000000000101000000000000000100000001
197
101000000000001110000001000000010000000000010010000000011000010000
158
101000000000000100000010000010000000010000010000000000101000000110010
48
1000001000100001001000010000010100110010100000000100000000000
16
11000010100000000000100010100100000100100010100000100000000000110000
141
101000000000000000000001000110100010000001001100001010110000000000
75
110001001101001001000000000001001010010011000100000000000001001000
63
100010001001010000100000000110000010000100001000000010000000000001000
9
1000100000000000001000000000000000011010000000001000000000000000010011
148
101100001100101000000000000000101001010000111000000100000001100001
135
11000000100100011100000000000001000000100001010000000001010001010001
193
1000010000100010000000010001100000100011000100001000000000011000
113
10000001011000010000000000000000010000101000001010000001010001001010
50
111000100000000001010000000100100100000001111010000000100000000000000
176
110001000000100000101001011000101000100100001000010010100100010000001
34
1000000000000010000000111100000000000000000100000010101000010000000001
29
10100000000110100000011010001000001001000101
62
11001000001000000000000011000011111100010000010001000000000101001000
147
10000110110000100000010000011001000101000100100100000100101000110000
47
1100001100011001000000000100100010001010000101101001000000000000010011
130
100000101000100000000000000001010100010000000000100010000000010000001
144
100100000001100000010001011110000001000000000000000001000000101000000
196
100100000000001001000100000110010100000010000001100011000000
103
110100000000000000000000001001010000100001000000000100010000000100001
91
1100000010000000010001001010001100000000011010001000000100100110
128
1000010001000011001000000001100010101000100110001010000
107
1010000000110000000100000100000001000000000000001101000000010001110110
26
1000000101000000001000000000000010101000000000000000001100000000000
29
101011000000000000000000000010000000000000010010000010011000001000011
104
110011110000000100000000000000010000010000100000000000000000000010110
155
101001000000000100000010101010000000011010000000010000001100000000000
5
1000011000000000100000000000000010001000000000010010000000100001001
33
100100001100000000000000001000001000000010011000100001000000000000000
22
1000000100000011000000000011000100000000001010000100011100000000000
107
10000000000010000000011010011000000000000100111000000000000000000
192
1000000000000110001000110000000000100011010101010000000000000
44
110000000010101010100001010010000001001000110000001000001100000000
187
1000000000100100010000000000000000100010000001100010101
79
1010001101100000000010000001000000000000000000100001000000001000000000
36
10000110011000010000000001000001000100000010010000000000001
124
100001001010000000100010010000000000100010001011100
195
10100000000000001011000001001100000000011000000001010000000001000000
76
10000011000000010000000111000010000000000001000000001000100000100101
37
10100001000000100001100010101011000000010110000010000000001010000111
147
111011010010001001101100100000000000010101000100001000000000110000000
123
10000000000000000000000101100010000000001000000000100000
53
1100100000000000000100010010000010000000010001100011000000000110000000
163
110001000001100000100000100100000000100001000000011110100000000100
123
110001000010001001000000000001001000101000001001000001101000001000000
105
1000000000110000101100000000000000000010010000001000000000100100000
168
100000000101101010000001000000100010010000000100000001000100010000
141
1100000000000001111010111100000000001010000100011010000000110000
65
10000000000110000000000000000100000000000100001001001000000000001000
40
100111100010011000000100001000000100000000110010000010000000011000000
159
100110010000000000000010000000110110000000000000100010010100101000001
198
1110000000001100000000001001001000000000010001011001010000000100000
25
11000110000000000000000000010101100010000100010000000000000001000000
126
100000000000100000001000000001000000001001100000001000000000
12
1100000000000001001000010101010000100001000010100010000110001000000
99
1000100010001001101000000111010010000000010101000010000100000100000101
51
100000001110010000010000100000100100011000100000000001011010000000000
4
110000010000000001100000000000000000000100001001011001010001100000
142
1000010000000000010000010010000111010010011100100010100001001000000100
168
10001000010000001011000001000100110000001001011001000001000000000000
161
1001000010001000010100000000010001000010010000000110000100000
117
11000000001000000101000010000101000000000100010010010100000001
147
11110000010000000000000000100000011000000000000001001100010010
196
1001010001100110001000000110000010000011001001001000000010101000
160
100000100111001100000001001110010010000001000000000000000000000000
99
1001000100010000000000100000010000001000000011000000100000001000000000
15
11001100000001000000100000000100100000010000000000000000110010000000
73
1010100000000100000100000001000000000111100000010000000010010001011
82
11010100100000000001010000010110001000000001000000000000100000000
136
100000000000110001001101000000000010000000010000000000010000100001001
166
1001011100111100110110010001100000100010100100000100001110001110011
194
1110000000010100000000101000000000001010000000011111101000010000000110
22
10000000000000010000000000000010000000000001000010000000010110000
188
100000000001000010010000001100010010000000000000100100000001011010
122
1001100001000100000000000000000100010010010000010110101100100010000011
56
100000000000000000000100000001001000000000000001001011000101000100000
177
1000100010001000001000010001010000000011000000001000000010110000000
35
1000000010100000000000010000000000000100000000000000000011000000000000
147
100000000000100101111000000001010000000000001100000001000000001000
172
10100000000000001000000100000000000010100000001000001001010100000000
78
1000100010001010000110001000011100010100000000000000000000000100001000
12
1000000000010100100000000000000000100001100000000000001000010010100111
33
10000000010100100010000000000010001000000001101000000010010
76
1001000010000100100000000000100010000000101000100000100000100011000
102
1000110000100100000000101001100010101010000010000001010000001010001000
189
100100000000000001000000000010110100000001011000010
44
100010000001000100000000000000101000001000110000000000000011000010
188
100000100000000000000000010000010000000001000101000100000100000000
186
10000000010000100000000001010000000000000000010001000000000000000110
168
1000000000101001100000000000011001000001000100010011000010000000010
87
1000000000010000000100000000001000010001000000000100010100000101010
70
110000000100101100101010000101010000000001011100000010010110001001100
9
100010000000001001001001000100010000011010100010000000000000010
168
1000100000100001000000010010000010000000100000000000000101010000000100
106
1000000100010000000011100001100001000000000000111000000000101000001
89
1000010001000000000001000000100100000000010001110010000000000000000
120
1000000001101000000100001001111100000001100101001000000110000001010000
129
100100000000010100100000001001010100000000000000000100010000000000000
135
1000001001000100000000000000011000100000000001000000100000100000000
159
100010000100000000000000000000000000100000100000000000011101000001
190
101000000000000001000000001101000100000101100000
110
10000000000001000100100001000000000000011100010000000001000100010000
122
1000000000010000000010000011001000000000001011
93
100010000000000000100100010010100010000000000101001100000000001000000
83
1000100000000000000100000000010100001000000100000010010100100010100
190
1000000110000000000000001000000000100000000000000100000011100001010001
113
1010101000001100100000000000000000000000000010010010001001000001000
138
10010100000000000000001001000110000001000000010100010010011010010
53
100100001000000000110010110000010000011000100000000001100010000
163
100000000010000000110001000001110000000000100100110000011010000010010
66
1010001000000100100000010011010100010000011000000100010011110000010000
175
1000010000000000000010010000000000000001000100101001010000010001000000
45
110010000000000000100010010101000010010011010000000100000101100
182
10000000101000000000101000000101110100001000000001000000000000
165
100001100000100000010100010010110000000000010001000000000001000001010
5
1000010000010001010010001001000000000011000000000010000000000011100
129
10100000000100000001000111000001101000000000010000000000000100101000
112
10100000000000001000000010010000100000100001011001010011000100
115
1000010100001000010000000110000010001010000000100011000000000
146
100101000100100110000010000000000000100010110000100010000101
86
1000000000000110001000000010011001000000010010000000000100000010100
184
101000000011100001000100001000001010101000000101000000100001
42
100000100010100000000000000000010001001000011010000000001000010000000
58
10101010011000000000000010000000000000010010010011000000001000
62
1010000000010000100010010001011001100010000000000100000011001000000000
45
1001101100010110101000000100011110010100011000010000010001000000001000
71
1101000010011000000000000011000010100000010000000010100001001000010100
41
1000000101100000011000010000000100000100100100111000100000000000100
87
1110000000001000000101100000100000100000000001010000101100000001
6
10100000000000001000000000000000010001000000000010101000000000010000
42
1010000010000000000000010000101000000000000010001000000000100000
103
100000000100100000000001000101001010001000001010100100000001
152
1100010000000001000000000000101000000000000100000010000100000000000
147
1100100010001000100100100001000010000000001000101100010000010000001
1
11001000000000000110101000001000010000000101000000000000010000000100
92
1001000000010100000000000010101000000100000000100000001000
48
10001000000000000000001000000000000001100010000000000000000000101000
110
100000110000000000001000001010001000100100001000000000000000000010000
38
110000000000000000000000000000010001010100011001000100101000
180
100100010100000000001001000000000000000000000000001000000000000010000
134
101000101000011000000000000000000000000001000100000000000000000
124
1000000000100110001100010001000000011000000000000000100001010000100000
164
100100000001000010000000000101000001000000000110011101100000000010
106
1000000000010001000001100000100000100000000000100000010010000000
34
1000010001000000000101100000001001000000110000010001110000
30
1010001100000010100000000000000101110000001110000000110000010000001000
172
101000010000000010000101000010000000001111000000000000000111000000000
107
11010100000000111000001000000001000000000000010000000000000101
167
100100001000000000000000001110100110010000001000000110000001000
158
1000000000001011010000100001101000000100000000000001000001110010000010
12
100000011100100000000000000000100000100000010101001101000011110000
121
100000100000000100000000100111100000100010000100000010000010000000
110
1001000000011000110011000100100000000000000000001001100000000010000000
17
1000010000100000000010000000001000000001000001100010000110111011100000
79
1010100010000000101100011001001101111000100100000000110010000101001
52
1001101000001000000100110010000000110000000000101010011010001000000
130
100000010000100000000000110101000000000000000010000010100100000000
192
1000010000000000001100000000011100000101001000000000001100101
78
10101100100000010001000000001000010100000001010100000000010000011000
26
1000000000000001110000001000000100000000000010010100
10
1000010100001010000000001000000000000000000000010000000000100010110010
16
1100000010000011100000110000011111100000100000001001000011000001000
171
1001000000000000100000000100110000010000000010000110001000000101100000
94
1100000010110000001000010000000000101000100001100000001010
52
10001000000100000001000000000000000000000000101000000001000000000
70
100010000000000110000001000100011010000010001000001100000000100100
107
1100010100000010101000100000100011001000000000010000000000100100000001
30
100000000000000010001010000000010100000100100001010011000000000101
172
11000000000100000000000000000001000100000000000000000000000000
63
1000000000000000100001000010010100100000010000001000000000010000000100
14
1110000000000001000110001000100010010010000010000000100100110001000000
148
100000001000010001001000000000101100001010011100001100000001010000000
113
1100000000000000010001101000100000001000000001010000110010000001000
128
1010100000000000001000000001010010000010000000101001111000000010
147
11110010000001100010000000011000000010011000010000110000000000001
106
10000000000001000000000010000010110000010000000001000000000000001000
151
10110010010001000011000001101010100010100001000001000010001100100
19
100000100100001000001010000100000100010000100001010011000000000000000
11
100000100000000000000000010100100000000000000000100100011001001000100
168
100000001011100100000000010000100100010100010011000001001000100
127
1001000010000000000000000000000000000001000100000100000001001000000
85
1000000100000000000100111100000010100000000001001000000000001100001000
113
10001001000000100000000010000000000010100010010001010010001010000
66
110110000001000000010010000000000100000001100000000000100000001101001
146
10011100101000000000100010000011000000011000000000100100000010000000
137
100001000000010100010000011000000000000000000010000100000010010100000
55
100100000000101000010100001010000010010001010100010000000100000111100
174
1000000001100001000100001000000100011010000001000100000001000100100001
46
10000000000100011000000000000101100010010000110000010000000000000000
148
101000100000100000000000111010101001010001100010000100000000010000
137
1010001000010000111111100000111000010000010000000010001010100
60
1000010100010010010000001010000000000001110000001011000001011100110100
170
10010001001010100000011000000010100000000001011100000000001011000
172
1101000000010000000000010110011000000101111000000000000000000000011000
195
100000000000010000001000000000000100100000000000100000000011101000000
162
1000101010000010000101000010110000101000000001001110000000
2
100000000000000000000001101000000100000000010010001000000000010000000
130
10000010000010000000000010000001000101011010001000010110000100000000
119
100011010000001000000000001000000100001000000010000000000010001000000
71
100000001000000001000000000000010101001000010001000000000000000000001
26
11110000011000000001000000000101000110000001000001000001000000100000
165
1010010000000000000101100110000000001100000000000000010000000000
200
100000000100001010100000001000010011000110000000100100000000
134
1001101000110000000000000010000100010000000000010100000000000000000
9
1000100000001010000001000000000001000100110000011000010001000
126
100100000000000100110000000000000000010000000000001000000000000001001
96
1000000000001000000000100000100000000100101000100000000010000011000
50
100100101000101010000100000010000000010000000010000000001000000000
64
110110000001100100100011000000000010001001000100000000000010
176
101001000000011000001000000010010000100000000000000000000100000001010
196
1010000000101000000100011010101010101110111100000011001000000000010000
80
11011000100000100001010000000000010000110000100100100010000100000000
86
1000100101000000000000000010000000000100000011100011000000011000011010
58
10000000000000000000000100000000001110000000001000000001100010001
52
1000010000100100111100001000101000000000110010000100110000000001001000
3
1100100110110001000000000110100000000000000000000000100111010000010000
22
10101000110000000000000000000010000000011010010000000010000110101010
65
11000000010011110000000010000010001000000000000100000100001000000
142
1100000100000000000100001000000000100000000100000100000100000
82
111000100010001010000000010010010000000000000001000100
34
100010100101000000100100000011010000000000010000001010000000011101000
184
1110000100111000000001110000000000000000000000000100000000
66
10000001101000101000000001100000000000001100000000010010010000
5
100100001010000100000001000000000000000000100001000000000010
167
101010001000000000000000100010100010000000000010010011000100010000
41
1001000000000101100100000000000110010001010010000000001000
138
1001000100001100000010100000100010000010000101001010011000000101001
185
10010000000011000001000001000001001001100010000000010100000000000000
34
11000000000000100000000100100000100010000100010110010000100010
35
10000000100011100000100100000011011000011011000001011001000
31
1000100010010010100010000010101000010000100011000000000100000100
194
1000000000101000000000001000000010000010000100010100000110
57
1000100000000000000000000100000000000001000000010001
108
10010000001101000000001011001010000101001000010010000000011000000101
41
100100110001100001000000000100100001100000000010000000001000000001010
150
10010000000001000000010011001001000100000100000000000000000001
173
10100001110110011001100011000001000000000000000001000100000000
140
10010000000000010000001110000000000000000000000011000100101
190
10000011010000000010000000100000000000000001000000000
124
10001011000010110100100000010001000001000000100000011000101001
188
1000000000001000000000010000010010010010000000000110101000001100100010
22
110100001010101000000000000000100010000000010000000100000110000000
191
100000110001000000000000000001000000001100100010000001001010000000010
132
1000001000000001100101001000000010001000000000010000000100010000100000
65
100100001011000000001010000000010010000000001010100000110000001100
61
1000000000000000000001011100010001000000001001100100010000011001001
31
11000000001001000111100100000000000000000101000011100000000000000001
99
11000000000001000000000001000000001001000000001000010000010001101000
137
100010110000001110101000100000001000000000010000000000000000000001
37
100000000000000000000000000000100011000000100010100100000010000
113
100110000100000000000100010000010000100000000100000011000001000000
139
1110000100000000000000000001001000010000100010000000100100000100000
189
1100001011010000000000100010000101000000000110001100000011000010100
183
100000000100011010001001000110000000000100010100001100010001000000011
128
1000110000000111001000000100010000000101000001000000000000010000000
64
10000000001100010000010100001000100000010000010000000100000000000011
194
11100010000000000000010101000000000100000000000000000000000
151
11000100000010001001100000001000110000000010001010000100001100000000
117
1000011000100010000000110000010001010001000000100110000100000010000000
2
1000000000100000001001000000000101000010000011000011100100010010011
2
1000001000010000111000010000010000000000010000100011000100001100000000
53
10001000000000001000100000000000000000000000011000000000000
91
10000000000000000001101010000001001000000010100000000110000100
196
1000000000100000110010000100000000010000000000100010110000000000010000
72
1010000111000000001000001010111000001100010010000001100100010000000
166
100100000000000000000000001011000000010000100100000000000001101
85
1100101001100000000000000000100000000000011100000000101010000001000000
142
1000000001000000110000010100000100100000000000001110011010010000100
31
1000000001000100110100000001000000000000000010100000000000001000000
124
100000100100010010000000000000001001000000000000000000000000
64
101010100100001001000000000000000000101000101010
68
10101000000100001100010011100001000001110000100100000001100000000000
35
1011000010000010000000110000000001011000100000101001001000100000000000
161
1001011000000001000010000000000101000000110010100000000110000010100000
193
1000100000000010100000000001100100010001100000000000100001000000
103
1100110000101001010000010000000110010000000000000100000010001000
20
1000000010010100010000000000010000000101110001000100100000100100
95
110000101000011000001010010010100101000010001000000010010001000001
71
1101100001010100100100000100000000000000000000000001000001100000
25
10100100000000000000000010000000000100000000001000100001000000000
179
100101100011000110000001000001000000000000011100000000000
146
100000000010100000000000100000101010000000011110000000100001000010000
167
10000001000100100100111001001001000010010010001010000100000010000000
1
111001010010100010000001100101000000110000100010000001111100000000
9
100010001000000100000010000000000000100000000000000000010001000100111
99
1001000010001110010101000100100000000110000100000001100000010000000100
11
101000010000100000000010000100000001000000100001000010000000000010000
48
100100000000000010010000010000010000000000000000000000001011000100001
195
1100000100100010110100000100000100010000010000000000001111000000001000
150
101101110000110000000110000001010101001000100000000001001
101
1001001100000000000011010010000100001001000010000001011001100001010
149
100001001110010001100100000000001000001001000000100000001100110000011
122
10000000001100100000100000000000000000010000010000000000100000000000
133
1000001000010000000000000011011000110001000010000100000100001000001010
164
100000100110000001100001000000100001000010001000000000000000100001001
187
101000100000101000000000010100000110001000000010010100000000100000000
138
1010000000000000000100000010101000000000110000000010000001100100001100
101
101010000000010001110000110000100000100101010000010101000100011001000
19
110100010010110000101110010100000100110000000000000000000000000000010
49
1000101001000000000000000010000001010000001100000000000110010011000
92
100000101000000100000000100000000000000000000000000000000000010
39
1000000100010010000100100000100010101010000000100000000000010001000
151
100100100000000000000000000000000000000001010000010101000000100010101
140
100010100010001000000000000000000000000000000100001010000000000000000
189
111000000000001000000000011001010011000000000100011100000
152
10000001110110000000000000000000000000000010100000110010001000000100
65
1000100000010011000001100100000110001010000000001000000000110000000111
6
1000000010000000010001000000010000000100110000000000000000000000000
39
11100000000000010010000000000110000000000000000000000010000000000000
9
110000010000000100010011100000101000100000000000000000100
174
10000000000010000001000000100110000000001000000000010000000000010010
179
100000100101011011000010010000000100000000001000000000000010001
144
111000000110100101100000001111000000000001000000100000000110001000
28
1000000000010000111100010000000001011000000001001000000000000000011010
33
10000000000100000000001010010000000001000000100011000000000000001
53
1101001100001001000000001000000000100000000000100000000001111000
88
110010000100001000011000000010000111000001010000000000000010011001100
21
100100100000011001000101000000001000000000101001000001000000100
54
100011001001000101110000001011000000010001000000100010000001000100000
56
101000001001000000000000001011110000000000000000100100000000000000000
1
1001000000000000000010111000100000100000010000000110000111000000
4
10100010000000010000001011100100000001000000010011100100010001
54
100000100001110000100000100010000000000000100001001000000000110000000
114
1000010000010001000101000001000101000001100001000101011000000010000000
25
1010100000000100101100100010010000001100001000101000000000000000000000
25
101000010100100100000000001000000001010000000000100011000010011001001
7
1010000000000000000000001010010001000110000001100000100000000001000000
94
10000011001010100000000000010000000010000000001001011000100100
107
101111110000010010100100000001100100110000000000000000010101011000
42
1000000100000100001000100101000000010100000000001000000010000101001
22
1000000000000000110000010101000100000100000001101000001001000000
180
10100000100000000000001101000000000000000000010100101100000000000
50
11000000000000100010000000100001000000000001010001010000100000000010
70
10000001000000001100000000100000000110000001000000001000000001000000
12
1000000011001001000100000010110010001000000000100110001000000010000
35
1100010100100000001100001000000100000000001000010000010110001001000
97
100000100000000000101000010000001101000000110000001000001010000000000
7
1100000010000000001010011000111110100010000010000000110001000100000
101
100000010001000000000000000000000000000110001101010000010011000110
34
100100001100000000010000000010100001000000000000000010000001000010
95
1000000000100000100001000001000010001000000010000101000000111000000
70
110000000011000000000001000000011000000110001000000001000100000
48
101001000000001000100110000000001000100100110000000000100000000000
85
11000000010011111001010010010100101010001000000000000010110001010000
79
111000001000001000000001001101000100001100000000100000000110010101
35
1100000100000000001100000000010000001001100001000000000000100
71
1000000001010001001110010000010000110000000100001000010000110100000000
149
10001100000000010000001010010000000000001100000101001000010000000
194
100010100000000100011000000100100011101110010000000000000000101
66
1001010000000010010000110100000000000000000100100000100100
186
100001000000101110000000100100000001001000010100000000000100000
13
101000000010100000100000001000000010011000100000001000000110010000000
29
1110100000000001000001011000000000011100100100000100010100000
174
1001010000000001000000101000000000001110000000000000011001000001010
139
1100001001000001000100010000001000000000101000000000000000000010001000
28
1001000000010000100001000010000001000000000101000000000010000010
71
1011010100000000000100100000000100010000010010000000000000000001010001
36
1101100100001100000000010000000100000010100000000010010100000100001000
76
100000011000000100100000000000000000000000000010010010100100101001
122
100000010000000001100000011000000000010100000000000100000000000100001
5
1000100000000000101011000001011000000000100000000000000100001000000000
156
10000000000010000111000000110111000000000000000000
171
100000000000000100000000010000010000010000100001
162
10000000010000100000010000100000010000011001001000000000001010
144
1100010000000100001001000000000010000100111000100001000001000100001010
191
1001011001110000000000000001001001011000000000000000001000000000001
113
1010001001000100000100000100000010000001000100000001010000000001010000
163
10001100101000101000000000100100110100000000100100010000000
110
1000000100000000000000000001000100001000110000010100000001010001000000
128
100100000000100001000000000001001001100000000011000100000000001
168
1001000000000000000000000000000000010000000000100000010000000100000010
108
1001001010010100000000000001001000001010100001100100110000000000010
184
10100000101100000010000000100011000000000000010000000000100000010000
181
1100111010000000000000010000100000000001110000000010100000100001000
45
100101000001001001100100000000110001100000000000000010000000100000
101
1000001100100001000100110000000000000000000110000000001000000000000
125
110100000001110000110001000000000100000000000000000000010011000000
99
100000100001000000000000010000010001010010001011000001100000001000010
39
1001000000110001000000010100010000000000000000000010000100000
85
101001000000000000000000100001000100100010000000000100000000000000000
125
100000000010000000000000100000000000010010011000000100000000001000010
191
10010000000000100000000000000100010110101110101010011100000000011
56
1010011111101000100010000001001000010000010000000010001010000100
15
10010001100000000001000100000000000000000001010000000000
112
10100000000000000000001001000000001001000001000000000010100000000
151
101000100000100100000001100000000000100000000001010010000001000000
165
10110000000000001000010100000000000000010000000000000101
66
1011010000000001000010000000000000010110100010000000000001001000000110
64
1101000000000000000001100010010000001000010000000001000000000000111000
50
100000001000000000000000000000001100011010010100000000000000000001000
73
100011001000010000000000100000000000000001
159
110000001000100000010100101000001000001000000010100011000010001010
125
100000001001000000100001100000100000000010101001000001100000000
119
101000000010010000000010000000000000001000000100000100000011000000000
73
1000000000000001001010000100100000010100000001000000110001001000001
76
100101000010000000010011000010011001001100100000100100001001000000
164
101010100110011110000000000010010100000100100110000101001000000010000
43
1100000010001000000000001001000110000011100101000101
188
1001001001110000001001000000000010000000011100001100001010010001000100
147
1100010111010000110000000000000000000000000001001000010000000000000001
26
100010000010100001000010000000000011001011010000000000000110100000
177
1001000000010000001001000000000000000000110001000000100001101001101010
189
1000100000010000010000000000000000000010100000000000000001110001000
57
100000000110000000010000100001001000000010001000011000010001100110000
185
110001110000101000100100000001100100111000100001010100100000101000001
174
100010010011010101100100000000000100000001000000000000000000000000000
173
10000111000101000000000011010000000000100001100000000000101001000100
127
100000100011010000000100000110001000001010011000000001000101000000
199
10101010000000001100000110000100000100001000010001010000001000010100
125
1000000101010100011001001000100000000010000000100000010010010000100000
199
1000010000000001000010110011001011000001001000000000100000000111110000
193
1000001000011000110001010010101000000100000000000010000000100010000
183
10000001000000000100100000000100000001000010000000101000000000010000
159
1100110000010000010000000000000000000011010000001010001110
68
100000000001000000100011001001000000000100101011001000000110100010
44
10000000000001000001001000101000000000000010000110001000001000000000
151
100001110110000100000000010100000100010010000001001010000100100100000
90
1000001000100001010010100000010100010010000000000001001001000010000
46
1000000011001001001101010000000000000000000100000100000101000100010000
145
1000010000100000000010100000000000000000000000000010010000010010000100
13
1001110100000100000010000010110010011110000000000000100011000000010010
10
100101000000000101001000010010001100000000000000000000000010000001000
128
10100000000000001100010000001000000001000001000000101001000001100000
161
1000010000011000010100000000000000000010100000100000000010000100000001
116
1001000000000101010000110000101100000000000000101010000000101
183
100000010000001110001000010001100000000000101000100100110001100000000
186
1011001110000001100011001101001000001000001001000010001001001010000001
149
100000000000000100000000000010000100000100000000000000000100000000001
110
10010001101000000111000001101100001011000100000110000000000010000101
170
11010001101000010000001001000000110001110000101111001000000001001000
3
1010000000011001001001100100100001000000101000000000000101001000001100
174
10000010010000000000000000000000000000000100010001000000100011011010
15
110000000000000011000000000000000100000000000010010110001
162
10010010011000101000000000000000010000000000001000001000100000100000
22
100000100000000010000000000000100000000000010000010100100000010000100
35
100110000000010100001010000110100100000101000000001101100000000
90
10000000001000110000100100100000100000100010000011101000010000101000
73
1111000011100010000000010100100011000000000100001011000010000
146
1010000100001000100000000001110000000000000000001100000001001000000000
17
10010011000000000100000001000110000000100000000000010010000100
157
10000000000001000000010100100100000000100000010100001010000000000001
90
10001000000001000000000000000011000000000010110000000000000
98
100100000100001000000100000000000000000000011100010000000000000000000
151
100001011000000000100000000100000000000000000101001000100000011000010
2
1101100010001100100001000000000001000010000000000000000100000100
139
1000001010000001000000000110010001001000010000000000100100001000010010
94
100000011100100101000011001111100001010001000001000001000000100
11
100001001000001101000010011001100000000100000000000000000000010000010
93
11000001101000000011000000100000000000000100011000000000000011101100
86
100000010001000011001010001100100001000000000000001010010100100
69
10000000000000000000100100001100000010000100010
131
10110001010000000000000001000000000101101100000101000001010100
47
10000000000001000000010100001000010000000000000000010100000001000000
126
1010100001101010000000000010000101000110000010001000000001100000000001
114
1000001100010000000000001001000000000000000000100000001000000011000
186
11000010000100000000000011100000001001100000000001001000000001000010
192
1010100001000010000000011000000100111000010000000010000000000100000000
5
100100000000000011000100000000110100000000000010000000000000000001000
96
10100000000000100100010000010000011000011100000000000000001100000000
192
10000001101000000000000100000101001000100001000010000000000000001100
93
110010001100001000100000000000000000000000010010000000000001000
8
1000000000000001001000001000010010010100000000000010100010010
86
110010111100010010100110000100100010000000010011111100000
71
1000110100100000010000000000000100100000100000000000100001000010100000
114
11010000000100101000001000000110100000000001100110000000001000001000
9
10000000000100110000100111010001001000010010000000001000000000000000
16
110001000101000000101111000010010001010000000001110000011010
20
1001101000101010100000010000000010000001001100001001000000001000100
8
100000011000000010100000000001110000001000001000001000100001101010010
198
1100000011101101010010101010001010010000100100000100000000010010000100
89
1000100000000001110000000000111101000100000100010000010000011000100
8
1000010101001000001010000000100100000101010100110001000000000000001100
52
10100010011000001000000000000010000100000000100000010000110001000
37
10100100100001100000000100000000000100001000000001000000000000010010
25
1000100001000000000000001100000000000101100000011000000000101000000001
164
1000001010100010000000010110010101100000010101100000100000000000100110
37
10010010000000000000110010100000000100100011000000001100000001001100
198
1000000000110011010010011000000000101000010010001100000000011000001100
12
10000001000010010010000001001000001000010000000101000
96
1000010000000010010010000000000000000000000000100010000100000110010100
155
1000100001001000000000010100000000000010101001000100000000000100
173
1000000010000000100011010010001010101000000000100100100001100000000
169
100000000000100111000000000011000000100100000000000001000001000000000
52
10000000011000000100010011010000000100111110000000010000000000010000
48
1010011000011000000110000010011010100000110000010100000000000000000
160
111000000000001000010111001000000010000000000001000001000000000000000
138
1000000000000100010100001000100100000100000000100000100000100110010
108
10001000000000000010000011100000000001001100000000000000100100101000
54
1001000000000000000010000000000000010000010001000000001010000000000010
78
1100100000001110010000001000110000000101011000010000001000001010011101
36
1000011000000000000000000000000000000000101010000011101000000000101
55
10010010101000100011000010011010000001000000101100100001
180
1010000000001000000000000000000000001000000001010100010010000001000000
124
1010100010000000100000000000000000000000100000000011100110101000101
182
100100000000000000000000110000001000010000000001000101100010010000
48
1000100110000000100100000010000000100010000010000000111010110001100001
62
1000000000000000000100000000101100100001000000100100000000000000000000
172
1001100100000000001000001101000000000100001100110011000100000000011
104
101000100000000101011000110010000001100000000101101000000001010000000
89
1000010000010000000000100100000001000000000000000111000000000001010100
82
100001010000001100000000100000010000100100001001000010001000000001
89
1100100000010011010000100000110110000010001010000000001000000101000100
86
100011000000000000101001000000000000010000100101100010001000111001010
63
100011000100000110001010110000010000010010010000010001001000001010
169
1100010001000000000001000010000000000010000000000100000000010000110010
3
10000000000000001010000000000100100000000000000000000000000010000000
27
1010000001000000000010000000000000000000000001110000101000000000000000
64
110000000000110000000010001000000000000000000000101010011000
44
101000000011100001010000000100100110000100001001000000100100000110000
145
100011101101000000000100101001000000100000000110000000010001
55
10100001000000110000000000100000100000010000100000000000000001000
59
1111000000000000000000000000000011100001100100000001010000000
126
100000001001000110101000000000001001001000000000000100001000000001
118
1000000000100000111000010000011000100010100010000000110101010001000
19
1100000000000100000001000010000000000100100000000100100000000000000
177
100100000001010001001000010000100000000000010001000000010010010000
6
1000000010100001000100100001000000000000000000101001101000000010001000
39
10000000000001000000000110000001000000000010000010011000000000100000
165
101000000001101000000000000110000010101010000000000011000011001
20
11010000001000100011010000000000001001000001000000000000000100000
187
1100000000001001100000100000000000000001001000100000000000110001010
161
1000100000010000001010001000010001000000000100000000000001110001000101
70
101000100010100001000100000001000000001000000000010000010000110100010
154
110000010001000101010000000000000000000010000111000101011000010101000
67
1001010000001010010000000000000000010000000100000100010011000000010
2
10000000000000000111111010000001000000000110000000010000000001000000
30
10110010000000010000001000000100000001000000100000000000100000000011
59
1100001101100000000100001000000000000000000110000001000000110000000110
6
1000011000000000000000001001000010000000000101010100100000001000010100
17
1000000000100000100001000010100110000000100110000001000000010
2
1010011000010000000011001001100010000000001000000000000000000000
179
100000100101100000000000000000000000101100001010010000000000001000
48
100000100010001100111001001000100000000000000010000000010000010010010
16
100000010001000010010000010000010000010111000000010000010000
14
10000011000001011100001100001000000101000001010000000010010001
54
10001000000000000000100100111010000000000000011101100111010100000000
152
10010001110000010000101001100001010000100101101100000000010000000000
98
1000011000000010000000010000000000000101000000100011100110100000101000
154
100000000000000000100001000000000000000001100011101010110000000000
65
100100000000000000000100000001111000000000011010010001000101000
62
10100000000100011110010001000000000011000011000000000000001010000000
115
111010010000000100100100000000000110100000000000000000000000000000
156
100100000001101000000000010010000100000000000000000000000001110010
122
1001000000001101000010101010001100000000001100000100000000000000000001
63
100111100000111000000000000100000010010000001000000000100001001100
170
110000000000000001000000000100000000111111001000010000000001000
94
10000000011000000000000001001110000000010000000100000100100000100000
63
1111101001000100000001000001000000001110001111001000101010000000000
179
10001000011000100001101001100100001001010011111010110000010010100001
112
100000000001101000000100000110110001000000100001001000010000101000000
87
10000000011000000001001001101000000001100010000010000010000011000010
152
1001100000011000000101000001000001000001000000000000000000000000100
192
1000000011000010011010010100000011001000000000000000000000000001110010
31
1100101000000000010000000001000001100001000000000110000000001000010000
48
110100000000011011000000000010010100000100000000000010100101000000
62
1010010001000101100000000000010010000001011000001010000000000010000000
190
11001000000010000000010001000100000001000100000110100001000000010
101
1100110010010000011000010100100000000110000011000100
96
1001010011010010000100000010000010101001101001000000010000000000
200
100001000001010010000100011100100001000001001000000010000000011
68
1000001000001000000100100010010010010010001000000000110010110
63
1001101001001100010011000000000001010000000001001001000000000000000000
151
100000101010000010000000011000000100000000000100000000000100100110000
83
1100000010110000000000010000100000100001001100100001000100000100100100
68
1000010000000000100110000000000000000000000101000000000100001000110001
169
11000000110000011000000000000000000000000000000010001001000000011101
104
100000011010011000000010000000101000000000011000000000000001110010000
6
1000000001010000000110000001001100010000001000000000000010100000111010
25
100000000010000100010001000101100100000100001100000011000000101100000
114
1100000100001000000000000000000000000101100000000000110000000011
76
1000110000001000001010000100010001000000000010000000000010101100000000
41
100000000110100001100100001000001000000000100000000101000000001000100
130
100001000000010101000010010100000001001110101101000000100000000001010
17
110000110000000000010000100010011000000000000100000101010010001000010
193
100100000100011101011100100010000000011001000000011000100100100000010
125
110110001000010100000010000010010010000010000000100100001000100010000
171
100000010001001000001000100100000100000000000100000001001001010000
114
100000000010000100000000010000000010100000000010000000001001000000
132
1000000000000100000001000100010000001100000000000000000100
122
1100000010000110110010000000110000101000000101011010001000000000
90
1010011001101000100000000000000000000000001000000000100000000000000
102
1100000000001011011001000000000100001100000000000000110000000100
10
10000000011000000010100000000011000000000011001000110000000000000
48
101001000100000110000000011000100010000000000001000010000001000000000
133
1100100111000110000000010001000100001000010100100000001000100100011
169
1000100100000000000000100000000000101000000100001000000000001100100
103
100001000001000100000010001110010010010001000000000000000000000100100
105
1001000000000000010100001100000001000101000000010001001011110001010
166
1100110101000110001000000000110000100101000010000011010010010010000000
2
11000000000010000000000010000101010110101000010000000101000000010
44
100110010100001110100010000000000000100000000000000000110
36
1000000000100011100100010001000010111001010001000000001001000001110000
186
1001000001000010001010000100001010001000010000000101000100101010000
129
100000000001000101100000001000001000000000000000000000000000100
102
1000100000101010001110001001100010100000100000010100000000101000010
91
1000000100000100001110000100010101010000000001000010000101100100000001
73
100000100001100000101000000010010000000000001000001000000110000001
21
1001000011000010100010110000010011000100010000010000100000000100100000
25
10000001000010000100000001010001000100000110000000000000100101101000
180
1000000001000100000101000010001000000000100101010000010011000001100000
84
10010000010000000100000000000100000000000000000000000000010000000000
115
110000100000100010100100000000001100000000001000000000011000010000
75
1010000000100000010100010000001000000001000000001000000101010100000
74
11110000100100000000000010001000000110000110010010100000001000100010
153
110000101000100100010000000010100000000000100000000000010000
180
100001000000010000001000000100000100001100000000010000010100001000
72
100000011011001000001000000000000010000000000001100000001100000101
169
1000010000101000000000010111000000010001000000111000001010101010110100
74
1000010110000000001001000000000000000100100000100010100110000000000
131
100100100000000000000001110000000111000100000000001000000011
188
1001110011100000000001000010010000000010000001000111011000000000000000
112
10000100000000000001000100000000010000000000000100010000100000100
149
100100010000010100000000000000011001001010000110100010000000010
191
1001000001001101001000000000010001100001000010001000000000000000000010
153
111011000001110010100000000100010000100000000000000001001010000
174
1000011010000011000000000000000001000000000000100000000010000000000100
149
10010011100001000010000000000000000000000001000000000000000000000000
67
100110000000000100111001000001000001001000100000001001100100000011010
58
10000100100011000000000000000000101101000001000001110000010100010000
19
100010000000100000001001000001000000000000000101010001000000010001100
165
11000000000000010100001000000000000000100000001000010000000101000
126
1000000000100000000010010100100000000101000110000100001000000000001
7
100000100000010001000000000000010001000000100100001000001100000000001
36
110001000100101011100000100000000001000000000001000000100000000010000
2
1000010000000100011000011000001001100000001100100000000010101000000000
123
1110000001110000000000010000000000101000000100100000000000000000
116
1101000000001000000000000000000011010000000100000010001001010010000
152
1000010000000000101000100100000000000000000000000100010001000010001000
81
110010000100000000001100111000000000100000000010010101000010100010
9
1000000000001010000001000000000001010000000000110000001110001100000110
163
100010000000000000000100000000001101100010000000001010000001000
145
110000100000000000000000001000000000000001000010000001000000110000100
5
1000000110000010100000000000000000000000101000000000101010000001001
54
1011000010010101000111001000000000010001001110010000000000010001001
96
10100010000000100101000001000000000000100000011111011000000100000001
59
100101000000010010010010000000001001000110010110001011000000001010100
188
1001000010000010100000000010100000001011100001010001000011100001100000
3
1100000000010000100000001000001000011001000010000000000000000000000100
191
100001011000000100000000100001000000000000000000000010011000000
48
1001000000001101110000000000000000000010000100100000000000000000010000
120
1000001110000000100000000000000011000011101010000100000100000000
179
1010100000000100000000011000001010100001000000000100010000010000000000
164
1000000110000100000000000000000010000100000000000000010000000000000
10
1000000100000000000000000000000000000001001001000100000000100100110
136
100100100000000000000000000000010000100000010100000000000000011000000
39
100000100000000010000000000000100000010000000000000000001000000110100
14
100000010010010001000000001000101001000110010000000000000000100001
41
100001001100000010000001000010010001100010000000000000000000100000000
144
100100000101000000101000000100000010000000000001000000100000000000001
134
10010010000010010000100000000001000010000010000100000000010100
177
100001000000000010010010010000000000110001001001001001001000000101
189
100000000000000000100110000000000000000001000000000000000000000001000
29
100010010100010001000000000000000000000000000010000011000001000000
19
1000010001000100000101100100010000000000000000000000100000010000000000
2
10010000000000010110000001000000000000000000100000000010101100001
158
1000000010011100000000000100000000000010100010010010000001010100000000
123
100100100000010000000100000000000000000000000000000000000000010010000
10
10000100001000100000010000000000001100000100001100000001100000000
135
100001000100101001101011000101010100100000000000100000110000010000
154
100000100000001000010000000100000001100001101000000010000000000000000
96
10001001000010000000100100010000100000000010000000000000010000000000
119
1010000110000100001011001010000011000001000001000000010000000110
136
100100000001000000010010010000001000000000100000000000010010111
126
110000010000000011000000000010000010010100010001000000000000001
107
100010100000000000000101001000011010100000010001000000000001000000000
192
10010101000100010001000001000000111000100000001010000010000
185
1010011000000001000000000000000000001000000001000100
71
10001011010001110100000010000001000000000101010000000000
77
100001000000001000001000000110010000101011000000011000000010000000001
4
1000000000010000101000001010000100001010000000000000001010010000110000
84
1001001000000110000010001000000000010010000111001000000000010010001
43
110000000000100000000000110100011000000111001000000011001000010110000
90
100000001000000011001001100100100001110000000010100000000000000110100
160
11100000001101100000001010001100010100010000000010101101001001000
169
10010000010000000000001100001100101000100100010000000000001000000
24
1001000010100000010001000011001000000100000000000000000000100000000
67
110010000001110000011010110001000010100001010001000110010000010
113
100000110000000000000000010000000001100100000000110100000000000010011
8
100000010000100111000001100000000000000100001000000010100001010
143
101000011001001001000000000001010000000000000101100000000000
164
110010000000000100000001011010010000010010000001101000000000000001
1
101000000000000010000001010000000000000000010000010100010110100000
66
1010000000000010101000000011000000000100000000001001000000010000010000
109
1000000110000001000000000000010000000000000010010000011001000000000
85
10000010001111110000000000000001001000000010010100001
73
1000000010000000000001110100101100000000100101100000000000100000000
180
1111000010001010010000000100000000000000000000110001100001000000000010
56
100000100000000000000000001000001000001000000100000000011000000010
70
110010000001000000010010010010000000000010011010000100001000100000
179
10000010000000100000000000001110010001000000000010000000000000000000
132
1000000110001000000100010000000000000001100010000000001101000101001010
9
10000000000011001100010000001000000100000001000010000010001000001
164
10001000100000101000000000000010000000010000000100100000000110001001
96
1100000010000000000000000000011000000100000110000010000001000000000001
24
11001010100001000000110010000000000001100000001000001000000000101
168
1000000000001001110000000001010000000000011100000000101000000000000000
107
101010000010000001000000010000100001000011000000001001000011
162
100001000000000000000010000000000100100000110000001001000100001010000
180
10110000001001000100001001100100010111010000100000001000000000000000
30
100000000000000000011000001000000000100100110100000000100001100000010
31
100100000000010101000000000000000000011000010000000000000000000000
25
10000000000101000100001001001110001000000010000001001000010000100
31
1001100000100100000100010000000000000000000000010000000000000000011000
185
1100000000001010010100000100001011010000000001000000000000000000000001
22
10000000000000111001100000100000001110010100101000000001000010001100
138
100111000000100110010011000101001010000010010000001010101110000110100
65
1000101001000100000010010000000101100000000001100000010110000011000
51
110101001010000000010001100100000000000000100010000000000110
47
1100010000000001000000000000001000000001010100011000000000000000000000
165
10011001100000000000001001010100000010101100100000001000110000101001
31
1101011000000000001100100001011010001100100000100010000001000000101
115
10000001001001010001001000000000010000010000000001000010100100000
188
100010000001000000010000101010000001000011001100000000000010000000
182
11010001010100000000000000010000000000000100000000100100001
121
1010001100000010000001000000100001000000000000010100001000000000000
180
10010000010000100010000000110000000100001000100000000
171
11000000000000001000001101000000000000000000000000000101000110100
166
1000000000100000000011000010101100001110000000011100100000000011000
171
1000000100011000101000000101000000000000010000000110000101100010000110
187
1001100000110000010001000000000100000001000000000000000000000000100000
186
10100000100110000100111000010101001000100000000001
143
1101000000000100100000000100000000001000000100010001000010000000001100
181
1001100000100101000000010000100001100000100100001000000001010000000100
196
100000011001000100010001011000100000000001010000000010000010000000110
92
100001100001010000010011010001000000100000000000001100001
142
1001010000101000001010000001000110000000000011100101000000001000011
84
1001011100010000000000001001001000000010001000000000000001000110
85
10011000000010000000000000011000100000100001001100110001010100000
14
110001000010000000000010000010000100000100010000001101000000000000
74
100010000000010000000000000110101001011001000000000100000100
20
10100001000101011000001000010000000000001000100000100000000000100000
185
1000001000001010011000000000001101100001000000000100001011000000100
62
10000000000110000000000001100001000000000000000010000001010000010000
183
1100000010000000000000000101010001000000000001000110100000011000100001
153
1000000110101000011000000010001001000100001110011010110001000000010110
58
111000000000000000000001000001000001000000010010010001000010100000101
7
1000010100000000000011000010100001000001100000101100000110101000000010
175
10101001000000000000000010000000000000000010100100000001010
97
100000000000000100000010000100010100010000111000001000100000
44
100000100001000010010000100000100001000000000000000000001000100100100
179
1000000001111100000000010000000000110000110001000101000000000101010000
126
1000011000100011100010000000000000000001100100001010110000010000010000
120
100100000000000000000000000001000000000000100100100001110100000000011
196
10000010010000001100000100000000000110010000000000000100100000000100
50
100100000101000000000000000010100000100011011000010000011000000000010
119
10001001000100000100000100000000010000000001010100000000001000000
153
10100011000101000000110001000000110000000100010100000010010101000001
84
10000001001000100001000000100000000100100101000010000000000011
38
1000000110000000000000000000000000000000000001010100010000001
138
1100001000100000000000100100000011110000100000101000000000000000000000
37
1111000100000000000000000100010010000100000000001010000010000001000001
86
10000000111001100001001010001000011010010010000001010000110000100001
138
10000000010000000000000000000100101010000000110000000100000000000001
26
101000001101000000110010100000010000000100011100000010000100000100
16
1001001000000000110010110001000000000000010000000100001000001
79
100000000000010010110010000000000000010010010000100101000000000000001
178
10010000000001000000000100010000110000101010100101000000010001
40
11000000001001010000000000000010101100001000000000000100100000000
85
100000100000001011000000100001000010000100001000001000000000000000
96
1000000100000000000110000110000010100000000000000000010100001000010
146
100000000000000000000100000000001000100010000000010000000000101110
53
1000000100010000000000000101101001000001000001000100111000010011
143
1000010010000010000000000000000100100000001000000101000010000010110000
161
101000000100101000001000000000010001100001000000011000000001
31
110000000100001000010000000110000100000100100001010010000010000011
48
10000000000000011001000000000000001000000000000000100000000000
18
1000000000000110000000000000001000000000000001000000010000100010010001
115
10100000010001100000100000000000000000000010000010001000000100100
189
11010010000011000001000000000000001000100011000010000000000000010100
109
100100010000001010011100101010001101000000000000000000000000
184
1101010000000100000000000000001000010110000000100010000011100000
135
10000010000000000010100000001000110000100000001000010000001110000000
148
1000000000000010000100100000000000000000000010100000000010
53
11000001000000100010100001010010000001000000000100000
80
10000100001000000100000001000001000000000010100000010000000000000000
131
10010001110000010000010000000000001000001010000000000000101
39
1000000000000001000000111000100010111001000000100001010000000100000001
117
11000010000000000000100000011000100000000000110100001000011000
163
11001000010000001010000100000110100110001000000010011100001000000010
34
10000011000000001000010001010000000100000000000110000001000000
106
1010001001100100000010000011001001000011110000000110000010000100000010
173
1010000000001000000100000001000001001000000001101000000100010000110
110
1100010010100100100000000010101110000010000000101001000000000000
102
100100010000000010000000000010011010001000000000010001011000000000100
48
1010010111000000100000000000000001010010010000100000100000000000000000
31
1111000000000000000010000000010100100100000100000000011000100100100100
28
101010000100000000000000000000100001000000011000111000000100100000
5
1001100000000010000000000000000000001000101000011010100001000010110000
12
11000000000000000001101000001010000000000011001100000
115
1000000000010000010000000110010000000010100010010000101010100001100
183
11000100000010010010010010001100110000000000010100110000000000001000
184
101010000000000000000011100001010100000000001000000010
112
100000000000000001000001000100100000000010000000000000001000010000001
130
1001001001001100000001001001000000000001010100000000000000
122
10000000010101000000000000111100000000010000101000001100000010000000
194
100101000000010010010000010010010001001000000001100000010010001000101
24
10000000000000000010000100000000100000000000111100000
150
100010011100000001000010001100000000000000000011100000000000011100001
198
1010000010111000001001001000000000000000000011100101000000100000001
7
1000000100000011000100000010000100000000000000000000001000000000000000
50
1000000000000000000100000000001100010010000000000001000001000000100
121
101000010000000000000110001000000000000000100000000010000001000000000
140
10000010010000000000000010100000000000110100100000000001000101000010
104
110000100001000100000000000000000000100001000010001000000000000100010
156
100000011000011000000000000000000101010000100000000100000000010000000
17
10000000000000000000100001101010000000000000100111000000100000000000
145
10001100100100000000000100000010100010100000100000001001000
186
1000000010101001000000000110000001010000000000000000000000000101000
82
1110100000001001001000000010000010000000000010000000000000110000000010
198
1000100000000100000001000100000101001001000000000
189
1000000000100001000010000000010000000100000000000010010100000000000
16
11110000000010010010010001000110100000001001000010010000000000001000
110
11000011100010100000011100100101000000001011000000000000000100001001
178
1100000010010000110101000010000001110000000010001000000000000000000000
121
10001011100000000000000001000000000000110000000000010000000000000000
145
100000001000010001000000101101100000000000001000000000001100010011010
101
100010000000001000100000000000000000000100000
185
10001001000010000001100000000000000000000000001010000000001001000000
50
100000001000100100000010001100001000000000000000000000110000000000000
2
1000010000000000000010010010000000011000000010101100000000010000000
103
1000111001000100000000100000000100001000100100000011000100000000000
126
1000000010000000000010000011100000001111000000000001000100001001000000
36
10001100000000001000000000000000000010000000100100001000000010100100
29
10100000100001000000010101001001010000100000001000001100000000100
148
10100001101000100000001010001010000000000000000100000001000001010000
189
1010000000000100000100000100000100000101010011110000100000010001010
186
1011001000000000101000000000000000100000000001000000010000000101000011
177
10001010000000010100000000001000000000010001000000000000001
155
10000000000010000000100000000001000110100001000100010100000000010
84
1000010000000001000101101000110000000000111001010100000000001010000
78
10001100000100000000000110000011001000000000110100000000001000000000
75
1000000001001000100000010000000110010111101100000000010000010100001001
112
100000000001000000100000100001000101001010000001000000000100000000
5
100010000010100011000000100000100001100100000000110000000001001000001
84
10000100010100100100000001000000000000000001100000000001001100100000
72
1100000100001000110100101010000000100000000000000000001000000000
21
1100000000001000000001001100000000010000000000010000010000001001000000
5
100000111010000000010001000000100000000000000100000000100000001010
79
1010100000000000001001000001100000000000101000001011100011000000
149
10000000000000000010101000100100001000100101010100110010000010000
56
101001000000000000000010100000110001000000010000010001000000000
194
10000000000000000010110000000000000000001000000000001001001000
25
11010100110110000100001000110010000001000000000000111000001000001
21
11011001000001000000000100111011111100000100000010100001110100
89
1010000100000010000011010000000100000000110010100000000000000000000001
41
100000000001000001000001000000001100000101011000010001001000000000100
91
10101110000000000000001001000000000001000100100100000000000001001000
190
1100000000000010000100000110000100000011000101100000000010101000100
25
1001000000000000001000000000000000000000000001001010010011001000010100
120
100010100001101000000000100000000000100000100001000010100101000011011
49
110000000100100100000000100001010001100001010011000001000010111
115
1000000000000000000010001000000100000000001000000001010100000010001000
127
10010001100101000000001010100001001000000000001001101000000000001
164
1000000010000000100001000000000010000000100000010010100100000
102
10100100000101000000000000001111100010000001101000100000000001001100
5
1000000100001001000101100001000100001000001011000010100
103
1001000001111000110100000000100001101000001000000000001100000100000001
152
100001000110000100001000000001000000000100001000011010100100010000001
68
1000010000000010000000100000011010001111000000000101010000100011000100
86
100000000001010100000100000001101100001001101100010000000000000100
16
1110010110010000001000000100000110000000000100000100000010000000000001
153
10100010000010010000100001000000110000100001000000111000000010
56
100000100000100001000011010000001000110010000000000100000000
43
100000000011100000000101100100011000001100100010001010000010000
53
1000010000000000000000000000000110000001111001000010001100100000000010
149
10000010011101010000110000010000000000000000110011001001000
72
1000000000000000101000000000100000100000000110001000000011110000000000
191
1000000010000010000000000100000000000001010001001001010101000000000
82
1001110001000011000000100000001000000000000000000000100000001000010
141
1100100000001111100001000001010000110001010000000010000110
21
11000000000000010101000000000010001000001000110100000000100000100000
141
1000000000000110000000100000000110100000010000100001000000000000000
38
1000101011000000011100010110000000100000000000000000001000000100001
135
1000000000000110010001000000100000000000100000010010000100000100000
162
110011000000001010000000000010000001000010000000001100000000010
119
101101010011000000100000000000000000000001000000100000000010000110010
19
1011000010000000000100001000000000000001110000010010010001010100101000
158
1000000100001000100000100011000010000000100010001001010010000000010000
99
100000000000101001000000100100000101000010100010010000000000110000010
73
1000000100000000000000010000000100010000001010100100001000000001000000
163
10001001110010000000000000011010010000000000001010000000000010010000
158
110001000001101100101001110000001000000001100100000000111001
124
10010001000100000100001000000000000001100010000
116
111100000000100000000000010000010000000000000000100000000000100
111
1000000010110000000000010000010000000100111000110000001000000000001000
38
1001000000000000100000001000010010010000000100000000100010010000
28
10000001000010000010010000000100011000000000000000101001000000000011
157
10100100000011010000001000010000000010000010000000001000100010000001
178
10100000000100010000000010000100100010010100000000001000000000000000
122
100110100000000101000000100001000001000000000100001100100000000011000
37
10001000000100000000001000000000000000001000010000000000000
191
10001011010000000100000110001001001010000010000100010001000
50
100000010000000000000101101010000010000000010000110001001100001100
177
110000100001100000000000001000100000010001000000000000011011001010000
89
110011000000001100001000000001000000000110100000001001000000001
113
