70 100
100000000000000000010000000000010001011100000010001000000000000
180
10000000100000000000100000001000000000000010000000001010000000000
24
10001000010000000000100101000000000000100000000000000000000010100100
20
1000000000000000000100001000000000000000100000001010000000
87
1100000000000000000000001000101010000000000000000000000000100000000000
3
110000000100000000000000010000000000000000000000000000000000000
200
1000000000000000011001000001000000000001000000000100000000000000000
129
1000000010000000000000000000000000010000000000000
31
1000000000000010010000000000000000000000000011000010000000000
127
100000000010000000000001000000010000000000010000000000000000100000
103
1000000000000000000010000000000000000
127
1011000000010001100000000011100000000000000000000000000000000010101100
135
10000100100000001100100000000000000010000000010000000000010000010
22
1000000000001000000000000010000000000000000000000000001010
94
1000000000000000000010000000000000001000000000100000000000000000101000
192
100100001001000000000000000000000000000100100100000000000
107
1000000001000001000100000001000000000000000000000000010
158
10000000000000000000000000100000000000000000100100000000000000
123
1000000001010000000001000000001000000000001100000000000100000000
70
100000000000000000000000010000000000000000010000000001000000000000000
3
100000000010000000000001000010000000000000000000111001000000000100000
54
1000010000000000000010000010000000000010001000000000000000000000000
177
10000000000000000000000000000000000000001100100000100000000
110
110000000001000000000000000000000000000000110000000000
35
10000010100000000000000000100000000101000000000000001000000000100
24
1000000000010000010010001000000000000000100100000000
10
110000001000000000000000100001100100000000000100000000000000000000000
9
1000000000000000000000000000000000101000000000000000000000001000011000
155
10000000000010000000000000001000000000001000010010010010000000000001
128
1000000000000001010001110101100100000000100000000000100000000000000100
62
100000000101000000010010000001000000000010000100
78
100010000000000011000000000000000000000000000000000000010000000000
104
1100001000000000000100001000000000000000000000000000000000001000100
90
100010000000000000000000000000000100010000000001000000000000000000
124
100010000000100000000000001000000001000000
130
10000000001010000000000001000000000000010000000000000100000
158
1001000000000000000000000000000000000000000001000000010000000000000000
85
100000000000000000000000000000000001000000000000001000000000000010
178
110010000000100000000000000000000000000000101000001000000000000001000
72
100000000000000000000000000000000000010100001000000100000010000000
79
10000000100000000000000100000000000000000001000000000010100000100
119
100000000011000000000000000000000000100100100000000000000010010
58
10000100000000000000000000000001000100000001000000000000010
68
1001010000100001010000000010000000000010000000
151
10111000000000001000000010000000000000000000100000000000000000001
30
1000001000001010000000000000000000001000000000100010000010100001000
140
1000000000000000000000000000000000001001001000000000000100000010000
16
110000010000000101110000000000000000000100000100000000000000100000000
132
10000000000000000000000000000010000000000100000010000010010000000
198
10000000000000000000000001011000000100000001000
109
100010000100101000000000000000000010100000100000000000000000100100
104
1001000010000000100000001000000000000000000000100000000000010000001100
65
1000000000000000010000000000000011000001100000000000000000010000
110
1000000000010100000100000000000000000000000000010000000000010000
151
10000000000000010000000000000001000000000100010000000000000
39
1000000011000000010101000000000100000100100001000000
164
1000011001000000000000010001001000000100000000001010000
66
1001000000010000000000000000000110000000010000000100000000000000
156
100011000000010000000000000000000001000000000000000
155
11000000000000000000000000000000000000000000
55
10000000000000000010010100000100000010010000000100000100100
123
1000001000000100001110000000000100000100000000001000000000001100000000
99
1000110100100000000000000010100001000000000000000000000110000000000
189
100000000100000000000000000000000000000000000000000000000000000000000
149
1000000000000100010001000000000010010000000000000000000010000000000010
141
10000000000000100000000000000010000000000000000010000010000000000101
109
1000000000000000100000000000000000000000000000000010000000001000000
190
10000001000000010001000101000000001000000000000100100010000000100000
139
100000000000000000000000000000000000010000000000000100
164
1100000000000000001000001100000000000000010000000010000000000
7
10010000000000000000000000000100000000100000000000010010011000000
54
1000000000010000001000000001000000000100000000000100001000000000000
51
1000000100000000000000000000001000000000010001000010000000010000000
133
1000000000001000000000000000000000000001001000010010000000001
122
100000000000000000000100000001000000000000000000000000100000000000000
181
10000000000000100001000000000001000000100000000000001000100000
109
10000000000000000000000000000000001000
169
10000010000000010000000000000000000110000001000010011001
32
10000000000000000000001000000001000000000000000100001100000000000
33
1001110010001100000000000000100000000001000001000000000011100001000000
186
10001000000000000000000010000000000000000000000000011000000000010000
101
100000000000000000000000000100000000001000000000000000001000000000
90
1000000100000000000000000000000000000010000000000000100000000000010000
113
1000000000000100000010000000000000001010000100000000001000000010000
160
101000000100000000100000000001000000000010000000000000000010000000
169
100000000000000010000000000000000000000100100100000000
16
10000000000000000000100000010000000000000000000000000000000
4
10000100100000000001000000001010000000000000000000000000000
115
1000010000000100000000010001000000000000000000000100000000100000010000
93
100000001000000010000000100000000000000001000000000000111000
102
1000000000100000000000010000000000000100000000100000000000
175
10000000000001100000000100000000010000000000001010100000011010000000
93
100000000000000000001000001000100000000000000001000101000
165
10000000001000000100001100100000010000000000000001000100000
153
10000000000000000000010000000000000000000000000000000
10
1000000000000000000000000000000000000000000000000000001011100000000000
86
1000000000001101000000000000010000010000000001000000000000000000000
41
100000000000000100000000010000000101010000000010000100010
29
1100100010000000000000000000000100010000001000000000000000000000
18
100000000000000010000100000000000000010010010000000000000000000000
9
