70 100
111111101010111010111110111111110111011111011111011110111111111111101
180
1001110110000111111010011111001011001110101100111011100011111110110111
24
1111111110110110101011111111101011111111111111111011111110111111111110
20
1100111011111110101011111110111111011101111101011111100110101011101111
87
1111111101011111111110111111101111111001111010011001111111111001101111
3
111111111101111111100001111011111111011111111110111100111101111111101
200
1011111011011111010111011111111101010111111101111001101111001111111011
129
1101111111111011111101010111110111111000110111011110110111100111111111
31
110111111101011010111010111111011111011101110111111011010110111111001
127
1101111111010110111111101111011111111111001110110110011110011001101111
103
1111111111111111011010101111111101101110111101101101110011011111101101
127
1011111111010111111111011111111101111110011111111111110111100111101111
135
1111011111101111101011111111111011101010110001110011111111111111111111
22
1111101111101001111111011101111101111110000011110101110011111111111111
94
1111111011111011111011011110011111011011110111110010111111011010111011
192
1111111111111111111111011110101011110010010100010110111111110000111010
107
1111011101111111111111011110101011111111111111111111111111101110111111
158
1011101011010101111011111111111000100111111111011110111111101011011011
123
111101111111111110111111111011111111100111111011111100101110101111111
70
101110111111111111011111010000101111111010110111111001101111010100011
3
1101110101111001111111101111111110110111010100101111111101111101111011
54
101111010111001111111011011111101110111111111111101011111111111111111
177
100011111111011111111110110111111111010101010111111110111011101111100
110
111100110111111110111010011111011011111111111111001001111111111110101
35
1010011111011111011110101001111111110111111011111111110011110011011110
24
1011110111010111111001101110110111110011001011101100011011110111111001
10
1111101111111100101111100101111111110111010110111111101111111100101111
9
1111001010111010010000101111101001111110101011011111011111101101111011
155
1111110111111010111110111110011110111111111011111110111111111111011111
128
1111110001111101011101111111111111100001111110101111111010101101011111
62
111110111111110111111111011111111111111011111111111111111101011111110
78
111110111111101011111011111111011111111111011111110101111110111111111
104
111101111011011111011111111111111111101100110000001111110111111011111
90
100111111111110011111111010101110111111111111111111111111110101010111
124
11001110110011111111111011101011101101111111111011111100110011110101
130
1011101111111111111011011101111110101001111111011111110110101111111101
158
1011101011101111001010111010111111111110111111111011111111111101111101
85
1111110101111001111011111001111110111111111111011100111111111110011111
178
1110111010111111111101111111111001111111101111111101111111111010111101
72
1110110111111100111111101100101100011101111111111111111101011010111111
79
1011011101011111011101111111111110011011001111011011111110110111010101
119
1101111111111110111101101101101011110111001110111101010110001111010111
58
1011011101111111110110011110111110110111111011111111111011101111111111
68
1101111101101111010111101111110111111011110111010111111111111011001110
151
1111111111111111001111110111011010111111101111111111111001111111111111
30
1011101011111111010101101111100011011101111001011111110111011100111111
140
1011110110110111111011011011111110111101111111111111000110101111110101
16
1111111111010111111111010111111111110110111110111111110110001111011111
132
1111111100011110111111110000011111110111101110111011111000111111111111
198
1111110011110111010111111110111101111111111011101111101111111111111110
109
1110111010110111111011111111011001111111111101100111101100111111110111
104
1101111111111111111111111111100010100111111001110011011001111111001101
65
1111111010101111111111110011111110010111111101110110010111001100111111
110
1110111111111111111100111110111111110111111111011110111111111101011110
151
1111111100111110111110111110111111111101111011110101100111110111011011
39
1101111100101001111111101111111101111111101101011111011110111011111111
164
11100101111111101011111001011101111111001011110111111111101111111111
66
1111101111111111111110101111101111111111111111011111111101101011110111
156
1101110111111011111111111011111011011110111011111111011111101111111111
155
111111011010101111101110111101101111110011000110110111011010011111111
55
1101111111011111110110111111111110101110110111011110111111111011111111
123
1111111111001111011111111111111111011111111111111011101101101101111000
99
1111101111111111111111111111111111101110111101111001011111111010011111
189
1100111111111111011110001101111111111011110111011100111011111111100110
149
1011111111101110110011111010011111111001011110110111011111110101101111
141
1111111110111111111111101111101111111000111111111111111110111111111111
109
1111110111011111111111111110101111111110110111111101111111100101101101
190
1110111111001110011011000111111111111101011111011111111111110111101111
139
110011111111111111100111010110011111110111001111111111100111011111111
164
111110111110111111111111111101111111101011100111111111110111111111001
7
1111111111111101101111011111111101111001111111111101111111011111111101
54
1111101111101111111011111111111111110111111001111111111111111111100101
51
1011111011111101111101011101111111011000111111101111111111101011101111
133
1111111111111101100111101011101111110101101111111011011110111101111111
122
1111101011111111110111111111111011111110001111111111101101011111110111
181
1111111010111111111111111111111101111111101011111111111111101111111111
109
1111111011000111111111100111110011101111111010101101111111111101111111
169
1100101111011010111110111101111101101001011111011111110011011111111111
32
110011101111110111111111111110100111111111111111111111111101110111111
33
1111111111011111111111011111100010110011111111111011011111111111111111
186
1101111111110001110111111111111110110011101111111001111111111111011011
161
111001011111110110100111111100111111111111101110111111011111111110111
101
1110111111111011111111111111010111111010111011111111011110111111111011
90
1111111110010111111101101111110011110111110110011011111110111111110111
113
1111010101111011110011111111111110101111111001110001010101111111111111
160
1111111111100111111011110101011111110110110111001101011111110110111011
169
1110101110111011110011111111111110111111111101101101011111101110110111
16
1110111111011111111111001011111111111111111111111011110111110000011011
4
1101111101111111111110010111111011111101111101110011111111000111111111
115
1111011111111110110111111111111011111110100011111111111111111110111010
93
101110111111111011111111111001111110011111111111111111111111111111011
102
1101001110001100011111101101111111110101010110110111000100111110110111
175
1111111111101011111111101110011011111110110011111111111111111111101101
93
110101111111111110100110111000011101111110111011111111111111111111111
165
1011111011010111111111011100111011100111011110110111110011011110111111
153
1001111111111111111111001111101110111011110110101011100101010111101001
10
1100111111101010111001111100010010001111111111011111011111111100100111
86
1111011101101111111111111111110111111111111111011111111000111110011110
41
111110111000101101101011001110001111111111111111111111011111100110111
29
1111101111101011011111111110111111101111111101111111100110111101011111
18
