70 100
10010100000001000010110010011010001010101011101010010001011000010101
180
1001110000000100000010000101001001000000000100111011000001010000110010
24
1011101000010100100001110111001001010000110000001001110010101010111100
20
1011111110000001010010011100001000010100011010100100101011000100
87
1101100000000111101100111101101011001000001010010001011010101001001010
3
110000111100101111100001010001010010010101011010100000101000110000000
200
11011010000011010011001001001000000001011100011000101110001001111010
129
1001001000101011010101010000010100110000110010000010100111000001000110
31
11000000000110010111010011000010000010101101011000110010010000
127
1101101010010010010001000001011001010101000000010010001000001000101001
103
11101110000111000010001110100001100100001000100000110000011001101000
127
1011001100010101111010000011111100000100000111000101110100000011101111
135
10010010101101000011101111101001001000010000010011100000101011101011
22
100001101000000000001101001000011010000001100000010010101001001010
94
1100101000010011000010011110010110011001110101110000000000010000111010
192
1001000000000111100001001010100010000000000000000010101100100000010000
107
110010000010111010010011000101001110101011111111000100000000000100111
158
1100011000101010000100000001000100010110100011000100110001000000011
123
101001001100111010010011101010110011000000111001100000101110101101110
70
100010100011000011011100010000001010100000010001111001100100000000010
3
101000101011001000000001000011100110100000000101111011000000000101001
54
101101010011001101101010010010101100001111001110001000010000100111010
177
100011101110000000010010100010001001000000010100001110101010101001100
110
11000110011110110000010001010010000101100101011001001000111111000101
35
10010011010101001100001001100111100010101011100000010011010000011100
24
1010110011000001010010000110011001000001000010000100100000000
10
111000001100100101111000101001100110000010100100111000110011100000011
9
1000000000010000000000001010000001101000000011011000001001101101111001
155
10010100111010101100000000011100001110111000010010010110010010010001
128
1011100000010101010001111101111101100001110000101010100000100000000111
62
1110100101000000010110000111111111101010011101101101111101011000100
78
1110010110000000111001101100010100010010011110110100101010000000000
104
1100011010010111010110011111110101001000000000000111100011111001101
90
111111010010000101010000000010001101010000001011010100010000000101
124
10000000100011011001001010101010001000101110010010001000100001000100
130
1100000010100001011011001000000101000010010011111000000100010110100
158
1001101011100000000000000010101010110000000001000001010111011101010100
85
1110110000101000111011110000001010110101010100011100001100010100000010
178
110111000001111111100000000100000100111100101111001001001011000111000
72
1100110111011000111000001000001100001001010101101101110100010010000110
79
1001011000000101011000001011101000000001000001001000001000010100000100
119
1100000111100000011001100100000011110110001110111100000100000110010010
58
11000011010100000000110011100100010111000101100001001001011001011
68
11100100100000100001111010010111001010100010010011010001010001010
151
1110111000000001011110001010000111110000101010111001001110011111001
30
11100001001101010101000110000000000001010001001111110101010100111111
140
1100110010000001000000001110100110001111001101111000100100001110000
16
110110010000100101111000100000110110010100100100100010100000101000110
132
100110100001000000000010000010100110000000000110001011000010110111101
198
110110001010111000100011100000000110000010001001011000111101111011000
109
100100010000100101010110010000000010111111001100100000000001110110100
104
1101111111101011101000101000000010100001010000100000010000110100001101
65
10011010100100101010010010110000000011101001110010000010001100011010
110
1110001101110100001110000001110011001110010010010001111000010100
151
1000000010100001000010010010101000101011000000101100110000101000000
39
1001100100100000011000100011100100110101101000010110010100101011010000
164
10000001111001100011011000011101010010001001110010101000001101010100
66
1001001010110100100000100000001110010001011101011101100000100010
156
1000100111100011110110011001111011000100001011100111001010000011100010
155
11101011000001010000100011100000100010011000000100010010010011111101
55
1111010011000110100011010110110101000100000011010111000101000110100
123
1000011110000100011111001010001100010100100100011010100101001101011000
99
111001110110101000000010000111100001110111001011001010101110000011001
189
1100011001100100000110000000000111001001010110001000011011001111000100
149
1000011001001110110011110000011011111000010010100100000110010001100110
141
110100110100000101100001001000111001000000010110111110110100000000101
109
1101000010001111100101011100100001100000000010100000011000000101101100
190
10010101001100010001000101010000111100001001000100100011000111100000
139
1101111101111000000000010001101100110001001101011000001000001110
164
11110011110000101011000011001111111001010000011010011010010110000000
7
1000010011001100100101000101101001110001111101110000110110011011010000
54
1111001100001011100011100010111101010101100000000001110111100101100100
51
1011001100100101100000101101001011000000010001000110000000011000010
133
11011100000111101000000010010001100011011011000010010001000101
122
1110100001011011010000100001001010000100001011010100000100000001100000
181
10110010110110100011010000001001001010101000000100001110100000
109
100100001000000000100000101110011100101101010000100000001110000101011
169
1001010010001010000000111101101001001000011110100001000110011111
32
10011000100100010101111001100000001110001101110110111001100000000001
33
1101111011001110001010010011100010000001001101111011010011110111000100
186
1001000011000000010101011101011000100011000111111000000101010111000000
161
10001000000110110000001010100101011001010100010001011000011100010100
101
1000101001000001001011001000000101110010111001101000000110101001010011
90
1110101110000101101000000010110001000111000000000001100010100111110000
113
11000000111010100010110010010000100011011001100001010001000010111011
160
100111011000110000000110101011011110000110111000000000001100010011010
169
1100000010101011100001000100101110100001010101101000010111101100010011
16
101111010001000000000001110110000010010011111001000001000000001010
4
100110100011100111100000100101011001001011100010001011101000010110100
115
1110011000001100100010011001000000110110100000000110010110100000111010
93
1010100110000011000110011000010100000010100000111100111010000111010
102
1101001000001100011000100001100010110000000000000111000000111000100101
175
10001101100001100001000100001001010010010000101110111000111111001000
93
10101001111110100100000000000011100011110101001001011011111000111101
165
1011010010111010001000100100011100111011010100010100010011000100011
153
1000011100101010101000110001000010010100010000000000000010101001001
10
1000001110101000011000101100000010001010000011001100001011101100000010
86
101010001101001101000101100110110000010100010011001011000000100010100
41
110110000000101000101010000100000001111111010101010000011010000100010
29
110101110100010001101010100010000001100010101001110100100101001000010
18
