70 1100
10000100000000000010110010000000000010001011101000010001010000010101
180
1001010000000100000000000100001001000000000000010011000001010000110010
24
1010101000010000000001110101000001000000110000001001110010100010111100
20
11111100000001000010001100001000010000001000100100001011000100
87
1100100000000110101100001101101011001000001000010001011010101001000010
3
110000111100100100100001000001010000010101000000100000001000110000000
200
11001010000011010011001001001000000001001100010000101010001001111010
129
1001000001011010101010000010000110000110010000000100110000000000000
31
11000000000110010111000001000010000000101000011000010000010000
127
1101101010010010010001000001011001010001000000010000001000000000100001
103
1100100000111000010001100000001000000001000000000110000011000000000
127
1011001100010101111000000011110100000000000001000000110100000010101111
135
10010010101101000011100111101001000000010000010010000000001010101011
22
100001101000000000001101001000001010000001100000000000101001001010
94
1000100000000000000010010110010010011001110001110000000000000000111010
192
1001000000000111100001001010100010000000000000000010100100100000010000
107
110010000010101010010011000001001110101011010111000000000000000100111
158
100011000101000000000000001000100000110000001000100110000000000010
123
101001001000111010000011101010110011000000010001100000000110101001110
70
100010100011000001011100010000001010100000010000011001100000000000010
3
101000101011000000000001000011100100000000000101111011000000000101001
54
1000010011001001100010000010101100001111001110001000000000000010010
177
10001110000000010010100010000001000000010100001100101010101000100
110
1000000011110110000010001000010000100100001001001001000111110000100
35
10010011010101000000000001000111000000101011100000000011000000001100
24
1010100011000001010010000110011001000001000010000100100000000
10
110000001000100101001000101001100110000010000100100000110011100000001
9
1000000000010000000000000010000001101000000001001000000000001101011001
155
10010000000010000100000000011000001110101000010010010110010000000001
128
1001000000000001010001111101101101100001100000001010100000100000000111
62
1010100001000000000100000011101110001010010101101101001101011000100
78
100010110000000011001101100010100010000011110110100101010000000000
104
1100001010000100010110011011000100001000000000000101100001101000100
90
111010010000000101010000000000001101010000000011010100010000000101
124
10000000000011011001000010100010001000101100010000001000100001000100
130
1100000010100000011011001000000001000010010011110000000100010110000
158
1001000001000000000000000010101010110000000001000001010111000001010100
85
10110000101000111011000000001010110101010000010000001100000000000010
178
110111000000100110000000000100000100111000101000001001001001000111000
72
1000110101011000011000000000001100001001010101101101010100010010000010
79
1000011000000101011000001011100000000001000001001000000000010100000100
119
1100000101100000011001000100000010010100001110110100000100000110010010
58
1000011010100000000110000100000010011000101000001001001000001010
68
100000100001111010010101001010000010010011010001010001010
151
1010111000000000001010001010000101110000001000110001001100011010001
30
11100001000101010001000110000000000001000001001111010100010100101010
140
1100110000000000000000001100100010001111001100101000000100000010000
16
110000010000100101111000100000110010010100100100000010100000101000010
132
100110000000000000000010000010100110000000000100000011000010110101100
198
110010000000111000100011100000000010000010000001011000111101101011000
109
100100010000100101010100010000000000111111001100100000000000100110100
104
1101111010001011101000101000000010100001010000100000010000110100001101
65
10001000100000101010010010010000000011101001110010000010001000011010
110
1100001000110100000110000000100011001010010010010000000000010100
151
1000000010000001000010010000101000001011000000001100110000001000000
39
1000100100000000001000100011100000110101100000000110010100100011010000
164
1010001100011001000011001010010001001100010101000001101010000
66
1001000010110100100000000000001110000000011001001100000000100000
156
1000000101100011110100011001100011000100001001100010001010000011100000
155
1100010000000010000100011100000000010010000000100010010010000110001
55
10000010000110100011010110010100000100000011010110000100000100100
123
1000011010000100011110000010001100000100100000011010100101001101000000
99
101001110100101000000010000111100001110110001011000010101110000000001
189
1100001000100100000010000000000110001001010110001000000011001101000000
149
1000011000001110110001010000000010011000010000100100000110000001100110
141
110000010100000100000001000000111000000000000010011010110100000000101
109
1101000000001111000100011000000001100000000000000000011000000001101100
190
10000101001100010001000101010000111100001000000100100011000111100000
139
1100101101111000000000010000101100010001001001011000001000001100
164
11000011110000101010000001001111111001010000010010010010010010000000
7
1000010011000100100101000001101000110000110101100000010110011011010000
54
1011000100001011100001000000001100010100100000000000110101000001000000
51
1011001100100001100000101000001010000000010001000110000000011000010
133
11011100000011101000000010010001100011001011000010010001000101
122
110100001011001010000100001001000000100001001010100000100000001100000
181
10000010010100100011010000001001001000101000000000001010100000
109
100100001000000000100000101110011000101101010000100000001010000101001
169
1000010010000010000000010001101001001000001110100001000110011111
32
10010000100100010101001001000000001010001101010110110001100000000001
33
1001111011001110001010000010100010000001001101101011000011100011000100
186
1000000011000000000101010100011000000011000101001000000001010101000000
161
10001000000000110000001010100100010000010100000001011000001100010000
101
101001000001001001000000000100110010001000100000000010101001010011
90
1010001110000100001000000010000000000111000000000001100010000010110000
113
11000000101010100000110010000000100011011000100001010001000010111011
160
111011000100000000110101000001110000000011000000000001100010001010
169
100000010101000100000000000000010000001010101101000010110101100000000
16
100110010000000000000001100100000010000010100001000001000000000000
4
110100011100101100000100001000001001011100000001011001000000010100
115
1110011000000100000010011001000000010010000000000110010110100000010000
93
1000100110000011000110010000000100000010100000011000011000000111000
102
1100001000001000011000100001000000110000000000000101000000111000100101
175
10001001100001100000000100001000010010010000101010110000111011000000
93
1001010100100100000000000011000011110101001000010001111000111101
165
1010000010111010001000100100011100111011010100010100010001000100011
153
1000001100100010101000000001000010010100010000000000000010101001001
10
1000001100100000011000101000000010001010000000000100001011101100000000
86
101010000101001101000001000110010000010100010011001011000000100010000
41
110100000000100000101000000100000001111101000101010000011010000100010
29
10101110100010001001000100010000001100010001001110000000100001000010
18
100000010011000011000100001000010000010010011001101111010001001010
9
1011000101000000010010010010000011000101000000000001010100001011
197
101000000000001110000011000000010000001000010010000000011000010100
158
101000010000100100000011000010000010010000010000101100101001100110110
48
100000001000001100100001001000010001110100110010101000000100010000000
16
1011000010110011000000100010100100001100100010100010100100000010110000
141
100101100000000000000100001000110100110010001001100001010110000001000
75
110001001101001001000000010001011010010011010100001000010111011100
63
100011001001010100100000100110000010000100011100000010000000100001000
9
1000100000000000101011000000000000011010000000101000000001000000010011
148
1101100101100101011010001000000101101010001111000001101000001110001
135
11000000100100011100000000001001100000110001010000000101010101011001
193
1000010000100010010000110001100000100011000110101000110001011000
113
10110101011100010001000000000000010000101001001010001001010001001010
50
111100100001000001011010001100110100000101111010010000100000000100000
176
110101001000100000101011011010101000101101001000010010100100010000001
34
1100000000000110000000111100000000010000000100000010101100010001100001
29
10000001001100010000110110000000111100000011010001000011001000101
62
11001000101010000001000011000011111100010010010001100100100101111010
147
11000110110001100000010000011001000101000110100100010100101100111000
47
1100001100111001000000000100100010001010100101101011001000001000110011
130
100001101010100000010000001001010100110010001001100010000000010001001
144
100110000001100000010001011111010001100000000000000101000110101100010
196
10100100000000101001000110000111110100000010000001100011100010
103
110100000000010000000000001001010000100001000100010100010000000100001
91
1100000010100000010011001010001100110100011110101000000101100110
128
10000000000011000110001000011001010001001100010101100100110001010000
107
1010000001110000000100001101000001000000010010001101011000110001111110
26
1000000101000000111000100000100010101000000011000000001100000000010
29
1101011010000010100000100110010000000000010010010000110011000001000011
104
110011111000000101000101001000011000010101110100000000000010000110110
155
101001000001000100000010101010001000011010000000010000101100001000000
5
1001011000000000100000000000000010001000000000110010000000110001011
33
100100001100001010000010001100101000000010011001100001000000000100000
22
1001000100001011010000000011000100000000001010000100011101000000010
107
10000000000010000100011010111000000000000100111001010000000010000
192
1001000000000110001000110000000010100011010101010000001100000
44
1000111000010010101010100001010010010001101010110001101001011101010000
187
1011000001100100010000000000000001100011000101101010101
79
1011001101101000011010000001000001100000010000100001001000101000000000
36
10000010110000110011000010100001001001111010100000010010000000000001
124
1000000000001010110101011010001000100010010010000000110010001111100
195
10100000010000101011000101001100000000111000010101010001001001100011
76
10000011000000010000011111010010000110000001100001011000101000100101
37
10100001010000100001110110101011000000010110000010000100001010001111
147
111111010110101001111100100001011101111101000100111000000000110010000
123
101010010000000100100000010000101100011110000001000000000100000
53
1101100100000100000100010010000010000000010011100011011000000110010000
163
110001000001100000110000100100100000100011000000011110100010000100
123
111001000010001001000000000101011000101010001001101001111000001000000
105
1000000000110000101100000000000000001010010000011000000110100100000
168
10100010000111101010001001000000101010010001000100000001000100010000
141
1100000000000001111110111100000000001110000100011010001000110000
65
10011000000110000100000000000100000000001100001001001000100100001000
40
100111100010011000000100001000000100000100110010000010010010011010000
159
100111110000000100000010000100110111000000000001100010010100101000101
198
1001110001000001100000000001001011001000000010001011001010000000100000
25
111000110000000000100000100010111100010000100010000110011000001000000
126
100100100000000100100100011000000011001001001001100101101000000000
12
1100001000101001001000011101010000110001000010100010000110001000000
99
1100110110001001101000000111010010000000010101000010000100100100000101
51
101000011110010001010100100000100101011000110010000001011110001000000
4
110000010000001001100000000000011001100100111001011001010001101000
142
1000011010000000010010010010001111010010011100100010100011001000000100
168
111111000010000001011010001101100111000101001011001000011000001000000
161
1001000011101000011100000000010001000010010000000111000100000
117
100000011000000001100001101101010010101000101000101010111010110100001
147
11110010110010000000000000101000011000100000000001001100010010
196
100001101010001110110001000001110010010000011001001001010000010101000
160
100000111111001111000001001110110010010001001010001111000000001001
99
1001110111010100010000100000010000001101000111000010100000101000000000
15
111001100000001000010101000000110100000010000000000100000110010000000
73
1101010100000000100000110100001000001000111100011010000000010010001011
82
11011100111000000001010000010110001000000101001000100000100011010
136
100000000000110001001101001000000010010000010000000010010000100101001
166
1001001011100111100110110010001100100111010100110001101001110011110011
194
1110000000010101010101101000000000001010000000111111101000010001000110
22
10000010000000010010001000100010000000000001000011010101010110001
188
100000000001000010010100001100010010000000000000100100000001011010
122
1001101001000101000000000010000100010111010000010110111100101010000011
56
100000100010000000010100000001101101000000000001001011000101000100010
177
1000100010001010001011010001010010000011000000001000100010110000010
35
1000000010100000100010110000000000000100111010000100000011000000000000
147
100100000000110111111000000001010001000001001100000001000110001001
172
1110100000000000101000000100101110000010100000001000001001111100001000
78
1010100010001010000110001000011100010100000000000000000000000100001100
12
1000000100110100100100010100010000100011100000001101001000010010100111
33
10000000010100100010100110100010101000001001101000000010010
76
1001001000010001100100100000000100010001000101000100000101100100011001
102
1100110000110100100000101001100010101010000011000101010010001010001000
189
1100000000000000000100100000000000001001000000010110100000001011100111
44
100010101101100110000001010010101101001000110100000010000011000011
188
110001100000000000000100010000010000000001000101000100000100000100
186
110000100010000100110000001010000000000000000011001000000010100000111
168
1010001000101001100010000010011001010011100111010011000011001000010
87
1000010000110000001100000000101000010101000010000100010100010101011
70
110000000100101110101010010101010100000001011100100010010111001001100
9
10100010010100001101001001000101010000111110100010000000000000010
168
1000100000100001000000011110011011000011100000000000000101010100000100
106
1100001100010100100011100001100001000000010000111000000000101000001
89
1000010011000000000001001000100100000000010001110010000000010000000
120
1000000001101000000100001001111100100001100101011001100110000001010000
129
101100000000010100100010001001010100000001000000100100010000001000000
135
11000001001000110000101000000011000100000000011001000100001101001001
159
110010000110000010110000011100000000111000100000010010111101100001
190
10000110000100101010000100100101000000001101000100100101100000
110
10100000100001100100100001000100000000011100011001010001000100010010
122
100101001000000000000001000001000010000000111001011101100100000101011
93
1100010000001000001100100110111101011000101000101001100000000001000100
83
1000100000100000000100000010010100011000100101100010110111100010100
190
1000010110001000100000001001000000100000000100100100100011100001111001
113
101010101000001110101000001000000110010100000010010010011001100001000
138
10010100000001000000001001010110000101010100010110010010111011110
53
10101110001000000000110110110000010001111010100000000001100010000
163
100000010110000010110001000101110100101010100100110000111011000010010
66
1010001000000100101000010011110100010000011010000100010011110000010000
175
1000110000000000000010010010001000000011000110101001010000110001000000
45
1000110110010010000000000100111010101000010010011010000000100000101100
182
10010000000101100010001101000010111110100001100010001001000000100
165
100001101000100000010100011110110010000000010001000100000001010011010
5
1000010000110001010011101011100000000011100000000010000000000111100
129
10110000100100000001010111000001101001000000010001000000000100101010
112
11010100010000000101001100010010000110000100001011001010111010100
115
1000010101001000011100100110000010001010000001100011001100010
146
100000000100101100100100110000010000000011101110010111000100010000101
86
1001010000000110101000000010011001000000010010110010000100000010100
184
111100000011110001001100001100001010101000001101010000100001
42
1100010100110100000000000000000010001011000011010000000011000010000000
58
1010101010011010001000001111001000000000010010011011000000001100
62
1011001000010000100010010001011001100110000000000100001011001010100000
45
1101111100010110101100000100011110010100011100010000010101000000001000
71
1101000010011000010000100011000010101000110000010010101001001100110100
41
1000000101100000011000010010001111000100101100111000101000010001100
87
1110000000001000010101111000100110110010000001010100101100000001
6
110100000000000001100000000010000010111001100001010111000010000010101
42
100001011001010000100000000010100101000100001000010001000000010100000
103
100000000100100000000001001101001010001000001010100100010001
152
1100110010000001110001000010101101010001010100001010001100000000100
147
1100110010001000100100101001000110010000001000101100010101010000001
1
11011000011000000110101010001000010000000101000000010000010100000100
92
100000011011000000010100000000000010101000000101000000110000101000
48
10101000000000001000001001000000000011100010000000000001000010101010
110
110000111000000000001000001010101000100100001000010000000000100010000
38
10100110100100001100010000001010001010001011100011011000101101100
180
100100010100000001001001000100000001000000000100001001000000000010010
134
101000101000011010000001000010000000000111001100000100001100000
124
1001000000100110001100010001000000011000010110110010100101010000101100
164
1100100000001000010000000000101000001000001000110111101100000000010
106
1001000000000010001000001100000100000110001000000100000010010000000
34
1000110001001000000101100001101101000010110000011001111000
30
1011001100000010100001100011000101110000001110100000110000010101011000
172
1101000010010100010000101000011000000011111100000000000000111000000000
107
1010000011010101000010111110001000100001000000100000010000000100000101
167
110101101000000000000010001110100111010010001000000110100011000
158
1100000110001011010000101001101000001100000000000001010001110010000010
12
100000011110110000000000010010100000100000011101101101000111110000
121
10100000100000010100001000100111101000100010000100001010110010000100
110
1001000000111000111011110100100011000000010001001101100010010110000000
17
1001010000100001011010000001001000000011000001100010100110111011100000
79
1011010100010010000101100011001001111111100101100001000110010000111001
52
1001001101000101000000100110011100000110000000000101010111010101000000
130
1100000110000100000000000110101000000000000000010010010100100000000
192
1000000001000010001000000001100000000011101000101001000000000001100101
78
10101101100010010001000000001100010100000001010100000000010000011000
26
100000000000000001001000000000001110000001010001100000001000010010101
10
1110010100001110100000001010010000100000100110011010011000100010110010
16
1110000011000011101000110000011111110000100000101001000011000001000
171
1001111100000011100000001100110000010001100010100110001000000101100000
94
11000010001110000110110000001000110000000101101000100011100000011011
52
110010001000000100000001000000000100000000000000101000000001000000001
70
10100010000000000110000101010101111010000010001000001100010000100110
107
1101010100001010101000100000100011001000000000010000000000100100000001
30
100000001011000010011011000000010100000100100001010011000000000101
172
11000000001110000000000010000001000100000001000000000000000000
63
1000000000000100100011000110010100100000110000001000110000010000100100
14
1110000000000011000110001000100010010010000110000110100110110001000000
148
100100011000010001001001000111101100001110011100001100001001110000000
113
1100000000000000010011101000100000101000000011010001110010000011110
128
1011100000001000001000000101010010000010000000101001111000000010
147
10011110010100001100010000100111000001010111000010010110000000001001
106
10100000000001000000000110010010110010010000000001110000000000001000
151
10110010010101011111000101101010101010100001000001000011001100100
19
100000100110001000101010000101000100010000110011010011000100000000000
11
100000100000000000100100010100100000000000000000111101011011001000101
168
100000111111100111001000010000100101010100010011000101001000100
127
1001001010000010000000010101010001000001001100100100000001001000101
85
1000000100000000000100111100001010100000000001001010000000001100011000
113
1010001001000000100000010010100000000010100011010001010010011010000
66
110110000001000000010010000001000100000001100101000000100000001101001
146
10111101101000000000100010000011000000111001001000100100000110000010
137
100011100001010100010100011000000000000000000010000100000010010100000
55
111110000000101000011100011011000010110001010100010000000110100111101
174
1000001001100001100100001000100100011011000001010100000001000100100001
46
11000000000110011100000000001101100010011001110000010100000000010001
148
101000101000100000101000111010111011010001101010000101001000010001
137
11010001000110010111111100010111100010000010000000010001010100
60
1000010101010010010011011011000000001001110000001011000001111100110100
170
10010001001010100000011000000010100000000101011100000001001011000
172
1101000010010000000000010110011000000101111100001010000000000000011000
195
100000000100010000001000000000000101110000000000100010000011111100000
162
1000101011000110000101000010110100101000000001001111000000
2
100000000000000000100001101100010100000000010010001010000000010001000
130
110010010000110000000000010000001000101011010101000010110100100000000
119
100011010000001000110000001000110100011100000010000000000010001000000
71
1100000001000101001000110000000011101001001011001000000001000000000001
26
11110100011000000001000000010101000110000101010001010001000010100000
165
101010011000100000000101101110000000001101001000000000011000100010
200
1001100001000100001010100000001000010011000110000000100100000010
134
1001001111010110001000101000010001100010010000000010110000000000000000
9
10001001000100000001010001001011001000001000100110010111000010001000
126
101100000000000100110000010000000000010000010000001100000000100101001
96
1010000001101100010000100000100000000100101000100001000110000011000
50
100100100101001101010110101000010000000010000000010000010011000000000
64
1000000001110110000001101100100011001000000010101001000100000000100010
176
101001001100011010001000000010010000100001000010000000100110000001010
196
1010000000101110000100111010101010101110111100000011011000000000010001
80
11111010100000100001011101000000010000110000100100100010000101000010
86
1010100101000000100000000010000000000100000011101011010001011000011010
58
11000000000000000000000100000000001110000000001000000001100010001
52
1000010000100110111100001000111000000000110011000100110000000001011000
3
1100100110110001000000000110100000010010000000010000101111010000010000
22
10101001110000100000000100100010101000011010010000000010000110101010
65
111011000000010011110100000011000110001000000000000110001110011000000
142
100000001100000100000000000100111000000000100010000100010100000100000
82
1000000000000111000100010001010000000010010010101110000001001000100
34
101111100101000010100100000011010000000101010000001010000000011111001
184
1110010100111100001001110000000010000000000000001100000000
66
10100011101000101001000001101000000000001110000100010010010100
5
100000000100100001010000101000001000000000010001000100011000000010110
167
111110001001000000010000100010100010000100100010010111000100010000
41
1000000000001001000000000101100101000100000111010001010010000100001000
138
1001001000100001100010110100001100010010010000101001010011000100101101
185
10110000000011000001100001000001001101101110000000011101000000010001
34
100011000011100000100000000110100000100011000100010110010100100110
35
1000100000010100000100011100000100100000111011100011011000011011001110
31
1010101111010010100110010010111000010000100011010110001100000100
194
1000000000001000000000111000000010001000000010000011000100111100000110
57
11000100001000100001000000000000000110000000000011000000010001
108
1010110010001101000100001011001010000101011010011010010000011000101101
41
110100110001100011100011000100100001101000000010100110001000100001011
150
100010010000100101000000011011001011000100001100000001010000010101
173
10100011110110011001100011100001000000000000110001001100000000
140
10000000010010000000001010000101110001001000000000001000011100110101
190
1000010000000000010000011010000000110100000101100000000001101000000000
124
110011011100010110100100001010001001001000000100100011000101101
188
1000010000001000000000010010010011010010000010000110101000101101100010
22
110100001010111010000000000100101010010110010010000101000110001000
191
101100110001000100001000000001000010011101100010000001011010000100010
132
1100001100000001100101001000000010001000100001110010001100010000100000
65
1000100100001011010000101010000001110010000000001010100001110010001110
61
1001000000010111000001111101010101000000001101100100010001011001001
31
111010100101001000111100100000100110101001101000011100000000000101001
99
11001100000001000010100001100000001001000110001000010000010001101000
137
100010110000001110101000110000101110000000010000010000000100100001
37
11100000100000001000000000000000100011000000100010100101000011000
113
1010110110000100000100010101010000011000100000000100000011000001000000
139
1111001110000000000010000001001000011000100010100001100100000100010
189
1101110001011110000001000100010000101001000010111001110101011000010100
183
110001000100011010001001000110000000011100010100001101110001100001111
128
1000111000001111001000000100110001000101000001000000000110010000000
64
10000001011110011001010100001010100010010001010001010100100100010011
194
101000000011101010000010000000010101000000000100000000010000000000000
151
11000101010011001001100000001001110001010010101010100100001100000000
117
1010011100100011100110110000010011010101000100100110000101100010001000
2
1001001000000100000001001000010000101000010100011000111110100011010011
2
1000001010010000111000010001011010000000011000100011000101001100011000
53
11001010000000001000100000100000010000010000011000010000000
91
10000100000000000001101010101001001000010010100011000110011101
196
1000000110110100111010000110000000110001000000100011110010100000010011
72
101010001111000000101000001010111000101110010010000001100100111001000
166
1010100100000100100000000010001011000000010000100100000000000001101
85
1100101011100000000000000010100000000000011100000000101010000001000001
142
1000100011000100110101011100100101100000000000001110011010010000100
31
1001001000011100100110110000001000100000000000010101000010101001000000
124
1100100000101100010010001000100100001001000000000000000010100000
64
10110010010000000000101010100100001001000000000100001001101100101010
68
10101000000100001101010011111001000101110100101110000011110001000000
35
1111000110000010000001110000101001011000101010101101001010110010010001
161
1001011000100011000010001000000101000000110010100000000110000010100000
193
1001000100000000010101001000101100100010001100000000011100001000000
103
11001100110000101101010000010000100110010000000000100101001110011010
20
1000000010011100010000000000010000000101110101000100100000100100
95
100110011101000011010001110010010100101101010001100000010010001100001
71
100001101100011010100100100000100001000000000000000000001000001100001
25
100010100101000000100000000010000000000100010000001000100001000000000
179
11100101110011000110000101000001000001000000011110000001001
146
1100000000010100000000000100000101011100000011110001000100001000010010
167
10001001000100100100111001001011001110011010101010100100000010010000
1
111001010010110010100001100101000000110000101111001001111100000110
9
100010001000000110000011000001000000100001000000000000010001010101111
99
1001000010001110110101001100100000000110010100000101100010010100000110
11
101000110000100000000110010100000011000010100001000010000000010110100
48
100100000100000010110000010100010000000001011000000000101011000100001
195
1100000100100010110100000100000100010010011000000100001111000001001000
150
10000000000101101110000110000000110000001010101001000100000000101101
101
1001101100110000001011011010100100001001000110010001011001101001010
149
101001001110110001100110001000101101001101010000100100001100110000111
122
10000100001100110000100100000110000000010000010000100000100000000100
133
1100001000010000000000000011011000110011000010010100010100001000001010
164
111000111110000011110101000000100001000010001000000100001000100001001
187
101010100000111100001001110101000110001000000010010110000000100000000
138
1011000000000000000100001010101010000010111110000010000001100100001110
101
101110000000010001110000110001110001100101010000010101001110011011000
19
110100010010111100101110010100000110110000000000000010000000000000010
49
1010101001000001001000000010000001010011001100001101000111010011001
92
100100100000101110000100000000110000010000000000010000000100000000010
39
1001000101110010001100100000100010101010000000101000000000010001000
151
1100100100100000000000100000000000000001111011100011101000000110010101
140
100010100010011011010110000000000000010101000100001010001100000000011
189
1000100111010000000001000000000011001111011100000000100011100000
152
1010010001110110100001000000100000000000000010100000110010001000000100
65
1000100000010011000001100100000110001010010000001000000100110000000111
6
11000000010001000110001000000010000000100111010001010000000100001010
39
11100000000000010010000000000110000010000001000001000010000000000001
9
1000000110000011000000100010011100000111000110001000000000010101
174
10100000000010000001010000100110000001001101001000010100000000010011
179
100001100101011011010010010010000100010010001000000010000010001
144
111000000110100101100001001111100000000001000000100000000110001000
28
1100000000010000111100111000000001011010000001101000000001001000011010
33
10000000000100000101011011010000000001000110101111000010000010001
53
1101011100001001101000001010000001100000000000100100000001111101
88
1110110000100001000011100000010100111000001010100000001000110011001100
21
1000000100100100000011001001101000000001000100000101001000001000000100
54
100111001001000101110000101011100000010001011000100010010001000101000
56
101010011001000000000000001011110000000000010000100100010000010010010
1
101001010000001000000010111000110000100000010000000110010111010011
4
10100010000001010000101011100100000001000100010011100101010001
54
1111000110001110000100010100010000010000001100001001000000010110000000
114
1100010000010001000101000001001101000001100001000101011000000011000000
25
1011110000001100101100100010110000011110001000101101110000100001000000
25
101010010100100100000000001001000001011000000000100111000010011001001
7
1010000000000010000000011110011001000110001001110000111000000001000000
94
10101011001010101100000000010000000011001000101001011000100110
107
101111110000011011100100010001100100110000000100000100010101011000
42
1010000100000100001000100101000000010101000010001000100010010111001
22
1011000000000001110001010101000110101101000001101000001101000001
180
110101001100000000000001101100100100000000001010100101100000000000
50
11101100000001100010000000100001000000000001010001010100100000000010
70
11000001000000001110100101100000010110000001000010001000000001000000
12
1000000011001001000100000010110010001000000000100110001010000010001
35
1100010100100100011100001000000100000000001010010001010110001001001
97
1100000101000000001111001010001001101000000110100011001101010000100001
7
1100000010000100001010011000111110110010001011000010111001001100000
101
100000010001010000100000001000000000000111001101010000010111000110
34
110110101110100000010000100010100011001100000000000010000001000010
95
1110010000100010100001000001000010011000010010100101000000111011001
70
110000100011001100000001000000011001000110011000110001001110000
48
101001000000101001100110010001001000101100110000000000100000000000
85
11001101010011111001010011011100101010101000000000000010111111010000
79
111000001011001001000011001101001100001100000010100000000110110101
35
10000011100100100010000001100000010010000001001110001000000000001100
71
1000000101110001011110011100010000110000000100001000010000110110000100
149
10001100100000010001001010010000010000101100100101001000010000000
194
100111100000000100011000000100101011101110010001000000000000111
66
100001001010000000011010000110100000000000000000100100000100100
186
1000000100101000010101110000000100101000001011001110101000000100100001
13
101000000111100100100000101000001110011100100000001001000110010000000
29
1000001110100010000001000001011001001000011100100100000100110100000
174
1011010000110001000000101000000100001110100000010000011001000001010
139
1100001001000001000100010000001000100000101010010000000000000010001110
28
100001001010111011010100101000010001001000000010101010000010010000011
71
1011010100000000000100100000000110110000010010000010000000000001010001
36
1101110100001111000000010000000100010011100000000010011100000100001000
76
100110000011000100100110000000000000000000010000110010010100100101001
122
100110010010010001100010011000000000010100000011000100000000000100001
5
1101101000000000111111010001011000000000100000000000011100001000000010
156
100001000000000000011000000000111000111000000110111000000000000001001
171
1100001010000000010110000000000001100010000110100010000010110111001
162
10101000010000110000010001100000010000011001011001000000101010
144
1100010000000100001001000000000011000100111000110101000001100100001010
191
1001011001110000010000010011101011011000000000000000001100100100001
113
1010001001000101000100100100001010000001000110000001110000000001010000
163
10010001100101100101000000000100100110100000000100100010000000
110
1001100100000000000001000001000100001000110010011100000001010001000000
128
10110100000000101001010100001001001001110101010011000111000000001
168
1001000000100000010000000000010100010000010000100001010000000100000010
108
1001001110011100000100100001001001001010101001110100110000000110010
184
1010100000101100000010000010100011001000000000011010100001100001010000
181
101100111011000000000010010000100000100001111000100111111000100001000
45
100101100001001001100100000000110001101000001000100110000000110001
101
1000001100100011100110111001000000001000000110000000001010100000110
125
10110100000001110000110101000000100111000000000010000010010011000001
99
101000110001000000100001010010010001010010001011010001100000001000110
39
100001001001000000110101000000010100010000011000100000000010000111000
85
101001000000000000000100100001000100100010001000110101001000000010000
125
101000010010000000000001100000010000010010111000000100000000111011010
191
10010000000001100000000000010101010110101110101010011100000000011
56
1000001010011111101000100010100001001000110000010001001011001110000110
15
1000100000000010010101101100001101000100000000001000000111010010000000
112
10100110100001000000101001101000001001000001000001000010100000110
151
111100100010100100000001100010010000100001000101110010100001010000
165
10000101000010110000000000001000010100000000101000010000000000001101
66
1011010001000001001010000100000000110110100010000000000001001000000110
64
1101000000000000000001101011010100001000010000100001100000000100111100
50
100000001001100010000000000000001100011010110100000001000000000001000
73
1001000010100000100011001001011000000100100000000011100011
159
110000011110100010010101101000001000001001000010100011100010101010
125
101010100100001001000101100001100000101101000011101001000111100100000
119
101100000110010000010010000000100000101000000100011100110111000000000
73
11100000000100001101010100100110001010100000001001001110101101000001
76
101101001011000000010011000010011011001100100000100100101001000010
164
1101110110110011110000100000010010100000100100110000101101000100010000
43
1010000000000000001100000010101001001000001001000110000011100111010101
188
1001001001110000001101000000011010000100011100001110001010010001000110
147
1100010111010010110001000001000000010000001001001000010001000000000001
26
1101010000010100101000010000000000011001011010001000000100110100000
177
1001000001010000001101000000100000100000110101000000100001101011101010
189
101000100000010000010010000001100010000010100000000000000101110001000
57
1100000000110001001010010100001011010011010001000011000010011100110010
185
110001110000101100100100000001100100111000100001011101111000101000001
174
100010010011010101110100000001100100010001000010000000000000000000000
173
10100111100101000010000011110000000000100001100000100000101001000100
127
100000110011010000000100000110001001001010111000000001000101000000
199
10101111000110101100000110000101001100011000110111010000101000010100
125
1000000111010100011001001100100110000010000000101010010110010000100100
199
1000010000100001010110110011001011000011001010100000100000000111110000
193
1000001000111000110001010011101000000111000000111010000010100010000
183
1010000001000000010100100000000100000001000010000001101010000000010001
159
1100110101010000110110000000000000000011010010011010111110
68
100010000001000000100011011001000010010100101111001000100110110010
44
11110000000001100001011100101110000001000110000111001000001000000000
151
111001111110000100000000010100000100010010000001001010010100100100101
90
11010001000100001010010100000010101010010000100000001001001000010010
46
1000101011011001001101010010100100000000100100000100000101000101010000
145
1000010000100010000010100000001010000000000000100010010000010010000100
13
1001110100000100000010100010110010011111001100000011100011000010010010
10
100101010110000111001000010010001100000000100000000001000010010001110
128
1010101100000000011100010000001100000001110001000010101101000001100000
161
1000010000011000010100000000010000010010100100100100000010000100000001
116
10000001001000000000101010000110000101101100000000000111010001000101
183
100001010000001110001000011001100000000001111000100101110001100100000
186
1011001110000001101011001101101001011010001001010010001001011010000001
149
101000001010100110000000000010000100000100000000000000000100000000011
110
11010001101100000111100001101100101011010101001110000000000110000101
170
11010001101010011100001001101010110001110010101111011000010001001101
3
1010100000011001001001110100100001000001101000000000000101001000101100
174
10000110110000000010010000000000100100100100010001010100100011011010
15
10000110000000010000011000100000000000100000000000010011111001
162
111010010011000111000000010100000010100000000011000001001100000100000
22
100000100000000010000000000001100011000000110000010101100101010000110
35
100001100110000000010100001010000110100100000101000000001101100001000
90
10100001001001110000111101100000101000100010010111101000010000101000
73
100000001111000111101011000010010100100011001000000100001011000011000
146
1011000100001000110000000001110000000000000000001100000001011100000000
17
1000000010011011000000000100000011000110000000100010000100010010000100
157
10000000000101100001010100100100010000101000010100001010000001000101
90
10101010000001010100000000010011100010000010110000001000000
98
100101010100001010001100000000000100000000011110010010001100100000000
151
100001011001000001101100100100000000010010001101011010100000011000010
2
1111110010101100110001000000000001000010000000000000100100000100
139
1000001010100001000000000110010001001000010100000100100110001100010011
94
100000011100100101000011001111101001010101000001001001011000101
11
111001001010011101000010011001100000000100100000100000000000011001010
93
111000001101000100011000000100000001000000100011000000010101011111100
86
100100100010001010111001110101100100001000000010000001110010101100
69
10000000000000001010100000000100000000110100001100010011000101010
131
10111001010001100100000001010000000101101100001101000001011100
47
10000000000001001000011100001000010000100000101000010100000001001000
126
1010100001111010000000000010010101000111000010001000000001100000000001
114
1000001100010010011000001001001000000000001010100010001100001011000
186
111000010000100000100000011100010001101110000000101001000010001001010
192
1010100001001010000000011100000100111000010000000010000000000100000000
5
1100100000000000111010100001001110100000000100110000000000100000001000
96
10100000000010100110010000010000011000011100000010001001001100000100
192
10001001101000000000010101000101001000100001000010000010000010001110
93
110010011110001000101100000101000000000100010011001100000011101
8
101001000010000011001100001000110010010100000000000010100010110
86
100000110010111100010010101111000100101010001100010011111100000
71
1000110100110001110001000000010101100100101010000010110001000011110010
114
11010001000110101000101000000110100110000001101111000100001000001001
9
10000000000100111000100111010001001000010010000000001001010000000100
16
100110001000101100000101111000010010001010001000001110000111010
20
1111111000101110100000010110000010000001101110001001000000001000100
8
101000011000000010100000000001110000001000001000001000100101101110010
198
1100100011101101010010101010001010011000110100000100000100010010000100
89
1000101000000001110000000000111101000100100100010000010000011000100
8
1000010111001000001010001100110110000101010100110001000000010100001100
52
10101010111010001001000000100110000100100001100100010001110101010
37
10110100100001100100000101000000000100101000000001010000000000010010
25
1000100001000000000000001100100100001101100000111000000000101100100001
164
1001001010100010000010010110010101100110010101100000100000000000100110
37
10010011000100000001111010100000000101100011000000101100000001001100
198
1000000001110011010010011000100000101100010010001100010010011001001100
12
1000001000000010000011000010010110000001001000001000010000000101000
96
1000010000010011010010001000000000000000000000100010000100010110011110
155
1100100001001010000001010100010000001010101001100110110100001100
173
11000000110000001100011010010001010101000000000110100110001110000000
169
111000000000100111000000000011100000100110010000001011111001000000001
52
1010101010011001000100010011011010011100111110000000010000000001010000
48
1010011000011000001110101010011010100001110001010100000000000000000
160
111000000000001100010111001000000010000000001001000001000010000001000
138
1000100000001111110100001000101100001100000001100000100000100110010
108
10001000100000000110000011100000000001101100100000010100100110101000
54
1001000100000000010010000010000000011000010001000000001110000000000010
78
1100100000001110010001001100110000001101011000010000011000001010011111
36
11000011000000000000000000000000000010000101010000011101000010001101
55
11000001010010010111000100011000010011010001001000010101100101001
180
1010010000001000000010000000000001001000001001110100011010001001000000
124
1001010100011000000100000000011001000000000100100000011100110101000101
182
10110100000000000000000000110000001010011000010001010111100110011001
48
1000110110000000100100010010000000100011000010100000111010110101100001
62
1000001000000010000100000010101100110001000000101100000000000100000000
172
1001100100000011011000001101000000000100001100110011000111000000111
104
101010110010100101011001110010000001100000010101101000000001011000000
89
1010010000010000000000100100010011010000100000000111010000010011010100
82
100001110010101100000000100100010001100111101001000010001000000001
89
1100100110010011010001100000110110000010001010000100011010000101100100
86
100011000000000010101001000010100000110001100101100011001101111101010
63
1000111011000100000110001010110000110000010010010000111001101000001010
169
1101010001001010000001110110000001101010000010000100000000010000110010
3
1010000001000000001010001000100100100100000000000000010000000010000000
27
1110000001000001010010000000000000000000000011110000101000000000001000
64
100000000110000100000110000010110101010000000100000000000101010111000
44
1101010000011100001111000000101100110000100001001000000100100000110001
145
110011101101100000001100101001000010100000000110001000110101
55
11100011000000110000000001111000111000010000100000000000000001001
59
1111000000010000000000000010000011100011101101100001010000000
126
1100000001001000110101010000000001001001100000000000100001100000001
118
1001000000000100000111100010000011000100010100010000000110101010101000
19
1100000000100100001001000011000000001100101000000100100000010000010
177
1000100100001001010001001100010010100000000000010001101100010010010000
6
1000110110100001001100100011000000000000010000101001101011010010011000
39
10000000000001000000001110000001000010000010000010011001000100100000
165
10101001000101101000000001100110000110101010001000100011000011001
20
100111010001001000100011010000000010001001000001000000110000001100010
187
1100000000101011100001100000000001101001001000100000000000110001010
161
1000100010110000001010011000010011000000001110000010010101110011000101
70
101000100011100011000100000001001010001000000000110000010000110101010
154
110000111001000101010000000000100000000011100111000101011100010101000
67
1001011100001110011010000100000000010000010101000100010011001000010
2
110000000000000010111111010000001000000001110000000010000000011000000
30
1010110010000100110001001001100101001001001000101000110101101011000011
59
1100001111100000010100001000001000001000000110000001100000110101000110
6
1000011000000000000000001001000010000000000101010110100100001000011100
17
1001100100000100100100001000010100110010001100110100001000011010
2
1011011000010000010011001001100010000000011000000000001100010000
179
100000100101100000000100010100000000101100101010110000000000001000
48
1100000110010001100111001001000101101001000001010011000010010010010111
16
100110000010001000010010001011000110000010111001001111000010000
14
10000111000001011100101100001001001101001001010000000011010101
54
10101100000000000100100100111010010010000010011101100111010100001000
152
10010001110001011001101011100001110000100101101110000000010000010000
98
1000011000000010001000011000100000000101000000100011100110111000101100
154
110000000000000000100001010000100000010001100011101010110100000000
65
1000100100000000000001000100000001111000010000011010011001000101000
62
11100000000100011110010001010000000111000011010000000100001110000001
115
111011010000000100100100000010000111100000000000000000011000001001
156
1000100100000101101000010000010010000100100000000000100000000001111010
122
1001000000001101000110101010001101000100011100000110000000010000000001
63
10100111101100111000000010001100010010010000001000001010100001001100
170
110000101000000001000000000100000000111111011000010100010001000
94
10000000011000000000000001101110000001011010000100000110100000100000
63
1001111101011100100001001000001101000001110001111001000101010000000000
179
10101000011100100001101101100100101101010011111010110001010010100001
112
100000000011101000010110010110110001010000100011001100010000101000100
87
1010011000011000000001001001101000000001100010000010000010000011000010
152
11001100000011000000101000001000011001001010000000001000001000100100
192
1100000111000010011010010101000011001101001000010100000000000001110110
31
1100101000000010010000000001010011100001100000000110000100001000010000
48
110110101000000011111000000000010011100110100000000000110100101000001
62
1010010001000101100000000001010010000001011000001010000000000010000100
190
11011000000010001000010001000100000001000100000110100001000100010
101
100000000001100110010010000011000010100100000000110000011000100
96
1001011011110010110100000010000011101001101111001000010000010000
200
100000100101100001010110000100011100100001000001001000100011000000011
68
1000001000001000000100100011110110110010001000000001110010110
63
1001101101001100010011100010000011010001001001001001000010010000000000
151
101000101010001010000000011001110110000000000100001010100110110110000
83
1100001010110011010000010001100000100001001100100001000100100100100110
68
1000010000000000100110000000000000010000001101100000000100101000110101
169
1011000000111010011000000000000000010110000000000010001011001000111101
104
100000011110011000100010000000101000001001011100000010000011110110000
6
1000000001010000111110000101001100010000011000000010000011100000111010
25
100000010010000100010001000101110100000100101100110011001000111100000
114
1110100100001000000000010001000001000101110000001000110001000011
76
1000110000011000001011000100010101000000100010000000000010101100000101
41
100000000110100001100100001100001010000001110100000101000000001001100
130
100101000000010101000110011100000001001110101101000000101000000001011
17
110010110100000000010000100010011000011000000100000101010010001000010
193
101100000100011101011100100010010000011111000000011100100110100000010
125
110110001001010110000010000010010011001010000000100101101000100010000
171
1010110000010001001000001000100100111100000000000100000001001101010000
114
100100000010000100000010010000010010100000000010010100101001000000
132
1000000000011000000010000100000011001100010000001100001000100011000110
122
101100000010001110110010010100110000101000000101111011001000001010
90
1011011101111000100000000100000000000100001000000011100001000000010
102
1001100000000001011011001010000000110001100011010001000110100100110
10
10010000000111000010110100100100011000000000011001001110000000000001
48
101101000100000110000000011000100010000110000001010010000111011000001
133
1001100100111100110000101011001001100001000010101101100001100110100011
169
1001000100101000100001001100000010001101000000100001000000000001100100
103
101001110001000110000010101110010011010001000000000000000001000100100
105
1001000000000000010100001100000001100101000000010101001011110001110
166
1100110101001110001110001000110010100101000010000011010010010010000000
2
11011010000100010000000010010000101010110101000011000000101000001011
44
1000000001000100110010100011110100010000001000000100000001000100001110
36
1000100000100011100100011001000010111101010001100000001001110011110000
186
11001100001001010001010000100001010101101110010000101000100111010000
129
10101000000001000101100000001000001000000001000000000000000000100
102
11110100001111010011110001001100010100000100000010100100000111000010
91
1000000100001101001110001100111111010000010001000010000101100100000001
73
100110100001100000111000010010010000001000011000001000001111000001
21
1011000011000010110010110000010011000100010001011000110000100100100010
25
10000001000010000110100001011001000100000110000110000001100101111000
180
1000000001000100000101000011001000000010100101010000010011001001100010
84
10011000010000101100000110000100000000000000100110001011010000000000
115
1100110000100000100010100100000000001100000000001010000000011100010000
75
1010000000100000010100010000001000000001000000101001000101011101000
74
1011111000101100000010000110001000001110000110010011100000101011100010
153
110001101010100100010000000010100100000000100100010000010100
180
100001000001010001001010100100100110011100000000010000010100001000
72
100100011011001001101000011000100010010000000001101000001110101101
169
1100011000101010000000010111000000010011010000111010001010101010110100
74
1000010110000001001001000000000000000100100000100010100110000000000
131
101100000110101100000000101100001110000000111000100000000101000000011
188
1001110011100001010001101010010000001010001001101111011000000000000100
112
10000100000000000001000100010000010101001010000110010000100000100
149
110100010001010100000010010000011001101010000110111010100010011
191
1001000001001101001000000001010101101001000010011000000010000000000010
153
111011000001110010100000000100010001100100010000000001001110000
174
1000011011001011000000000000001001000010000101100000100010100100000101
149
10010011110001000110010000000000000000000011000000000100000000010000
67
100110000000001100111001001001000001001000100000001001110100000011011
58
11000100100011100000010001000000101101010011000001110000010110010000
19
100010000000100101001001000001100010000010001101010001001000010001100
165
11000100000000110111011000000001000101101000001011010000000101110
126
1000000000100000010011010100100010000111001110000100001000001100001
7
1100000100000010001000001000000010001001000101100001000001100000000001
36
110001000100101011100000100000000001010100000001100000100000000110110
2
1000111000101100011000011011011001100000001110100010000010101110000000
123
1110000001111000000000110000010000101000001100100000000000000000
116
1101000110001000000000000000000011010000000100100010011101011010000
152
1000010100000000101001100100000001000000100000000100010001000010001000
81
110010000100000000011110111000000000100000000010010111001010100010
9
1000000000001010110001000100100001110000000000110010001111101100000110
163
100100011000000001000010100000000101101100010100000001110000001000
145
110001100000000100000000111010100000000001010010101001100000110001100
5
1000010110000010110000000000000100100110101001001000101110100011101
54
1111000010010101000111001000001110010001001110010000000000010001001
96
10110110000000101101000001000000000001110000111111111000100100001001
59
1110101000000010010010011000000101001000111010111011011000010001110110
188
1001000010001010100011000010100000001011100001110001000011101101101000
3
1101100000010000100001001000111000011001000010001000000010001000000100
191
101001011000000110000000100001000010000110000000000010111001000
48
1001011100001101110000000000000000100010000101100000000000001011010000
120
11100011110000000100000000010000011000011101010000100000100000000
179
1011100000000100100001111000001010100001000100010100010000010000001010
164
1100000110000100000000000010000010000100000000101000010100010000010
10
1000000100000001010000100101001000000001001011001100110010100100110
136
100100100000001000101000000001010000101000010100000001100010111001100
39
100000100000000010100010100001100000010110000000000010101100001110100
14
10110000010010110001000001001000101001000110010000000000001000100101
41
111011001100000010100001000010010001100010000100000010000001110100000
144
100100110111000000101000000100000010001000001001000000100000000100001
134
10010010001011111000101000000001000010000010000100001000010100
177
110001000000000110010010011000000000110101001001101001001000100101
189
100000100001000100100110010000000000010001000000000000100000000011000
29
110100110010100010001001000000000000000100000100110000011010001000100
19
1000010001000100000101101100011000000010000000000001101000110000100110
2
10010000000000010110000001100010000000010000100000000010101111001
158
1001000010011100010000001100000000000011100010110010000001010100000000
123
101100100000010000000100000001001000000000001100000000001000110010000
10
10010000100001000101100010000100000001100000100011100000001100001010
135
100001100100101001101011000101010100100000001000100000110000110000
154
100000100010011000010000001100000001100001101000000010100100101001000
96
10001001000011000000110100011100100001010010000000000000010000001001
119
1000001010000110000100001011011010000011000001000001000000010000000110
136
100100000001100000010010010000001010000000111000000000010110111
126
110010010110000011000000100010000010010100010001000000000000001
107
100010101000000000000101001000011110110000010001001000000001000000010
192
10010101000100010001001001101000111000110000001010001011000
185
1000000010000001010011000000001000000100001011011001010010001001100
71
1010000110000010001011110001110100000010001001100000010101010000000000
77
100011000000001000001000000110010000101011000000011000000110000000001
4
1000000000010010101000001010001101001010000000000000001010110000110000
84
1001001000000110000010001100000001010010000111001000000001010010001
43
110000001000100000010010110100011001000111111010000011001000010110000
90
1100010001010000111001001101100110101111000000010100000000000000110100
160
11100001001101100000001010001110010100010010000010101101001001000
169
10010110110010000000000001110001100101000100100010000100000001000010
24
1001000011100000010001000011001000000100000001000000010000100100000
67
110010000011110000011010110001000010110001010001000111010100010
113
100110110000000000000100010000000101100100010001111100000000100010011
8
10101001010001100111000001110000010000000101001000010010110001010
143
1100111000111001001001100100001001010000000000000101100000000000
164
1110010010100000110000001011010010000010010000011101000000010000001
1
101000000000000110000001010000100000100000010000010100010110101000
66
1010000000000010101000000011000000000100011000011001000010010001010000
109
1000000110100001010000000100010000000000000010010110011001000010000
85
110000000000010000010001111110000000010000001001000000111010110001
73
1100001010000000000001110100101100001000100101100000000001100000000
180
1111000010001011110000000110010000000010000000110001100001000010010010
56
1000100000100010000000010000001000001100011000000100000000111000000110
70
1110010010001010000010010010010000000100010011011000100001001101000
179
10000110000000100000000000001110010001000111000010000100000000000000
132
1010000111001010000100010000100101000001100110000000101101000111001010
9
10001000010111001100011000001000000100000001000010000111001000001
164
10001010100100111010000001001010001000010000000100100000000110001011
96
1100110010000000000100000001011010000110000110000011000001000010000001
24
1000011001010100101010100110010000000000001101000001000101000000000111
168
1100010000001001110001011001011000000000011110000000101000000000000001
107
1101000101011000010000001000100010000101001010011000110001001010011
162
1101001000000001000000010010000000100100000110000001001000100001010000
180
110110000001001000100001001100100010111010000100000001000000000000000
30
101000000000010001011010111000001000100100110101110010100001100010010
31
1100100001000010101000000000000010000011000010100000100000011000000
25
1010110001000111110100001011001110001000100010110101001000010000100
31
1001100000100100100110010000010011100010010000010010000100100000011000
185
1100000010001010010100100100101011010001000001001000001000000000100001
22
10000000000000111001111000100100101110010100101000000001000011001100
138
100111000000100110010011000111001011000010010001001011101110000111100
65
1000101011110101001010110110000101101000000111100001110110000011001
51
110101011010000000010011101101010111000000110010001010000110
47
1100010000001001000000000000001000000001010100011000000010000000000010
165
10011001100010101100001001010100000011101100110000001000110000101101
31
1101011000100000101100100001011011001100110000100010000011000000101
115
10110000001001001010001001000010001010000110000001001010010100110000
188
100100010000001000000010000111010000001000111001110000000000010100000
182
11010001010100010000000010010000000000000100000000101110001
121
101010011100000010000001010000100101000000110000010100001000000001001
180
100000110011010000110010100010000000110000000100001000100010000
171
111000010000000101001001111000111000000000000010000100101000110100
166
1011000000100000101011010010101100001111000000011100100100000011000
171
1010010100011010101000000101000000010000010000000110100111100011000110
187
1001101100110100010001000010000100000001000000000001000000001000100000
186
100000010100000100110000100111000010101001000101000000001
143
1101100011010110100000010100000000001100000100010001010010010000001110
181
1001100010100101000000011000100001100010100100101101000101010001000100
196
100000011001000110011001011000100000000001010000001010000010000000110
92
1100010000100001100001010000010011110011000000100000100000001101001
142
1011011010101010001010000001100110000000001111100101000000001000011
84
10001101011100010100000001001101101100010010001001000100000011010110
85
101010011000000010010000100100011000101000100001001100110001010100000
14
110101000010000000000010000010000100000100010000101101010000000000
74
1000000000100010001000010010000000000111101001011001100000000100000110
20
10100001000101011000001000011000001000011000101000100000010000100000
185
1011001000001010011010000000101101100101000000010101011111000000100
62
10000000100111000100100001110101000000000100010010000001011000010000
183
1100100010000000000000000101010001000000000111000110110001011000100011
153
1001000110101000111000000010001001000100101110111011110001001000010110
58
111100010100000100000001000011000001000000010011010101000010101000101
7
1000010110000000000011000010100001001001100000101100000110111001100010
175
10010101001011010000010000110000001000100000010100101000001011
97
1110000011100000101100110000100010100010000111000001010100000
44
100000110001001010011010100000100001000010001000001000001010100100100
179
1010000001111100000000110100100001110000110001100101001000000101010000
126
1000011000110111100011001010000000000001100100101110110100011100010000
120
100100000001010000010101101001000000000000101100100001110100010000011
196
10010010011101001100000100000000000111011000000011000110110000000100
50
100100000101000000100010000010100000100011011000010010011010000000010
119
11101001000100000100000111001000010000001001010110010000001000101
153
10111011000101001000110001000001110000000100010100001010010111010001
84
1000000011100001001010100001010001110000101100100111000010000000000011
38
1001001000000110000000000001000000010000000000000001010100110000001
138
1111001000100000000000101100001011110000100000101000000100100000100000
37
1111000100100000000001000100010010000100000000101010000010010001000101
86
10000000111001110001001010001100011010010011000001010000110000101001
138
10010000010000010110000000000100101010000010110001000100000010000001
26
101001101101010000110010100000010000000100011100010010000101100100
16
1001101000000000110010110011001001000000010000000100001000001
79
110000000010111010110010000000100010111010010010100101100001010000001
178
1010010100000011000000000100010001110000101010100101100000010001
40
111000100011001010000000000010010101100001000000010000100110000000
85
100000100000001011000000100011000011000110001001001000101011000000
96
11000000100000000110111000110000010100000000000000000010100001011010
146
1001101000010000100000000100000000001000100010000000010000000000101110
53
10001000000100010010010000000101101001000001000001000101111000110111
143
1110010110010010100011000000000101100000001000000101100010000010110010
161
11101011000100101000001000000000010001110001000000011100000001
31
110000000100001001011000000110000110000100100001010010101010101011
48
10000000100100011001000000100001001000001000010001100000000000
18
1010010000000110000000010000101001001010000001000000010000100010010001
115
10100010010101100100110010000000000000000110000010001010101100100
189
111010010000111001001000100000000001000100011000010000000000000010100
109
10001000100110010000001010011111101010001101000000000000000000001000
184
1000001101010100010100100000100000001000010110000000110010000011100000
135
10000010000000001010111000011010110000100000001100010001001110000000
148
11000000000000010000100101000101100001000010011100000010010
53
1000000011001001000000100010100101010010000001000100000100010
80
10000100101010100100100011000001000000100110110010010100000000001000
131
1000001010010001110010010011010000000000001000101010000000000000101
39
1000000000000001000010111000100010111101000000100011110100000100010101
117
11000010010000000000100000111000100100001000110100101000111000
163
11001000010000001010000100000110110110011001000010011100001000010011
34
1010000011000010001000011001110010000100000000001110000001000000
106
1010001001110100101010000011001001000011110100000110000010000100000010
173
1010000001001000100100010001001001001001000001101000001101111000110
110
1001100011010110100100000000010111110000010100010101001101000000000
102
100100010000000010010000000010011010001010100100011001011000000000110
48
1010010111000000100000010000000011011010010001100001100000000000001010
31
1111000000000001000010000000110100100110000100000100111000110110100100
28
111010000110000000000000010000100101001000011000111001010100100000
5
1001100000000010010000000000000001001000101100011010100011000010110000
12
100100000010010011101000000100010001101000101010000100000011001100000
115
11000000000010000010000000110010001000010100011010000101010100001110
183
11000100000110010110010010001100110001000000010100110001000000001000
184
1000000000001101010000010010000000011100101110100000110001000010110
112
100000000000000001000011000100100000001010000000000000001000010000001
130
100100000001001101001101110000001001001000000000101010100001000000100
122
10010000010101000100000000111101000100010000101000001101000010000011
194
100101100101010010010010010011010001001000000111100000011010101001101
24
10000100110000000001101010010000110000110100000000000111100100
150
100010111110010001000011001100101000000011000111111000000000011100001
198
1010000010111000001001001000000000001001100011100101000001100100001
7
1000001100000011000100100010000100000010010001000010001000000000000000
50
1001000001000000000000100000010001100110010000000010001000001000000110
121
111000110000001000000111001000010000000000100000001010000001000000010
140
10100110111000000010000010100110000100110100100000000011000101000010
104
110010101001000101100000001010000000100001000010001000000100000100010
156
1100000011100111000000000000010000101010000101000000111001000010000000
17
10000100000000000000100001101010010000010010111111000000100010000001
145
10010001100100100000000000100000010110010100000100000001001000
186
1000001011101011001001000110000001010001100010001010010000000101100
82
1110101000001001001010000110000010000000000010000101100000110000000110
198
10010011000110000001110011001000100000111001001000001000
189
1101000000000100101000010001000111001000100000000000011010101000001010
16
11110000000110110110110001000111100000001001010010010000000001001000
110
1011000011101010100000011100100101000010101011000000000010000100001001
178
1101000010010001111101010010000001110000000010001000100000010000000010
121
10001011100000000000001001000000100000111000000100011000000000010000
145
100000001000011001001001101101100011000000001011000100101110010011011
101
100000000000000010100010100010010000001000100100000100000000000110000
185
10001001100010010001100001000000010000001000001010001000101011000000
50
100000001000100100000010001110001000000011100000010100111001100000001
2
1001010001000000000011010010000000111000100110101111000100011000000
103
1010111001000101000000100000001110101000101100100111000110000100000
126
1000000110100000000010100011100000011111100000000001000100001001000001
36
1110001100000000001010100011000000000011000000100100001000000010100100
29
10100000100011000000110101001001010000100100001000001100000100100
148
10100001101000100000001010001010000000000100000100000001000101010000
189
1010000100011100010100011100000100000101010011110000100000010001010
186
1111001000100000101000000000001000101000000001000000110001000101100011
177
100000010001010000010011100000000001000000000010011000000000000001
155
101010100010100010000001101000000011000111100011000100010100000000010
84
101000011001000001010101101100110000000110111001010100000100111011000
78
10001100000100000000000110000011001000000000110101100001001000001000
75
1000000001001000100000010100000110010111101100000000010000010100001001
112
1000100000000001000010100100100001000101011010000001000000000100100001
5
1100010000010110011000100100000100001100100000000110000010001101000001
84
10000110010110110101010001000010010000100001110000000001001100100000
72
1000001100010110001000110100111010000000100000000000000010001001000100
21
1101000000011000000001001100000000010000000000010000010010001001000000
5
100100000111010000000010001000000100100010000000100000001100010001011
79
1110100000000000011001001101100000100100101000001011110011000000
149
10000000000000100010101010100100001001110111010100111010000010000
56
101001000100000000100010100000110001000000011000010101001000000
194
10100010000100000000000010110000000001000000011001000000001001001000
25
11010100110110000100001100110011000001000110000000111000001000001
21
11011001100001000000000100111011111100000100010010100001110100
89
1010100100000011100011010110000110010000110010100010000100000000000101
41
100000010101100011000001000000001100100101011000010001001000100000100
91
10101110000000000000001001000000000001000100100100000000100001001000
190
101100000001100010000100000110110110000011100101110000010010101010101
25
1001000000000000011110000001010001000011000001001010010011001000011110
120
110010100001101010000110100000000010100010100001100010100101000011011
49
110000110000000110110100100100110001010001100001010011010001000110111
115
1000000000011001000010001000100101001000101001000001010111000010001100
127
100010011001100101000000001010100001001000100110001001101000000000001
164
1011001000011010010000100011010000000010000000100010010010100100100
102
10100101000101000000000000001111100010001001101000100000000001001100
5
10001000000110001101000101100001100100101000001011000010100
103
1001000011111001110100000000100001101100001000001000001100000110100001
152
110011100111000100001000100001000001000110111000111110100100010000001
68
1000010000000010000000101000011010001111010001000101010000100011000100
86
100000000001010100000100010001101100001001101100010000000101010111
16
1110010110010010001000100100000111001000000110000100000010000100000001
153
10101010100011010000100111100000111000100011100000111000000010
56
101000100001100000100001100011110000011000110010000000000100000000
43
10100100000100011100000000101100100011000001100101010001011000010010
53
1010010000110010000000100000000110000111111001000010001101100000000010
149
1000000000011100010011111010000110000010000000000000000110011101001000
72
1011100000000000101000010000100000100000010110001000000011110000000000
191
11001000010000011000010000100001000111101010001001001010101100000000
82
1001110001000111000000100000011000000000000000000000101000101010110
141
1001001100100010001111101001000001010000110001010000000010000110
21
11000001100000010111000000100010001100001100110100000000101100100000
141
1011100100000001110011000100111000110100010010001100001000010100000000
38
1000101011101001011100010110000001100000000100000000001010000100001
135
1000101000000110010011000001100110000000100000010011000110000100001
162
1000000110011000001101010000000000010000101000010000100001100000000010
119
101101010011100010101000000000000000000001100000100000000011000110010
19
1011000010001001000110001000000000000001110010010010011001010100111000
158
1000000100001000100000100011001110001000100010001001111010000000010001
99
1101100000000111001000000100100010101000011100010010001000000111010010
73
1000000110010000010010110000000100010000001010100100001111000001000010
163
11001001110110100011010000011010010000000101001011000000000110010001
158
110001100001101101101001110001001000000001100100000000111001
124
11000000000010000000010010001000100000100011001000010000001100010000
116
111100110010100000000000010010010000000011010000111010000100101
111
1000010110110000010000011001010000000100111000110101001000000001001000
38
1001000000000000100010001000010010011000000100000000100110110101
28
10000011000010010010010000100100011000000000000000111001011010000011
157
10101100000011010000001000010000000010000010000000001100101010000001
178
1010100000000100010000011010100110100010110100000000101000100000100000
122
100110100000000101001000100001000101000000000100001100100000001011000
37
1000000000010001000110101000001001000000000000000001000010100000011001
191
1000010011011010000100100000110001001001010100010000110010001000
50
1000100000010000000000000101101010000010000000110000110001001110001100
177
110000100001100000000010101000100000010001000000001001011011011010000
89
100111011000000001100001010000001000000010110101000001001000000001
113
110000000011000001000010000111001000010000100100000101000100000000
93
1010010100000010101001100100000010000010001000000001001001010001100100
169
1011100110011011100100111100000101011010000010111000000001010010000
108
1000110010000000101100001101100001010010000000101000010011000101000000
73
111000010010100001000010110111000000010010100101000111000011010111010
174
1001010000000100100000111010100000001111101000000101000101100100001000
194
100000100000001101011100000000000010110001000010000101100000000100
57
1100100110000000000000010000100110010110010000001010100100100111000010
63
10100000110011101010010010000000010001111000000000000110100100000
70
1110000000101010001000000110100001110000000110000011110010000001
34
1001010001011110100110110000010001100100010100111000100001001111000
90
11000000001000011001001001111000001000001110000111001000000000
157
1101000000100101101001001110000010100110100001000001010000010010000010
195
10001110000011011001000001001000000111111001011001000000010011011010
118
11110100100010100000000101011100000001010000000111000000000000100010
168
1000000000010100000000010011000011001011000000100010110000101000011
51
101101001000000010011000000010001001000010000000101101011001110001000
75
1000001101110011001100000100000000000000100010101001010010000110000011
102
1000000001000010100000010110000100110000000001110000010101001011001010
164
11100000010000000000000101010000001010100110101000001010000010000101
82
100011010100010000000001110010000010000011010001010011001101110001100
172
11110111010000001000001101000100010000001100001000000000010110101110
194
1000000001001000001001000101000000011100010000010001011000000001100101
132
1001000010000111001000000011111000110000000111000001100010001
139
101001000001010100000001011000101010010011000100010010000100000011100
90
100000001000000110110010000010000100001000000100010101001000000110100
15
100000000100010010101000010000100100000110000101101100100111010000000
113
100100101000001100111001001010010000000100000000001001001100110000000
23
100100011111001100000010110001010101100100000110100010000000100101
193
10110000100100000110001100000000111001000111101010100100000001111000
8
10000001101100100010111000000011001101100010000000100101010010000010
53
110011100000100101101001100001100000010000000000010101000101111001100
89
10100000011110000001000000000101100010000001001110010000100011010000
104
100010000100000000000000010100010101011010100000001010010100001100000
54
1001001000010000001011000000000010001001100001001110010000000001000101
25
10001101000010100000010000110000000100010000101101100100001000001001
89
10000100110000001001000001001000100100000000000010001000000001000
180
1011010000010000111101100110000001000000001000010111000011001001011010
144
1011001000100011000001000000010000001010011010001101001001010000010010
180
111001100000010101000000000000000000100100000100000001000001100011
76
1001100010101010000101111000111001100010000001110000001100000100100000
80
11100001101010011100110100000000000111001000000001001010000010011000
8
110100011000110000100101111110000001000010000101000001101110110110
17
10000001111000000100100000000001001111001001100100000100000010000000
153
10110100000110101100100000000000100100010000100001010000000011000
187
10010001000001010101000000111001100010000111001001101100011001101
105
110000000000011000101101000110110001001001000000000000001000110
101
11000001001001100010110100000010000010010011000001000010001110101011
99
101000000111010000100010100000001000001000110001010000010000001011010
143
10101001000011000100001101000001010000010100010100001001100110100000
26
100011010101011010001110100000010110000001010001000001110100010000000
7
101001001100001001001001100000011000001100100010110010100000010001
108
101000101001110000100000100000000110110000001110010100010001000000
67
111100010110001100000000000000011010000100001010000100101000011100001
122
1001001000000000110010100001000000010000100000101000010000001111010001
194
10110110000001000000010100000001010101101000001011000010010001001010
33
11000000100010100011000010110000010011000011000101000100010100000000
78
100100000010000101000111100000100011000110011001110000000100010000011
74
10111100000011000001110101101001001101100000110001110011100000010010
125
1011000010000000011010000000011000010110000001000000000000010010001100
10
1010000100000010001001000000000001010100000110001000001000000001000101
131
110000011010000000000010010110000000011000010001100000010010000000000
180
1100100011100100000011110000000000001001000010010010000100000101000101
182
10000000000001100001110010111000100001000000100110001010110110011
55
10100010101010001100100010010110011000010010100000001000100110
51
1101110001000010100000001000010000011010000000000000101000000100
192
100000011000110000011111000000000100010100110101000000010010000010100
166
1100000110100100001010110000100110001110000000101000010000001100101000
131
1101001100010000000011000110010010110000100000001100011010010000000
23
100001110110000000001110001001111000000010100101000010000000101000001
145
10010001100100000011110100001000000011010110000001010011110100101000
92
1010000111000110010101011101111000001000001000000100000001110110101010
56
1000001100000111000100000101000001011011000000010010101000011010001011
185
100000101100000010111010100100111011000110100100000010011010000011100
43
1100000011000100001000001001000001110100010110110010000011000011101
2
1001100001010000000000000100100000000000100001010100000000000001000100
157
100111000000000010000000100010000111001001100101100011011010000010000
198
1100000000000000001010000000101011101011000000000001010000011100000000
29
100110001010101111100100011000110000000001101000100001010100001101
41
1011100010001000001100000011100100010001011000110100010101100000001100
131
11111010110110010100001100101011010100111000010100001100110000000
182
1000000110000100000101000100001000010000101010100110010100100000000001
9
101000010110000000000111001010000100010000011000111110000010000000
63
1000000100001000011101000010000011010101001111000011000000100000000100
17
110000010001111000111011000010011100000010101111000110000001110000
181
101001000000000000000010010100000110110000110000000000100010000100001
62
100110100000111011000000100000010111000101010011010001100000000
19
10000000100011011001001001101000010000001010111110000101001011110
17
100001001001001000000010000000010000100100010000000100101101100010100
75
110010010100100100000001000001000010000000101011000001010101001000
185
1011000001111000001001100010000000010100010101011000000001010011100001
25
110100000000000001000111001111110010010010101010010000000100000000000
144
1110100001010001111000100000111100110001000001000010111010011000000001
138
1000000101000010010001000110011001000100000000100011111001010010101001
4
11010001100100010100001001011010111000010001110011000110000010111
112
111001010100001111001001101000010100000000000000000000010001101100000
189
11000010010110001110001010010110100000000000101100110010001000110101
119
110001001010010011000100100000010011000101011101100001000001001100011
88
1001101000110001000001000011101000010010000001101000000000101100010000
42
1000000100100010001100000000011011111000100110000000000001111111000
171
