70 200
10010100000001000010110010011010001010101011101010010001011000010101
180
1001110000000100000010000101001001000000000100111011000001010000110010
24
1011101000010100100001110111001001010000110000001001110010101010111100
20
1011111110000001010010011100001000010100011010100100101011000100
87
1101100000000111101100111101101011001000001010010001011010101001001010
3
110000111100101111100001010001010010010101011010100000101000110000000
200
11011010000011010011001001001000000001011100011000101110001001111010
129
1001001000101011010101010000010100110000110010000010100111000001000110
31
11000000000110010111010011000010000010101101011000110010010000
127
1101101010010010010001000001011001010101000000010010001000001000101001
103
11101110000111000010001110100001100100001000100000110000011001101000
127
1011001100010101111010000011111100000100000111000101110100000011101111
135
10010010101101000011101111101001001000010000010011100000101011101011
22
100001101000000000001101001000011010000001100000010010101001001010
94
1100101000010011000010011110010110011001110101110000000000010000111010
192
1001000000000111100001001010100010000000000000000010101100100000010000
107
110010000010111010010011000101001110101011111111000100000000000100111
158
1100011000101010000100000001000100010110100011000100110001000000011
123
101001001100111010010011101010110011000000111001100000101110101101110
70
100010100011000011011100010000001010100000010001111001100100000000010
3
101000101011001000000001000011100110100000000101111011000000000101001
54
101101010011001101101010010010101100001111001110001000010000100111010
177
100011101110000000010010100010001001000000010100001110101010101001100
110
11000110011110110000010001010010000101100101011001001000111111000101
35
10010011010101001100001001100111100010101011100000010011010000011100
24
1010110011000001010010000110011001000001000010000100100000000
10
111000001100100101111000101001100110000010100100111000110011100000011
9
1000000000010000000000001010000001101000000011011000001001101101111001
155
10010100111010101100000000011100001110111000010010010110010010010001
128
1011100000010101010001111101111101100001110000101010100000100000000111
62
1110100101000000010110000111111111101010011101101101111101011000100
78
1110010110000000111001101100010100010010011110110100101010000000000
104
1100011010010111010110011111110101001000000000000111100011111001101
90
111111010010000101010000000010001101010000001011010100010000000101
124
10000000100011011001001010101010001000101110010010001000100001000100
130
1100000010100001011011001000000101000010010011111000000100010110100
158
1001101011100000000000000010101010110000000001000001010111011101010100
85
1110110000101000111011110000001010110101010100011100001100010100000010
178
110111000001111111100000000100000100111100101111001001001011000111000
72
1100110111011000111000001000001100001001010101101101110100010010000110
79
1001011000000101011000001011101000000001000001001000001000010100000100
119
1100000111100000011001100100000011110110001110111100000100000110010010
58
11000011010100000000110011100100010111000101100001001001011001011
68
11100100100000100001111010010111001010100010010011010001010001010
151
1110111000000001011110001010000111110000101010111001001110011111001
30
11100001001101010101000110000000000001010001001111110101010100111111
140
1100110010000001000000001110100110001111001101111000100100001110000
16
110110010000100101111000100000110110010100100100100010100000101000110
132
100110100001000000000010000010100110000000000110001011000010110111101
198
110110001010111000100011100000000110000010001001011000111101111011000
109
100100010000100101010110010000000010111111001100100000000001110110100
104
1101111111101011101000101000000010100001010000100000010000110100001101
65
10011010100100101010010010110000000011101001110010000010001100011010
110
1110001101110100001110000001110011001110010010010001111000010100
151
1000000010100001000010010010101000101011000000101100110000101000000
39
1001100100100000011000100011100100110101101000010110010100101011010000
164
10000001111001100011011000011101010010001001110010101000001101010100
66
1001001010110100100000100000001110010001011101011101100000100010
156
1000100111100011110110011001111011000100001011100111001010000011100010
155
11101011000001010000100011100000100010011000000100010010010011111101
55
1111010011000110100011010110110101000100000011010111000101000110100
123
1000011110000100011111001010001100010100100100011010100101001101011000
99
111001110110101000000010000111100001110111001011001010101110000011001
189
1100011001100100000110000000000111001001010110001000011011001111000100
149
1000011001001110110011110000011011111000010010100100000110010001100110
141
110100110100000101100001001000111001000000010110111110110100000000101
109
1101000010001111100101011100100001100000000010100000011000000101101100
190
10010101001100010001000101010000111100001001000100100011000111100000
139
1101111101111000000000010001101100110001001101011000001000001110
164
11110011110000101011000011001111111001010000011010011010010110000000
7
1000010011001100100101000101101001110001111101110000110110011011010000
54
1111001100001011100011100010111101010101100000000001110111100101100100
51
1011001100100101100000101101001011000000010001000110000000011000010
133
11011100000111101000000010010001100011011011000010010001000101
122
1110100001011011010000100001001010000100001011010100000100000001100000
181
10110010110110100011010000001001001010101000000100001110100000
109
100100001000000000100000101110011100101101010000100000001110000101011
169
1001010010001010000000111101101001001000011110100001000110011111
32
10011000100100010101111001100000001110001101110110111001100000000001
33
1101111011001110001010010011100010000001001101111011010011110111000100
186
1001000011000000010101011101011000100011000111111000000101010111000000
161
10001000000110110000001010100101011001010100010001011000011100010100
101
1000101001000001001011001000000101110010111001101000000110101001010011
90
1110101110000101101000000010110001000111000000000001100010100111110000
113
11000000111010100010110010010000100011011001100001010001000010111011
160
100111011000110000000110101011011110000110111000000000001100010011010
169
1100000010101011100001000100101110100001010101101000010111101100010011
16
101111010001000000000001110110000010010011111001000001000000001010
4
100110100011100111100000100101011001001011100010001011101000010110100
115
1110011000001100100010011001000000110110100000000110010110100000111010
93
1010100110000011000110011000010100000010100000111100111010000111010
102
1101001000001100011000100001100010110000000000000111000000111000100101
175
10001101100001100001000100001001010010010000101110111000111111001000
93
10101001111110100100000000000011100011110101001001011011111000111101
165
1011010010111010001000100100011100111011010100010100010011000100011
153
1000011100101010101000110001000010010100010000000000000010101001001
10
1000001110101000011000101100000010001010000011001100001011101100000010
86
101010001101001101000101100110110000010100010011001011000000100010100
41
110110000000101000101010000100000001111111010101010000011010000100010
29
110101110100010001101010100010000001100010101001110100100101001000010
18
100100001110111100011100101001000010001011011011011101111010001001010
9
1000011011000111010000010110011010000011000101100100001001010111001011
197
1101000000010001110000011100000010000001100011010000110011000010100
158
101001010000100100000011000010110011010010011000101100111001101110110
48
100000001000001100110101001000010111110110110010101100010101010100000
16
1011011010110011000000100110100110011100100011100010101100001010110000
141
1100101110011000000000100001000110100110010001001100001010110010001000
75
110001001101001001000010010001011010010111011100101000110111011100
63
110011001111111101100001100110000010010100011101100010010000100011000
9
1000100000000001101011000000010000011010000000101110000001000100010111
148
11101100101100101011010001110100101101010001111010001101000011110001
135
11000100100110111100000000001001100000110001010000011101010101011001
193
111000110000100010110000111111101000100111000111101100110001011000
113
10110101011100010001100000000000010011101011001010001001011001011010
50
111100100001000001011111101100110110000101111010110000100001000100000
176
1110111111000100100101111011010101000101111001000010010110100010000011
34
1100000100000110000000111100000000010000000101000010101100010101110001
29
10000001011100111000111110100000111100101011010001000011001000101
62
11001000101011001011010111010111111100010010010001100110100101111011
147
11000110110001100100110000111001000111000110100100010100101100111000
47
1100001100111001000000000100100010001010110101101111001000001000110011
130
100001111010100010010000001001010100110010101001100010000010010001001
144
110110110001100000010001011111010101110000000001100101010110101100011
196
10010010110100001010111101000110011111110100000010010001110111100110
103
1110100011000010000000001011001010000100011000101010110010000000100001
91
1011101100100010110000010011001110001100110110011110101001100101110111
128
1010000000000011100110001000011001010011001100011101101100110001010000
107
1010001001111100000110011101001001001001010010001101011000110001111111
26
101000010101100000111000100000100110101000000011000000011100100000110
29
1101111011100010110000100110010000000100011010010000110011110001110011
104
110011111000100111100111011000011000010101110100000000101011000110110
155
101001001001110100001010101010101000011010000000010100111100001101100
5
1001011000110010100000010000100010101100000000111110000011110001111
33
110100011110011010000011001110101000000110011001100001000000110100000
22
1101001100001011111100000011000100001000001011010100011101010001010
107
10000000001110010110011010111000000000000100111001010010100010000
192
1000001001001000000110001000110001010110110011010101110000001100010
44
1110111000010010101011100011010010010001101010110001101001111101110000
187
101000000000001011001001100110110000100000000001100011100111111010101
79
1011001101101000111010001001011011100000011100100001001000101001000000
36
10101110110000110111100010100001011001111010100000010010000000001001
124
1010000011011111110101011110001000111010010010001000110010011111101
195
10100001010001111011010101001100001001111000010101010101101001100011
76
10000011010000010001011111010110100110010001100001011000101010101101
37
110100001011010101111110110101011100101010111000010010101001010001111
147
111111010110101101111100101001011101111101010100111000000000110010010
123
110000101010010100000100101000111000101101011110100001000011000100000
53
1101100101001100000100010010000010000000110111100011011000000110010000
163
101110001000001100000111000100100100000100011000001011110110010000110
123
111101000010001001000000100101111001101010011001101001111000001000000
105
1000000001111000101100111000000100001010010100011010000110110100000
168
10100010001111111010001001001001101010010001100100000101010100010000
141
10101100000110010001111110111100000000111110000111011010001000110000
65
10011100110110110111000000010100010000001101001001001010100101001000
40
100111101010011000101100101010000100000100110011100010010110111010011
159
1100111111001001100000010001100111111000000001001100010010100101000101
198
1001111001100001110100100011101011001000000010001011001010000000101000
25
111001110000010000100000110010111100010010100010001111011000101000000
126
100100100010111100100100011100000011001101011001110101101100001000
12
1100001000101101001001011101010110110111001110100011010111001000000
99
1100110110001001101000010111111010000000010101010011000101100110001101
51
111000011110010001010100100000100101011000111010000001011110001000000
4
111011010000001001100000000000011001100100111001011001011001101011
142
1010111010100000011010010010001111010010011101100010100011001000000100
168
111111000010000001011010011101110111100101001011001100011000101000110
161
101000001001001011101000111100010000010101001010010000000111000100110
117
100000011010110011100001101101010010101000101001111010111010110100001
147
10110011110010111110000000000100101000011000100110000101011100010110
196
100101101110001110111101000001110010010100011011001011010000011101100
160
110010111111001111000001001110110010010001001010001111000001001001
99
1101110111010100010000101000011000011101100111000011100010101101010010
15
111001100000101000010101000110110100000010010000000100000110110000100
73
1101010100000001100000110100001110111001111111011010001000011110001011
82
1000011011100111100010001011000010111001000000101001000100010100011010
136
101000000010110001001101011000000110010000110100100010010000110101001
166
1001001011100111110110110110001101101111011100111111101011110011110011
194
1110000000010101010101101100000000001010100001111111101000010001000110
22
1000011100010000000010010001000100010010100000101100011010101110111011
188
100100000001010010010100001100010010100100000000101100000011011010
122
1111101001000101100001000010100111110111110000010110111100111010000011
56
101100110010000001010100000011101101000000000001001011000111010110010
177
1001110010001110001011010001010110000011000011101000100110110001010
35
1000100011100000110011110100010000000101111010110100010011100010000000
147
100110000000110111111000000001010001001001001100000001000110001001
172
1110100000000000101000001100101110110010110000001011001001111100101111
78
1010110010011010000110101000011100010100000101000000000000000100001100
12
1100100100110100110100010100010010100011100001101101001000010011100111
33
10000000010000000010100110010100110100010111010001001101000000010010
76
1001001000010001100100100001010110110001100101000100001101100110111001
102
1100111001110100100100111101101010101010000011001111010110001010001000
189
1100000100000000000101100100000000011011000000010111100000001011100111
44
1000100010111101110110000001010011101101001000110110000010001011011011
188
1110001100000000000000100111000010000000001000111000100010101000100
186
1110011100010100100110000001010000001000100001011001000010110100000111
168
1010001100101001100011100011011001010011110111010011000011001000010
87
1000010001110000001100000001101010110101001110000100011100010111011
70
110100000101101110111010010111010100101001011100101010010111011001100
9
10100010010100001111001001010101111000111110100010000000000000110
168
1000101000101101000001011110011011001011100100000100000101010100000110
106
1101001110010100100011100001100001000000010110111101000010101000001
89
