70 200
10000100000000000010110010000000000010001011101000010001010000010101
180
1001010000000100000000000100001001000000000000010011000001010000110010
24
1010101000010000000001110101000001000000110000001001110010100010111100
20
11111100000001000010001100001000010000001000100100001011000100
87
1100100000000110101100001101101011001000001000010001011010101001000010
3
110000111100100100100001000001010000010101000000100000001000110000000
200
11001010000011010011001001001000000001001100010000101010001001111010
129
1001000001011010101010000010000110000110010000000100110000000000000
31
11000000000110010111000001000010000000101000011000010000010000
127
1101101010010010010001000001011001010001000000010000001000000000100001
103
1100100000111000010001100000001000000001000000000110000011000000000
127
1011001100010101111000000011110100000000000001000000110100000010101111
135
10010010101101000011100111101001000000010000010010000000001010101011
22
100001101000000000001101001000001010000001100000000000101001001010
94
1000100000000000000010010110010010011001110001110000000000000000111010
192
1001000000000111100001001010100010000000000000000010100100100000010000
107
110010000010101010010011000001001110101011010111000000000000000100111
158
100011000101000000000000001000100000110000001000100110000000000010
123
101001001000111010000011101010110011000000010001100000000110101001110
70
100010100011000001011100010000001010100000010000011001100000000000010
3
101000101011000000000001000011100100000000000101111011000000000101001
54
1000010011001001100010000010101100001111001110001000000000000010010
177
10001110000000010010100010000001000000010100001100101010101000100
110
1000000011110110000010001000010000100100001001001001000111110000100
35
10010011010101000000000001000111000000101011100000000011000000001100
24
1010100011000001010010000110011001000001000010000100100000000
10
110000001000100101001000101001100110000010000100100000110011100000001
9
1000000000010000000000000010000001101000000001001000000000001101011001
155
10010000000010000100000000011000001110101000010010010110010000000001
128
1001000000000001010001111101101101100001100000001010100000100000000111
62
1010100001000000000100000011101110001010010101101101001101011000100
78
100010110000000011001101100010100010000011110110100101010000000000
104
1100001010000100010110011011000100001000000000000101100001101000100
90
111010010000000101010000000000001101010000000011010100010000000101
124
10000000000011011001000010100010001000101100010000001000100001000100
130
1100000010100000011011001000000001000010010011110000000100010110000
158
1001000001000000000000000010101010110000000001000001010111000001010100
85
10110000101000111011000000001010110101010000010000001100000000000010
178
110111000000100110000000000100000100111000101000001001001001000111000
72
1000110101011000011000000000001100001001010101101101010100010010000010
79
1000011000000101011000001011100000000001000001001000000000010100000100
119
1100000101100000011001000100000010010100001110110100000100000110010010
58
1000011010100000000110000100000010011000101000001001001000001010
68
100000100001111010010101001010000010010011010001010001010
151
1010111000000000001010001010000101110000001000110001001100011010001
30
11100001000101010001000110000000000001000001001111010100010100101010
140
1100110000000000000000001100100010001111001100101000000100000010000
16
110000010000100101111000100000110010010100100100000010100000101000010
132
100110000000000000000010000010100110000000000100000011000010110101100
198
110010000000111000100011100000000010000010000001011000111101101011000
109
100100010000100101010100010000000000111111001100100000000000100110100
104
1101111010001011101000101000000010100001010000100000010000110100001101
65
10001000100000101010010010010000000011101001110010000010001000011010
110
1100001000110100000110000000100011001010010010010000000000010100
151
1000000010000001000010010000101000001011000000001100110000001000000
39
1000100100000000001000100011100000110101100000000110010100100011010000
164
1010001100011001000011001010010001001100010101000001101010000
66
1001000010110100100000000000001110000000011001001100000000100000
156
1000000101100011110100011001100011000100001001100010001010000011100000
155
1100010000000010000100011100000000010010000000100010010010000110001
55
10000010000110100011010110010100000100000011010110000100000100100
123
1000011010000100011110000010001100000100100000011010100101001101000000
99
101001110100101000000010000111100001110110001011000010101110000000001
189
1100001000100100000010000000000110001001010110001000000011001101000000
149
1000011000001110110001010000000010011000010000100100000110000001100110
141
110000010100000100000001000000111000000000000010011010110100000000101
109
1101000000001111000100011000000001100000000000000000011000000001101100
190
10000101001100010001000101010000111100001000000100100011000111100000
139
1100101101111000000000010000101100010001001001011000001000001100
164
11000011110000101010000001001111111001010000010010010010010010000000
7
1000010011000100100101000001101000110000110101100000010110011011010000
54
1011000100001011100001000000001100010100100000000000110101000001000000
51
1011001100100001100000101000001010000000010001000110000000011000010
133
11011100000011101000000010010001100011001011000010010001000101
122
110100001011001010000100001001000000100001001010100000100000001100000
181
10000010010100100011010000001001001000101000000000001010100000
109
100100001000000000100000101110011000101101010000100000001010000101001
169
1000010010000010000000010001101001001000001110100001000110011111
32
10010000100100010101001001000000001010001101010110110001100000000001
33
1001111011001110001010000010100010000001001101101011000011100011000100
186
1000000011000000000101010100011000000011000101001000000001010101000000
161
10001000000000110000001010100100010000010100000001011000001100010000
101
101001000001001001000000000100110010001000100000000010101001010011
90
1010001110000100001000000010000000000111000000000001100010000010110000
113
11000000101010100000110010000000100011011000100001010001000010111011
160
111011000100000000110101000001110000000011000000000001100010001010
169
100000010101000100000000000000010000001010101101000010110101100000000
16
100110010000000000000001100100000010000010100001000001000000000000
4
110100011100101100000100001000001001011100000001011001000000010100
115
1110011000000100000010011001000000010010000000000110010110100000010000
93
1000100110000011000110010000000100000010100000011000011000000111000
102
1100001000001000011000100001000000110000000000000101000000111000100101
175
10001001100001100000000100001000010010010000101010110000111011000000
93
1001010100100100000000000011000011110101001000010001111000111101
165
1010000010111010001000100100011100111011010100010100010001000100011
153
1000001100100010101000000001000010010100010000000000000010101001001
10
1000001100100000011000101000000010001010000000000100001011101100000000
86
101010000101001101000001000110010000010100010011001011000000100010000
41
110100000000100000101000000100000001111101000101010000011010000100010
29
10101110100010001001000100010000001100010001001110000000100001000010
18
100000010011000011000100001000010000010010011001101111010001001010
9
1011000101000000010010010010000011000101000000000001010100001011
197
101000000000001110000011000000010000001000010010000000011000010100
158
101000010000100100000011000010000010010000010000101100101001100110110
48
100000001000001100100001001000010001110100110010101000000100010000000
16
1011000010110011000000100010100100001100100010100010100100000010110000
141
100101100000000000000100001000110100110010001001100001010110000001000
75
110001001101001001000000010001011010010011010100001000010111011100
63
100011001001010100100000100110000010000100011100000010000000100001000
9
1000100000000000101011000000000000011010000000101000000001000000010011
148
1101100101100101011010001000000101101010001111000001101000001110001
135
11000000100100011100000000001001100000110001010000000101010101011001
193
1000010000100010010000110001100000100011000110101000110001011000
113
10110101011100010001000000000000010000101001001010001001010001001010
50
111100100001000001011010001100110100000101111010010000100000000100000
176
110101001000100000101011011010101000101101001000010010100100010000001
34
1100000000000110000000111100000000010000000100000010101100010001100001
29
10000001001100010000110110000000111100000011010001000011001000101
62
11001000101010000001000011000011111100010010010001100100100101111010
147
11000110110001100000010000011001000101000110100100010100101100111000
47
1100001100111001000000000100100010001010100101101011001000001000110011
130
100001101010100000010000001001010100110010001001100010000000010001001
144
100110000001100000010001011111010001100000000000000101000110101100010
196
10100100000000101001000110000111110100000010000001100011100010
103
110100000000010000000000001001010000100001000100010100010000000100001
91
1100000010100000010011001010001100110100011110101000000101100110
128
10000000000011000110001000011001010001001100010101100100110001010000
107
1010000001110000000100001101000001000000010010001101011000110001111110
26
1000000101000000111000100000100010101000000011000000001100000000010
29
1101011010000010100000100110010000000000010010010000110011000001000011
104
110011111000000101000101001000011000010101110100000000000010000110110
155
101001000001000100000010101010001000011010000000010000101100001000000
5
1001011000000000100000000000000010001000000000110010000000110001011
33
100100001100001010000010001100101000000010011001100001000000000100000
22
1001000100001011010000000011000100000000001010000100011101000000010
107
10000000000010000100011010111000000000000100111001010000000010000
192
1001000000000110001000110000000010100011010101010000001100000
44
1000111000010010101010100001010010010001101010110001101001011101010000
187
1011000001100100010000000000000001100011000101101010101
79
1011001101101000011010000001000001100000010000100001001000101000000000
36
10000010110000110011000010100001001001111010100000010010000000000001
124
1000000000001010110101011010001000100010010010000000110010001111100
195
10100000010000101011000101001100000000111000010101010001001001100011
76
10000011000000010000011111010010000110000001100001011000101000100101
37
10100001010000100001110110101011000000010110000010000100001010001111
147
111111010110101001111100100001011101111101000100111000000000110010000
123
101010010000000100100000010000101100011110000001000000000100000
53
1101100100000100000100010010000010000000010011100011011000000110010000
163
110001000001100000110000100100100000100011000000011110100010000100
123
111001000010001001000000000101011000101010001001101001111000001000000
105
1000000000110000101100000000000000001010010000011000000110100100000
168
10100010000111101010001001000000101010010001000100000001000100010000
141
1100000000000001111110111100000000001110000100011010001000110000
65
10011000000110000100000000000100000000001100001001001000100100001000
40
100111100010011000000100001000000100000100110010000010010010011010000
159
100111110000000100000010000100110111000000000001100010010100101000101
198
1001110001000001100000000001001011001000000010001011001010000000100000
25
111000110000000000100000100010111100010000100010000110011000001000000
126
100100100000000100100100011000000011001001001001100101101000000000
12
1100001000101001001000011101010000110001000010100010000110001000000
99
1100110110001001101000000111010010000000010101000010000100100100000101
51
101000011110010001010100100000100101011000110010000001011110001000000
4
110000010000001001100000000000011001100100111001011001010001101000
142
1000011010000000010010010010001111010010011100100010100011001000000100
168
111111000010000001011010001101100111000101001011001000011000001000000
161
1001000011101000011100000000010001000010010000000111000100000
117
100000011000000001100001101101010010101000101000101010111010110100001
147
11110010110010000000000000101000011000100000000001001100010010
196
100001101010001110110001000001110010010000011001001001010000010101000
160
100000111111001111000001001110110010010001001010001111000000001001
99
1001110111010100010000100000010000001101000111000010100000101000000000
15
111001100000001000010101000000110100000010000000000100000110010000000
73
1101010100000000100000110100001000001000111100011010000000010010001011
82
11011100111000000001010000010110001000000101001000100000100011010
136
100000000000110001001101001000000010010000010000000010010000100101001
166
1001001011100111100110110010001100100111010100110001101001110011110011
194
1110000000010101010101101000000000001010000000111111101000010001000110
22
10000010000000010010001000100010000000000001000011010101010110001
188
100000000001000010010100001100010010000000000000100100000001011010
122
1001101001000101000000000010000100010111010000010110111100101010000011
56
100000100010000000010100000001101101000000000001001011000101000100010
177
1000100010001010001011010001010010000011000000001000100010110000010
35
1000000010100000100010110000000000000100111010000100000011000000000000
147
100100000000110111111000000001010001000001001100000001000110001001
172
1110100000000000101000000100101110000010100000001000001001111100001000
78
1010100010001010000110001000011100010100000000000000000000000100001100
12
1000000100110100100100010100010000100011100000001101001000010010100111
33
10000000010100100010100110100010101000001001101000000010010
76
1001001000010001100100100000000100010001000101000100000101100100011001
102
1100110000110100100000101001100010101010000011000101010010001010001000
189
1100000000000000000100100000000000001001000000010110100000001011100111
44
100010101101100110000001010010101101001000110100000010000011000011
188
110001100000000000000100010000010000000001000101000100000100000100
186
110000100010000100110000001010000000000000000011001000000010100000111
168
1010001000101001100010000010011001010011100111010011000011001000010
87
1000010000110000001100000000101000010101000010000100010100010101011
70
110000000100101110101010010101010100000001011100100010010111001001100
9
10100010010100001101001001000101010000111110100010000000000000010
168
1000100000100001000000011110011011000011100000000000000101010100000100
106
1100001100010100100011100001100001000000010000111000000000101000001
89
