70 200
1111111101110111111111111111111111111111111111111011110111111111111101
180
1011110110011111111111011111111111011110111111111111100011111111111111
24
1111111110111111111111111111101111111111111111111111111110111111111111
20
1110111111111111111111111110111111011111111101011111110110101111101111
87
1111111111111111111110111111101111111101111011011001111111111101101111
3
1111111111111111111100011111011111111011111111111111110111101111111101
200
1111111011011111010111011111111111111111111111111101111111011111111111
129
1101111111111011111111111111110111111010110111111111111111101111111111
31
111111111111111011111110111111011111111101111111111011011111111111101
127
1111111111011111111111111111011111111111001110111111011111011101111111
103
1111111111111111111010101111111101101110111111101111111111111111111101
127
1111111111011111111111011111111101111110111111111111110111101111101111
135
1111111111111111111111111111111011111111111101110011111111111111111111
22
1111101111111111111111111101111111111111101111110111111111111111111111
94
1111111111111011111011111111011111111011110111111110111111011011111011
192
1111111111111111111111011111101111110011111110111111111111110010111111
107
1111011111111111111111111111111011111111111111111111111111111110111111
158
1011111111110101111011111111111101101111111111111111111111101111111111
123
111111111111111111111111111011111111110111111011111101101110111111111
70
1101110111111111111011111010111111111111111111111111101111111110110011
3
1101111111111101111111101111111111110111011111101111111101111101111111
54
1111111110111111111111111111111111111111111111111101111111111111111111
177
1101011111111011111111110110111111111111111110111111111111111101111110
110
1111111110111111110111010011111111111111111111111111001111111111111101
35
1011011111011111011111111101111111111111111111111111111111110111011110
24
1011111111010111111111111110111111111011001111101110011011111111111011
10
1111101111111110101111110111111111111111111111111111111111111100111111
9
1111101011111010011100111111101001111110101011011111111111111111111111
155
1111110111111010111111111110111110111111111011111111111111111111111111
128
1111111101111111011111111111111111111101111110111111111110101111111111
62
1111110111111110111111111111111111111111011111111111111111111011111111
78
111110111111111111111111111111111111111111011111111101111111111111111
104
1111111111011011111011111111111111111111110111011101111111111111011111
90
111111111111110111111111010101110111111111111111111111111110101011111
124
111111111111011111111111111101011101101111111111111111100111111110111
130
1111111111111111111111111101111110101011111111111111111110111111111101
158
1011101111111111011011111111111111111110111111111111111111111101111111
85
1111110101111101111111111111111111111111111111011100111111111110011111
178
1111111010111111111111111111111101111111111111111111111111111011111101
72
1111110111111100111111111110111110111101111111111111111101111110111111
79
1011111111011111111111111111111110111111001111111111111110110111110101
119
1111111111111110111101101101101111111111111110111101110110001111011111
58
1011011101111111111110011110111111110111111111111111111011111111111111
68
1111111101111111011111101111110111111011111111110111111111111111111111
151
1111111111111111011111111111011111111111111111111111111011111111111111
30
1111111011111111111101101111111111111111111111011111111111111100111111
140
1011110110110111111011111111111110111101111111111111111110111111110111
16
1111111111011111111111010111111111111110111111111111110110101111111111
132
1111111111111111111111110111111111110111111110111111111101111111111111
198
1111111011111111010111111110111111111111111011111111111111111111111110
109
1110111110110111111011111111111111111111111111100111101101111111111111
104
1101111111111111111111111111100011110111111011110011011011111111011101
65
1111111011101111111111111111111110011111111101111110110111011100111111
110
1110111111111111111110111110111111111111111111111111111111111111111110
151
1111111101111111111111111111111111111101111011111101110111110111011011
39
1111111110101001111111111111111101111111111111011111011111111011111111
164
111111101111111101111111011011101111111101111111111111111101111111111
66
1111101111111111111110101111101111111111111111011111111111111011110111
156
1111110111111011111111111111111111011111111011111111011111101111111111
155
1111111011011111111101110111101111111110111101110111111011110011111111
55
1111111111111111111111111111111111111110111111111111111111111011111111
123
1111111111101111011111111111111111011111111111111111111111101101111100
99
1111101111111111111111111111111111101110111101111111011111111010111111
189
1101111111111111111110011101111111111011110111011111111111111111100110
149
1011111111111111111111111111111111111111011111110111111111110111101111
141
1111111110111111111111101111101111111101111111111111111110111111111111
109
1111110111011111111111111111111111111110110111111101111111111101111111
190
1110111111001111011111001111111111111111111111111111111111111111111111
139
111111111111111111111111110110111111110111001111111111111111111111111
164
1111110111111111111111111111111111111101011100111111111110111111111111
7
1111111111111111111111111111111101111001111111111101111111011111111101
54
1111101111101111111011111111111111111111111001111111111111111111111111
51
1111111111111101111101011101111111111110111111111111111111101111101111
133
1111111111111111100111111111101111111111111111111111111110111111111111
122
1111111111111111111111111111111011111110011111111111111101011111110111
181
1111111010111111111111111111111111111111101011111111111111101111111111
109
1111111011010111111111110111110111111111111011101111111111111111111111
169
1110111111111110111111111111111101111001011111111111110111011111111111
32
110111101111110111111111111110111111111111111111111111111111111111111
33
1111111111111111111111111111110110111011111111111011111111111111111111
186
1101111111110101110111111111111111110011111111111001111111111111011011
161
1111111111111111110110111111111111111111111101111111111011111111110111
101
1111111111111111111111111111111111111010111011111111011110111111111011
90
1111111111011111111101111111110111111111111110111111111110111111111111
113
1111111111111011110011111111111110111111111111110111011101111111111111
160
1111111111100111111011111111111111111110111111001101011111110111111111
169
1110111111111111111111111111111110111111111111101101111111101110110111
16
1111111111011111111111001111111111111111111111111111111111110101111111
4
1111111111111111111111111111111011111101111111110111111111110111111111
115
1111111111111110111111111111111111111111111011111111111111111110111110
93
1101110111111111111111111111111111111011111111111111111111111111111011
102
1101011111001111011111111101111111110111110110111111100111111110110111
175
1111111111101011111111111110011111111111110111111111111111111111101101
93
111101111111111110100111111111011111111110111011111111111111111111111
165
1111111011010111111111011111111111110111111111111111110111011110111111
153
1011111111111111111111011111101110111011110110111111100111010111111101
10
1110111111111011111111111110010111001111111111011111111111111100100111
86
1111111111101111111111111111111111111111111111111111111101111110111110
41
111111111100111111111111101110001111111111111111111111011111110110111
29
1111101111111011111111111111111111111111111101111111110111111101111111
18
1110111111110111111111111111001101111101111011011111111111111111011111
9
1011111111101111111111111111111110111111111111101110111111111111111111
197
1111101111010111111111010111111111111011011111111111111111111111111111
158
1111111111011111111111111100111111111010111111110101111111011111111111
48
1111111111111011111111111111100110111111110111111101111111111011111111
16
1111111110110111111101111110111111111111110011101110111110111111110111
141
1111111111011111110110101111111110111111111101111111111111111111001111
75
1111111111111111111111111011111111011110110111111111111111111111111111
63
110111111111111111110101111111111111111111111101111111111110111111111
9
1111111110111111101111111111111111111111010111111111011101111100111111
148
1011111111111111111111011011110110111101111111111111111111111111111011
135
111110110100111111111111111011111111011111011010110111111111111011101
193
111111111111111111111111111111111111111111111000111111111111111111101
113
1111110111111111111111111111101111010111111011111111111011111111111111
50
1111111111111111011111111111111111111011111111111111111110101101110111
176
1111111111111110101111111111111111100111111101101111111111111110110111
34
1111111111101110111101111110111111011001111101110111111111111101111111
29
1001111010001111111111111111111101111111111111111110111111111111111111
62
1111111111111011111011111111111111111101111011111111111111111111111111
147
1111101111111011111110111111111101111111101110111111110111111111111111
47
1110111111111111111111101101110111111111111111111111111111111111111111
130
1111011111110110010111111111111111110111111111111111011111110111111111
144
1111111111111111111111101111111111101111101101111101111011111111101111
196
1111111111111111111111111101111111111111111111111110111011111111111111
103
1111110111111110111011111111101111111110011111111111111111110011111111
91
1111111110111011110101111111111111101101111111011111101111111111111111
128
1011111101111011111111111111111111110111111110111111111111111111111011
107
1111111011111111111111111111101111111111011011111111111111110111111111
26
1111111111111111110111111111101110111111111011111111111111111111111111
29
1111111111111111111111101111111110011100011111111111111111111101110111
104
1111111111111111111110111111011111111110111111110011110101111111110111
155
1111111111101110111011111111110111111111110011111110111111111111111111
5
111111111111110111111111111101110111111111111110111111100111111011111
33
1111111011111111111010111111111111111111111111111111111100101111101111
22
1101111101111111011111111111111110101111111111111111111111111110011111
107
1111111101111111111111111111111111111111111011111111111111111111111101
192
1111111111101111101111111111111110111111111111111111111111011101111010
44
1110111100111111111011111111111011011111101111111111111111111111111111
187
1111111111111011011111111111111111111111010111111111111101111111011111
79
1111101101111111111111111101111011111111111111111111011011111001110101
36
1111111110111110111111111011110111111101111111111110111111011011111111
124
11011011011111111111111011111111111111011111111111101111111111111111
195
1111101111111011111111011111111111011001111111111111111111111101111111
76
111111111111101111101111111111111111110110111110111111011101011111111
37
1111111111111111111111111111101111101111011111110111111111111111111111
147
1111111111111111101111111101011011111111111111111111000111110111111111
123
1110111111010111111111111111110111011111111111111111011111111011111110
53
1111111111011111111111110111011111111111111111100011011111101111111111
163
1111111101111111111101111011111110111110111111101101111111111011111110
123
1111111111111111111110010111111111111111110111111111111111111101111111
105
1111111111111111111111111111111111111011111111111111111111111111111111
168
1111111110111111111111101111111111111111111111111111111111111110111001
141
1111111111011111110111111110111110111010111111111111111111111111111111
65
111111110111111111111111011111110111101011111111011111110110111111100
40
111111111111111111101111111111111111111111111111111011010111111111111
159
1111111111111101110011110101111111111111100111111111111111111111111111
198
1111111111111111111111110111111111001111110011111111111110111111111100
25
111011111110111111111111111111111111111111111011111111111111101101010
126
1111111101110011111111111111111111111111101101111111110111111111111110
12
1101111011111101111111111111110111110111111111101111111111111101111
99
1111111111111001111101111111111111111111111111111111111111110111111111
51
1111111111111111111111111100000111111011111111111011111111110111111110
4
1101111111111111111111111111100111111111111111111111011111111101101111
142
1110111110111110111011111110111111111111111111111111111011101111111111
168
1111111111111111111111111111111111111111111101011101111111111111101111
161
111111111111111111111111111110111111111111111111111111101111010110111
117
1111011111111111111111111111111111011111111111111111110111111111111011
147
1111111111111111111111110001111110111011111111111111111101111111111111
196
1111111111111111111111111110111111111111111111011111111111101111111110
160
1111110011111111011111011111101111111111111111111011111111111011011111
99
1111111111111111110111101111111111111111111111101111111111111111111111
15
111111101111101111011101101111111111111111111111111111111111111111110
73
1111111111111011101111111111111111111111111111011011111111111111101111
82
1110111011111111101111111111010111111111001110111111111100010111011011
136
1111111110111111011111111111101111111111111111111111111010111111111111
166
1111101111111111111111111111111111111111011111111111111011111111111111
194
1111001111110101111101111111101111101111111111111111111011111111111111
22
1101111110111110111110011111101111011111101111111111011111111111111111
188
1111111111111111111111110111111111111111111111111111111111111011111111
122
1111111111111111111111111110111111110111111111110111111111111111110111
56
1111101111110111101011111101111111111111111101111111111111111011110111
177
1101101111111111110111111111111111111110111111111111101101111111111011
35
1100111111111111110011111111111111111111111110111111111111101010111111
147
1111100111111011111111111111111111011111111111111111111111111111011111
172
1111100111101111111111011111111111111111110101011111011111111110111111
78
1111111111111111111111111111111111111111111111111111111111111101111111
12
1111101111110101110111111111111011111111101011101111011111010111101111
33
1111000111111011011111110111011101111111111111011001111111111110111111
76
1111111111111111111111110101111111111001101101111101011111111111111111
102
1111111011111111110111111111111011111111111111111111110111111111111111
189
1100011111101110111111111111110100111111110111011111111111111111101111
44
1111111111111111111111011111111111111111111111111111011111111111111111
188
1111111111101111101101101110111111111111111111011111011111111111101111
186
1111011101111111111111111111111110101110111111111111111011111110011111
168
1011111111111111111111111111111111111111111111111111111111111111111111
87
111111110111110101111110011111111011111111111111010111011110111111111
70
1110111110111111111111111111111111111111111011111111111110111111111110
9
1111011111110111101111111111111111101111111111110111111101010110111111
168
1111111010111101101111111111111111111111111111111110110101111101111111
106
1111111101111111111111011111101101101111111110111111111110111111110011
89
