70 200
100000000000010010010000000000010001011101000010001010000010100
180
10000000100000000000100000001000000000000010000000001010000010010
24
1010001000010000000000100101000001000000110000000000010000100010111100
20
11100000001000000000100001000010000001000100000001010000000
87
1100100000000100001000001101101011001000001000010001000010101000000010
3
100000111100100100100001000000010000010101000000000000001000110000000
200
1001000000000000011001000001000000001001000000000100000001000000010
129
1001010101000000010000000000110000000000000110000000000000
31
11000000000100010111000001000000000000000000011000010000010000
127
1000101010010010000000000001010000010001000000010000000000000000100001
103
1100100000000000000000100000001000000000000000000010000011000000000
127
1011001000010001100000000011110100000000000000000000100100000010101101
135
10010000100101000011100101001001000000010000000010000000000010101010
22
100000101000000000001100001000000010000000100000000000101000001010
94
1000100000000000000010000110010010011000100000100000000000000000101010
192
1000000000111100001001000000000000000000000000010100100100000010000
107
10010000010101000010011000001001100100011000011000000000000000000010
158
10000000000000000000000000100000000000001000100110000000000000
123
1001001000011010000011101000100011000000010001100000000100101000010
70
100000100000000000010000010000001010000000010000001001000000000000010
3
101000001010000000000001000011000100000000000001111011000000000101000
54
1000010000001000000010000010100000000111001000001000000000000010000
177
10000010000000000010000000000000000000000000001100101010101000100
110
1000000011000110000010001000010000000000000001000000000110110000000
35
10010000010101000000000000000111000000101000100000000001000000001100
24
1000000001000001010010000110011001000001000000000100100000000
10
110000001000100001000000100001100100000010000100100000010001100000001
9
1000000000000000000000000010000001101000000000001000000000001001011000
155
10000000000010000100000000001000000110101000010010010110000000000001
128
1000000000000001010001111101101100000001100000001010100000100000000100
62
1010000001000000000100000011101100001010010001001100000100011000100
78
100010010000000011000100100000100000000010000000000000010000000000
104
1100001000000100010100001000000100000000000000000100000000101000100
90
111010000000000100000000000000001100010000000001010100010000000100
124
1000000100010000000100000010000001000000001000000
130
100000010100000011010000000000001000000000011110000000000010100000
158
1001000000000000000000000010100000100000000001000000010110000000000000
85
100000000000100000000000000000100101010000010000001000000000000010
178
110011000000100010000000000000000100111000101000001001000000000011000
72
1000110101011000011000000000000100001001010100001001010100000010000000
79
1000010000000100010000001001100000000000000000001000000000010100000100
119
100100000011001000000000010000000001110100100000100000110010010
58
1000010000100000000010000100000010001000100000001001000000001010
68
100001111010010101001010000000010010010001010000010
151
1010111000000000001010000010000101110000001000100001000000010000001
30
1100001000001010000000010000000000001000001000110010000010100001010
140
1100010000000000000000000100100000001101001000100000000100000010000
16
110000010000000101111000100000010000010100100100000000000000101000010
132
110000000000000000000000000000110000000000100000010000010010100000
198
100000100010000000000010000010000001011000110101001001000
109
100100010000100101000100010000000000011110000100100000000000000110100
104
1101111010000011101000001000000010000000000000100000000000010000001101
65
1000000000100010010000010000000011101001110000000000000000011000
110
1100001000010100000100000000000010001010010000010000000000010100
151
10000000000000010000001000000011000000000100110000001000000
39
1000000100000000001000100011000000010101100000000100010100100011000000
164
1000001000011001000001000010010001001000000101000000101010000
66
1001000010110000000000000000000110000000010000001100000000000000
156
1000001000100011001000010000000001000000010001010000001100000
155
1100000000000000000000011000000000010000000000000010010000000010001
55
10000110100000000010010100000100000010010010000100000100100
123
1000001010000100001110000000001100000100100000001000100001001101000000
99
1001110100100000000000000110100001010000000000000010000110000000001
189
100000000100100000010000000000110001000010000001000000011001000000000
149
1000010000000110010001000000000010010000010000000100000010000000100110
141
10000010100000100000000000000111000000000000010011010110100000000101
109
1001000000000110000100000000000001100000000000000000010000000001001000
190
10000101001100010001000101000000001100000000000100100011000010100000
139
1000000000100000000000010000100000010001001000011000001000000100
164
1000001110000101000000001000111111001000000000010000000010000000000
7
10011000100100000000001100000110000000100100000010010010011000000
54
11000100000011000001000000001100010000100000000000110101000000000000
51
1000000100000001000000001000001000000000010001000110000000011000000
133
11000000000011001000000000010001000001001001000010010001000101
122
100000000011000000000100001001000000000001000000000000100000000000000
181
10000000000000100011000000001001001000101000000000001010100000
109
100000000000000100000101110010000100100010000100000001000000101001
169
10010000010000000010000000000000000000110100001000010011011
32
10000100000000100000001000000001000000100010010110001100000000001
33
1001110010001110000010000010100000000001000001000011000011100001000000
186
11000000000001010000001000000011000101001000000000010001000000
161
10001000000000100000000010100000010000010000000000011000000100010000
101
100001000001000001000000000100100000001000000000000010101001010000
90
1010001110000100001000000010000000000111000000000000100000000010010000
113
1000000101010100000110010000000100001010000100001010001000000011010
160
101000000100000000100100000001110000000011000000000000000010001000
169
100000010100000100000000000000010000000010000000000000110100100000000
16
10010000000000000000000100000010000010100000000001000000000000
4
10100100100000000001000000001010100000001001001000000010000
115
1000011000000100000000010001000000010000000000000100000010100000010000
93
100000001000110010000000100000000100000011000010000000111000
102
1000001000010000100001000000010000000000000100000000110000000101
175
10000000000001100000000100001000010010000000101010100000111010000000
93
10100100100000000000011000001100100000000000000011000101001
165
1000000010001010001000100100011100100001010000010100000001000100010
153
1000000100100010001000000001000000010100000000000000000010101000001
10
1000001100100000010000101000000010001000000000000000001011100000000000
86
1010000000001101000001000100010000010000010011001011000000100000000
41
100000000000100000100000000100000000111000000101010000001010000100010
29
10001110100010001001000100000000000100010000001000000000100000000000
18
100000000011000010000100001000000000010010011000001010000001000000
9
1011000001000000010010010010000000000101000000000000000100000001
197
101000000000001110000001000000010000000000010010000000011000010000
158
101000000000000100000010000010000000010000010000000000101000000110010
48
1000001000100001001000010000010100110010100000000100000000000
16
11000010100000000000100010100100000100100010100000100000000000110000
141
101000000000000000000001000110100010000001001100001010110000000000
75
110001001101001001000000000001001010010011000100000000000001001000
63
100010001001010000100000000110000010000100001000000010000000000001000
9
1000100000000000001000000000000000011010000000001000000000000000010011
148
101100001100101000000000000000101001010000111000000100000001100001
135
11000000100100011100000000000001000000100001010000000001010001010001
193
1000010000100010000000010001100000100011000100001000000000011000
113
10000001011000010000000000000000010000101000001010000001010001001010
50
111000100000000001010000000100100100000001111010000000100000000000000
176
110001000000100000101001011000101000100100001000010010100100010000001
34
1000000000000010000000111100000000000000000100000010101000010000000001
29
10100000000110100000011010001000001001000101
62
11001000001000000000000011000011111100010000010001000000000101001000
147
10000110110000100000010000011001000101000100100100000100101000110000
47
1100001100011001000000000100100010001010000101101001000000000000010011
130
100000101000100000000000000001010100010000000000100010000000010000001
144
100100000001100000010001011110000001000000000000000001000000101000000
196
100100000000001001000100000110010100000010000001100011000000
103
110100000000000000000000001001010000100001000000000100010000000100001
91
1100000010000000010001001010001100000000011010001000000100100110
128
1000010001000011001000000001100010101000100110001010000
107
1010000000110000000100000100000001000000000000001101000000010001110110
26
1000000101000000001000000000000010101000000000000000001100000000000
29
101011000000000000000000000010000000000000010010000010011000001000011
104
110011110000000100000000000000010000010000100000000000000000000010110
155
101001000000000100000010101010000000011010000000010000001100000000000
5
1000011000000000100000000000000010001000000000010010000000100001001
33
100100001100000000000000001000001000000010011000100001000000000000000
22
1000000100000011000000000011000100000000001010000100011100000000000
107
10000000000010000000011010011000000000000100111000000000000000000
192
1000000000000110001000110000000000100011010101010000000000000
44
110000000010101010100001010010000001001000110000001000001100000000
187
1000000000100100010000000000000000100010000001100010101
79
1010001101100000000010000001000000000000000000100001000000001000000000
36
10000110011000010000000001000001000100000010010000000000001
124
100001001010000000100010010000000000100010001011100
195
10100000000000001011000001001100000000011000000001010000000001000000
76
10000011000000010000000111000010000000000001000000001000100000100101
37
10100001000000100001100010101011000000010110000010000000001010000111
147
111011010010001001101100100000000000010101000100001000000000110000000
123
10000000000000000000000101100010000000001000000000100000
53
1100100000000000000100010010000010000000010001100011000000000110000000
163
110001000001100000100000100100000000100001000000011110100000000100
123
110001000010001001000000000001001000101000001001000001101000001000000
105
1000000000110000101100000000000000000010010000001000000000100100000
168
100000000101101010000001000000100010010000000100000001000100010000
141
1100000000000001111010111100000000001010000100011010000000110000
65
10000000000110000000000000000100000000000100001001001000000000001000
40
100111100010011000000100001000000100000000110010000010000000011000000
159
100110010000000000000010000000110110000000000000100010010100101000001
198
1110000000001100000000001001001000000000010001011001010000000100000
25
11000110000000000000000000010101100010000100010000000000000001000000
126
100000000000100000001000000001000000001001100000001000000000
12
1100000000000001001000010101010000100001000010100010000110001000000
99
1000100010001001101000000111010010000000010101000010000100000100000101
51
100000001110010000010000100000100100011000100000000001011010000000000
4
110000010000000001100000000000000000000100001001011001010001100000
142
1000010000000000010000010010000111010010011100100010100001001000000100
168
10001000010000001011000001000100110000001001011001000001000000000000
161
1001000010001000010100000000010001000010010000000110000100000
117
11000000001000000101000010000101000000000100010010010100000001
147
11110000010000000000000000100000011000000000000001001100010010
196
1001010001100110001000000110000010000011001001001000000010101000
160
100000100111001100000001001110010010000001000000000000000000000000
99
1001000100010000000000100000010000001000000011000000100000001000000000
15
11001100000001000000100000000100100000010000000000000000110010000000
73
1010100000000100000100000001000000000111100000010000000010010001011
82
11010100100000000001010000010110001000000001000000000000100000000
136
100000000000110001001101000000000010000000010000000000010000100001001
166
1001011100111100110110010001100000100010100100000100001110001110011
194
1110000000010100000000101000000000001010000000011111101000010000000110
22
10000000000000010000000000000010000000000001000010000000010110000
188
100000000001000010010000001100010010000000000000100100000001011010
122
1001100001000100000000000000000100010010010000010110101100100010000011
56
100000000000000000000100000001001000000000000001001011000101000100000
177
1000100010001000001000010001010000000011000000001000000010110000000
35
1000000010100000000000010000000000000100000000000000000011000000000000
147
100000000000100101111000000001010000000000001100000001000000001000
172
10100000000000001000000100000000000010100000001000001001010100000000
78
1000100010001010000110001000011100010100000000000000000000000100001000
12
1000000000010100100000000000000000100001100000000000001000010010100111
33
10000000010100100010000000000010001000000001101000000010010
76
1001000010000100100000000000100010000000101000100000100000100011000
102
1000110000100100000000101001100010101010000010000001010000001010001000
189
100100000000000001000000000010110100000001011000010
44
100010000001000100000000000000101000001000110000000000000011000010
188
100000100000000000000000010000010000000001000101000100000100000000
186
10000000010000100000000001010000000000000000010001000000000000000110
168
1000000000101001100000000000011001000001000100010011000010000000010
87
1000000000010000000100000000001000010001000000000100010100000101010
70
110000000100101100101010000101010000000001011100000010010110001001100
9
100010000000001001001001000100010000011010100010000000000000010
168
1000100000100001000000010010000010000000100000000000000101010000000100
106
1000000100010000000011100001100001000000000000111000000000101000001
89
