70 200
111110101000111010111110111011110001011111011111011010111011100011101
180
1001110010000111101010010111001011001010101100111011100011010110110011
24
1111111110110100101001111111101011111111110010111011111110111110111110
20
1100111011111110001011111110111111011001110101011111100100101011101111
87
1111110101011111101110111111101111101001111010011001111111111001001111
3
110011111101111111100001111011111111010111111110111000111001111110101
200
1011011011011111010111011011111000010101111101111001101111001111111011
129
1001011111101011111101010111010111111000110011011110110111100111001110
31
110110011101011010111010111111011101010101110111111011000110111111001
127
1101101111010110010101101111011111111101001110110110001110001001101111
103
1111111111110111001010001111111101101110101101101101110001011111101101
127
1011101111010111111111011011111100110110001111100111110111000011101111
135
1111010110101111100011111111111011101010110001110011111110111011111111
22
10101111101001111111011101111101111110000001100101110011111111111111
94
1111101010110011101011011110011111011011110111110010011111011000111011
192
1101011011011111111111011110100011010010010100010110111101110000110010
107
1110011001011111011111011110101011111101111111111110101111101110111111
158
11101011000101110010101101111000100111111111011100111110101001011011
123
111101111111111110111111111011111111100111111011111100101110101111111
70
101110110111111011011101010000101111101010110111111001101111010000011
3
101100101111001011111101111111110110101010100101111011001111101101011
54
101111010111001111111011011011101110101111111111001010110100111111111
177
100011111110011111111110110111101111010001010111011110101011101011100
110
111100110111111110101010011011011001111111111111001001111111111100101
35
1010010111010111011110101001101111110110101011101111110011110001011110
24
1011110111010111111001001010110111110011001011101100011011100101111001
10
111101011101100101111100101111110110111010110101111101111111100101111
9
1111001010110000000000001111101001101100101011011111001101101101111011
155
111110111111010111100111110011110111111111011111110111111111010011001
128
1111110001110101011101111111111111100001111110101011111010101001011111
62
111110110111110011111111011111111111101011111101111111111101011111100
78
111110111111101011111001111101011110111111011110110101111110011110111
104
11100111011010111011111011111111111101000010000001111110111111011111
90
111111010110011111111010001110111111111011111111111111010101010101
124
11000010110011111111011010101010001101101111011010111100100011100101
130
1011101011011110101011011101111000101000011011011111100000101111111101
158
1011101011101010001010011010101010111110110011111011011111011101111100
85
1111110101111000111011111001111110111111111111011100111111111110011111
178
1110111000011111111101111111110000111111101111111001011111111000111000
72
1110110111111100111010101100101100001101010111111111111101010010111111
79
1011011101000101011101111011111010011011001001011000111000110111010100
119
1101111111111010111101101101101011110111001110111101000100001111010111
58
1001011101111111110110010110011110110110111001111111101001101111101111
68
1101111101101111000111101111110110111011110101010011111111011011001110
151
1011110111111111001111110101010000111111001111110111111001111111111101
30
1011100011111111010101100111000011011101111001011111110101010100111111
140
11110110110111101011000011111100110101111111101111000110101111110101
16
111111011000111111111000100110111110110111110110101110110001111010110
132
1111111100011110101101110000011110110101101110110011111000011111111111
198
1111110011010111010111111110111100111111110011001111000111111111011010
109
1100111010100111111011110111011001011111111001100110101100011111110110
104
1101111111101011111111111011100010100101111001110010011001111111001101
65
1111011010101111111110110011111010010111101101110110010110001100111111
110
1110111111111111111100011110111111110011111111010110011111111101011100
151
1111110100111110111010111110110111010101111011100101100111100111011011
39
1001111100100001111111101011111101110111101101011111011110111011110011
164
11100001111111101011111001011101111111001011110110111110101111111111
66
1111001111101011111110100111101111101111111111011111111101101011110111
156
1001110111111011111111111011111011001100111011110111011111101111111110
155
111111011010001011100100111101100111110011000100110111011010011111101
55
1101111011011101110110111010111110101110110100011110111110111011111101
123
1011111111001110011111111111101111011111101101111011100101101101111000
99
1111001110111111011011111110111111101110111101111001011101111010011111
189
1100111111110110011110001101111111101001110111011000111011111111100110
149
1011111111101110110011111010011111111001010110110111010111010001101111
141
1111110110110011101101101111001111101000001111110111111110110111111101
109
1111110111001111111111111110101011101110100011111101011011000101101101
190
110110111001110010011000111110111111101011111011101111111100111101111
139
110001101111111111000110000010011111110111001101111111100011011001111
164
11110111110101111111111111101111111101011000111110111010111110101001
7
1100110111101101101111011111111101110001111111110001111111011111011101
54
1111101100101111111011111111111111110111110000001111111111101111100100
51
1111011110101111101011101111111011000011011001111111111100011101111
133
1111111111111100100111101001101011110001101111111011011110111101011111
122
1110100001111111110011101011101011111110001111010101001100011101110110
181
1100010010111110111110110111011101011111101011111110111111101111110111
109
1111110001000101101111100111110011101111111010100100100011111001111111
169
1100001111011010111110101000111101101001011110011111110011001111111111
32
10011101110110111111111011110000011111011101110111111101101000110111
33
1111111111011111111111010011100010110001101111111011011011111111111111
186
1101100111100001110111111101111110110011101111111001010111111111010001
161
111001011100110110100111111100111111111111101110001011010111111110111
101
1110111001111001111011111111010111111010111011111111011110101101111011
90
1110111110010101111001101111110011110111010110011011111010111111110010
113
11010001111011110011111110111100101111111001110001010101101010111011
160
1111111111000111111011110101011111110110110111001100010111100010111011
169
1100101110111011110001101111111110101111010101101101011111101110110111
16
1100111111011101111110001011111111011111011111111011110111100000011011
4
1101111101111111111110000110111011101001111100010011111101000111111111
115
1111011101101110110111111001010011111110100011100111110111111110111010
93
101010110111111011111110111000111110011110111011111111111111000111010
102
1101001110001100011001101101111011110101010100110111000000111010100111
175
1111101111101011111011101110011011010110110011111111111111111111001101
93
10101111111111110100000011000011101111110101011111011111111111111111
165
11011011010111110111000100101011100111011110110111100011011000110111
153
1101011111111111111001111101110011011110110000010100001010111101001
10
1100101110101010111000101100000010001111101111001110011011111100100111
86
111011101101101111111101110110110111111100111011111111000110100011110
41
111110111000101101101011001100000111111111111111110101011011100110111
29
1110101111101011011111111110111110101100111101101111100110111101000111
18
100100101110111101011101111001101111101011011011111111111110101001110
9
1011011111101111010001011110111010101111011101101100111011011111001111
197
1101101001010011111110000011100101111001011111111010000111111110110100
158
101011010011111111011011100111110111010110111010101111111011111111111
48
1110001101111001111110101011000010111111110111011101100111101011111111
16
1111011110110011011101111110111111111110110011100110101100011011110110
141
1100111110011001100000100111011110101110110101101101101010111111001001
75
1110111001111111011101100011111001011010110111111111101111111111011110
63
110011111111111101110101111111101111111111011101111010011010101111101
9
1100100110011111101011100110110101111011000111111111011101111100111111
148
1011101111101100111111011001110100111101110001111110101111110111110011
135
111110110100111111111001010011001101010110011010100111111011101011101
193
111111111110000111111111001111111101111110111000111101101110111111101
113
110110111011111010101110101101011010111101011001110111011111111111010
50
111101110111111011111111101101111111000101111110111011100101101110110
176
1111111111110110100101111011010101100101111101101111110110110110100111
34
1111110110000110111101111110010011011000011101100011101100111101111101
29
1000111010001011101111111111111100111111110101011110101000011111110101
62
1011001000111011011011011111011111111101010011011111110111101111111111
147
1011000111111001100110111110111101001111100110100111110100111110111111
47
1110011110111111110011000100110010011011111111111111011011101001110011
130
100001111110100010011111111011011100110110111011100011101110011101001
144
1111110111111101111010001011111110101110000001101101111011111111101111
196
11111110110111111111111101001111111111110101110010111011111111111111
103
1111100111001110110001111011001111011100011110111011110011000010110101
91
1011111100111011110001110111001110101101111110011111101011110111110111
128
1010110100011011111111101011111011010011111110111111101101110101110011
107
1011101001111110011110011111001011001111011011101101111001110001111111
26
101111011111100010111111100100110111111101011111101111111111101111111
29
1111111111110011111111100111011100010100011011011101111111111001110011
104
1110111111101110111100111111000111001010101110110001010101011110110111
155
1101111111101110110001110111110111111111110001111010101111111111111111
5
11101111001110011111001111101110011101111111110111111100111110011111
33
1111101011110111011010111111110101110111111111001110011000101111100111
22
101111001111101011111100111111110101111000011111011110111101110011011
107
1000011000101111111111111111111111011110100000111111111011011100011001
192
1111101001101111100101111101011110101111111111011110111110010001111010
44
1110111100010111101011101011010011011101101111110011111001111111110110
187
1101100110101001011101011101111110001110010100101100011101111111011111
79
1011001101101001111111101101011011100001111100111001001001101001110101
36
1010101110111110111111111011100111111101111111111110011111000000011111
124
11011001011011111110111011110101100111010111110101101110111111111111
195
1011101111011001111111011111001111011001111110010101110101101001101111
76
111011111111101110101111111011111100110110011110011011011101011101111
37
111111001111110101111110110101111100111011111110011111111101011101111
147
1111111110110111101111111101011011101111101111111111000101000111111011
123
110100111010111111111101111100111010111101111111100011010111000100100
53
1101110111011101011110110111001011010111111111100011011111100111111011
163
1111111001110111111000111000111110110110101111101101011111111011010110
123
1111111100110001111010010110101111111101010111011111101111010101100111
105
111101111001111111101111111011011111011111111101011111000110111110111
168
110111010101111111111001111001011111110111001100111101111110110011001
141
1111111110000110010111111110111110011010111111011111111111011100111000
65
10111110111111110111010001111110011101011101001011111110110111011100
40
111111101111011111101111111110110110011101111111101010010110111110011
159
1101111111101001110010110001110111111100100011111111110111100101101111
198
1011111111111111110101110111111111001011000011101111101010100011111100
25
111011110010111010101101111110111101010111111011001111111111101101000
126
1110110101110011111100110101111100101011101101111011110101101101011100
12
1101001011101101011101011111110110110111111110100111110111111101100
99
1111111111011001111001111111111111011110111101110111111111110111101111
51
111110111110110111010101100000101101011101111010011001011110101111110
4
1100111011010001111111110101000101111111111100111101011011111101101011
142
1010111010111110111011010010011111111110011111110111111011001111101111
168
1111111010111111101011010011111111111111111101011001101111000101000110
161
101111111011001011111110111110110110111111101111011001001111010110111
117
100011111010111011100111111111110011111111101011111110111111110111001
147
110110111111111111111100000101100111001111111111110110101111111111111
196
101111101111101111111101000011110010110101011011111111110001111111110
160
111110011111111011111011001001111111011011011011011101111001011011101
99
1101111111010101110111101000111110111111110111001111110111111111110110
15
111111100111101101011101100111111111110011111011101110111111111110100
73
1111010110111011101110111110111111111111111111011010111011111110001111
82
1110011011110111101111101011000110111111001100111011110100010111011011
136
101011110010110001111101111101011111110001110111111011010010111111011
166
1111101011101111110110110111111111111111011101111111101011111111110011
194
1111000011110101010101111111100010101011100111111111101001011001110111
22
1100011110011110111010011011101100011111100000101101011011111111111011
188
1011110101110011011111110111011111010111111100111010111111001011111111
122
1111111111111111110111001110110111110111111110010110111100111110000111
56
111101111010011101011100101111111101010110101111101011100111010110111
177
101101111111011110011111111011110111100011111011101000101110111111011
35
1000101011100011110011110101011100111101111010111111111111101010001110
147
1011100110111010111111111111010001011111111101001110011001110111011101
172
1111100011101101111011011110101110111011110100001011011111111110101111
78
1110111110011111110110111111011101110111000111011000111101000101001100
12
1100100101110101110111010100010011111011100011101101011000010111101111
33
1010000000111010011111110110010100110111110111011001011111001110011110
76
1111101110011101111101100001010111111001100101111101011111111110111101
102
1100111011111101100100111101111011111011111111111111110110001011011001
189
1100010111001010110111111101110000011011100011011111110110111111100111
44
1110100010111111111111011001011111101101101111111111011011101111111111
188
101111111100010001101100110111001111001011001010111010110111101100110
186
1111011100011101110110101111110110101100111111111111001011111100000111
168
1011111100101111111111110111111101111111110111111111001111001000111
87
101110010101110101011110000011111010110111111110010110011100010111111
70
1110100010111101111111110111111111100101101011111101010010111111111100
9
1111010111010110101111111011111111101111101111110111110100000110110111
168
1101111010101101001011111111011011111011101100101100000101111101101110
106
101111001111010110110011100101100101111011010111111111110111111010001
89
