70 200
110010100000111000111110011011110001010101011111011010001011000011101
180
1001110010000110100010010101001001001010100100111011000011010100110011
24
1111111010010100100001110111001011110101110010111011111110111110111110
20
1100111011111110001001110110111110011001010100011110100100101011100111
87
1111110101000111101100111101101111101001111010010001111010111001001111
3
110011111101101111100001111011111011010111111110111000111001110100101
200
1011011010001111010111001011101000010001111100111001101111001111111011
129
1001011000101011111101010010010101110000110011011110110111100101001110
31
100110011101001010111010111110011001010101110111111011000110011110000
127
1101101110010110010101100111011101011101001000010110001100001001101001
103
1011111110110111001010001111101001101110101000101101110001011111101101
127
1011101110010101111011001011111100110100001111000101110111000011101111
135
1111010010101111100011101111111011001000110000110011111100111011101111
22
10101111101001111101011101101100111110000001100001110010111011111011
94
1101101010010011101010011110011111011001110111110010010111011000111010
192
1101001011010111110011001110100011010000000100010110111101100000010000
107
110010001010111011110011100101001110101111111111000101010101010111111
158
11101011000101110010101101101000100011110111011100111110101001001011
123
111101111110111110111111111011111111000111111011110100101110101111111
70
101110100011111011011101010000101110101010110101111001101110000000010
3
101100101111001011100001110111110110101010100101111011000011000101001
54
101101010011001111101010010011101110001111001111001000010100111111010
177
100011111110010111111110110111101001000001010101011110101010101001100
110
11000110011111110101010011011011001111110111011001001000111111000101
35
10010111010111011110001001100111110010101011101001010011110000011110
24
1011100101010111111001001010110111110011001000101100011010100101101000
10
111101011101100101111000101011110110111010110101111101110111100100111
9
1111000010110000000000001011100001101100001011011011001101101101111011
155
111110100111010101100001110011110011111111011110110111110011010011001
128
1011110001110101011101111101111111100001111010101011101010101001001111
62
101110110101000011111110011111111111101011111101111111111101011011100
78
111110110111101011111001111101010110111111011110110101111110001110011
104
11100111011010111011111011111111101101000000000001111110111111011111
90
111111010010010111111010001110001111110011111111111101010101010101
124
11000000110011111111001010101010001101101111011010111100100001000101
130
1101001010110101011011101110000101000010010011111100000100011111101
158
1011101011100010001010011010101010111100110001011011010111011101111100
85
1111110101101000111011111001001110110111011101011100101100111100011110
178
110111000001111111101000110110000110111101111111001001111111000111000
72
1100110111111100111010001000001100001001010111111101111101010010101110
79
1011011101000101011101111011111000000011001001011000111000110101000100
119
1101100111100010011101101101001011110111001110111101000100001110010111
58
1011000111010100000010110011110100110111000101111101001001111101111
68
1101111101101111000111101111110110111001010100010010011111011011001110
151
1011110111111111001111110001010000111111001111010111011001110111111101
30
11100001011111010101000111000000011101011001011111110101010100111111
140
1110110010010101001000011110100110001111101101111000110101011110100
16
111111011000111111111000100010111110110111110100101010110001111010110
132
1101111100011100001100110000010100110101000000110011011000011110111101
198
111110011010111010101111110000100111001110011001111000111101111011010
109
100101010100111101011110010011000011111111001100110100100001111110110
104
1101111111101011111101111001000010100001110000110010010001110110001101
65
1011011010101111111010110011110010010111101101110110000110001100011110
110
1010101111101111111100011110111111110011001111010010011101111101011100
151
1111110100111110101010111110110101000101011000100101100111100101011001
39
1001101100100000111010100011110101110111101001011111010110111011010001
164
11100001111001100011011000011101111011001001110110111100101111111100
66
1000001111101011110110100111101011001110111101011111111101101011110110
156
1000100111110011111111111011111011000100111011100111001010001111110010
155
11111011010001011100100111101000110010011000000110111011010011111101
55
1101111010011100110100111010111110101000100100011010111010101011110101
123
1011011111001110011111111111001111011110100101111010100101101101111000
99
111001110111111011010011000111111101110111101011001011101111000011011
189
1100111011110110010110000101011111001001110111001000111011111111100100
149
1010111111101110110011110000011111111001010010100101010110010001101111
141
110100110110011101100001011001111001000001111110111110110110010111101
109
1111100110001111100101111110101011101100100011110100011011000101101101
190
10110101001100010001000111110110111101011111011101111111000111100110
139
1101111111111000100000010011111110111001101111011100001001001111
164
11110011110100111011111011101111111001011000111110011010110110100000
7
1100110011001101101111010111111101110001111111110001111111011111011101
54
1111101100001111111011111110111111010111110000000101111111101101100100
51
1011011100101111101000101111101011000001011001110111111100011100010
133
11111111011100100111101001100011010001100111111011011110110001001101
122
1110100001111011110010100011101011100110001111010101001100001101100110
181
100010010111110111110110011011101001111101011111110101110101110110110
109
1111100001000000100100100111110011100101101010100100100011111000111111
169
1100001101011010101010001000111101101001011100011110100001000111111111
32
10011101100110011111111011110000011111011101110111111101100000010011
33
1111111111011111011111010011100010110001101101111011011011111111111101
186
1101000111000001110101011101011110110011101111111001000111111111010001
161
11001011000110110000101010100101011111111101110001011010111111010111
101
1010111001100001111011011011010101111010111001101111001110101001011011
90
1110111110010101101001100011110001110111010100011001111010111111110010
113
11010000111010100011111010011100100111011001110001010101100010111011
160
111111011000111011011110101011111110010110111000100010011100010111011
169
1100000010101011110001001110111110101111010101101100011111101100010011
16
1000111111011001111100001011111110001011010111111001110101100000001010
4
1101111101011101111100000110111011001001111100010001011101000010111110
115
1111011101101100100110011001010011110110100011100111110110101100111010
93
1010110110111011110110111000111110011110111010111111111010000111010
102
1101001110001100011001101101111010110101010100010111000000111000100111
175
1111001111100001110001101100001001010110010011101110111010111111001100
93
10101001111111110100000010000011101011110101011101011111111111111101
165
11011010010111110111000100101011100111011110110111100011011000110011
153
1001011101111111101000110101110010011110110000010100001010111101001
10
1100101110101000111000101100000010001111101011001110011011101100100010
86
101011001101001111000101100110110000110100011011011011000010100010100
41
110110001000101000101010000100000111111111111111010100011011100110111
29
1110101110101011011111110110111110001100011101101111100110111101000111
18
100100101110111101011100111001001111001011011011111101111110101001010
9
1011011011101111010000010110111010101011011101101100111001011111001011
197
1001101000010011001110000011100000111001011101111010000111111000010100
158
101001010011111100001011100110110111010110111010101110111011111110111
48
110000101110001101110101001000010111111110111011101100110101011111011
16
1011011010110011010100111110110111011100100011100010101100001010110110
141
1100111110011001000000100101000110101110110101101101001010111110001001
75
1110111001111111011101100010110001011010010111111110101110110111011110
63
110011101111111101100101101111100111111111011101100010010000100011101
9
1000100110010011101011100010110101011011000111101111011101101100011111
148
1011101110101100111111010001110100111101010001111110101111110111110011
135
11000110100111111101000010011001101010110011010100111111011101011101
193
110111111110000111010111000111111101010110111000111101100110011111101
113
10110101011101010101110100100000010111101011001110101011111101111010
50
111101110111111001011111101101110110000101111110111011100101100100100
176
1111111111110100100101111011010101000101111101001110110110100110000011
34
1111010100000110110001111100010011011000011101000011101100110101111101
29
1000111010001011100111101111111100110111110101011110101000011011110101
62
1011001000111011011011011111011111111100010011011111110110101101111111
147
1011000110111001100100111100111101000111000110100111110100101110111011
47
1110001100111101000001000100100010011011111111101111011011101001110011
130
100001111110100010011111101011011100110110111001100010001010010101001
144
1111110110011100111010001011111010101110000001101101101011111111100011
196
11110010110110111111111101000111011111110101110010110011111111111111
103
1110100011000010110001101011001011011100011010111011110011000000110101
91
1011111100111011110001010111001110101100111110011111101001110111110111
128
1010110100001011111110101010111001010011111110111101101101110101110001
107
1010101001111100010110011111001011001101011010101101011001110001111111
26
101101010111100010111110100100110111111001011011001010111100101010111
29
1111111111110010110010100111011100010100011011011001111111111001110011
104
1110111111100110111100111111000111001010101110110000010101011100110110
155
101101111101110110001010101110111010011110001100010100111111111111111
5
11001111001110010101001111101110011101110101110111111100011110001111
33
111100011110111011010011101110101000010110011001110011000100111100011
22
101111001111101011111100011111000100101000011011011110111101110011011
107
11000001011111110111011111111011000100000110111101011011100011001
192
1011101001101001100101111001011110001111111111011110111110010001101010
44
1110111100010011101011101011010011011101101010110011101001111111110110
187
1101000110101001011001011101111110001100010100101100011100111111011111
79
1011001101101000111111001001011011100001111100111001001001101001100101
36
1010101110110110110111110010100111011001111111110100011111000000011101
124
1010001011011111110111011110101100111010111110101101110011111111101
195
10100111011001111111010101001110011001111000010101110101101001100011
76
111001111011000110001011111010110100110110011100011011000101011101111
37
111101001111010101111110110101111100101011111100010110101101010101111
147
1111111010110111101111111101011011101111101011111111000000000111111010
123
110100111010111111110100111100111010111101111110100011000111000100100
53
1101110101011100010110110110001010010001111111100011011110000111111011
163
1101111001000011111000111000101110110100101111101101011111111010010110
123
1111111100110001111010010110101111111101010011001111001111010101000010
105
111101101001111101101101111011011110011111110101011111000110110110110
168
110110010101111111111001011001001111110011001100110101101110110010000
141
1111111100000110010101111110111110011000111110010111111110011100110000
65
10011110111111110111010000111100011101011101001001011010100101011100
40
110111101111011101101110111010110110011101111011101010010110111110011
159
1100111111101001110010010001110111111000000001011100110010100101101111
198
1011111111110011110101110111101111001001000011001011001010000010101000
25
111011110000110010100101111110111101010111101011001111111101101101000
126
110110101110011111100110101111100101011001101111001110101101101001000
12
1101001010101101011101011111110110110111011110100111110111111100100
99
1101110111011001111000111111111011001010110101110111111111100110001111
51
111100111110010001010101100000101101011101111010011001011110101011000
4
111011010000001111110101000001111011101100111001011011111101101011
142
1010111010100000111011010010011111111110011111100010111011001001001111
168
1111111010111100101011010011111111111111111101011001101111000101000110
161
101111111011001011111110111110010100010111101010011001001111010110111
117
100000011010111011100111111111110011101110101011111010111111110101001
147
110110111111111111110000000001100111001011111100110000101111111111111
196
101111101111101110111101000011110010010101011011011111110001111111100
160
101110011111111011111010001001110111011011001011011001111001011001101
99
1101110111010101110011101000111100011111110111001111110110111101010110
15
111101100111101001011101100111111110110011010010100110111111111100100
73
1111010110001011100010111100101111111011111111011010111011111110001111
82
1100011011100111100110101011000110111011001100101011110100010101011010
136
101011010010110001011101111100000110110001110101101010010010110111011
166
1111101011100111110110110111111111101111011101111111101011110111110011
194
1111000010010101010101111100100010101011100101111111101001010001110111
22
1100011100010000001010010011100100011111100000101100011011111111111011
188
1000110101110001011111110100011111010111111100011010101110000011011110
122
1111101111110111110101000010110111110111110100010110111100111110000111
56
101101110010010101011100100011101101010110100001001011100111010110111
177
1001111110011110001011110011010111100011101011101000100110111111011
35
1000100011100001110011110100011100110101111010111110111111100010000000
147
10100110010000111111111101010001011011111001001110011001110111001101
172
1111100001100100101000011110101110110011110100001011001101111110101111
78
1010111110011011110110111011011100110110000111011000111000000100001100
12
1100100100110101110100010100010011111011100001101101011000010111101111
33
1010000000111000010111110110010100110100110111010001001111001110011110
76
1111101100011001101100100001010111110001100101011101011111110110111001
102
1100111011111101100100111101111011111010111011111111110110001010011001
189
1100010101001010000111111100100000011011100011011111110110011011100111
44
1110100010111111111111011001011011101101001000110111001010001111011111
188
101111111100010001101100110111001111000000001010111010110110101000110
186
1110011100010101110110101101110110001000110111111111001011110100000111
168
1011111100101111111111110111111101111011110111011011001011001000011
87
1010010101110100011110000011111010110111011110010110011100010111011
70
1110100000111101111111110011111011100101101011101101010010111111011100
9
1110010111010110100101111011101011101111100111110101110100000110110111
168
1001101010101101001011111110011011111011101100101100000101011101101110
106
1111001111010110110011100001100001010011010111111111000011111010001
89
