70 200
10010100000111000011110011011010001010101011101011010001011000011101
180
1001110000000100000010000101001001001000000100111011000011010000110010
24
1111111000010100100001110111001011110001110000111011111010111110111110
20
100011011111110000001110010011110001001010100011010100100101011100111
87
1101100101000111101100111101101111101001011010010001011010101001001110
3
110001111101101111100001011001011010010111011110110000111000110000001
200
11011010001111010011001011001000010001111100111000101111001101111010
129
1001001000101011111101010000010101110000110010011110100111100001000110
31
100011000001000111010111110011000010101110111111011000110011110000
127
1101101010010110010101100101011101011101000000010010001100001001101001
103
11111110100111001010001111100001101100101000100101110000011101101101
127
1011101110010101111011000011111100010100001111000101110110000011101111
135
111010010101101000011101111111011001000010000010011111000111011101111
22
10100001101000100100011101001000011110000001100000010010111011011011
94
1101101000010011100010011110011111011001110111110000010000011000111010
192
1001000001010111110001001110100011010000000100000110111100100000010000
107
110010001010111011110011000101001110101111111111000100010101010101111
158
1100011000101010000101101101000100011110111011100110110001001001011
123
101001101100111010110111101011110011000101111011100100101110101111110
70
101110100011100011011101010000001010101010110101111001101110000000010
3
101000101011001001000001100011100110100010000101111011000001000101001
54
101101010011001101101010010011101110001111001111001000010000100111010
177
100011111110010011110010110110101001000000010101011110101010101001100
110
11000110011110110100010011011011000111100111011001001000111111000101
35
10010111010101001100001001100111100010101011101001010011110000011110
24
10000001010110011000001010010000110011001000001100010010100100101000
10
111000001101100101111000101001100110100010110101111101110111100100111
9
1111000010110000000000001010000001101000001011011000001101101101111011
155
110110100111010101100001100011100011110111010010110110110010010010001
128
1011110001110101010001111101111111100001110010101011101010100000000111
62
101110100101000000011110011111111111101010111101101111111101011000100
78
11110110110000000111001101100010110110011011110110101111010000000000
104
1100011010010111010110011111111101001000000000001111110011111011101
90
111111010010000101011010000110001111110011101011011100010001000101
124
11000000110011011101001010101010001000101110011010001000100001000100
130
1100001010100001011011101010000101000010010011111000000100010111101
158
1001101011100000000000000010101010111000110001010001010111011101010100
85
1110110000101000111011111000001010110101011100011100001100011100000010
178
110111000001111111100000000110000100111101111111001001011011000111000
72
1100110111011000111000001000001100001001010111101101110100010010000110
79
1011011000000101011101101011111000000001001001011000011000110101000100
119
1100000111100010011101101101000011110111001110111100000100000110010111
58
1011000111010100000000110011100100110111000101111101001001111001011
68
1001111100100100000110101111010110111001010100010010011111001011001010
151
1001110111110111001111110001010000111110001111010111001001110111111101
30
11100001001101010101000111000000010101011001001111110101010100111111
140
1100110010000101000000001110100110001111101101111000110101011110100
16
110110010000111111111000100000111110010111110100101010100001101000110
132
1101111100001100000100110000010100110001000000110011011000010110111101
198
111110001010111000100011110000000111000010001001111000111101111011010
109
100100010000101101010110010011000011111111001100100000100001110110100
104
1101111111101011111101111001000010100001010000110010010001110100001101
65
10011010100110111010010011110010010111101101110010000010001100011010
110
1110001111110100011110100011110011001111010010011001111001011100
151
111110100111100001010111110110101000101011000100101100111000101001001
39
1001100100100000011010100011110101110101101000010110010110101011010001
164
11000001111001100011011000011101110011001001110110111100101111111100
66
1011101011110100100111100001001110111101011101111101101001110110
156
1000100111110011111111011011111011000100001011100111001010000011110010
155
11111011010001010000100011100000100010011000000110010011010011111101
55
1001111010011000110100111010110110101000100000011010111000101011110101
123
1010011111001100011111001111001100011100100100011010100101001101111000
99
111001110111111010000011000111101101110111001011001010101111000011011
189
1100111011100100000110000000001111001001010110001000011011001111100100
149
1000111001101110110011110000011011111000010010100101000110010001101111
141
110100110100011101100001011001111001000001110110111110110110010110101
109
1111100110001111100101111100101001101100100011100000011011000101101100
190
10010101001100010001000111110000111100011111010101110011000111100110
139
1101111111111000000000010011101100110001001101011100001001001110
164
11110011110000101011010011101111111001010000111010011010110110100000
7
1000110011001101101111010111111001110001111111110001111110011111011100
54
1111001100001011111011101110111101010111100000000001110111100101100100
51
1011011100101111101000101101101011000000011001110110001000011000010
133
10011011011100000111101001000010010001100111011011001110110001001101
122
1110100001011011010010100011001011100100001011010100001100001101100000
181
10010110110110110100011010101001011101011101100001110001110110100
109
1110100001000000100100000101110011100101101010100100000011110000101011
169
1000001101010010101010000000111101101001011000011110100001000110011111
32
10011000100110011111111011110000011110011101110110111001100000000001
33
1111111011001111011110010011100010100001001101111011011011111111100101
186
1001000011000001110101011101011110100011001111111000000101010111000001
161
11001010000110110000001010100101011001011101110001011000011101010101
101
1000111001100001001011001000000101110010111001101100000110101001011011
90
1110101110000101101001100011110001110111010100000001100010101111110000
113
11010000111010100011111010010100100011011001100001010101100010111011
160
101111011000110000011110101011011110000110111000000010001100010111010
169
1100000010101011100001000110111110100111010101101000011111101100010011
16
1000101111010001100100001001111110000011010111111001000101000000001010
4
1101111101011101111100000110101011001001011100010001011101000010110100
115
1110011100001100100110011001000011110110100000000111010110100000111010
93
1010100110001011100110011000111100010110111010111111111010000111010
102
1101001100001100011001101101110010110000000100010111000000111000100111
175
10001101100001100001100100001001010010010000101110111000111111001000
93
10101001111111100100000010000011101011110101011001011011111011111101
165
1011010010111010011000100100011100111011010110110100011011000100011
153
1000011101101111101000110101100010011110110000010100000010111101001
10
1100101110101000011000101100000010001111100011001100001011101100100010
86
101011001101001111000101100110110000110100010011011011000010100010100
41
110110000000101000101010000100000011111111010111010100011011000110111
29
110101110100011001101010100011100001100011101001111100100111101000011
18
100100001110111101011100101001000011001011011011111101111010101001010
9
1010011011101111010000010110011010100011010101101100011001010111001011
197
1001101000000011001110000011100000010001011101011010000110111000010100
158
101001010011100100001011100010110011010110011000101110111011101110111
48
100000001010001100110101001000010111110110111010101100110101010111011
16
1011011010110011010100100110100110011100100011100010101100001010110100
141
1100111110011001000000100001000110101110110001101100001010110110001001
75
10111001001111011101100010010001011010010111111100101010110111011110
63
110011001111111101100001101110100111011100011101100010010000100011101
9
1000100100010011101011000010110000011010000010101110011101100100010111
148
1011101110101100101011010001110100111101010001111010001111100011110011
135
11000100100110111100000000001001101000110011010000011101011101011101
193
111001110000100010110000111111101010110111000111101100110001011001
113
10110101011100010101100100000000010011101011001110001011111101011010
50
111100100001000001011111101101110110000101111110111011100001100100000
176
1111111111000100100101111011010101000101111101000010110110100110000011
34
1110010100000110000001111100000011011000000101000011101100010101110101
29
1000010010001011100111100111110100100111100101011010001000011001100101
62
11001000101011001011011111010111111100010011010011100110100101111111
147
1011000110111001100100110100111101000111000110100111110100101100111000
47
1100001100111001000001000100100010001010111111101111011011001000110011
130
100001111110100010011010101011011100110010111001100010000010010101001
144
111110110011100111010001011111010101110000001101100101010110101100011
196
10010010110100011010111101000111011111110100100010010001111111100111
103
1110100011000010110001001011001011011100011010111011110011000000100001
91
1011111100111010110001010111001110001100110110011111101001110101110111
128
1010000100000011101110001010011001010011111100111101101100110101010000
107
1010101001111100000110011111001011001001010010001101011000110001111111
26
101101010101100000111000100100100110101000000011001000011100101010110
29
1111111111100010110010100111011100010100011011010000111111110001110011
104
1110111111100100111100111011000011001010101110110000010101011100110110
155
101101011001110110001010101110111000011110000000010100111100101111100
5
11001111000110010101000010100100011101100100010111110000011110001111
33
110100011110111010000011001110101000000110011001100011000000111100000
22
101111001111001011111100000011000100101000001011011110111101110001010
107
11000001011110110110011010111010000100000100111101010010100010000
192
1001001001001100000111001011110001110110110011010101110000001100010
44
1110111100010011101011100011010010011101101010110001101001111101110100
187
101000110100001011001011100110110000100000000101100011100111111011101
79
1011001101101000111010001001011011100000011100100001001000101001100001
36
1010101110110000110111100010100011011001111111100100010011000000001101
124
1010001011011111110101011110101100111010011110001001110010011111101
195
10100011011001111111010101001110011001111000010101010101101001100011
76
11001011011000010001011111010110100110110001100011011000101010101111
37
110100001011010101111110110101111100101011111000010010101101010001111
147
111111010110111101111110101001011101111101011101111000000000111011010
123
110100111010010111000100101000111000101101011110100011000111000100100
53
1101100101001100010110010010000010010000110111100011011010000111010011
163
1101110001000001101000111000101110100000101111000001011111110010000110
123
1111101000010001011010010110101111001101010011001101001111010101000000
105
111100000001111000101101111011001110011011110100011110000110110110100
168
10110010001111111010001001001001101010011001100110100101110110010000
141
111111100000110010001111110111100000000111110010111011010001000110000
65
10011100111111110111010000111100010001011101001001001010100101011000
40
110111101010011001101110111010010110010100111011100010010110111010011
159
1100111111001001110000010001100111111000000001011100010010100101000101
198
1001111111110011110100110011101011001001000010001011001010000000101000
25
111001110000110000100001111010111100010010100010001111111101101100000
126
100110100100010111100100101011100001011001101011001110101101100001000
12
1100001000101101011101011101010110110111001110100011110111101000100
99
1101110110001001101000110111111011001010010101110011100101100110001101
51
111100011110010001010100100000100101011101111010011001011110101001000
4
111011010000001101110101000000111011101100111001011001111101101011
142
1010111010100000111010010010011111110110011101100010110011001000000110
168
1111111000010000001011010011101110111100111001011001100011000101000110
161
101011011011001011111000111110010100010101101010010000000111000100110
117
100000011010111011100001111101110011101100101011111010111110110101001
147
10110111110110111110000000001100101000011010100110000101011101011111
196
101101101110101110111101000011110010010101011011001011110000111111100
160
110011111111001111000001001110111010011001011010001111001011001001
99
1101110111010100010001101000111100011111100111001011100010101101010110
15
111101100001101001010101000110111100110010010010000110111110111000100
73
1101010110000001100010110100001110111001111111011010001001011110001111
82
1000011011100111100010101011000010111001000100101011100100010100011010
136
101010010010110001001101011100000110010000110100101010010010110101001
166
1111101011100111110110110111101101101111011100111111101011110111110011
194
1111000000010101010101101100100010101011100101111111101001010001000110
22
1000011100010000001010010011100100011011100000101100011010111111111011
188
100101000001011011010100011110010110100100011010101110000011011110
122
1111101001010101110101000010100111110111110000010110111100111110000011
56
101100110010010001010100100011101101010000000001001011100111010110011
177
1001110010001110001011110011010110000011000011101000100110111001011
35
1000100011100000110011110100010000000101111010110100110011100010000000
147
100110000000111111111101000001010011101001001100001001110111001101
172
1110100001000100101000011100101110110010110100001011001101111100101111
78
1010110110011011000110101010011100010110000101011000110000000100001100
12
1100100100110101110100010100010011110011100001101101011000010111101111
33
1010000000111000000010110110010100110100010111010001001101001000011110
76
1011001100010001100100100001010110110001100101001100001101110110111001
102
1100111011110100100100111101111011111010111011101111010110001010001000
189
1100000101000000000111101100100000011011100001011111100110011011100111
44
1010100010111111110111000001011011101101001000110110001010001011011011
188
101110101100010001001100110111001110000000001010111000110010101000100
186
1110011100010100100110101101010000001000100101011101000011110100000111
168
1010101100101101110111100011111001110011110111011011001011001000010
87
1000010001110000001110000011101010110101011110000100011100010111011
70
1110100000101101111111110010111010100101001011101101010010111011001100
9
110010100010110100101111011001010101111000111110100010100000110100111
168
1001101010101101000001011110011011101011101100101100000101011101000110
106
1101001110010100100011100001100001000010010110111101000011111010001
89
