70 300
111111101010111010111110111111110111011111011111011110111111111111101
180
1001110110000111111010011111001011001110101100111011100011111110110111
24
1111111110110110101011111111101011111111111111111011111110111111111110
20
1100111011111110101011111110111111011101111101011111100110101011101111
87
1111111101011111111110111111101111111001111010011001111111111001101111
3
111111111101111111100001111011111111011111111110111100111101111111101
200
1011111011011111010111011111111101010111111101111001101111001111111011
129
1101111111111011111101010111110111111000110111011110110111100111111111
31
110111111101011010111010111111011111011101110111111011010110111111001
127
1101111111010110111111101111011111111111001110110110011110011001101111
103
1111111111111111011010101111111101101110111101101101110011011111101101
127
1011111111010111111111011111111101111110011111111111110111100111101111
135
1111011111101111101011111111111011101010110001110011111111111111111111
22
1111101111101001111111011101111101111110000011110101110011111111111111
94
1111111011111011111011011110011111011011110111110010111111011010111011
192
1111111111111111111111011110101011110010010100010110111111110000111010
107
1111011101111111111111011110101011111111111111111111111111101110111111
158
1011101011010101111011111111111000100111111111011110111111101011011011
123
111101111111111110111111111011111111100111111011111100101110101111111
70
101110111111111111011111010000101111111010110111111001101111010100011
3
1101110101111001111111101111111110110111010100101111111101111101111011
54
101111010111001111111011011111101110111111111111101011111111111111111
177
100011111111011111111110110111111111010101010111111110111011101111100
110
111100110111111110111010011111011011111111111111001001111111111110101
35
1010011111011111011110101001111111110111111011111111110011110011011110
24
1011110111010111111001101110110111110011001011101100011011110111111001
10
1111101111111100101111100101111111110111010110111111101111111100101111
9
1111001010111010010000101111101001111110101011011111011111101101111011
155
1111110111111010111110111110011110111111111011111110111111111111011111
128
1111110001111101011101111111111111100001111110101111111010101101011111
62
111110111111110111111111011111111111111011111111111111111101011111110
78
111110111111101011111011111111011111111111011111110101111110111111111
104
111101111011011111011111111111111111101100110000001111110111111011111
90
100111111111110011111111010101110111111111111111111111111110101010111
124
11001110110011111111111011101011101101111111111011111100110011110101
130
1011101111111111111011011101111110101001111111011111110110101111111101
158
1011101011101111001010111010111111111110111111111011111111111101111101
85
1111110101111001111011111001111110111111111111011100111111111110011111
178
1110111010111111111101111111111001111111101111111101111111111010111101
72
1110110111111100111111101100101100011101111111111111111101011010111111
79
1011011101011111011101111111111110011011001111011011111110110111010101
119
1101111111111110111101101101101011110111001110111101010110001111010111
58
1011011101111111110110011110111110110111111011111111111011101111111111
68
1101111101101111010111101111110111111011110111010111111111111011001110
151
1111111111111111001111110111011010111111101111111111111001111111111111
30
1011101011111111010101101111100011011101111001011111110111011100111111
140
1011110110110111111011011011111110111101111111111111000110101111110101
16
1111111111010111111111010111111111110110111110111111110110001111011111
132
1111111100011110111111110000011111110111101110111011111000111111111111
198
1111110011110111010111111110111101111111111011101111101111111111111110
109
1110111010110111111011111111011001111111111101100111101100111111110111
104
1101111111111111111111111111100010100111111001110011011001111111001101
65
1111111010101111111111110011111110010111111101110110010111001100111111
110
1110111111111111111100111110111111110111111111011110111111111101011110
151
1111111100111110111110111110111111111101111011110101100111110111011011
39
1101111100101001111111101111111101111111101101011111011110111011111111
164
11100101111111101011111001011101111111001011110111111111101111111111
66
1111101111111111111110101111101111111111111111011111111101101011110111
156
1101110111111011111111111011111011011110111011111111011111101111111111
155
111111011010101111101110111101101111110011000110110111011010011111111
55
1101111111011111110110111111111110101110110111011110111111111011111111
123
1111111111001111011111111111111111011111111111111011101101101101111000
99
1111101111111111111111111111111111101110111101111001011111111010011111
189
1100111111111111011110001101111111111011110111011100111011111111100110
149
1011111111101110110011111010011111111001011110110111011111110101101111
141
1111111110111111111111101111101111111000111111111111111110111111111111
109
1111110111011111111111111110101111111110110111111101111111100101101101
190
1110111111001110011011000111111111111101011111011111111111110111101111
139
110011111111111111100111010110011111110111001111111111100111011111111
164
111110111110111111111111111101111111101011100111111111110111111111001
7
1111111111111101101111011111111101111001111111111101111111011111111101
54
1111101111101111111011111111111111110111111001111111111111111111100101
51
1011111011111101111101011101111111011000111111101111111111101011101111
133
1111111111111101100111101011101111110101101111111011011110111101111111
122
1111101011111111110111111111111011111110001111111111101101011111110111
181
1111111010111111111111111111111101111111101011111111111111101111111111
109
1111111011000111111111100111110011101111111010101101111111111101111111
169
1100101111011010111110111101111101101001011111011111110011011111111111
32
110011101111110111111111111110100111111111111111111111111101110111111
33
1111111111011111111111011111100010110011111111111011011111111111111111
186
1101111111110001110111111111111110110011101111111001111111111111011011
161
111001011111110110100111111100111111111111101110111111011111111110111
101
1110111111111011111111111111010111111010111011111111011110111111111011
90
1111111110010111111101101111110011110111110110011011111110111111110111
113
1111010101111011110011111111111110101111111001110001010101111111111111
160
1111111111100111111011110101011111110110110111001101011111110110111011
169
1110101110111011110011111111111110111111111101101101011111101110110111
16
1110111111011111111111001011111111111111111111111011110111110000011011
4
1101111101111111111110010111111011111101111101110011111111000111111111
115
1111011111111110110111111111111011111110100011111111111111111110111010
93
101110111111111011111111111001111110011111111111111111111111111111011
102
1101001110001100011111101101111111110101010110110111000100111110110111
175
1111111111101011111111101110011011111110110011111111111111111111101101
93
110101111111111110100110111000011101111110111011111111111111111111111
165
1011111011010111111111011100111011100111011110110111110011011110111111
153
1001111111111111111111001111101110111011110110101011100101010111101001
10
1100111111101010111001111100010010001111111111011111011111111100100111
86
1111011101101111111111111111110111111111111111011111111000111110011110
41
111110111000101101101011001110001111111111111111111111011111100110111
29
1111101111101011011111111110111111101111111101111111100110111101011111
18
1100100101110111111011111111001101111101111011011111111111111101011110
9
1011011111101111110011111111111010101111011101101100111011011111011111
197
1111101001010111111111010011111101111001011111111011101111111110111101
158
111111111011111111011011100111110111010111111010101111111011111111111
48
1111111111111001111110101111000010111111110111111101100111101011111111
16
1111111110110011011101111110111111111110110011101110101110011111110110
141
1111111110011111100110100111011110101111111101111101101110111111001101
75
1110111101111111011101101011111101011010110111111111101111111111011110
63
110111111111111101110101111111111111111111111101111010111110111111111
9
1101111110011111101011100110110101111011000111111111011101111100111111
148
1011101111111111111111011001110110111101110111111110111111111111110011
135
111110110100111111111111010011011101010110011010110111111011111011101
193
111111111110010111111111111111111111111111111000111101111111111111101
113
110110111111111110101110111101011010111101011111110111011111111111011
50
1111111110111111011111111101111111111011111111111111011100101101110110
176
1111111111111110100101111011110101100111111101101111110111110110100111
34
1111110110100110111101111110010111011000011101110011101100111101111111
29
1000111010001111101111111111111100111111111111011110111010011111111111
62
1111101110111011011011011111111111111101111011011111110111111111111111
147
1111101111111001101110111110111101001111101110111111110110111111111111
47
1110011111111111111111101100110110011111111111111111011111111011111011
130
101001111110100010011111111111011110110111111011100011111110011111011
144
1111110111111111111111101011111111101111000001111101111011111111101111
196
1111111111111111111111111101001111111111110101111110111011111111111111
103
1111110111011110110011111111001111011110011110111111111011110011111111
91
1011111100111011110001110111111110101101111110011111101011110111111111
128
1011110100011011111111111111111111110011111110111111101111111111111011
107
1011111011111110111110111111101111001111011011111111111001110011111111
26
1101111111111101110111111101100110111111101011111111111111111101111111
29
1111111111110011111111100111011110010100011111011111111111111101110011
104
1111111111111110111110111111001111001010101110110011010101111111110111
155
1111111111101110111001111111110111111111110011111110111111111111111111
5
11101111111110111111001111101110011111111111110111111100111111011111
33
1111111011110111011010111111110111111111111111111110111000101111101111
22
101111001111111011111111111111110101111011111111111110111111110011111
107
1011111101111111111111111111111111111110101010111111111011011101011001
192
1111111101101111100111111111111110101111111111011111111110010101111010
44
1110111100010111101011111011011011011101101111111111111001111111110111
187
1101100110111001011111011111111111111111010101111111011101111111011111
79
1011101101101101111111111101011011100001111100111111001001111001110101
36
1110111110111110111111111011100111111101111111111110111111011011111111
124
11011001011011111110111011110111100111011111111101101111111111111111
195
1011101111011011111111011111111111011001111110011111111111101001101111
76
111111111111101110101111111111111111110110111110111011011101011111111
37
1111111001111111101111111110101111100111011111110111111111111111111111
147
1111111111110111101111111101011011111111111111111111000101000111111111
123
1110100111010111111111111111100111010111111111111111011110111000101110
53
1101110111011111111111110111011011110111111111100011011111100111111111
163
1111111001111111111100111000111110111110101111101101111111111011111110
123
1111111111111111111110010111111111111111010111011111101111111101111111
105
1111101111001111111101111111111111111011111111111111111000111111110111
168
1111111110101111111111001111011111111110111101100111111111110110011001
141
1111111111011110010111111110111110111010111111011111111111111100111111
65
11111110111111110111011001111110011101011111101011111110110111011100
40
111111101111111111101111111110111111111101111111111011010110111111111
159
1101111111111101110011110101111111111110100111111111110111100111111111
198
1011111111111111110111110111111111001111110011111111101110101111111100
25
111011110110111011111101111111111101111111111011111111111111101101010
126
1111110101110011111110110101111100111111101101111011110111101111111110
12
1101111011101101111101111111110111110111111110101111110111111101101
99
1111111111011001111101111111111111011110111111111111111111110111111111
51
1111110111110111111010101100000101101011101111110011001111110101111110
4
1101111111010111111111111101100101111111111100111101011111111101101011
142
1010111110111110111011010010011111111110011111110111111011101111101111
168
1111111110111111101111111111111111111111111101011101111111100111001110
161
101111111111001011111111111110111111111111101111111111001111010110111
117
1110011111011111111100111111111111011111111111111111110111111110111001
147
110110111111111111111100000101110111011111111111110111101111111111111
196
1111111101111101111111111010111110111110101111011111111110001111111110
160
1111110011111111011111011011001111111011011011011011111111111011011101
99
1101111111110111110111101101111110111111110111101111110111111111110110
15
111111100111101101011101100111111111111011111011111110111111111110110
73
1111111111111011101111111110111111111111111111011011111011111111101111
82
1110111011111111101111101011010111111111001110111111111100010111011011
136
101011110111110011111101111101111111110101110111111011010010111111111
166
1111101011111111111110111111111111111111011101111111111011111111110011
194
1111001011110101110101111111101110101011100111111111111001011001110111
22
1100111110011110111110011111101101011111101000111111011011111111111111
188
1011110111110111011111110111011111110111111110111110111111101011111111
122
1111111111111111110111101110111111110111111111110110111101111110110111
56
1111101111010111101011110101111111101011111101111101111100111011110111
177
101101111111111110111111111011111111110011111011101000101110111111011
35
1100111111111111110011110111111101111101111110111111111111101010111110
147
1011100110111011111111111111111011011111111111011111011111111111011111
172
1111100111101101111111011111101111111111110100001111011111111110111111
78
1111111111111111111111111111111111110111000111111111111101100101111100
12
1110100111110101110111011100010011111111101011101111011000010111101111
33
1111000011111011011111110110011100111111111111011001111111001110011110
76
1111111110111111111101110001010111111001100101111101011111111111111101
102
1110111011111101110111111111111011111011111111111111110111101011011101
189
1100010111101010111111111101110000011011100111011111110110111111101111
44
1110110010111111111111011001011111111101101111111111011011111111111111
188
101111111100011001101101110111101111001011011011111010110111101101110
186
1111011100111111111110111111110110101100111111111111111011111110000111
168
1001111111111111111111111110111111101111111110111111111101111011011111
87
111111110101110101111110001011111010110111111110010110011100011111111
70
1110110010111101111111111111111111111101101011111111011010111111111100
9
1111011111010110101111111011111111101111111111110111110100010110111111
168
1101111010111101101111111111011011111011111110101110010101111101111111
106
111111001111011110110011111101100101111011110111111111110111111010001
89
1011111111111111101111111111110111101101111111111111011011110111101100
120
1110111111101101101101011101111111111101110111111101111111101101010101
129
1111110011001010101100110011111011101110001011111111101110110001011011
135
1011111011111011110101111111011111011111111111111111101111101111001011
159
1101111011111111101011111111111101110111111110110111011111111111111111
190
1001111011110111111101111111111111111111100111101111111110111111111111
110
1110100110111011111111101101111111101011011111111111110111111110011011
122
101111011111111110101111111111111010101111111011111111101100101111011
93
1111110101111111011100100111111101111010111011111001110011111111101100
83
1001011111110110111000111001011011100111111111111111011111111111110100
190
1111111111111101110111011111111111111111111111111110110011111011111111
113
1111111101111101110111011111110110111111101001111011011111011100011001
138
1011011111111110011111111001001111110111111110101110110110110111011110
53
1111111101111111000100001111110111011110011111111101111111111111111111
163
1100011111110111011111111110101111111111111110111110111111111011110110
66
1011011100110101101110010011111111111100011110010111111111111110111101
175
1100111101011111111111111110111111010111100111111101111101111111011000
45
1011111111111111010011110101111011111110011111111011011101111011111101
182
111110011111101101111010111111101011111111110001110111101111111111110
165
110101111011101100010111011111111011101111011111111111111011111111010
5
1101111110110110011111111111011111111111111111011111011011010111111110
129
1111111001111101011111011111010001111011011101011111011101111101111110
112
1100111111111011111110101111111011011110111111101111111111110111111111
115
11111111111110111111010011111101111111111101110101011111011001111010
146
1110111110111111101110111110111111101110111101111111111111101111111111
86
1111111111011001110111110001111111001010011110011110010011111101110111
184
100111111111110110111111101111111111111001011111111101111110010101111
42
1110111101111111001011110110111010011111101111111110110011101011111101
58
111101010111111111111001111011111111010011001111111111111111101101110
62
1111101100111010111111110101111111111111011110111111111111111010110111
45
1111111111111110111100111101011110111101111101011101111111111110011111
71
1111100111111111111111110111011111111101111110111110111111111111111111
41
11001011101111111111111110111111111101101111111111111111101110011101
87
1111111110011010001101111101111110111111111111110111011101111111011101
6
1111110010101110101110111111111011111111111101111110111111111111111111
42
1101001111111111101111111111111100111111111111111111111100010111101100
103
1111111011111011011101111101011111111101111010111111111110111110111001
152
1101101110111010111111111111111101111011111011111111010111111101011111
147
1111111110111111111111101101111111111111111011101111111111111010101101
1
111111111011111111110101111011111111111001111111000111011010100011111
92
1011110011011111101111111111101011100110111101100101010111111111101111
48
1011111111011100101111011001111110111111110011111011001011111011111111
110
1111111111011101100111111111011101001111101111000111101110101111111111
38
101010101110110101111111011110101111011111111111100111011111111111100
180
1111110111110100111011101111111110001100110010100101111111101110110011
134
1110111111101111011111011011011111110010101101111111110100110011100111
124
1101011101111111111111111101110111111111011111110011110111110111111101
164
1011111111110101011110010110000111010111010011110110111111111110110111
106
1101011111001111111111111011111011111001111011111111111111010111110001
34
1110011011111001110111101101000111111111111111101111110111011111111101
30
1111111111111011110011111111111111111001111110111111111110111111111110
172
1111011110011101111101111110111010110111111110000110111111111011111010
107
1111100111111111111110111111111110100011111110111011111010101111110111
167
1000111111111111111110111110111101111101111111010111111110111111111111
158
1111101111011011011111111101111111011100011001111111111011111110111110
12
1110111111111111110110111110110011111101110110111111111101111111111101
121
1111111001100101111111111011111111101011101011111111111110111011111111
110
1111010111111101111011111101111111010101011111001101111011111111000011
17
1111111111101111111010011011011011111111111111110111101111111111111111
79
1111111111011111011111111011011001111111111111111101111111111111111111
52
1111101111110101111101110111111111110111100111111101010111110101010111
130
1111101111111111101001111101111111011111101111110111111110111110111011
192
1011011011111011111111110111111100011111111110101111111110111011111111
78
110111111111110110111011111101101111111110111111101111011011011111111
26
111011011100011101111010111111111111111111111111111101111101011110101
10
1110111111101111111001111111111111111110111111111110111111110110111011
16
1111111111011100011111111111111111111111001111111101111011111101101111
171
1011111111100111111000111111111110111111111110111111111011101111111101
94
1111101111111111110111111111011101111001111101111000101111110101111111
52
1111110011111111111111111111011110100110111100111101101100111010101111
70
111110111011110010110001111110111111111111011111101011100111110111111
107
1101111111111111111010111111111011111110001110111110100110111111110111
30
1110110010111111111011111111111110111110111110111011111111111111101101
172
1111101011111111111111101111111010110011111100111111111110111111101111
63
1101110011100111100111011110010111111011111111011111111111111111111111
14
1111110010101111101110111000100011110011100110111110111111111101010110
148
111111011011110001011101011111111101101111111101111111111101111111011
113
1111111001001100111010111111111110011111010011011111011111011111111111
128
1101011111111011111101101111110101111111101011101101111011111001111110
147
1111011111111111011111011111101111001111010111011111110110110111111111
106
1111111101011011101001110110111111110111110100011101110110111110001100
151
100011110111111111011111111101111110101110110111110111110111111101101
19
1111101111111111111111110111111101100111110111111011111110110101101101
11
111101110111110101111111011111111011110111111110111111111111111111111
168
1101000111101111111111111111011111011111101111110011011111111011111111
127
1111111101011111110110110111101011111111101111110111111011001111001101
85
1100111110010011000111111111111110111111111111101111001111111110011101
113
1011110001011111100111101111111100011100111110111010001011110011011010
66
1110111000011101110111111111101111100011001111111111111111101111111111
146
1010111111101110111101110111010111111010111111101001111100011111111111
137
1110111111111111111010101111010010100101111010010111110111110111111101
55
1111111101110111111011110111011111110110101111110011010000110101111101
174
1101111111111111111111111111100101111111110011111111110001111110101011
46
1111010011011111111110011110111111110111111111111111111111110111111111
148
1011101011101000101111111100111011111111110111111110101111111011111101
137
1000011111011111100111111111111100111111111110110111101101110111111111
60
1111111111110011010111111111101110001111111111111011100011111111111110
170
1111011111101111111111100111011110111101111100111111111110011111011001
172
1101110111111110111101010111111101111101111111111111010011011111111101
195
111100001111011101111011011011111111111100011011101110011111111111111
162
