70 300
100000000000000000010000000000010001011100000010001000000000000
180
10000000100000000000100000001000000000000010000000001010000000000
24
10001000010000000000100101000000000000100000000000000000000010100100
20
1000000000000000000100001000000000000000100000001010000000
87
1100000000000000000000001000101010000000000000000000000000100000000000
3
110000000100000000000000010000000000000000000000000000000000000
200
1000000000000000011001000001000000000001000000000100000000000000000
129
1000000010000000000000000000000000010000000000000
31
1000000000000010010000000000000000000000000011000010000000000
127
100000000010000000000001000000010000000000010000000000000000100000
103
1000000000000000000010000000000000000
127
1011000000010001100000000011100000000000000000000000000000000010101100
135
10000100100000001100100000000000000010000000010000000000010000010
22
1000000000001000000000000010000000000000000000000000001010
94
1000000000000000000010000000000000001000000000100000000000000000101000
192
100100001001000000000000000000000000000100100100000000000
107
1000000001000001000100000001000000000000000000000000010
158
10000000000000000000000000100000000000000000100100000000000000
123
1000000001010000000001000000001000000000001100000000000100000000
70
100000000000000000000000010000000000000000010000000001000000000000000
3
100000000010000000000001000010000000000000000000111001000000000100000
54
1000010000000000000010000010000000000010001000000000000000000000000
177
10000000000000000000000000000000000000001100100000100000000
110
110000000001000000000000000000000000000000110000000000
35
10000010100000000000000000100000000101000000000000001000000000100
24
1000000000010000010010001000000000000000100100000000
10
110000001000000000000000100001100100000000000100000000000000000000000
9
1000000000000000000000000000000000101000000000000000000000001000011000
155
10000000000010000000000000001000000000001000010010010010000000000001
128
1000000000000001010001110101100100000000100000000000100000000000000100
62
100000000101000000010010000001000000000010000100
78
100010000000000011000000000000000000000000000000000000010000000000
104
1100001000000000000100001000000000000000000000000000000000001000100
90
100010000000000000000000000000000100010000000001000000000000000000
124
100010000000100000000000001000000001000000
130
10000000001010000000000001000000000000010000000000000100000
158
1001000000000000000000000000000000000000000001000000010000000000000000
85
100000000000000000000000000000000001000000000000001000000000000010
178
110010000000100000000000000000000000000000101000001000000000000001000
72
100000000000000000000000000000000000010100001000000100000010000000
79
10000000100000000000000100000000000000000001000000000010100000100
119
100000000011000000000000000000000000100100100000000000000010010
58
10000100000000000000000000000001000100000001000000000000010
68
1001010000100001010000000010000000000010000000
151
10111000000000001000000010000000000000000000100000000000000000001
30
1000001000001010000000000000000000001000000000100010000010100001000
140
1000000000000000000000000000000000001001001000000000000100000010000
16
110000010000000101110000000000000000000100000100000000000000100000000
132
10000000000000000000000000000010000000000100000010000010010000000
198
10000000000000000000000001011000000100000001000
109
100010000100101000000000000000000010100000100000000000000000100100
104
1001000010000000100000001000000000000000000000100000000000010000001100
65
1000000000000000010000000000000011000001100000000000000000010000
110
1000000000010100000100000000000000000000000000010000000000010000
151
10000000000000010000000000000001000000000100010000000000000
39
1000000011000000010101000000000100000100100001000000
164
1000011001000000000000010001001000000100000000001010000
66
1001000000010000000000000000000110000000010000000100000000000000
156
100011000000010000000000000000000001000000000000000
155
11000000000000000000000000000000000000000000
55
10000000000000000010010100000100000010010000000100000100100
123
1000001000000100001110000000000100000100000000001000000000001100000000
99
1000110100100000000000000010100001000000000000000000000110000000000
189
100000000100000000000000000000000000000000000000000000000000000000000
149
1000000000000100010001000000000010010000000000000000000010000000000010
141
10000000000000100000000000000010000000000000000010000010000000000101
109
1000000000000000100000000000000000000000000000000010000000001000000
190
10000001000000010001000101000000001000000000000100100010000000100000
139
100000000000000000000000000000000000010000000000000100
164
1100000000000000001000001100000000000000010000000010000000000
7
10010000000000000000000000000100000000100000000000010010011000000
54
1000000000010000001000000001000000000100000000000100001000000000000
51
1000000100000000000000000000001000000000010001000010000000010000000
133
1000000000001000000000000000000000000001001000010010000000001
122
100000000000000000000100000001000000000000000000000000100000000000000
181
10000000000000100001000000000001000000100000000000001000100000
109
10000000000000000000000000000000001000
169
10000010000000010000000000000000000110000001000010011001
32
10000000000000000000001000000001000000000000000100001100000000000
33
1001110010001100000000000000100000000001000001000000000011100001000000
186
10001000000000000000000010000000000000000000000000011000000000010000
101
100000000000000000000000000100000000001000000000000000001000000000
90
1000000100000000000000000000000000000010000000000000100000000000010000
113
1000000000000100000010000000000000001010000100000000001000000010000
160
101000000100000000100000000001000000000010000000000000000010000000
169
100000000000000010000000000000000000000100100100000000
16
10000000000000000000100000010000000000000000000000000000000
4
10000100100000000001000000001010000000000000000000000000000
115
1000010000000100000000010001000000000000000000000100000000100000010000
93
100000001000000010000000100000000000000001000000000000111000
102
1000000000100000000000010000000000000100000000100000000000
175
10000000000001100000000100000000010000000000001010100000011010000000
93
100000000000000000001000001000100000000000000001000101000
165
10000000001000000100001100100000010000000000000001000100000
153
10000000000000000000010000000000000000000000000000000
10
1000000000000000000000000000000000000000000000000000001011100000000000
86
1000000000001101000000000000010000010000000001000000000000000000000
41
100000000000000100000000010000000101010000000010000100010
29
1100100010000000000000000000000100010000001000000000000000000000
18
100000000000000010000100000000000000010010010000000000000000000000
9
1001000000000000000010010010000000000100000000000000000100000000
197
100000000000000010000000000000000000000000000010000000011000010000
158
10000000000000010000000000000000100000000100000
48
1000001000000001001000010000000100110010000000000000000000000
16
10000010100000000000100000100000000100000010100000100000000000110000
141
101000000000000000000000000000000010000001000100001000000000000000
75
110000000101001000000000000001001010010001000100000000000000000000
63
100010001000000000100000000100000010000000001000000000000000000000000
9
1000100000000000000000000000000000001010000000000000000000000000000010
148
101100001000101000000000000000100001000000011000000000000000000000
135
11000000100100000000000000000001000000100000010000000000000000010000
193
1000010000000000000000010000000000100001000000001000000000000000
113
1001000000000000000000000000000101000000000000000010000001000
50
110000100000000001010000000100100100000000100010000000100000000000000
176
101001010000100000100100001000000010100100000000000
34
1000000000000000000000001000000000000000000000000010101000000000000000
29
10000000000110100000000000000000000000000000
62
10001000000000000000000011000011111000010000010000000000000101001000
147
100010000100000010000011001000001000100100100000100100000000000
47
1100000100001000000000000000000000000000000000000001000000000000000001
130
100000000000000000000000010100000000000000000010000000000000001
144
10001011010000000000000000000000001000000101000000
196
100000000000001000000000110000100000000000001000000000000
103
110000000000000000000000001001000000100001000000000000010000000100001
91
1000000000000000010000000010001100000000011010000000000100100100
128
10001000011001000000000000010001000100110000000000
107
100000000100000100000000000000000000001000000000000000110000
26
100000000001000000000000010001000000000000000001100000000000
29
100000000000000000000000000000000000000000000010000000010000001000011
104
10010100000000100000000000000010000010000100000000000000000000010010
155
101001000000000100000010101000000000010010000000010000000100000000000
5
11000000000000000000000000010000000000000000000000000000001000
33
100000000000000000000000000000000000000011000100001000000000000000
22
10000000000000000000000000000010000000001000000000000
107
10000000000010000000011000010000000000000100111000000000000000000
192
100000000110000000000000000000100010000000000000
44
110000000010001010000001000000000000000000100000001000000100000000
187
1000000000100000010000000000000000100010000001100000100
79
1000000000000010000001000000000000000000000000000000000000000000
36
100001000000000000000000001000000000000000000000000001
124
100001000000000000100010010000000000100000001001100
195
100000000000001011000000001100000000010000000001000000000000000000
76
11000000000000000101000000000000000000000000001000100000000001
37
10100001000000100001100010100001000000010010000000000000000010000101
147
110001010010001001001000000000000000010100000100000000000000100000000
123
100100000000000001000000000000000
53
100000000000000000000000000010000000010000000000000000000110000000
163
10001000000000000000000100100000000000000000000011100100000000100
123
1000010000001000000000001000000100000001000000000000000000000000
105
1000000000100000001100000000000000000010010000000000000000000000000
168
100000000000100000000000000000100010010000000000000001000100010000
141
1100000000000001011000001100000000001010000100010010000000100000
65
1000000000000000
40
100100000000011000000000000000000000000000100000000010000000011000000
159
10000000000000000010000000100100000000000000000000000100101000001
198
1010000000000000000000001000000000000000010001011001000000000000000
25
10000100000000000000000000000100000010000100010000000000000000000000
126
1000000000000000001001000000001000000000
12
1001000000101010000000000000010000000000110001000000
99
1000000010001000001000000100010010000000010101000010000100000100000001
51
100000001000010000010000100000000100010000100000000000011000000000000
4
10000010000000001100000000000000000000000001001010000000000100000
142
1000000000000000010000010010000100000010010000000000100001001000000100
168
1000010000000000000000000000000000000001010000000000000000000000
161
1000010000000010000000000010001000010000000000000000100000
117
100000010000001000000000000010010000000000000
147
11100000010000000000000000000000010000000000000000001000000000
196
1000001100100001000000110000010000011000001000000000000000000
160
100010001100000001001010010000000001000000000000000000000000
99
100000000000000100000000000000000000010000000100000000000000000
15
1001100000001000000100000000000100000000000000000000000010000000000
73
10000000000000000000000001000000000110100000010000000010010001010
82
1010000100000000001000000000100000000000001000000000000000000000
136
100000000000100001000001000000000000000000000000000000010000000000001
166
1011000110000010010010000100000000010100100000100000010000100000
194
1110000000010100000000001000000000000000000000010110000000000000000010
22
10000000000000010000000000001000000000000000000000
188
100000000000000010000000001100000010000000000000000000000001000000
122
1000000000000100000000000000000100000010010000000110100100100000000001
56
100000000000000000000100000000000000000000000000001001000100000100000
177
1000010001010000000011000000001000000000110000000
35
10000000000000000000000000000100000000000000000010000000000000
147
100000000000100101110000000000010000000000000000000001000000001000
172
1000000000000000000010000000001000001001000100000000
78
1000000000001000000000000000000000010000000000000000000000000000000000
12
10100100000000000000000100000000000000000000000010000000011
33
100100000000000000010001000000001101000000010000
76
1001000000000000100000000000000010000000001000000000100000100001000
102
100000000100000000101000100010001000000010000000000000001010000000
189
1000000000000110000000000011000010
44
100010000001000000000000000000000000000000000000000000000000000000
188
100000000000000000000000010000010000000001000100000100000100000000
186
10000100000000001000000000000000000000000000000000000000000
168
1000100000000000010001000001000100000011000010000000010
87
100000000000000000001000000000100010100000101000
70
100000000000101000000010000000010000000000010000000010010010000001100
9
10000000001000001000000100000000001010000000000000000000000
168
100000000000000000010010000000000000000000000000000000010000000000
106
10000000010100000100001000000000000010000000000101000001
89
10000000000000000000000000000000000010001010000000000000000000
120
1000000001000000000000000001100000000000000101001000000100000001000000
129
10000000000001000000100000000000000000000010000000000000
135
1000001000000000000000000000010000000000000000000000100000100000000
159
100000000000000000000000000000000000000000000011000000001
190
100000000000000001000000000000000000000101100000
110
100000000000000000000000000000000001000000010000
122
1000000000010000000000000001000000000000001010
93
10000000000000100100010000100000000000000000001000000000001000000
83
1000100000000000000100000000000100000000000000000000010000000000000
190
1000000010000000000000001000000000100000000000000100000010100001010000
113
10101000000100000000000000000000000000000010010000000000000001000
138
10000000000000000000001000100000000000000010100000010000000000
53
1000000000000000000000000000001000100000000001100010000
163
100000000001100000000000100100010000010000000010000
66
1000001000000100100000010011010100000000001000000000000011010000010000
175
1000000000000000000000000000000000000000000100100001000000010001000000
45
100010000000000000000010000000000000010001000000000100000100100
182
1000000000101000000000110000001000000001000000000000
165
10100010000110000000000010001000000000001000000010
5
10000010000010010000000000000000001000000000010000000000011000
129
100000000100000000000011000001001000000000010000000000000000001000
112
10100000000000000000000000010000100000100001000000000010000000
115
1000010000000100000000001000000000100010000000000
146
100101000000100000000010000000000000000010010000000000000100
86
1000000000000010000000000000011000000000010000000000000100000010100
184
101000000001000000000100000000000000101000000101000000100000
42
100000100000000000000000000001001000011000000000000000010000000
58
10101000001000000000000000000000000000000000010010000000000000
62
10000000000000000000000001001000000000000000000100000001000000000000
45
101100010010000000000000000010010000010000010000000001000000001000
71
101000000010000000000000010000000100000000000000000100001001000010100
41
101000000001000010000000100000000100000111000100000000000100
87
10000000001000000101100000000000100000000000010000001100000000
6
10000000000000000000000000000000000001000000000000101000000000010000
42
10000010000000000000000000100000000000000010000000000000000000
103
100000000100100000000000000100001000000000000000000100000001
152
100000000000000000000000000101000000000000100000010000100000000000
147
100100010001000100000100000000010000000000000101000010000010000001
1
1000000000000000010101000000000000000000101000000000000010000000000
92
1000000000010100000000000000001000000100000000100000001000
48
1100000000000000000000000001000
110
100000000000001000001010001000000100001000000000000000000000000
38
100000000000000000000000000000000000000100000000000100000000
180
100000000001000000000000000000000000000000000000000000000000
134
101000001000000000000000000000000001000000000000000000000
124
110001000010000000000010000000000000000100000010000100000
164
100000001000000000100011001100000000010
106
1000001000000000000100000000000100000010000000000
34
1000010000000000000100000000001000000000100000010000100000
30
1000000100000000100000000000000001100000000100000000000000010000001000
172
100000010000000000000100000000000000001000000000000000000011000000000
107
10100000000000000000000000000000000000000000000000000000001
167
100000001000000000000000001000000100010000000000000100000000000
158
10010000000001101000000000000000000000000001010010000000
12
11100000000000000000000100000000000000100000001000011010000
121
100000100000000100000000100011000000000010000100000000000000000000
110
1000010010000000100000000000000000001000000000000010000000
17
10000100000000010000000000000000001000000000000000100011001100000
79
101000000000001001110000000000000000110010000000001
52
1000001000001000000000010000000000010000000000100000000000000000000
130
100000000000000100000000000000000000000000000100000000
192
1000000000000000001100000000001000000000000000000000000100000
78
10100000000000010001000000000000000000000001000000000000000000010000
26
1000000000000000000000000000000000000000000010000000
10
1010000000000000000000000000000000000000000000100010010010
16
1100000000000010100000000000010011000000100000000001000001000000000
171
1001000000000000000000000000010000010000000010000010000000000001000000
94
100000010010000000000000000000000100000000000000000001000
52
1000000000000001000000000000000000000000101000000001000000000
70
100000000000000100000000000100001000000000000000001100000000000000
107
1000010000000000101000000000000010000000000000000000000000100000000000
30
10000010000000000000000100000001000000000000000100
172
1000000000100000000000000000000000100000000000000000000000000
63
1000010010100100000010000001000000000010000000100
14
110000000000000000100000000000000010000000010000000000100100001000000
148
10000000000000000101000000000011000001100000000010000000
113
1100000000000000000001000000100000001000000000010000110000000000000
128
10000000000000000000000001000010000000000000000000100000000010
147
1010000000000000000000000001000000010001000010000110000000000000
106
10000000000000000000000000000000100000000000000001000000000000000000
151
100010010001000001000001000010000000100001000001000010001000000
19
100000100100000000000000000000000100010000100000010001000000000000000
11
100000100000000000000000010100100000000000000000100000010000000000100
168
100000000010000000000000000000000100000100010011000000000000000
127
10000000000000000000000000000000000100000100000001000000000
85
1000000100000000000000110100000010000000000001000000000000001000001000
113
10000000000000100010000000000010000000000
66
100000000000000000010010000000000100000001000000000000000000001000001
146
10000100101000000000000000000011000000000000000000000000000000000000
137
10000010000000000000000000000000000000000000000010000000
55
100000000000001000010100001010000000010001000100010000000000000110100
174
1000001000100001000000100001000000001000000000001000100100000
46
1000000000000101100010000000010000000000000000000000
148
100000100000000000000000000010100001010000000010000000000000000000
137
1000001000000000111000000000101000010000010000000000001000100
60
1000000100010000000000000000000000000000110000000010000001001000010000
170
10000001001000000000000000000000000000000000011100000000001001000
172
1000000010000000000010010000000000000100000000000000000000000010000
195
100000000000000000000000000000000100000000000000000000000010001000000
162
1010000000000001000000100000000000000000001110000000
2
