70 600
10010100000111000011110011011010001010101011101011010001011000011101
180
1001110000000100000010000101001001001000000100111011000011010000110010
24
1111111000010100100001110111001011110001110000111011111010111110111110
20
100011011111110000001110010011110001001010100011010100100101011100111
87
1101100101000111101100111101101111101001011010010001011010101001001110
3
110001111101101111100001011001011010010111011110110000111000110000001
200
11011010001111010011001011001000010001111100111000101111001101111010
129
1001001000101011111101010000010101110000110010011110100111100001000110
31
100011000001000111010111110011000010101110111111011000110011110000
127
1101101010010110010101100101011101011101000000010010001100001001101001
103
11111110100111001010001111100001101100101000100101110000011101101101
127
1011101110010101111011000011111100010100001111000101110110000011101111
135
111010010101101000011101111111011001000010000010011111000111011101111
22
10100001101000100100011101001000011110000001100000010010111011011011
94
1101101000010011100010011110011111011001110111110000010000011000111010
192
1001000001010111110001001110100011010000000100000110111100100000010000
107
110010001010111011110011000101001110101111111111000100010101010101111
158
1100011000101010000101101101000100011110111011100110110001001001011
123
101001101100111010110111101011110011000101111011100100101110101111110
70
101110100011100011011101010000001010101010110101111001101110000000010
3
101000101011001001000001100011100110100010000101111011000001000101001
54
101101010011001101101010010011101110001111001111001000010000100111010
177
100011111110010011110010110110101001000000010101011110101010101001100
110
11000110011110110100010011011011000111100111011001001000111111000101
35
10010111010101001100001001100111100010101011101001010011110000011110
24
10000001010110011000001010010000110011001000001100010010100100101000
10
111000001101100101111000101001100110100010110101111101110111100100111
9
1111000010110000000000001010000001101000001011011000001101101101111011
155
110110100111010101100001100011100011110111010010110110110010010010001
128
1011110001110101010001111101111111100001110010101011101010100000000111
62
101110100101000000011110011111111111101010111101101111111101011000100
78
11110110110000000111001101100010110110011011110110101111010000000000
104
1100011010010111010110011111111101001000000000001111110011111011101
90
111111010010000101011010000110001111110011101011011100010001000101
124
11000000110011011101001010101010001000101110011010001000100001000100
130
1100001010100001011011101010000101000010010011111000000100010111101
158
1001101011100000000000000010101010111000110001010001010111011101010100
85
1110110000101000111011111000001010110101011100011100001100011100000010
178
110111000001111111100000000110000100111101111111001001011011000111000
72
1100110111011000111000001000001100001001010111101101110100010010000110
79
1011011000000101011101101011111000000001001001011000011000110101000100
119
1100000111100010011101101101000011110111001110111100000100000110010111
58
1011000111010100000000110011100100110111000101111101001001111001011
68
1001111100100100000110101111010110111001010100010010011111001011001010
151
1001110111110111001111110001010000111110001111010111001001110111111101
30
11100001001101010101000111000000010101011001001111110101010100111111
140
1100110010000101000000001110100110001111101101111000110101011110100
16
110110010000111111111000100000111110010111110100101010100001101000110
132
1101111100001100000100110000010100110001000000110011011000010110111101
198
111110001010111000100011110000000111000010001001111000111101111011010
109
100100010000101101010110010011000011111111001100100000100001110110100
104
1101111111101011111101111001000010100001010000110010010001110100001101
65
10011010100110111010010011110010010111101101110010000010001100011010
110
1110001111110100011110100011110011001111010010011001111001011100
151
111110100111100001010111110110101000101011000100101100111000101001001
39
1001100100100000011010100011110101110101101000010110010110101011010001
164
11000001111001100011011000011101110011001001110110111100101111111100
66
1011101011110100100111100001001110111101011101111101101001110110
156
1000100111110011111111011011111011000100001011100111001010000011110010
155
11111011010001010000100011100000100010011000000110010011010011111101
55
1001111010011000110100111010110110101000100000011010111000101011110101
123
1010011111001100011111001111001100011100100100011010100101001101111000
99
111001110111111010000011000111101101110111001011001010101111000011011
189
1100111011100100000110000000001111001001010110001000011011001111100100
149
1000111001101110110011110000011011111000010010100101000110010001101111
141
110100110100011101100001011001111001000001110110111110110110010110101
109
1111100110001111100101111100101001101100100011100000011011000101101100
190
10010101001100010001000111110000111100011111010101110011000111100110
139
1101111111111000000000010011101100110001001101011100001001001110
164
11110011110000101011010011101111111001010000111010011010110110100000
7
1000110011001101101111010111111001110001111111110001111110011111011100
54
1111001100001011111011101110111101010111100000000001110111100101100100
51
1011011100101111101000101101101011000000011001110110001000011000010
133
10011011011100000111101001000010010001100111011011001110110001001101
122
1110100001011011010010100011001011100100001011010100001100001101100000
181
10010110110110110100011010101001011101011101100001110001110110100
109
1110100001000000100100000101110011100101101010100100000011110000101011
169
1000001101010010101010000000111101101001011000011110100001000110011111
32
10011000100110011111111011110000011110011101110110111001100000000001
33
1111111011001111011110010011100010100001001101111011011011111111100101
186
1001000011000001110101011101011110100011001111111000000101010111000001
161
11001010000110110000001010100101011001011101110001011000011101010101
101
1000111001100001001011001000000101110010111001101100000110101001011011
90
1110101110000101101001100011110001110111010100000001100010101111110000
113
11010000111010100011111010010100100011011001100001010101100010111011
160
101111011000110000011110101011011110000110111000000010001100010111010
169
1100000010101011100001000110111110100111010101101000011111101100010011
16
1000101111010001100100001001111110000011010111111001000101000000001010
4
1101111101011101111100000110101011001001011100010001011101000010110100
115
1110011100001100100110011001000011110110100000000111010110100000111010
93
1010100110001011100110011000111100010110111010111111111010000111010
102
1101001100001100011001101101110010110000000100010111000000111000100111
175
10001101100001100001100100001001010010010000101110111000111111001000
93
10101001111111100100000010000011101011110101011001011011111011111101
165
1011010010111010011000100100011100111011010110110100011011000100011
153
1000011101101111101000110101100010011110110000010100000010111101001
10
1100101110101000011000101100000010001111100011001100001011101100100010
86
101011001101001111000101100110110000110100010011011011000010100010100
41
110110000000101000101010000100000011111111010111010100011011000110111
29
110101110100011001101010100011100001100011101001111100100111101000011
18
100100001110111101011100101001000011001011011011111101111010101001010
9
1010011011101111010000010110011010100011010101101100011001010111001011
197
1001101000000011001110000011100000010001011101011010000110111000010100
158
101001010011100100001011100010110011010110011000101110111011101110111
48
100000001010001100110101001000010111110110111010101100110101010111011
16
1011011010110011010100100110100110011100100011100010101100001010110100
141
1100111110011001000000100001000110101110110001101100001010110110001001
75
10111001001111011101100010010001011010010111111100101010110111011110
63
110011001111111101100001101110100111011100011101100010010000100011101
9
1000100100010011101011000010110000011010000010101110011101100100010111
148
1011101110101100101011010001110100111101010001111010001111100011110011
135
11000100100110111100000000001001101000110011010000011101011101011101
193
111001110000100010110000111111101010110111000111101100110001011001
113
10110101011100010101100100000000010011101011001110001011111101011010
50
111100100001000001011111101101110110000101111110111011100001100100000
176
1111111111000100100101111011010101000101111101000010110110100110000011
34
1110010100000110000001111100000011011000000101000011101100010101110101
29
1000010010001011100111100111110100100111100101011010001000011001100101
62
11001000101011001011011111010111111100010011010011100110100101111111
147
1011000110111001100100110100111101000111000110100111110100101100111000
47
1100001100111001000001000100100010001010111111101111011011001000110011
130
100001111110100010011010101011011100110010111001100010000010010101001
144
111110110011100111010001011111010101110000001101100101010110101100011
196
10010010110100011010111101000111011111110100100010010001111111100111
103
1110100011000010110001001011001011011100011010111011110011000000100001
91
1011111100111010110001010111001110001100110110011111101001110101110111
128
1010000100000011101110001010011001010011111100111101101100110101010000
107
1010101001111100000110011111001011001001010010001101011000110001111111
26
101101010101100000111000100100100110101000000011001000011100101010110
29
1111111111100010110010100111011100010100011011010000111111110001110011
104
1110111111100100111100111011000011001010101110110000010101011100110110
155
101101011001110110001010101110111000011110000000010100111100101111100
5
11001111000110010101000010100100011101100100010111110000011110001111
33
110100011110111010000011001110101000000110011001100011000000111100000
22
101111001111001011111100000011000100101000001011011110111101110001010
107
11000001011110110110011010111010000100000100111101010010100010000
192
1001001001001100000111001011110001110110110011010101110000001100010
44
1110111100010011101011100011010010011101101010110001101001111101110100
187
101000110100001011001011100110110000100000000101100011100111111011101
79
1011001101101000111010001001011011100000011100100001001000101001100001
36
1010101110110000110111100010100011011001111111100100010011000000001101
124
1010001011011111110101011110101100111010011110001001110010011111101
195
10100011011001111111010101001110011001111000010101010101101001100011
76
11001011011000010001011111010110100110110001100011011000101010101111
37
110100001011010101111110110101111100101011111000010010101101010001111
147
111111010110111101111110101001011101111101011101111000000000111011010
123
110100111010010111000100101000111000101101011110100011000111000100100
53
1101100101001100010110010010000010010000110111100011011010000111010011
163
1101110001000001101000111000101110100000101111000001011111110010000110
123
1111101000010001011010010110101111001101010011001101001111010101000000
105
111100000001111000101101111011001110011011110100011110000110110110100
168
10110010001111111010001001001001101010011001100110100101110110010000
141
111111100000110010001111110111100000000111110010111011010001000110000
65
10011100111111110111010000111100010001011101001001001010100101011000
40
110111101010011001101110111010010110010100111011100010010110111010011
159
1100111111001001110000010001100111111000000001011100010010100101000101
198
1001111111110011110100110011101011001001000010001011001010000000101000
25
111001110000110000100001111010111100010010100010001111111101101100000
126
100110100100010111100100101011100001011001101011001110101101100001000
12
1100001000101101011101011101010110110111001110100011110111101000100
99
1101110110001001101000110111111011001010010101110011100101100110001101
51
111100011110010001010100100000100101011101111010011001011110101001000
4
111011010000001101110101000000111011101100111001011001111101101011
142
1010111010100000111010010010011111110110011101100010110011001000000110
168
1111111000010000001011010011101110111100111001011001100011000101000110
161
101011011011001011111000111110010100010101101010010000000111000100110
117
100000011010111011100001111101110011101100101011111010111110110101001
147
10110111110110111110000000001100101000011010100110000101011101011111
196
101101101110101110111101000011110010010101011011001011110000111111100
160
110011111111001111000001001110111010011001011010001111001011001001
99
1101110111010100010001101000111100011111100111001011100010101101010110
15
111101100001101001010101000110111100110010010010000110111110111000100
73
1101010110000001100010110100001110111001111111011010001001011110001111
82
1000011011100111100010101011000010111001000100101011100100010100011010
136
101010010010110001001101011100000110010000110100101010010010110101001
166
1111101011100111110110110111101101101111011100111111101011110111110011
194
1111000000010101010101101100100010101011100101111111101001010001000110
22
1000011100010000001010010011100100011011100000101100011010111111111011
188
100101000001011011010100011110010110100100011010101110000011011110
122
1111101001010101110101000010100111110111110000010110111100111110000011
56
101100110010010001010100100011101101010000000001001011100111010110011
177
1001110010001110001011110011010110000011000011101000100110111001011
35
1000100011100000110011110100010000000101111010110100110011100010000000
147
100110000000111111111101000001010011101001001100001001110111001101
172
1110100001000100101000011100101110110010110100001011001101111100101111
78
1010110110011011000110101010011100010110000101011000110000000100001100
12
1100100100110101110100010100010011110011100001101101011000010111101111
33
1010000000111000000010110110010100110100010111010001001101001000011110
76
1011001100010001100100100001010110110001100101001100001101110110111001
102
1100111011110100100100111101111011111010111011101111010110001010001000
189
1100000101000000000111101100100000011011100001011111100110011011100111
44
1010100010111111110111000001011011101101001000110110001010001011011011
188
101110101100010001001100110111001110000000001010111000110010101000100
186
1110011100010100100110101101010000001000100101011101000011110100000111
168
1010101100101101110111100011111001110011110111011011001011001000010
87
1000010001110000001110000011101010110101011110000100011100010111011
70
1110100000101101111111110010111010100101001011101101010010111011001100
9
110010100010110100101111011001010101111000111110100010100000110100111
168
1001101010101101000001011110011011101011101100101100000101011101000110
106
1101001110010100100011100001100001000010010110111101000011111010001
89
11010010011000101011001101100110100000000111001111011000010110101000
120
1000010011101000100100011101111100101101110111111101111110101101010000
129
101100000000010101100110001001010100000001010101100101110110001011010
135
11010011001010110000111110001011010100100100011101000110101111001011
159
1101110011111111001010110111111101000001111000100000011111111101100001
190
110010000110110100101111110101101111100110001101000110100111100000
110
110100010101011100100100001001100000000011101011001010111010110010010
122
101101011101101000001101001101010010000011111011011101100100001101011
93
1111010000101011011100100111111101111000101000101001110011100001001100
83
1000110110100000000100001011011100011100110101100011110111100010100
190
1110011111101100100110001001011001101011100111100110100011111001111111
113
1101010101111101110101000011000000110010101000011010010011011100011000
138
1010011010101000011100101001001110110100111010100010110010010111011110
53
10111101110111000000001110110110001110001111111101000011011111010100
163
1100000110110110011110001000101110100101110100111110110111011011110010
66
1010001100010100101110010011110101010000011110000101010111110000111000
175
1000111000000101110011010110101011000011000110111101010000110011000000
45
1011111110010011000011110101111011111000010110011010000001111000111101
182
110110011010100101100010001111100011111111100001100010001001110000100
165
100001111000100100010111011110110011101001011111010100000011111011010
5
1001000010100110011111011101011101010010011100011000011001000100111110
129
1011111000100101001101011111000001111011011001011011011001000101111010
112
1100011110110010001100101101101011010000110110100111011011110111011110
115
10001010110101011000011111100110000010001010001011110011001111010
146
100010000101101101100110110000011000000011101110010111100100011010101
86
1001111001000110101100000011111001000000010010110010000101100110110
184
100000000111100100011110001101111111100001010101010001101010010100001
42
1110011101110111001010000010001010011011000111010010010011100011011000
58
10001010111110011010001001011111101000000000110111111111111100101110
62
1011001000110000100011010101011001110111001100000100101011001010110000
45
1101111100010110111100100101011110111101011101011000111111000010001111
71
1101000110011100010000100111010110111000111000010010101011001111110100
41
1001010101111000011000010010011111000100101100111000111100010001101
87
1010001110001010001101010101111100101111111011100001010100111100010101
6
111100010101000001110011001010010010111001101001010111000010110011111
42
101001011111110001100010001110100101000101001110111011100000110100000
103
110100000111001001100101000001101011101011010001001001010101100010001
152
1100110010000101111011010110101101011011010111001010001100000001100
147
1101101110111001100110100101001000111010010001001101100110111010001001
1
111011001011001000110101111011010011010000101110000111011010100000101
92
11100001011011101100011100000001000010111000000101000110111011101111
48
11101110010000001010001001110110110111100010110010001001110011101010
110
111000111000100000001010011011101001101100101000011001000100110010010
38
1010101110110100111100010000001010001011111011100111011111101101100
180
101100010110000011011001100101100001000010010100001011000000010110010
134
100001101001111000111010000011000110000000100111001110000100011100010
124
1001011000111110001101010001110101011000010110110010100101110100101100
164
1001100110110001001010000000000101000101000011100110111101100000000010
106
1011001001000111101000011101000101000110011001000111010010011010000
34
101001110011001000000101101001101111100111110010011001111101
30
1111001100000011110011100011011101111000011110110101111000010111111000
172
1111010110011100011101101010011000000011111100000000110110111001010000
107
1111100111010101010110111110011100100001001110101010110010100101110111
167
11110101101100100000000010001111101111010010001110010110100011101
158
1100100111011011010111101001101100011100010001011011010001111110101110
12
100100010011111110000010010010010101101110010011101101101101111111001
121
11110001100000110110001000101111101000100011000100111010110010010101
110
1011000001111000111011110101110011010000011011001101110011010111000001
17
1001011000100001011010001011001010000111011111110010100110111111100110
79
1111111101010011010111101011001001111111110111110101100110111110111011
52
1101001101100101000001110111011101110110000000000101010111110101000101
130
1101100111111000100000000100110101011100001101000111010110101100011000
192
1010010011100010111010010001101000000111111000101111010100000011100101
78
10111111110110010011010110101100110110010001011100111000010000011010
26
110000000100010001011010010110101110101001011001110000001100011110101
10
1110011110001111111000111110010010110010100111011010011000100010110010
16
111111110011100011111001111100011111111001111001101101000111100001011
171
1011111101000011100000111111110000110001101010101110001000100101110000
94
1011000011011110010111111001011100110000100101101000100011110000111111
52
110010001100011101100001000001100100010010000010101000000001000100101
70
111100111001000000110000111010111111110110010011101001100010000101110
107
1101010110001011111000110011100011001000001000110000000110101101000111
30
110100000101011000010011011000100111110101100101001110011001100100101
172
11101111001111000110001010100001110100001011110000000100101011
63
1000110011000110100011010110010110100010110000001000110010110001100100
14
1111110000000111000110001000100011110010000110110110100111110001000010
148
111110011000110001011101000111111100001111011101001100111001111001011
113
1111110001001100100010011111010110000111010000011011001110010011011111
128
1001011011110001101000001101010101010010001010100101111011111000110110
147
10011111010100001110011001101111001001010111000010010110000011101101
106
1111101001010001100000000110110010110011110100011001110000000110001100
151
10110110011101011111001101101010101010100111010101100011111101100
19
100100110111101111101110101101000100010000110011011111000100001100001
11
101100110111100100100111010110110000010011001110111111011111001010101
168
1101000100101111111110111101010011010100101010100010011101111001100100
127
101101101011100010110000111101011101110001111100100110000001101000101
85
1000010100010001000111111101111110111010000111101010000100011110011001
113
1110001001010000100000110110100000000110110011010001011110011010010
66
110110000001001010011110000001110100000001110101111010101100101101101
146
1010111101101010001100100010010111000000111011101000110100010111111010
137
100011110101011110010100011000000100000100000010000110111010010111001
55
111111000110101000011110011011001010110001011100010000000110100111101
174
1000001001111111101100011101100101011011010001111101010001001100101001
46
1111000001000111011110011010001101100011111111111100011100110011010101
148
101000101000100010101100111010111111010011111010001101001010110001
137
1000000011011001000111011111111100011111100110000010001100010011111100
60
1011110111110010010111111011001000001001111100101011100011111100110100
170
110011010001001011101000111010000110101000000101011101010001111011001
172
1101100111010000000101010110011100000101111101001010000011001000011001
195
100100000100011101001001001000000111110100010000100010001111111111000
162
1000100100011000101011000110111111000010110100111100010001001111000010
2
101001011001000010101011101110010110000000110010101011001000111101100
130
110111010001111001011010011000101001111111011101001110110110100000001
119
101011011000101000111010111010110100011100100011010010101011101100000
71
1100000001001101001011110011011011111101101111001000000011000000001101
26
11110111011011010001100011010111010110001101010111010001100010101010
165
1101111011000100000000111101111100000001101111000000100011001100011
200
1001001110001100111011011100000101100011011000110110011110110000010
134
1001101111110110001010101010011011110010010001101110110010000010000110
9
110011001000100010001111001011111101011001010100110110111000111001010
126
111100001001010101111001111101100000010000010000001101100101100111001
96
101110000001101100010000100001110000000100101001110001010111000011001
50
100100100101001101111110111000011110010011110001011100010111001001100
64
1010001101110110000111101100110111011110000011101101010110000001101011
176
101001001111011110101111100110010010101001010010101000100110110001010
196
1110010010101110100110111011111011101111111100110011011010100101011001
80
11111110110000101011111101000010111010110000100101100111101101101010
86
1010111101010000100000001010101010000100100011101011011001011001111111
58
1011011010000100010010100100100001110011110011011001000000001100110101
52
1000011100101110111100111010111010001100110011000100111101011011011101
3
1100100110110001100000101111100100011110010000011010101111010100010111
22
11111101110000111100010100100010101111011110011100000010111110101111
65
1111011110001011011111100000011000110011000100000000111001110011001100
142
100000001100101110000001001100111000011010100010010101011111100110000
82
1011100000000111000101010001011101010011010110111110000011001000110
34
1101111100101111010100101010011111000000101111001001011001001011111001
184
101101100011111111101111100001111110100000011010100100000101100010000
66
1000001110100011111001101101000001111000000001011111001100010011010100
5
100000001110110001010001101001111000101010010001100111011000001111110
167
100111110101001000100010000111010110110000110100010010111000100010011
41
1000011000101001010000100101101101000101000111010001010111000100101111
138
1001011000100001100010110101101111011110010010101101010111011101101101
185
11110001000011100001110001111011011101101111000001011101000000110001
34
1010100011000011100000111010000111110010100011000100011110110100101110
35
1100100000010100000101011101000100100100111111111111011000111011001110
31
1010001010101111110010100110011010111010010010111111011110101101010100
194
1000000010001100100011111001100010001000010010100011100110111111010110
57
1100110111000100001000100001100001000101110110011000001011001010011001
108
1110110010011111000101101011111011110101011010011011010000011000101111
41
1111100110101101011101111110110101001101010000011100110111000100001011
150
110011010000101101000001011011011111000100001100100001110100010101
173
1000001011100011110111011001100011100001001000000110110011011110010000
140
10100010010010001000011010000111111001011000000100101000011100110101
190
1011011001000000110000011111000000110100000111100100000101101100000001
124
110001111111011110011110100100011010001001001100001100100011000111111
188
1000010001101010101100010010110011010111101010000111101000101101101111
22
1111100101010111111000000010110101010010111010110000101100111001000
191
1101100110001010101011000001001001011011111111010011001011010011100010
132
1101111101010111101111001011100111001000100011110010001100010000101001
65
1110110100011111010011101010100001110011011001011010100001111011101111
61
1101000111010111110001111101010101100000011111100100010011011001001
31
111010100101001110111100110010101110101011101010011100000100100101001
99
11001100000101000110110011101001001001000110111011010010111001101010
137
101101010110100001110111010110010101111010100010000010000011100100101
37
1001111100001100111101000000000100111110011000010100111101101000011000
113
1010110111010101000100011101010001011010100101000100000011000001100101
139
101111101111000000000010000001001001011001100011100001110110010101010
189
1101110001011110000001100101010100101001000011111111110101111000010110
183
1110001000100111011001001110110010010111100010100111101110001100001111
128
1000111001101111001100010101110101010101001111110010000110010100000
64
10000011111111011001011101111111111111111011111001110111110110010111
194
1101010001011101010000111000010010101001000000100000010111001001010000
151
11000101010011001001110101001101110101010010101111110100001111001100
117
1010011110110111101110110000110011110111001100100111000101101010011000
2
1101001101110111100011011010010101101001010110011101111110100011010111
2
1000101111011011111000011001111010000000111010101011000111011100111001
53
1111000011001010001010001101100001100101010100010100111001110111101
91
1000110011000111000010001101101010111001001011011010110011110110011101
196
1100001111111101111010111110101100111001010010101011110010100100111011
72
1101010001111011000101010001110111100111110010110000001101100111001100
166
1011111100000100111010001111101011010100011000111110000010000011101
85
1110101011110000010100000011100100100000011100010100101010000001001111
142
1011000110011000100110101011110100101111000101001011111111010010100100
31
1011011101111110100110111010111010101101101011010101100111101001000101
124
10001110100011111101011011001000111110101101001000000010000010101000
64
10110110110011000001101010101110011011000100001101001011101100111110
68
10111110100100001101010011111001011101111100101110000011110001110000
35
1111001110000010000001110001101101011000111010111101111010110010010001
161
1001011101110011000010011001100101010000110010101000000110000110100000
193
1001100100010000010101101100111101100110001100000000011100001101000
103
11011101110000111101011000010010100110110010100010100101111110011011
20
1110001000101010011100110001001001010000001111110101100100101010110100
95
100110011101100111011001110010010100111101110011100001010011001101001
71
110011101100111011100101100000100111000001001010011000001000011100001
25
100010111101000000100100001011001000000110111000011000100001010001100
179
110100000011110101110011000110000101001001000011001000011111000011101
146
1100010000010100001100000100010111111101000111110001001110001000110010
167
10001011000100100110111111001011001110011010111111101100000010011001
1
1010111011010010110010101101101111101101110100111111101001111100011111
9
1110011001101001110001111110011000101110001010100000000011001111111111
99
1011100010001110110101101101100000100111111100000101100010010101101111
11
101010110100111000000110011100110011010010111101010010000000011111101
48
1100100000100101110110111010100010100100001011001000010101011110110011
195
1110000111100010111101001101000100010010011001100100011111010101101001
150
10000100000101101110001111011101110000001010101101000100000111111101
101
101001101101110101111111011010100100001001001110010011111001101101011
149
101111001111111001100110001000101111101101110000100100001100111100111
122
10100100101110110000110100001110000010110000010100101100100100101101
133
1110001010011100000000000011011100110011011010010101010100001111111110
164
1111100111110001111111101000000100011000010001000010100001010101011001
187
1101111100000111100001001111111010110001010000010010111010000100000000
138
1011010010000000100110111010101010000010111111101110000111110110011111
101
101111010001011101110000110001111011110111010100011101001110011111000
19
110110010111111110101111011101100111111000000000000010001100101101010
49
1010101011100001001010000010000101010011001110101101000111010011001
92
100101100000101110010110010100111001010001101000010000100100000000010
39
1001001000101110010001101101000110010111010011011101101010000010011001
151
1100101100100010000100110000001000000001111111100111111010001110011101
140
100010100010011111110111010000111000110111000110011010001110110001011
189
1000001100101111110111010001100011100011001111011110101110100111100000
152
1010111001110110101101010000101110011000000010100100110010101010001100
65
1011100001010011100001110111011110011110111101001000000100110000010111
6
11100001110001000110111100000111110000100111010001011000000100001010
39
111101000010000011010000010011110000011011101000001110011100100110001
9
11000010110000011110101100011011101010111100111111100100000111111
174
10101010000010000001010100101110010101001111001001011100101011010011
179
11101001100111111011011010010111000110010111011000001010000110011
144
111001001110110101110001011111101001000011000000100000100110101000
28
1100000000010000111100111011000001011011010001101000011011011011111011
33
10011000000100100101011011111101000111000110101111000011101011001
53
111101111100101001101000001011010111100111010111101111001001111101
88
1110110100100111011111101101011111111100101010111100001001110111001101
21
1000011111110101100011101011111000000101100100000101001101011000010111
54
100111001001100111110000101111110100010011011001100111111001000101010
56
101010011001000001000100001111110111011110010001111100011100010011010
1
101111011000011101001010111000110001100000110000101110010111011011
4
1000000111101010101011011110111011101100010001010101011111100111110111
54
1111000110001111101110010100010000110001001100001001000001010110110000
114
1111010010110101110111011101001101000101100001010101011111000011100001
25
1011110010001110101101101011110000111110011000101101110111110001000110
25
111010110111110111010000101001010011011000000110100111001110011101001
7
1010110101010010010010011110011001101110001101111000111011010001100000
94
1011101111001110111111001101010001010011011101101101011001111111
107
10101111111001011011110100110111100110110001000101000100010101011010
42
111110001100101101001010100101100000111101101010001000111010110111101
22
11101011110100001001110101010101000110101111001001101001101101000011
180
10111101111100000011010101101100100100000000001010110111100100010110
50
1111101100000011110111010101100101001000000001010001010101101000000010
70
11101111010001001110100101100000010110000001000110001100100001001000
12
1010100011101011110100010010110110001001001101100110101010110110001
35
1001111010101100110011100001010001100011010011011010001011110101001001
97
1101000101001001001111111010001111111000000110100111001101010010100001
7
1100100011001100101011011010111110110010001011010011111101111110000
101
1010101000010101010000101100101011000100101111001111010001011111000110
34
1111111111110110101110100110010110111001100110000111010010101000010
95
1011110111000101110110001011001100110111010010010100111011100111011001
70
1010000111001100111011100100011000100111001101111011000110001001111100
48
101011100000101111100110011011001000101110111110000000110001100110
85
1111001101011011111011011011011100101011101000010000100010111111011000
79
111001101111101001100111001101001101001100000010100011000110111101
35
10000111100100100010000011110000111010101101011110101001101000001100
71
1000000101110101011110011110010000110000000100101001010110111110101110
149
1100011001110100001010001001010010000011011101100100111011000011001000
194
100111101000100101011011100110101011101110010111010100000010111
66
1101010110101001010000000011111100110101001010001000101101100000100100
186
1100110100101110011111111001000100101000001011001110111100100100101001
13
111001100111100110110000101000001110011101101011001001100111110100000
29
1011000101111111010000001010001011001001000111100100101010111111101011
174
1111110000110001110101111110100100011110100100010010111001001011010
139
1101101001100011100110110100011001100110101010011000110100110010001110
28
100111101011111011111110111001011001001011100010101011001011111011011
71
1111011111100000000110110000010110110000010011000010010010000001010001
36
1101110111011111110000111000010101010011100011000011011100010110001010
76
1110110000111110110111110100000000101111000110010111010010101101101011
122
110110010011010101101010111100100000011101110011001100101000100101001
5
1111101100000001111111010011011101010000100100001011011111111010000010
156
100001100100011001111010100110111100111000101110111000001110110101001
171
1110001110100010010110001001001101101011100110100111000010110111001
162
1000000010111100010000110000010011100000010000011111011011001110101011
144
1111010000000100011001011010000111000100111001111101000011110100001010
191
1011001011001111001011001010011101011011000000001001001101100110100001
113
1010101001000101001110100100001010000111100110010001110100000011110110
163
1001000110011011111111111111000110000100100110110000000101101110001000
110
1001101100001010100001100011001100001110110111011100000001111111000000
128
11110100001000111001011110001001101001111111010111010111011000001
168
1111010000100000010001010011110100011100111000100011010100111110000110
108
1101111001110011101100101100101001011001111101001111100111001000110110
184
1010100000101110000010000011100011001110001010011010101001100001010000
181
1111100111011000000110111010010101000101001111001111111111101110101001
45
100101110001111001100100100010110011101110111011110110000100110011
101
1001100011101100011100110111011100000111001001111011101101110100100111
125
1010110100000001110100110111001100100111100110100011000110110011010011
99
111000110001000010100001010010011001010110011011011101110001101001110
39
100101101011010000110101110001110100010010111110110101100010101111000
85
1101001000000101100000110100001100101100110101001111101101100100010110
125
1101001110110001000110111101110010000010010111000000101000000111111011
191
111110000110001110000010011010101110110101110101111111100110000011
56
1000001110011111111000111110100011101101110000011011011011001110001110
15
1000100110000010011111111110001111010110100001101000000111010010001000
112
1010111111100001001001101101101000101011000101000001100011110111110
151
10111100101111100111000001110110010010100001000111110010101001110010
165
11000101100010110100001001101000011100011100101100010010000100111101
66
1011010001010111011010010101110010110111100110000001101001011000000110
64
1101101100000001100011101011111100001100010010100001100001101100111110
50
110100101001100010101000101000001100111010110101010001001111001001001
73
1100000010001101001010100000101111111001011010001100110000001011110011
159
110000011110100010010101101000101110011001001010110111100110111010
125
101010100101001101010101101001110001101101011011101001100111100111000
119
111100000111010001011010000100101110101001000100011110111111000001010
73
11100010000100001111110100100110011010101101001111001110101101000001
76
10101111001111100101010111001010011111101100100100101101101001111010
164
1101111110110011111000100000110110100100100100110001101101100110011000
43
1010000011110001001101001110101001001000101111000111000111100111011101
188
1101001101110000101101111001011010010100011101111110101010010001001110
147
1110110111010010111001000001101000010100011011001100010011000010001011
26
111101110100010111101011010000010101111101111110101000110100110100000
177
1001000001011011011101100000100101110000111101001000100101111011101010
189
111011110000010000011010011001100110001011101000000100001101110011110
57
1111000000110001001011011100011011011111011001100011011110111100110110
185
110001111100101100100100000001100101111000100001011101111000101011111
174
101011010011010111110101000011101100111011000011000010001100011110000
173
11100111101111010111000111110100000000100001100010110010101001000100
127
11100101111111010011000100000111011001001111111000001011000101111010
199
10101111101110101100001110111101001100011101110111010010101000010100
125
1000001111010100011011011101111111011010100000101010010110010000101111
199
1100011000100011011111110011101011000011011010110010100001101111110101
193
1001000001000111100111001011111101110000111011010111110010010100010100
183
1010001001000010011110100000100100000111100110001001101110100000010111
159
100000000001100111101010001110110111111100010010111011110111010111110
68
10100110000011001001111111011011110110011100101111011100100111110010
44
1111110111100111101111011100111110000001000111010111001001001011100000
151
111001111111001111010100110110010100010010000001101010010100110101101
90
111110101010101011111011110011010101010010001110000011001001000110010
46
1000111011011001001101011111110111000010101100010110000101000101010100
145
1001010001100010000111111110001011100000010001100110010101010110010100
13
1011110101101100100011100111111011011111101100000111101111000010110010
10
100101010110000111011000010010101100001100100110101011010010010101110
128
1010101100111101111100010000001100000101110101000010111101000001100001
161
1010011100111010010101000010010101010011110111100101010011000100100011
116
10110001001000000000101110000110110101101110000100110111010001001101
183
100111110000111111001000111001100000000001111000101101110001100101011
186
1011001110000001111011011101101011111010011001010010011001011110001111
149
1101000001010110111100000000010110100000100000000001001000100100100011
110
1011010001111110000111110001111100111011011101001110101001010110000101
170
111010101101010011100001111101010111001111110101111111001010001101101
3
1110100000011001111001111100110001000011101000010001000101001010101110
174
111000110110000110010110000001001100100110110010011011100101111011010
15
1000000010001110110100111111111000110110000100110001010000010111111001
162
1111010110011001111101100011101000011110001000011010001001100100100110
22
100000100001000110010000100001110011101010110000110111100111010101110
35
101101111110000000010110001011000110100100010111001010001111100001010
90
110101011101001110000111111110101101011111010110111111001111000101000
73
101000001111000111101111000110011110111111111000000110001111010011101
146
1111101100001100110000001001110010110010100110011110000011111100000000
17
1010000011011011000000010110101111001110101010100010100101010011000101
157
111010000010111100001010100110100011101111000110100101110100001100101
90
10000010111010000001010110101101111111100110011110111100101000000
98
110101110111001111011111000100000110110000111110110010001100100000000
151
110011111001101111111100100100111000110010001101011110110000011101010
2
1010001111110011111101110101000000001011110010010100100000101101001111
139
1010011010111111100001000111111111001010010100000100110110001100011011
94
110111001011101100111010011001111111111010101000001101001011000101
11
111001101010011101001011011001100100000111110011100000010100111101110
93
111000001101001100011000100111000001101100100111100011010101011111101
86
100110110010011110111001110101100100101000000011110001111111101100
69
1010000100000100001010100000111101000000110100001100010111001111110
131
11010010111001010001100100000101010000011101111100001101001001011110
47
10000010000001011001011100011100011011101010101110010111110001111010
126
1010100001111010010000010010010101110111000010001100000001110001011101
114
101111101101011110011100011101001100000011101010110011001111001111000
186
1111000110010100011100100111100010001101110000001101011011010011101110
192
1010101011101010100001011110110100111100110110010011000000011100110000
5
1110101100000110111010100011101110111101001100110001010000110010001100
96
10100000000111100110010001110110011000011110101010011011001100000100
192
1010001011101000011000110111001101001000101001000110101110010111111111
93
1000011110011011110001000101111000101001000100110010111101101000111111
8
10101101101010000011011110001011110111010110110000100011100110110
86
1000100000110011111110110110101111000111111010001100110111111110000
71
1000110100111001110001100101011101100101101010110010110111001011111010
114
11010001110111101110101010000110110110000001101111000110101010011001
9
111100110001111111101100111110001001101110010000000001011010000100100
16
1110001110110001010101110000101111110010110011111111000011110001111010
20
101111111010111111100001010110000010000101101110111101011000001000100
8
111000011000100011110100001101111100001100001110001000101101101110110
198
1101100011111101011111101111001110011000111100000110000101011010000101
89
1001100101100111111111000000100111101000100110100010000011000011111100
8
1100010111001110001010011100111110100101110111110001000101010100001100
52
100010101010111011001101000000100111011100110011101100110001111101110
37
111111110100101111100110111000101001100101110001001010010000000010010
25
1101110001000010000011011111100110011101100001111101000000101110100001
164
1001001010100010100010011110010101101110110101100110100001000010100110
37
11010111000110001001111111110000000101101011100000101100000001101101
198
1100001001111011011111011001100000101100110010011100110010011001001101
12
1011000001100000010100011100010011111000001101100011010010100000111111
96
1001010011010011110010101000000010000010010011100010010101011110011110
155
10001100110011011110000001110110010000101010101001100110110101001100
173
1011000100111000011111011010010101011111100001000110110110001110100100
169
1111000000011110111000000001011110000110111010000011111111001001110101
52
1110111010011101010100110111011011011100111111000000010001000001110000
48
101010011000011001001111101011111010110001110111010100010010010000000
160
111000010000011100010111001010100110000001101001100001000010010011100
138
1001111001101111110100011001101110001100110011110011110001101110011
108
111001100101110001111100111100000010001101101100001010100100110111100
54
1011101110010010110010100010100000011110010011000000001111000000011010
78
1111110001101111011001011100110100001111011000010100011100001010011111
36
11001111000010100101010000000010010010101111110101011101010110101101
55
1011011000001010010010111000101011100010011010101001000010101100101011
180
1010010000011101100010001000000001011000001111110100011011001001011000
124
1001011110011011000100010000111101000001000110101011011100110101000101
182
11110111000000110100010000111000011011011010011011110111100110011001
48
