70 700
110010100000111000111110011011110001010101011111011010001011000011101
180
1001110010000110100010010101001001001010100100111011000011010100110011
24
1111111010010100100001110111001011110101110010111011111110111110111110
20
1100111011111110001001110110111110011001010100011110100100101011100111
87
1111110101000111101100111101101111101001111010010001111010111001001111
3
110011111101101111100001111011111011010111111110111000111001110100101
200
1011011010001111010111001011101000010001111100111001101111001111111011
129
1001011000101011111101010010010101110000110011011110110111100101001110
31
100110011101001010111010111110011001010101110111111011000110011110000
127
1101101110010110010101100111011101011101001000010110001100001001101001
103
1011111110110111001010001111101001101110101000101101110001011111101101
127
1011101110010101111011001011111100110100001111000101110111000011101111
135
1111010010101111100011101111111011001000110000110011111100111011101111
22
10101111101001111101011101101100111110000001100001110010111011111011
94
1101101010010011101010011110011111011001110111110010010111011000111010
192
1101001011010111110011001110100011010000000100010110111101100000010000
107
110010001010111011110011100101001110101111111111000101010101010111111
158
11101011000101110010101101101000100011110111011100111110101001001011
123
111101111110111110111111111011111111000111111011110100101110101111111
70
101110100011111011011101010000101110101010110101111001101110000000010
3
101100101111001011100001110111110110101010100101111011000011000101001
54
101101010011001111101010010011101110001111001111001000010100111111010
177
100011111110010111111110110111101001000001010101011110101010101001100
110
11000110011111110101010011011011001111110111011001001000111111000101
35
10010111010111011110001001100111110010101011101001010011110000011110
24
1011100101010111111001001010110111110011001000101100011010100101101000
10
111101011101100101111000101011110110111010110101111101110111100100111
9
1111000010110000000000001011100001101100001011011011001101101101111011
155
111110100111010101100001110011110011111111011110110111110011010011001
128
1011110001110101011101111101111111100001111010101011101010101001001111
62
101110110101000011111110011111111111101011111101111111111101011011100
78
111110110111101011111001111101010110111111011110110101111110001110011
104
11100111011010111011111011111111101101000000000001111110111111011111
90
111111010010010111111010001110001111110011111111111101010101010101
124
11000000110011111111001010101010001101101111011010111100100001000101
130
1101001010110101011011101110000101000010010011111100000100011111101
158
1011101011100010001010011010101010111100110001011011010111011101111100
85
1111110101101000111011111001001110110111011101011100101100111100011110
178
110111000001111111101000110110000110111101111111001001111111000111000
72
1100110111111100111010001000001100001001010111111101111101010010101110
79
1011011101000101011101111011111000000011001001011000111000110101000100
119
1101100111100010011101101101001011110111001110111101000100001110010111
58
1011000111010100000010110011110100110111000101111101001001111101111
68
1101111101101111000111101111110110111001010100010010011111011011001110
151
1011110111111111001111110001010000111111001111010111011001110111111101
30
11100001011111010101000111000000011101011001011111110101010100111111
140
1110110010010101001000011110100110001111101101111000110101011110100
16
111111011000111111111000100010111110110111110100101010110001111010110
132
1101111100011100001100110000010100110101000000110011011000011110111101
198
111110011010111010101111110000100111001110011001111000111101111011010
109
100101010100111101011110010011000011111111001100110100100001111110110
104
1101111111101011111101111001000010100001110000110010010001110110001101
65
1011011010101111111010110011110010010111101101110110000110001100011110
110
1010101111101111111100011110111111110011001111010010011101111101011100
151
1111110100111110101010111110110101000101011000100101100111100101011001
39
1001101100100000111010100011110101110111101001011111010110111011010001
164
11100001111001100011011000011101111011001001110110111100101111111100
66
1000001111101011110110100111101011001110111101011111111101101011110110
156
1000100111110011111111111011111011000100111011100111001010001111110010
155
11111011010001011100100111101000110010011000000110111011010011111101
55
1101111010011100110100111010111110101000100100011010111010101011110101
123
1011011111001110011111111111001111011110100101111010100101101101111000
99
111001110111111011010011000111111101110111101011001011101111000011011
189
1100111011110110010110000101011111001001110111001000111011111111100100
149
1010111111101110110011110000011111111001010010100101010110010001101111
141
110100110110011101100001011001111001000001111110111110110110010111101
109
1111100110001111100101111110101011101100100011110100011011000101101101
190
10110101001100010001000111110110111101011111011101111111000111100110
139
1101111111111000100000010011111110111001101111011100001001001111
164
11110011110100111011111011101111111001011000111110011010110110100000
7
1100110011001101101111010111111101110001111111110001111111011111011101
54
1111101100001111111011111110111111010111110000000101111111101101100100
51
1011011100101111101000101111101011000001011001110111111100011100010
133
11111111011100100111101001100011010001100111111011011110110001001101
122
1110100001111011110010100011101011100110001111010101001100001101100110
181
100010010111110111110110011011101001111101011111110101110101110110110
109
1111100001000000100100100111110011100101101010100100100011111000111111
169
1100001101011010101010001000111101101001011100011110100001000111111111
32
10011101100110011111111011110000011111011101110111111101100000010011
33
1111111111011111011111010011100010110001101101111011011011111111111101
186
1101000111000001110101011101011110110011101111111001000111111111010001
161
11001011000110110000101010100101011111111101110001011010111111010111
101
1010111001100001111011011011010101111010111001101111001110101001011011
90
1110111110010101101001100011110001110111010100011001111010111111110010
113
11010000111010100011111010011100100111011001110001010101100010111011
160
111111011000111011011110101011111110010110111000100010011100010111011
169
1100000010101011110001001110111110101111010101101100011111101100010011
16
1000111111011001111100001011111110001011010111111001110101100000001010
4
1101111101011101111100000110111011001001111100010001011101000010111110
115
1111011101101100100110011001010011110110100011100111110110101100111010
93
1010110110111011110110111000111110011110111010111111111010000111010
102
1101001110001100011001101101111010110101010100010111000000111000100111
175
1111001111100001110001101100001001010110010011101110111010111111001100
93
10101001111111110100000010000011101011110101011101011111111111111101
165
11011010010111110111000100101011100111011110110111100011011000110011
153
1001011101111111101000110101110010011110110000010100001010111101001
10
1100101110101000111000101100000010001111101011001110011011101100100010
86
101011001101001111000101100110110000110100011011011011000010100010100
41
110110001000101000101010000100000111111111111111010100011011100110111
29
1110101110101011011111110110111110001100011101101111100110111101000111
18
100100101110111101011100111001001111001011011011111101111110101001010
9
1011011011101111010000010110111010101011011101101100111001011111001011
197
1001101000010011001110000011100000111001011101111010000111111000010100
158
101001010011111100001011100110110111010110111010101110111011111110111
48
110000101110001101110101001000010111111110111011101100110101011111011
16
1011011010110011010100111110110111011100100011100010101100001010110110
141
1100111110011001000000100101000110101110110101101101001010111110001001
75
1110111001111111011101100010110001011010010111111110101110110111011110
63
110011101111111101100101101111100111111111011101100010010000100011101
9
1000100110010011101011100010110101011011000111101111011101101100011111
148
1011101110101100111111010001110100111101010001111110101111110111110011
135
11000110100111111101000010011001101010110011010100111111011101011101
193
110111111110000111010111000111111101010110111000111101100110011111101
113
10110101011101010101110100100000010111101011001110101011111101111010
50
111101110111111001011111101101110110000101111110111011100101100100100
176
1111111111110100100101111011010101000101111101001110110110100110000011
34
1111010100000110110001111100010011011000011101000011101100110101111101
29
1000111010001011100111101111111100110111110101011110101000011011110101
62
1011001000111011011011011111011111111100010011011111110110101101111111
147
1011000110111001100100111100111101000111000110100111110100101110111011
47
1110001100111101000001000100100010011011111111101111011011101001110011
130
100001111110100010011111101011011100110110111001100010001010010101001
144
1111110110011100111010001011111010101110000001101101101011111111100011
196
11110010110110111111111101000111011111110101110010110011111111111111
103
1110100011000010110001101011001011011100011010111011110011000000110101
91
1011111100111011110001010111001110101100111110011111101001110111110111
128
1010110100001011111110101010111001010011111110111101101101110101110001
107
1010101001111100010110011111001011001101011010101101011001110001111111
26
101101010111100010111110100100110111111001011011001010111100101010111
29
1111111111110010110010100111011100010100011011011001111111111001110011
104
1110111111100110111100111111000111001010101110110000010101011100110110
155
101101111101110110001010101110111010011110001100010100111111111111111
5
11001111001110010101001111101110011101110101110111111100011110001111
33
111100011110111011010011101110101000010110011001110011000100111100011
22
101111001111101011111100011111000100101000011011011110111101110011011
107
11000001011111110111011111111011000100000110111101011011100011001
192
1011101001101001100101111001011110001111111111011110111110010001101010
44
1110111100010011101011101011010011011101101010110011101001111111110110
187
1101000110101001011001011101111110001100010100101100011100111111011111
79
1011001101101000111111001001011011100001111100111001001001101001100101
36
1010101110110110110111110010100111011001111111110100011111000000011101
124
1010001011011111110111011110101100111010111110101101110011111111101
195
10100111011001111111010101001110011001111000010101110101101001100011
76
111001111011000110001011111010110100110110011100011011000101011101111
37
111101001111010101111110110101111100101011111100010110101101010101111
147
1111111010110111101111111101011011101111101011111111000000000111111010
123
110100111010111111110100111100111010111101111110100011000111000100100
53
1101110101011100010110110110001010010001111111100011011110000111111011
163
1101111001000011111000111000101110110100101111101101011111111010010110
123
1111111100110001111010010110101111111101010011001111001111010101000010
105
111101101001111101101101111011011110011111110101011111000110110110110
168
110110010101111111111001011001001111110011001100110101101110110010000
141
1111111100000110010101111110111110011000111110010111111110011100110000
65
10011110111111110111010000111100011101011101001001011010100101011100
40
110111101111011101101110111010110110011101111011101010010110111110011
159
1100111111101001110010010001110111111000000001011100110010100101101111
198
1011111111110011110101110111101111001001000011001011001010000010101000
25
111011110000110010100101111110111101010111101011001111111101101101000
126
110110101110011111100110101111100101011001101111001110101101101001000
12
1101001010101101011101011111110110110111011110100111110111111100100
99
1101110111011001111000111111111011001010110101110111111111100110001111
51
111100111110010001010101100000101101011101111010011001011110101011000
4
111011010000001111110101000001111011101100111001011011111101101011
142
1010111010100000111011010010011111111110011111100010111011001001001111
168
1111111010111100101011010011111111111111111101011001101111000101000110
161
101111111011001011111110111110010100010111101010011001001111010110111
117
100000011010111011100111111111110011101110101011111010111111110101001
147
110110111111111111110000000001100111001011111100110000101111111111111
196
101111101111101110111101000011110010010101011011011111110001111111100
160
101110011111111011111010001001110111011011001011011001111001011001101
99
1101110111010101110011101000111100011111110111001111110110111101010110
15
111101100111101001011101100111111110110011010010100110111111111100100
73
1111010110001011100010111100101111111011111111011010111011111110001111
82
1100011011100111100110101011000110111011001100101011110100010101011010
136
101011010010110001011101111100000110110001110101101010010010110111011
166
1111101011100111110110110111111111101111011101111111101011110111110011
194
1111000010010101010101111100100010101011100101111111101001010001110111
22
1100011100010000001010010011100100011111100000101100011011111111111011
188
1000110101110001011111110100011111010111111100011010101110000011011110
122
1111101111110111110101000010110111110111110100010110111100111110000111
56
101101110010010101011100100011101101010110100001001011100111010110111
177
1001111110011110001011110011010111100011101011101000100110111111011
35
1000100011100001110011110100011100110101111010111110111111100010000000
147
10100110010000111111111101010001011011111001001110011001110111001101
172
1111100001100100101000011110101110110011110100001011001101111110101111
78
1010111110011011110110111011011100110110000111011000111000000100001100
12
1100100100110101110100010100010011111011100001101101011000010111101111
33
1010000000111000010111110110010100110100110111010001001111001110011110
76
1111101100011001101100100001010111110001100101011101011111110110111001
102
1100111011111101100100111101111011111010111011111111110110001010011001
189
1100010101001010000111111100100000011011100011011111110110011011100111
44
1110100010111111111111011001011011101101001000110111001010001111011111
188
101111111100010001101100110111001111000000001010111010110110101000110
186
1110011100010101110110101101110110001000110111111111001011110100000111
168
1011111100101111111111110111111101111011110111011011001011001000011
87
1010010101110100011110000011111010110111011110010110011100010111011
70
1110100000111101111111110011111011100101101011101101010010111111011100
9
1110010111010110100101111011101011101111100111110101110100000110110111
168
1001101010101101001011111110011011111011101100101100000101011101101110
106
1111001111010110110011100001100001010011010111111111000011111010001
89
1011011111011111101011001101110110100000100111001111011011110110101100
120
1100010011101100101100011101111100101101110111111101111111101101010000
129
1111100001000010101100110001101010100000001010111100101110110001011011
135
11011011001010110000111110001011011100100100011111101110101111001011
159
1101111011111111001011110111111101100011111100100100011111111111111011
190
110011000111110100101111110101101111100110001101000110100111100110
110
1110100110101011111101101001001110001001011101011001110111011110011011
122
101101011111101010001101101101110010000011111011011101100100001101011
93
1111010000111011011100100111111101111000111001101001110011101101001100
83
1001111110100000000100001011011100111100110101101011111111111010100
190
1110111111101100110110001011011011101111110111100110100011111001111111
113
1101010101111101110111010011000000111110101001011011010011011100011001
138
1010011010111000011111111001001110110111111010100110110110010111011110
53
1010111101111111000100001111110111001110001111111101011011011111010100
163
1100000111110110011111111010101111100101110110111110110111011011110110
66
1010001100110100101110010011110111011100011110000101110111111000111000
175
1100111000001101110011011110101111000011000110111101110000110111010000
45
1011111110111011000011110101111011111000010110011011001101111010111101
182
110110011010101101110010111111100011111111100001110010001011110100110
165
100001111001100100010111011110111011101001011111010100100011111111010
5
1101110110110110011111111101011101110011011111011010011001000100111110
129
1011111000100101001101011111010001111011011101011011011001100101111110
112
1100011110110010001110101101101011010000110110101111111111110111111110
115
10001010110101011000011111101110101010101110001011110011001111010
146
1110010100101101101100110110000011100000011101110110111100100011110111
86
11001111011000110111110001111111001000000010011110010001101100110110
184
100010101111100100011111101101111111110001010101010001101010010100001
42
1110011101110111001010100110101010011011001111111010110011100011111000
58
11001010111110011010001001011111111000000000110111111111111100101110
62
1011101000111000100111010101111101110111001110000101101011101010110101
45
1101111100010110111100110101011110111101011101011000111111001110001111
71
1111100110111100110001110111010110111001111110111010111011001111110100
41
1001010101111000011111110010011111101101101101111101111101010001101
87
1010011110001010001101110101111100101111111011100111011101111101010101
6
111110010101000101110011001011010011111001101101010111101011110111111
42
101001011111110101100010011110100101000101101111111011100010110100000
103
1111101011111011001100111100001101011101011010101101101010101100010001
152
1101110010000101111011010110101101011011010111011010001110100001100
147
1101111110111101100110100101011000111110010001101111110110111010101101
1
111011111011101001110101111011010111010001111111000111011010100011101
92
11100001011011101110011101000001000110111000000101000111111011101111
48
11101110010000001010001001110110110111100010111010001001110011101010
110
1111101111010101100101110111011101001101100101000011001000101110010010
38
1010101110110100111101010000001111001011111011100111011111101101100
180
111100010110000111011001110101100001000010010100001011010001110110010
134
110111101001111000111010010011100110000000100111101110000100011100011
124
1001011100111110001101010001110101011100011111110010110101110111101101
164
1011100110110001001110000000000101010101000011100110111101100000000010
106
1001011001001111111111000011111011111000110011111001111010010011010000
34
1000000000101001110111001100000101101011101111100111110010011001111101
30
1111001111010011110011111111111101111000011110111101111100011111111100
172
1111010110011101011101101110011000000011111110000100111110111001011000
107
1111100111010101011110111111011110100001011110101011110010101101110111
167
11111101101100110001010111001111101111111010101110110110100011101
158
1100101111011011010111111101101101011100011001111011110001111110101110
12
100100010011111110010011010010011101101110010011111101101101111111001
121
1011110001100000111110011010111111101011101011100110111010111010010111
110
1011000001111000111011111101111111010000011011001101111011110111000001
17
1111011110100011111010001011001011000111111111110010100110111111110111
79
1111111101010111010111101011011001111111111111110101100110111110111011
52
1111101101110101000001110111111101110110100110001101010111110101000101
130
1101100111111100101000001100110101011101001101100111011110101100011001
192
1010010011110010111111010001111000000111111000101111010110100011100101
78
10111111110110010111010111101101110110010011011100111011010000011010
26
110001011100011001011010010110111110111001011101110001001100011110101
10
1110111110001111111000111110010010110010100111111010011000100010111010
16
111111110011100011111011111111011111111001111101101111010111100001011
171
1011111101000011111000111111110110110001101110101110001010100101111000
94
1111100011111111110111111001011100110000101101111000100011110000111111
52
110110001110111101100011011011110100110110000010101101000111010101101
70
111100111001110010110001111110111111110110010011101011100111010101111
107
1101110110001011111010110011100011001110001000110000000110101101000111
30
1110100000101011000011011011000100111110101110111001110011111100100101
172
1000011101111101111000110011010100001110100001111110000001100101011
63
1101110011000110100011010110010111111010110000001001111110110011110111
14
1111110000000111001110001000100011110011000110111110110111110001000010
148
111111011001110001011101010111111100001111011101001110111001111011011
113
1111111001001100100010111111011110000111010000011011001111010011111111
128
1001011011111011101101101101110101010010001011101101111011111000110110
147
1010011111010100011111011001101111001001010111000110110110100011111111
106
1111101001010001101000010110110010110011110100011001110100110110001100
151
10110110111101011111001101101010101010100111010111100111111101100
19
1110100110111101111101110101101100100111000110011011111100100001101001
11
101100110111100101110111010110110001110011001110111111111111001111101
168
1101000110101111111110111101010111010111101010110011011101111001101100
127
101101101011110110110000111101011101110001111100100111011001101000101
85
1000010100010001000111111111111110111010000111101110000100011110011101
113
1110001001011000100000111110100001100110110111010001011110011011010
66
110110000001001010111111000101110100000001110101111010101100101111101
146
1010111111101010001100110111010111001000111011101000110100010111111111
137
100011111101111111010100011000000100100111010010011110111010011111001
55
111111001110101000011110111011111010110101011100010000000110100111101
174
1101011001111111101110011101100101111111010011111101010001111100101001
46
1111010001000111011110011010001111100011111111111110011110110011010101
148
101010101000101110101100111010111111010011111110101101001010110101
137
1000000111011001000111011111111100111111100110000110101100010011111101
60
1111111111110010010111111111001000001001111110101011100011111110110100
170
1110011010101101111101000111010010110101010000101011101010011111011001
172
1101100111110010010101010110011100100101111111011110010011001000111001
195
100100001101011101001011001010101111110100010011100010001111111111110
162
1111100100011001101011010110111111000110110100111101010011011111000010
2
1101001011001100010101011101110010110001000110010101011001101111101101
130
110111110001111001011010011000101001111111011111001110110110100001011
119
111111011101111001111110111011110100011100111011010011101011101110000
71
1100000001001101001011110011011011111101101111001100000011000000001101
26
11110111011011011001100011010111111110001101010111010001110010101010
165
1111111011001101001000111101111110000001111111011010101011111100011
200
1101001110011100111011011110000101101011011000110110011111110000010
134
1001111111111110001010101010011011110110010001101110110010000010001111
9
110111001000100110001111101011111101011001010100110110111101111001010
126
111101001101010101111001111111100001110010010000001101110111101111001
96
1101110100001101101010000111011110000100100101001110001010111000011011
50
101100100101001111111111111111011110010011110001011110110111001001111
64
1010001111111110101111101101110111011110000011101111010110001011111011
176
111001001111011110101111101110111110101001010010101010111110110001010
196
1110010011101110100110111111111011111111111100111111011010100101011101
80
11111110110000101011111101000010111010111010110111100111101101101010
86
1010111111010011101000001111101011101110110011101011011001011111111111
58
1011111010001110110010101100101101110011111011011001000000001100110101
52
1000011100101110111100111011111010001101110011100100111111011011011101
3
1100100111111101100001101111100110011110010110011010101111011111010111
22
111111111110001111100010100111010101111111110011101100110111110101111
65
1111011110101011011111100000011001110011001100010000111101111111011101
142
101000001111111110010001001100111000111110111010111111011111100110000
82
1001011100001000111011101010001011101010011010110111111000011001001110
34
1111111110111111011100101010011111001000101111101001011101001011111001
184
101111101111111111101111110101111110100000011010101110000111110010000
66
1000101110100011111101101101000001111000000001111111101100111011011101
5
110000101110110011110001101001111100111010110011100111011001001111111
167
111111110111001100100010001111011110110010111110010010111000100010011
41
1000011101101101010000110101101101000101000111010001010111110100101111
138
1001111000100001100110110111101111011111010011101111010111011101101101
185
11110011000011110111110101111011011101101111000101011101100000110001
34
1010100111000011100100111010100111110010110111000101011110110100101110
35
1100101000110110001101111101000100100100111111111111011101111011111110
31
1010001010101111110110100110111010111110010010111111011110101101010101
194
1000001010001100100011111001100010001000011010100011110110111111010110
57
1101111111100110011100100001100001000101110110011010001011001010011001
108
1111110010011111000101111011111011111101011010011011010000011100101111
41
1111101110101111011101111111110101001101010000011101110111001110001011
150
110011010000101101000011011011011111100110111110110001110100110111
173
1000101011100111110111011101100011100001011000000110110011111111010000
140
10101010010010001000011010010111111101011010000100111010011100111101
190
1011011001000000110000011111000000111100000111100100000101101100000101
124
111111111111111110011111101100011010101001011100001100100111000111111
188
1100010001101010101100010110110011010111111110000111101000111101101111
22
1011111100101010111111000000110110101011010111010110110101100111101101
191
1101110110001011111111000001001001011011111111010111101011011011110010
132
1101111111010111101111001111110111011000100011110110001100010000111011
65
1110111100011111110011111110100101110011011001011010100011111011101111
61
11101100111010111110011111101010101100001111111111110010011011001001
31
111010110101001110111110110010101110101011101010011111000110110101101
99
11011100010101100111110011111001001001000110111011010010111001101011
137
111101010110110001110111010110010101111111101110100010000011110100101
37
1001111100011100111101000101010111111111011000010100111101101100011000
113
1110110111010101001100011101011001011111101101010101010011101101110101
139
101111101111000000100011000001001001011001100011100011110110011101010
189
1101111001111110000101100101010100101001010111111111110101111011010110
183
1110001000100111011011001111110010010111100010100111101110001111001111
128
1001000111001101111001100111101110101010101001111110010010110110111001
64
10010011111111011001011101111111111111111111111001110111110111011111
194
1101010001011101010000111000110110101101000000100000011111001001010000
151
111000101010011001101110101001101110101010010111111110100011111011110
117
1110011110111111101111110000111011110111001110101111000111111010011100
2
1101001111110111110011011011010101101001110110011111111111110011010111
2
1010111111011111111110011011111010100110111010101111010111011100111001
53
1111111111001010101010101101101001110101010101110100111001110111101
91
1101110111100111000110001101111010111011101011111010111011110110111101
196
1111011111111101111010111110101100111001010010111011111010100100111111
72
1101010011111011010111010011110111100111111010110100101101100111001100
166
101011111111000100111010101111111011110100011100111111100010000011101
85
1110101011110101110100000011101100100001111101110100111111001101001111
142
1111100110111100100110101111110100111111000101001011111111010010100100
31
1011011111111110100110111110111010111101101011010111100111101001001101
124
110001111100011111111111011001001111110101101011000010110001010101000
64
10110110110111001101101010101111011011100100001101101011101100111110
68
10111110100100001101010111111001011101111100101110000011110001110010
35
1111011110010010010101110011101101011000111010111101111010110010010101
161
1011011101111011010010011001110101110100110010111000000110000110100001
193
1101100110011000010101101100111101100110001100010001011101001101101
103
11011101110000111101011000010010100110111011100010111101111110011111
20
1110001010101010011100110101001101010101001111110101101100101110110100
95
1110110011101100111111001110111111100111101110111100011010011001101001
71
110011101111111111100111110000110111011001001011011000111100011110001
25
101010111101000000100100001011001010000111111100011000110001011111110
179
110100000011111111110011110110000101001001000111001000011111100011111
146
1100110000111100001110000100010111111101100111110001001111001010110010
167
1011001011001101100110111111001011001110011010111111101101010110011001
1
1010111111010110111010101101101111111111110110111111101011111100011111
9
1110011001101001110101111110011000101110001010101000100111101111111111
99
1011100110001110111111101101101000110111111100011101100011011111101111
11
111010110100111000100110111100111011111111111101010011001001011111101
48
1100100000110111110111111011101010110100011111001001110101011111110011
195
1110010111101011111101001101110100011111111011100100011111010101101001
150
110000110001101101110101111011101110001001010101101001110010111111101
101
101001101111111101111111011010100111011001111111011011111001111101011
149
101111011111111001100111001000101111101101110000101100101101111101111
122
1010100110101110110001111110001110100011110000110101101100101110101101
133
1111101010011100000100000011011100111011011110011111110100011111111110
164
1111100111110001111111101000000100011000010001000010110001110111111001
187
1101111100010111101111001111111010110101010001010011111010000110100101
138
1011010011000000110110111010111010000010111111101110000111110110111111
101
101111010011011101110000110001111011110111010110011101011110011111001
19
110111010111111110101111111101110111111110000000100010001100111101011
49
1001010101011110001001011000010001101011011001110101101010111010011001
92
1110111101001111110011110011110111101010001101000010000110100100000010
39
1101001000101110010101101111000110010111010011011101101011001110111011
151
1100101100101010010100110000101000100011111111100111111010001110011101
140
100010100010011111110111010001111000110111001110011010001110110001011
189
1000001100101111110111010011100111100011001111011110111110110111111000
152
1010111101110110101101110100101110011100000110101100111011111010001110
65
1111101101111011100001110111011110011110111101111001100101110000011111
6
1011100011110001001110111100001111110000110111111101011000001100011010
39
111101011010000011010000010011111100011111101011001111011100110111001
9
11011010111000011110101100011011101010111110111111110101110111111
174
10101010100110000011010100111110110101001111001001011100101111010011
179
11101001110111111111011010010111010110010111011000011010000110011
144
111101001110110111111001011111101001000111000000100100101110101010
28
1100000000010001111101111011010111011011010001101000111011011011111111
33
1010010011010000101100101011011111111000111000111101111000011101011011
53
1111101111100101011101000101011011111100111010111101111001011111101
88
1110110100100111011111101101011111111100111010111101001101110111011111
21
1000011111110101100011101011111001010101110100000101101101111100110111
54
100111001001100111110000101111110100010011011001101111111101100101010
56
101010011001001101001100001111110111111110110011111101011100011011010
1
1101111011000111101001010111000110101100110110010101110010111011011
4
1000000111101110111011011110111011101100011001010101011111100111110111
54
1111000110011111101111010100010000110101001101111001001001010111111010
114
1111011010111101110111011101101101000101100001110101011111000111101111
25
1011110010001110111101101111110101111111011000101101110111110011000110
25
1111010110111110111010001101101010011011001100110110111101110011111001
7
1011110101010110010110011110011111101110001101111000111011010101100100
94
1001011101111101110111111111101010001010011011101101111011001111111
107
111101111111001011111110100110111100110110001100101101100011101011011
42
111110001100101101011010100101100000111101111010001000111010110111101
22
111101011110100011011110101011101000110111111111101101111101111001011
180
11111101111100001011011101101100110100101100011010111111101100010110
50
1111111101000011110111110111101101001100010001010101011101101000001010
70
11101111010001001110110101110000010110000001100111011100110001001100
12
1001010100011111011110110011010110110001001001111100110101010110111001
35
1001111011101100111011110001111001100011010011011010011011110101011011
97
1101101101001001001111111010001111111110000110100111001101010010101001
7
1101111011001100111011011010111111110010111111010011111101111110000
101
1011101011110101010000101110101011011100101111011111110001011111001110
34
1111111111111110111110100110010110111001110110110111010010101010110
95
1111110111001101111111001111001100110111010010011100111111100111011001
70
1010000111111100111011100100011001110111011111111011000111001001111101
48
1000101011100101111111100110011111101011101110111110001000111001100110
85
1111001101011011111011111011011100101011101010011010111010111111011001
79
111001101111101101100111011101001101001100000110110011100110111101
35
10010111100100100010000011110000111010111101011110111001111010001100
71
1000000111111101011110111110010000110000000100101011010110111110101110
149
1100011001110110101010001001010111000011111101100100111011001111011000
194
100111111000100101011111100111101111111110010111011100000010111
66
1111010110111101111000001111111100110101001110101000101101110010110100
186
1100110100101110011111111001000100111000001011001110111110100100101001
13
111011100111101110110000101010001110011101101011001001100111110100010
29
1011001101111111110010001110001011011001000111100111101110111111101011
174
101111111000110011111101111110100110011110100111010010111001001111010
139
1101101001110011100110110100011001101110101011011000110110110010001110
28
100111101011111011111110111001011001101011100011111111001011111011011
71
1111011111110000010110110100010110110010010011000010011011000001010001
36
1111110111011111111000111000010111010011110011000011011110110110101010
76
1110110001111110110111110110000010101111000110010111011010111101101111
122
110110010011010101111010111100100000011101110011001110101000100101101
5
1111101100010101111111010011011101010010100100101011011111111110001010
156
100001101100011001111010100110111110111100111110111111001111110111001
171
1110101110110010010110001001001111101111110110100111010110110111001
162
1010100010111111110000110001011011101000010000011111011111111110101011
144
1111011000000101011001011010010111010110111001111101000011110110101011
191
1011001011101111111011001011011101011011000001001001001101100110100001
113
1010101001100101001110111100101011000111101111010101110100101011110110
163
1001000110011011111111111111000110000100100110110001000101111110101010
110
1011111110101010100001110011101100001110110111011100000001111111001001
128
11110101001000111001111110101101101001111111011111011111011100001
168
1111010000100010010101110011110100011110111100110011010100111111010111
108
1101111001110011101100101100101001011001111101001111100111101001110110
184
1010100100111110000010000011100011011110001110011110101001100001010010
181
1111100111011000101110111010011101000101001111011111111111101111101001
45
100110101110001111111100100100110110011101111111111110110000100111011
101
1001111011101100111100110111011100001111001001111111101101110100100111
125
1111110100000001111100110111001110100111100110100011000111110011010011
99
1111000110101000010100001011010111001111110111011111101110001101011110
39
110111111011111000110101110011111100010010111110110111100010111111000
85
1111011000001101110000110100001110101100110101101111101101101101110110
125
1101001110111011100110111101111010000010010111110000101110000111111011
191
100111110000110101110000010011010101110110101110101111111100110000011
56
1010001110111111111000111110101011101101110000111011011011101110011110
15
1000110110001010011111111110011111010110101001111001000111010010001001
112
1010111111100001101001101101101000101111100101000001100111110111110
151
10111111111111110111100001111110010010110011101111110010101101110110
165
11000101100010110101001001101100111100011110101100010110100100111101
66
1011010001110111011010010101111110110111100110000001101011011000000110
64
1101101100000111100011101011111110001100010010100001111101101100111110
50
110100111001100010101000111100001100111110110101010001001111011001001
73
1101000010111101001010100011111111111101011010001101110000001011111011
159
110000111110110010011111111010111110011001001010110111100110111010
125
101010110111011101010101101001111011101101011011101001100111100111001
119
111100000111010001011011000100111110101001010100111111111111101001010
73
11100010001110001111110100100110011110101101111111111110111101101001
76
110101111001111110101010111001010011111101101111100101101101001111010
164
1101111110110011111000100000110111111100101100110001111101100111111000
43
1010011011110111001101001110101101001001101111000111000111100111011101
188
1111001101110000101101111011011010010100011101111110101010110001001110
147
1110110111010010111001010101101000010101011011101100010011000010101011
26
1111101110100010111101011010001010101111111111110101001110100111100100
177
1001100101111011011101110101100101110000111101001001100101111111101010
189
111011110000010100011110011001100110001011101000000110011101111011110
57
1111000000110001101011111100011011011111011011100011011110111100110110
185
1110001111101101100101110001001100101111000110011011101111001101011111
174
101011011111010111111111000011101110111011000011100111011100011110110
173
111100111111111010111000111111100100000110011100011111010101001110100
127
11100101111111010011000101000111011001001111111101101011000101111010
199
10101111101110101100011110111101001100011101110111011011101011110100
125
1000011111110100011011011101111111011010100010111011010110010000101111
199
1100011000100011011111110011101011000011011110110010100001101111110101
193
1011000111000111100111001011111101111000111111110111110010110100010100
183
1010001101000010011110100010100100100111100110001001101110100000011111
159
1101001000001100111101010001110110111111100011110111011111111010111110
68
10100110010011001001111111011011110110011101101111011100110111110010
44
1111110111111111101111011111111110100101000111010111001001111011100000
151
111001111111001111010101110110110100010011000101101010010100110101101
90
111110101010111011111011110011010101011010001110000111001001110110010
46
1110111011011111011101011111110111000010101100111111101101000111010100
145
1001011001100010100111111110001011100011010001100110110101011110010110
13
1011110101111100100011100111111011011111101100011111111111100010110111
10
1100101011110100111011000010010111100001101100110111011010010010101111
128
1010111100111101111110010000011100100101110111010010111101011001100001
161
1011011110111010010101001010010101110011110111100101110111000110100011
116
1010110001001100001001101110000111110101101110010110111111010101101101
183
100111110100111111001001111101101000000001111010101111110001100101111
186
1011101110000011111011011111101011111011011001010110111001011110111111
149
1101100001010110111100001100110111101110101100000001001000100101100011
110
1011010011111111110111110001111100111011111101001110101111010110000101
170
1111111101101010011100001111101010111001111110101111111011010001101101
3
1110110001011011111001111101110101100011101011111111100101001110101110
174
111000110110011110110110000001011101100110110110011011110101111011010
15
1000100010001110111101111111111000110111000100110101011000110111111101
162
1111010110011011111101100011111011011110001000011111101001110110100110
22
101000101101000110011000100001110011101010110000110111110111010101110
35
111111111110010000010110001011000110101100110111101110011111100001010
90
110101011101011110000111111111111101111111010110111111001111101101100
73
101100001111000111101111000110011110111111111010000110001111010011101
146
1111101100011100111100001001110010111010100111011111000011111101000011
17
1010001011011011000111010110101111011110101010100010110101010011001101
157
111010100010111100011011100110111011101111100110100111110101011100101
90
1010000010111010000011010110101101111111100110111110111101101001000
98
110101110111001111011111100100000110110010111110111010001110101100001
151
110111111001101111111100111101111010110011011101011111111000111111011
2
1010011111110011111101110101010000001111110011110100110011111111001111
139
1010111011111111100011011111111111001010010101000100110110011100011011
94
110111101011101110111010011001111111111011111100001111001011010101
11
111101101010011111001011011001101110000111111011110010110100111101110
93
1111000001111111100011011111111101001111100100111100011010101011111101
86
1000100111110010011110111101111101100101101000000111110001111111101100
69
1001010001100001100011011100000111101000010110100011100010111001111110
131
11110010111001010101100100001101010000111101111100101101111001111110
47
1011000010011011111001111100011110111011111010111110011111110001111010
126
1010101001111110110000111011011101110111000010001101011001110001011101
114
111111101101011110011101111101101111000011101010111011101111001111100
186
1111000110010100111100110111101010001101111000101101011011011011101110
192
1011101011101110111101011110110100111110110111010011000001011100110000
5
1110101100101110111010101111101110111101001100110101010000111010001100
96
10101000000111110111010001110111111110011110111010111011001100000110
192
1010001111101000011000110111001101001000101001100111101111010111111111
93
1100011110011011110001000101111001111001000101110110111111101000111111
8
1010010101101101010000011111111001111110111010110110010100011100110110
86
1000100100110011111110110110101111000111111010001100110111111110001
71
1001110100111001110111100101011101101101101010110010110111001111111011
114
11010001110111101110101010000110110110010001101111000110101010011001
9
111100111001111111101100111110001001101110010100010011011011100100100
16
1110001110110111010101110000111111110010110011111111000111110001111010
20
101111111011111111110101010110000010000101111110111101011010011000110
8
1111001111000100011111111001101111100001110101110011000101101101110110
198
1101100011111101111111111111011110011110111100010110001101111010101101
89
1001100111100111111111000000100111111000101110100010001011000011111100
8
1101010111001111001010011100111110100101110111110011000101110100001100
52
100011101010111011011101010000100111011100110011101101110001111101110
37
111111110100101111100110111000111001110111110111001010010000010010010
25
1101110001010010000011011111100110011101100001111101100100101111100001
164
1011001011100110100010011110010101101110110111101111100001000010100110
37
1011110111000110011001111111110000000101101011100010101100000101111101
198
1110001001111011011111011001110000101101110010011100110010111001001101
12
1011000011100010010100011111111011111101101101101011010110100000111111
96
1001010011010011110010111000001011001010011011100010010101011110011110
155
111001100110011011110000011110110110100101010101001100110110101101101
173
1011000100111000011111011010010111011111110001110110110110001111100100
169
1111001010011110111001100011011110100111111110000011111111111001110101
52
1110111011011101010100111111011011011100111111001000010001000011110000
48
101010011000011001001111101011111010111101110111011100010010110001010
160
1111000011010111100010111101010100110001011101111100001010110110011100
138
101001111011101111110100011011101110001100110011110011110001111110011
108
111001100101110101111110111100000010001101101100001010100100110111100
54
1111101110010010111010110010100000111110010111000011001111000000011010
78
1111111101111111011011111100110100011111111000010110011100001010011111
36
11001111010011100101011100000010011010101111110111011111010111101101
55
1011011001101011110110111001101011101010111010101001110010101100101011
180
1010010000011101100011011000000001011011111111110100011011001001011000
124
1001011110011011101100110000111101000001001110101011111110110101001101
182
11110111000100110100010000111000011011111110011011111111100110011001
48
1010110110010010101100010111101010110011100110101100111111111111100111
62
1100111111000111000101110011111110110011101100111110011110110110010100
172
1101011111100010111111100011101001011010100101101110011001111001001111
104
101110110111100101111111110111100001111001010111101010101001011010011
89
1010110101110000011111110101110111011100101101101111011000110111011110
82
101011111110101111010110110111111001101111101111010010001111010011
89
1110100110010011110101101011110111010010011110001100011011001111111110
86
100111101010110010101111010010110010111111110101110111111101111111111
63
1011111011011100001110011010110010110111010011110011111111101011001110
169
1101011011011011100001110111000011111111000010001101100010110001110111
3
1010100111000001011110101100101101100101000100110011111010010110000001
27
1111010111110001110010110000001100001001011011111000101111001000111111
64
111101001110000101000111101110110101011001010101010011110111011111011
44
1101111100011100011111001010101101110011101111101110010111101010111001
145
100000110110011111101110010001111101101010010100010100110011011110101
55
1010011100111100101110101010111111000111000110100101001011100010001101
59
1001011001111000101110001011001010010011011100011101111110001111110000
126
1011100000101001001111101111000101011101001100001010100100001100101101
118
1101100001000101000111101010100111100100011110111011110111101010101100
19
1011110000100111100001011111011010000011100111011010100100011010001111
177
1100100101001001110111001101010010111100100111110101111110010111010110
6
1000110111100001111100110111011110101011010111111001111011010011111100
39
11000111000011100111111111001101000010101010000010111001101111100011
165
11010111001100111101000110111100110100110101010101000111011001011001
20
110111110101111000100111011000010010111111001101010100110001011100011
187
11101001010111111100001111100111101111101001100111011000111111011110
161
1010110111110000001111111110110011101011101110110010111101110011101101
70
111010111011100011000100100101011010001011111000110101011000110111011
154
111101111111011101010110010100100010000011110111001101011101010101010
67
1001011101001111111110100100010010111111011111100110111111111100011
2
110101100000000011111111010001101001011001110111001010110001111000011
30
1111111011100110110111101001101111011111101010101100110111111011111011
59
1100111111101000110100001001111101011000110110000101101111111101000111
6
1100011110001100101010011111100110011000100111110110110100111101111101
17
1111101111011110111100101000010100110010101111110100001100011010
2
110001011011000111101011011001101101011011011011010001000001101011011
179
1001111011101101101101100101010100001100111100101110110100010100001000
48
1100011111010111110111111001001101111001000101010011000011010011010111
16
10000101111001010111000010011001111010110011010111101001111001010011
14
1011000110100111100011011101101100111001001101011111011010011011010111
54
1010111110001001100110100111111110011110010111111111110111011100001011
152
10111011111111111111101011100001110000100101101110000000111000011010
98
1110011000000111011110011000101011010101001010101011101110111111101101
154
1010110100100000110011100001010011110100010111100011101011111101001011
65
1011101101101001010010011100100001001111000011010111010111101100101101
62
11110110001111111110110001010100100111100011010010110111001110101011
115
11111111011000000110100100110011100111100000001000111101111100111001
156
1000100101111111111101011010010010110111100110100101110010000001111110
122
1101101000111101001111101110011101101110011111010110110010010000000101
63
110100111101100111111001011011110111011010001101000011010111001111100
170
1111111111100101001011011000101001101101001111111011010010100010101111
94
10111000011011001010110001111110100111111011101110111110101000100010
63
1111111101111101111011001010011101010111111111111001100111110101110100
179
1011111101011111100101111101101101101101111111111010110001110110101101
112
1100000100111111010010111011111110111110001110011001100010011101010111
87
1010111011011000000001111001101010111111101111000010110111011111000010
152
111111100100011101011101100101110011011011111101001111000011101110100
192
1110111111101010111110110101111011001101101010111101011001101011110110
31
1100111000000110010000110001110011110001111101111110110100011101010101
48
1111110111010100011111000010100011011100110111110100001110101101101001
62
1110110011100111100010100011010111100001011100101010010000011011000100
190
1000011111111000110101011011101101101000101010100110110100011000101011
101
11011100011111001111110010010011011001010110101000101111110011000111
96
110011011111011110011111100001110001111101001111111111001010000010100
200
100110101111100101111110010100111100100011000011001001111011000001111
68
101101010101000101000011101100011110111110010101000000001111110110
63
1101111111101101011111111111010011111001011011101101000111111011110000
151
1101000101011001011100000111101110111100001000110111111100110110111110
83
1100111011111111110100011111100110110101001100110001000110110101100111
68
1100010111101010101111110011101101011111011101101011001110101010111101
169
1011010010111110011000011101000010110111001101001110101011011010111111
104
101001111110111001100111001100101110011101011111100110001011110110101
6
1001000011110101111110001101101100011101111000100010100111110001111010
25
100000010110001110011111101111111110001110101110110111001010111100100
114
111001110101111001101111100010101001111010101111110111010110001101011
76
1011111100111110111111110100111101101001100010100000000110111111100101
41
1100000100111111101100101001100001110010001110110000101000100101111100
130
110111101111110101101110011100001101001110101111111010101011101001011
17
1111110110100110001110000101011111110011000001101010101010111011010010
193
101110100110111111011101110111011000011111101110011111110110100010110
125
1110110101101010110100011011010010011101010000010111111111010110110110
171
1111110100111001011011001010100111111101011110001101111011011111111101
114
1001101110110010100101001010110100010110101100000010110111111101000111
132
1001010110111010001110010110000011101100111001111110001100101111100110
122
1101110000110111111110010111110110011111000110111111111001100011010
90
1101111111111111111101000010101110000010101101001110011100011000100010
102
1101011110000001001111011111011000101111111111011111111101110101101110
10
1110010000101111110010111101101111011101101000011111001110110011111011
48
111101101100001110010011011010100011001110110001010010000111011001011
133
1101101100111111111000101011111001101111000011111101100001110110110011
169
1111001111101001100011111110111111111101001000111111110001011011110111
103
101101111111010110110110111111010011011101101110001011010001010101110
105
111001101011110010010111001100001101100111100101011101111111110001110
166
1100111101101111001110001110110010110101110010110011111110110011100001
2
1011011010011100010000111011010101111111110101100111010110101100001111
44
1100010101010100110110100011111100011111111011010110000111101111001110
36
1010101101110111110110011101101011111101110011110011111101111111110000
186
1011001101001111010011010110100111011101101111110110101110110111010100
129
111010111000110001010101110000101101111111010111000010101000101000101
102
11111101001111111011111011011111011100011110101010101100000111101111
91
