70 700
100000000000000000010000000000010001011100000010001000000000000
180
10000000100000000000100000001000000000000010000000001010000000000
24
10001000010000000000100101000000000000100000000000000000000010100100
20
1000000000000000000100001000000000000000100000001010000000
87
1100000000000000000000001000101010000000000000000000000000100000000000
3
110000000100000000000000010000000000000000000000000000000000000
200
1000000000000000011001000001000000000001000000000100000000000000000
129
1000000010000000000000000000000000010000000000000
31
1000000000000010010000000000000000000000000011000010000000000
127
100000000010000000000001000000010000000000010000000000000000100000
103
1000000000000000000010000000000000000
127
1011000000010001100000000011100000000000000000000000000000000010101100
135
10000100100000001100100000000000000010000000010000000000010000010
22
1000000000001000000000000010000000000000000000000000001010
94
1000000000000000000010000000000000001000000000100000000000000000101000
192
100100001001000000000000000000000000000100100100000000000
107
1000000001000001000100000001000000000000000000000000010
158
10000000000000000000000000100000000000000000100100000000000000
123
1000000001010000000001000000001000000000001100000000000100000000
70
100000000000000000000000010000000000000000010000000001000000000000000
3
100000000010000000000001000010000000000000000000111001000000000100000
54
1000010000000000000010000010000000000010001000000000000000000000000
177
10000000000000000000000000000000000000001100100000100000000
110
110000000001000000000000000000000000000000110000000000
35
10000010100000000000000000100000000101000000000000001000000000100
24
1000000000010000010010001000000000000000100100000000
10
110000001000000000000000100001100100000000000100000000000000000000000
9
1000000000000000000000000000000000101000000000000000000000001000011000
155
10000000000010000000000000001000000000001000010010010010000000000001
128
1000000000000001010001110101100100000000100000000000100000000000000100
62
100000000101000000010010000001000000000010000100
78
100010000000000011000000000000000000000000000000000000010000000000
104
1100001000000000000100001000000000000000000000000000000000001000100
90
100010000000000000000000000000000100010000000001000000000000000000
124
100010000000100000000000001000000001000000
130
10000000001010000000000001000000000000010000000000000100000
158
1001000000000000000000000000000000000000000001000000010000000000000000
85
100000000000000000000000000000000001000000000000001000000000000010
178
110010000000100000000000000000000000000000101000001000000000000001000
72
100000000000000000000000000000000000010100001000000100000010000000
79
10000000100000000000000100000000000000000001000000000010100000100
119
100000000011000000000000000000000000100100100000000000000010010
58
10000100000000000000000000000001000100000001000000000000010
68
1001010000100001010000000010000000000010000000
151
10111000000000001000000010000000000000000000100000000000000000001
30
1000001000001010000000000000000000001000000000100010000010100001000
140
1000000000000000000000000000000000001001001000000000000100000010000
16
110000010000000101110000000000000000000100000100000000000000100000000
132
10000000000000000000000000000010000000000100000010000010010000000
198
10000000000000000000000001011000000100000001000
109
100010000100101000000000000000000010100000100000000000000000100100
104
1001000010000000100000001000000000000000000000100000000000010000001100
65
1000000000000000010000000000000011000001100000000000000000010000
110
1000000000010100000100000000000000000000000000010000000000010000
151
10000000000000010000000000000001000000000100010000000000000
39
1000000011000000010101000000000100000100100001000000
164
1000011001000000000000010001001000000100000000001010000
66
1001000000010000000000000000000110000000010000000100000000000000
156
100011000000010000000000000000000001000000000000000
155
11000000000000000000000000000000000000000000
55
10000000000000000010010100000100000010010000000100000100100
123
1000001000000100001110000000000100000100000000001000000000001100000000
99
1000110100100000000000000010100001000000000000000000000110000000000
189
100000000100000000000000000000000000000000000000000000000000000000000
149
1000000000000100010001000000000010010000000000000000000010000000000010
141
10000000000000100000000000000010000000000000000010000010000000000101
109
1000000000000000100000000000000000000000000000000010000000001000000
190
10000001000000010001000101000000001000000000000100100010000000100000
139
100000000000000000000000000000000000010000000000000100
164
1100000000000000001000001100000000000000010000000010000000000
7
10010000000000000000000000000100000000100000000000010010011000000
54
1000000000010000001000000001000000000100000000000100001000000000000
51
1000000100000000000000000000001000000000010001000010000000010000000
133
1000000000001000000000000000000000000001001000010010000000001
122
100000000000000000000100000001000000000000000000000000100000000000000
181
10000000000000100001000000000001000000100000000000001000100000
109
10000000000000000000000000000000001000
169
10000010000000010000000000000000000110000001000010011001
32
10000000000000000000001000000001000000000000000100001100000000000
33
1001110010001100000000000000100000000001000001000000000011100001000000
186
10001000000000000000000010000000000000000000000000011000000000010000
101
100000000000000000000000000100000000001000000000000000001000000000
90
1000000100000000000000000000000000000010000000000000100000000000010000
113
1000000000000100000010000000000000001010000100000000001000000010000
160
101000000100000000100000000001000000000010000000000000000010000000
169
100000000000000010000000000000000000000100100100000000
16
10000000000000000000100000010000000000000000000000000000000
4
10000100100000000001000000001010000000000000000000000000000
115
1000010000000100000000010001000000000000000000000100000000100000010000
93
100000001000000010000000100000000000000001000000000000111000
102
1000000000100000000000010000000000000100000000100000000000
175
10000000000001100000000100000000010000000000001010100000011010000000
93
100000000000000000001000001000100000000000000001000101000
165
10000000001000000100001100100000010000000000000001000100000
153
10000000000000000000010000000000000000000000000000000
10
1000000000000000000000000000000000000000000000000000001011100000000000
86
1000000000001101000000000000010000010000000001000000000000000000000
41
100000000000000100000000010000000101010000000010000100010
29
1100100010000000000000000000000100010000001000000000000000000000
18
100000000000000010000100000000000000010010010000000000000000000000
9
1001000000000000000010010010000000000100000000000000000100000000
197
100000000000000010000000000000000000000000000010000000011000010000
158
10000000000000010000000000000000100000000100000
48
1000001000000001001000010000000100110010000000000000000000000
16
10000010100000000000100000100000000100000010100000100000000000110000
141
101000000000000000000000000000000010000001000100001000000000000000
75
110000000101001000000000000001001010010001000100000000000000000000
63
100010001000000000100000000100000010000000001000000000000000000000000
9
1000100000000000000000000000000000001010000000000000000000000000000010
148
101100001000101000000000000000100001000000011000000000000000000000
135
11000000100100000000000000000001000000100000010000000000000000010000
193
1000010000000000000000010000000000100001000000001000000000000000
113
1001000000000000000000000000000101000000000000000010000001000
50
110000100000000001010000000100100100000000100010000000100000000000000
176
101001010000100000100100001000000010100100000000000
34
1000000000000000000000001000000000000000000000000010101000000000000000
29
10000000000110100000000000000000000000000000
62
10001000000000000000000011000011111000010000010000000000000101001000
147
100010000100000010000011001000001000100100100000100100000000000
47
1100000100001000000000000000000000000000000000000001000000000000000001
130
100000000000000000000000010100000000000000000010000000000000001
144
10001011010000000000000000000000001000000101000000
196
100000000000001000000000110000100000000000001000000000000
103
110000000000000000000000001001000000100001000000000000010000000100001
91
1000000000000000010000000010001100000000011010000000000100100100
128
10001000011001000000000000010001000100110000000000
107
100000000100000100000000000000000000001000000000000000110000
26
100000000001000000000000010001000000000000000001100000000000
29
100000000000000000000000000000000000000000000010000000010000001000011
104
10010100000000100000000000000010000010000100000000000000000000010010
155
101001000000000100000010101000000000010010000000010000000100000000000
5
11000000000000000000000000010000000000000000000000000000001000
33
100000000000000000000000000000000000000011000100001000000000000000
22
10000000000000000000000000000010000000001000000000000
107
10000000000010000000011000010000000000000100111000000000000000000
192
100000000110000000000000000000100010000000000000
44
110000000010001010000001000000000000000000100000001000000100000000
187
1000000000100000010000000000000000100010000001100000100
79
1000000000000010000001000000000000000000000000000000000000000000
36
100001000000000000000000001000000000000000000000000001
124
100001000000000000100010010000000000100000001001100
195
100000000000001011000000001100000000010000000001000000000000000000
76
11000000000000000101000000000000000000000000001000100000000001
37
10100001000000100001100010100001000000010010000000000000000010000101
147
110001010010001001001000000000000000010100000100000000000000100000000
123
100100000000000001000000000000000
53
100000000000000000000000000010000000010000000000000000000110000000
163
10001000000000000000000100100000000000000000000011100100000000100
123
1000010000001000000000001000000100000001000000000000000000000000
105
1000000000100000001100000000000000000010010000000000000000000000000
168
100000000000100000000000000000100010010000000000000001000100010000
141
1100000000000001011000001100000000001010000100010010000000100000
65
1000000000000000
40
100100000000011000000000000000000000000000100000000010000000011000000
159
10000000000000000010000000100100000000000000000000000100101000001
198
1010000000000000000000001000000000000000010001011001000000000000000
25
10000100000000000000000000000100000010000100010000000000000000000000
126
1000000000000000001001000000001000000000
12
1001000000101010000000000000010000000000110001000000
99
1000000010001000001000000100010010000000010101000010000100000100000001
51
100000001000010000010000100000000100010000100000000000011000000000000
4
10000010000000001100000000000000000000000001001010000000000100000
142
1000000000000000010000010010000100000010010000000000100001001000000100
168
1000010000000000000000000000000000000001010000000000000000000000
161
1000010000000010000000000010001000010000000000000000100000
117
100000010000001000000000000010010000000000000
147
11100000010000000000000000000000010000000000000000001000000000
196
1000001100100001000000110000010000011000001000000000000000000
160
100010001100000001001010010000000001000000000000000000000000
99
100000000000000100000000000000000000010000000100000000000000000
15
1001100000001000000100000000000100000000000000000000000010000000000
73
10000000000000000000000001000000000110100000010000000010010001010
82
1010000100000000001000000000100000000000001000000000000000000000
136
100000000000100001000001000000000000000000000000000000010000000000001
166
1011000110000010010010000100000000010100100000100000010000100000
194
1110000000010100000000001000000000000000000000010110000000000000000010
22
10000000000000010000000000001000000000000000000000
188
100000000000000010000000001100000010000000000000000000000001000000
122
1000000000000100000000000000000100000010010000000110100100100000000001
56
100000000000000000000100000000000000000000000000001001000100000100000
177
1000010001010000000011000000001000000000110000000
35
10000000000000000000000000000100000000000000000010000000000000
147
100000000000100101110000000000010000000000000000000001000000001000
172
1000000000000000000010000000001000001001000100000000
78
1000000000001000000000000000000000010000000000000000000000000000000000
12
10100100000000000000000100000000000000000000000010000000011
33
100100000000000000010001000000001101000000010000
76
1001000000000000100000000000000010000000001000000000100000100001000
102
100000000100000000101000100010001000000010000000000000001010000000
189
1000000000000110000000000011000010
44
100010000001000000000000000000000000000000000000000000000000000000
188
100000000000000000000000010000010000000001000100000100000100000000
186
10000100000000001000000000000000000000000000000000000000000
168
1000100000000000010001000001000100000011000010000000010
87
100000000000000000001000000000100010100000101000
70
100000000000101000000010000000010000000000010000000010010010000001100
9
10000000001000001000000100000000001010000000000000000000000
168
100000000000000000010010000000000000000000000000000000010000000000
106
10000000010100000100001000000000000010000000000101000001
89
10000000000000000000000000000000000010001010000000000000000000
120
1000000001000000000000000001100000000000000101001000000100000001000000
129
10000000000001000000100000000000000000000010000000000000
135
1000001000000000000000000000010000000000000000000000100000100000000
159
100000000000000000000000000000000000000000000011000000001
190
100000000000000001000000000000000000000101100000
110
100000000000000000000000000000000001000000010000
122
1000000000010000000000000001000000000000001010
93
10000000000000100100010000100000000000000000001000000000001000000
83
1000100000000000000100000000000100000000000000000000010000000000000
190
1000000010000000000000001000000000100000000000000100000010100001010000
113
10101000000100000000000000000000000000000010010000000000000001000
138
10000000000000000000001000100000000000000010100000010000000000
53
1000000000000000000000000000001000100000000001100010000
163
100000000001100000000000100100010000010000000010000
66
1000001000000100100000010011010100000000001000000000000011010000010000
175
1000000000000000000000000000000000000000000100100001000000010001000000
45
100010000000000000000010000000000000010001000000000100000100100
182
1000000000101000000000110000001000000001000000000000
165
10100010000110000000000010001000000000001000000010
5
10000010000010010000000000000000001000000000010000000000011000
129
100000000100000000000011000001001000000000010000000000000000001000
112
10100000000000000000000000010000100000100001000000000010000000
115
1000010000000100000000001000000000100010000000000
146
100101000000100000000010000000000000000010010000000000000100
86
1000000000000010000000000000011000000000010000000000000100000010100
184
101000000001000000000100000000000000101000000101000000100000
42
100000100000000000000000000001001000011000000000000000010000000
58
10101000001000000000000000000000000000000000010010000000000000
62
10000000000000000000000001001000000000000000000100000001000000000000
45
101100010010000000000000000010010000010000010000000001000000001000
71
101000000010000000000000010000000100000000000000000100001001000010100
41
101000000001000010000000100000000100000111000100000000000100
87
10000000001000000101100000000000100000000000010000001100000000
6
10000000000000000000000000000000000001000000000000101000000000010000
42
10000010000000000000000000100000000000000010000000000000000000
103
100000000100100000000000000100001000000000000000000100000001
152
100000000000000000000000000101000000000000100000010000100000000000
147
100100010001000100000100000000010000000000000101000010000010000001
1
1000000000000000010101000000000000000000101000000000000010000000000
92
1000000000010100000000000000001000000100000000100000001000
48
1100000000000000000000000001000
110
100000000000001000001010001000000100001000000000000000000000000
38
100000000000000000000000000000000000000100000000000100000000
180
100000000001000000000000000000000000000000000000000000000000
134
101000001000000000000000000000000001000000000000000000000
124
110001000010000000000010000000000000000100000010000100000
164
100000001000000000100011001100000000010
106
1000001000000000000100000000000100000010000000000
34
1000010000000000000100000000001000000000100000010000100000
30
1000000100000000100000000000000001100000000100000000000000010000001000
172
100000010000000000000100000000000000001000000000000000000011000000000
107
10100000000000000000000000000000000000000000000000000000001
167
100000001000000000000000001000000100010000000000000100000000000
158
10010000000001101000000000000000000000000001010010000000
12
11100000000000000000000100000000000000100000001000011010000
121
100000100000000100000000100011000000000010000100000000000000000000
110
1000010010000000100000000000000000001000000000000010000000
17
10000100000000010000000000000000001000000000000000100011001100000
79
101000000000001001110000000000000000110010000000001
52
1000001000001000000000010000000000010000000000100000000000000000000
130
100000000000000100000000000000000000000000000100000000
192
1000000000000000001100000000001000000000000000000000000100000
78
10100000000000010001000000000000000000000001000000000000000000010000
26
1000000000000000000000000000000000000000000010000000
10
1010000000000000000000000000000000000000000000100010010010
16
1100000000000010100000000000010011000000100000000001000001000000000
171
1001000000000000000000000000010000010000000010000010000000000001000000
94
100000010010000000000000000000000100000000000000000001000
52
1000000000000001000000000000000000000000101000000001000000000
70
100000000000000100000000000100001000000000000000001100000000000000
107
1000010000000000101000000000000010000000000000000000000000100000000000
30
10000010000000000000000100000001000000000000000100
172
1000000000100000000000000000000000100000000000000000000000000
63
1000010010100100000010000001000000000010000000100
14
110000000000000000100000000000000010000000010000000000100100001000000
148
10000000000000000101000000000011000001100000000010000000
113
1100000000000000000001000000100000001000000000010000110000000000000
128
10000000000000000000000001000010000000000000000000100000000010
147
1010000000000000000000000001000000010001000010000110000000000000
106
10000000000000000000000000000000100000000000000001000000000000000000
151
100010010001000001000001000010000000100001000001000010001000000
19
100000100100000000000000000000000100010000100000010001000000000000000
11
100000100000000000000000010100100000000000000000100000010000000000100
168
100000000010000000000000000000000100000100010011000000000000000
127
10000000000000000000000000000000000100000100000001000000000
85
1000000100000000000000110100000010000000000001000000000000001000001000
113
10000000000000100010000000000010000000000
66
100000000000000000010010000000000100000001000000000000000000001000001
146
10000100101000000000000000000011000000000000000000000000000000000000
137
10000010000000000000000000000000000000000000000010000000
55
100000000000001000010100001010000000010001000100010000000000000110100
174
1000001000100001000000100001000000001000000000001000100100000
46
1000000000000101100010000000010000000000000000000000
148
100000100000000000000000000010100001010000000010000000000000000000
137
1000001000000000111000000000101000010000010000000000001000100
60
1000000100010000000000000000000000000000110000000010000001001000010000
170
10000001001000000000000000000000000000000000011100000000001001000
172
1000000010000000000010010000000000000100000000000000000000000010000
195
100000000000000000000000000000000100000000000000000000000010001000000
162
1010000000000001000000100000000000000000001110000000
2
100000000000000000000001101000000000000000010010001000000000000000000
130
10000010000000000000000001000001011010001000010110000100000000
119
10000000000000000000000000000001000000000000000000000000000000
71
1000000000000000100001000010000000000000000000000000
26
11010000000000000000000000000100000010000000000001000000000000000000
165
1000010000000000000000100000000000001000000000000000000000000000
200
100000000100000010000000000000010000000010000000000000000000
134
101000100000000000000000000000010000000000010000000000000000000
9
1010000001000000000000000100000000001000000001000
126
100000000000000000000000000000001000000000000001000
96
1000000000001000000000100000000000000100101000000000000000000000000
50
100100001000000010000100000000000000010000000000000000000000000000
64
100110000000100000000000000000000000001000000000000000000010
176
100000000000001000001000000000000000100000000000000000000000000000010
196
1010000000000000000100010000001010001000110100000000001000000000000000
80
10011000000000000001010000000000000000110000000000100000000100000000
86
100000000000000000000000000000100000011100001000000010000011010
58
10000000000000000000000000000000000010000000000000000001100010000
52
1000010000100000110000000000101000000000000010000000100000000000001000
3
1000100000000001000000000000000000000000000000000000000101010000010000
22
100000110000000000000000000010000000001000000000000010000100001000
65
10000000010010010000000000000000001000000000000100000000000000000
142
1000000100000000000000000000000000000000000000000100000100000
82
101000100000001010000000000010000000000000000000000100
34
100000100101000000000100000010000000000000010000001000000000010100000
184
100010000000000100000000000000000000000000100000000
66
10000000000000001000000000000000000000000100000000010000000000
5
100100001000000000000001000000000000000000100000000000000010
167
1010001000000000000000100000000010000000000000010010000000010000
41
1001000000000000000000000000000100000000000000000000000000
138
100001000011000000101001
185
10010000000001000001000000000000000001100010000000010100000000000000
34
11000000000000000000000100100000000010000000000000010000100010
35
10000000100000000010010000001001000001000001000
31
1000100010000000000000000010101000010000000000000000000000000000
194
1000000000101000000000001000000010000010000000010100000100
57
1000000000001
108
10000000101000000001000000010000001001000010010000000000000000000
41
100110000100000000000000100000000000000000010000000001000000000000
150
1000000010011000000000000000100000000000000000000
173
10100001010100000001000001000000000000000000000000000000000000
140
10000000000000000000000000000000000000000000000000000100100
190
1000000000010000000100000000000000000000000000
124
11000010000100000000000001000001000000000000001000100001
188
1000000000010000010010000000000000000000100000000000100000
22
100100000000000000000000000000100000000000010000000000000100000000
191
10000000000000000000001000000000100000010000001001010000000010
132
100000000000000010000000000000000000000100000000100000
65
100000000010000000001000000000000000000000001000000000100000001100
61
1000000000000000000000000100010001000000001001000100000000000001000
31
10000000001001000101100100000000000000000001000000000000000000000001
99
10000000000000000000000001000000001001000000000000010000000001101000
137
100010110000000010000000100000000000000000010000000000000000000001
37
11000000000000000000000000000
113
10000000000000000100010000010000100000000100000001000000000000
139
1010000100000000000000000001001000010000100000000000000000000100000
189
1100001010010000000000100000000101000000000100001100000011000000000
183
110000000000000000000000000000001000000000
128
1000000000000010000000000100010000000001000001000000000000000000000
64
1000000000000000001000000000000000000000000000000000000000
194
1100010000000000000010101000000000100000000000000000000000
151
11000000000000001001000000001000010000000000000000000100000000000000
117
1000100000000000100000000000000001000000100010000100000010000000
2
1000000000000001000000000001000011100100000010000
2
1000001000010000101000010000010000000000010000100010000000001000000000
53
1000000000000000100000000000000000000000011000000000000
91
10000000000000000001101000000001001000000000000000000100000100
196
1000000000000000110010000100000000010000000000100010000000000000010000
72
1000000011000000000000001010000000000000000010000001100000010000000
166
11000000000000000100000000000000100
85
1100001001100000000000000000100000000000010100000000100010000000000000
142
100000000000000001000000000000000100
31
100010000000001000000000000000000100000000000001000000
124
100100010010000000000000000000000000000000000000000000
64
100000100100000000000000000000000000100000000000
68
1000000100000100000010000001000000110000100000000000100000000000
35
10000000100000000001011000100000001001001000000000000000
161
1001010000000000000010000000000100000000010010000000000010000010100000
193
100000000000100000000001000000010000000000000000100000000000
103
110000001000000000000000000000010000000000000000000000001000
20
1000000000010000000000000000000000000101110001000100000000000100
95
110000001000011000001000010000100001000000001000000000010000000000
71
1100000000010000000100000100000000000000000000000000000001100000
25
100100000000000000000000000000000000000000000000100001000000000
179
100101100011000000000000000000000000000000001000000000000
146
10100000000000000000100000000000000000000000000001000010000
167
1000000100000011001001000000010000000001000000100000000000000
1
1000000100010000001000100000000000000000000000000101100000000
9
100000000000000000000010000000000000100000000000000000010000000000101
99
1001000010000100010100000100100000000000000000000000000000010000000100
11
101000000000100000000010000100000001000000100001000010000000000010000
48
100100000000000000000000000000000000000000000000000000001011000100000
195
100100010110000000000000100010000000000000000000110000000000000
150
101101100000100000000010000000000001000000000000000000000
101
1001001100000000000000010000000000001001000010000000011000000000010
149
1000100000001100000000000001000000001000000100000000000100000000
122
10000000000100000000100000000000000000010000010000000000000000000000
133
1000000000010000000000000001010000100000000010000000000000000000001000
164
110000001000001000000100001000000001000000000000000000001000
187
1000000000101000000000000100000110001000000010010000000000100000000
138
1010000000000000000100000000100000000000100000000010000001000100001100
101
10000000010001000000100000100000000100000000000001000000011000000
19
10100000000110000100000010100000100000000000000000000000000000000000
49
10000000000000001000000000000100000000000
92
100000000100000000000000000000000000000000000010
39
100000000000100000000000010001000000000100000000000010001000
151
100100000000000000000000000000000000000010000010101000000100000100
140
10100000001000000000000000000000000000000000001010000000000000000
189
1000000000001000000000011001010010000000000100000100000
152
1100000000000000000000000000000000000100000100010000000000000
65
10000000000000100000010000010000000001000000000100000000001
6
1000000010000000010001000000010000000100010000000000000000000000000
39
11100000000000010010000000000000000000000000000000000010000000000000
9
11000000000000100000000000000000000
174
1000000100100000000000000000000010000000000000000
179
100000100001010010000000010000000000000000001000000000000000000
144
110000000000100100000000001100000000000000000000000000000010000000
28
1000000000010000111100000000000000011000000000001000000000000000010010
33
10000000000000000000001010000000000001000000100011000000000000001
53
100000100001000000000001000000000000000000000000000000000110000
88
100010000000001000000000000010000001000001000000000000000000011000000
21
100000011001000100000000000000000000100001000001000000100
54
100011001001000101110000000011000000010001000000000010000001000000000
56
1000000000000000000010000000000000000100100000000000000000
1
1001000000000000000000011000100000000000000000000010000110000000
4
100000000000000000000011100100000000000000010000000000000000
54
1010000000000100010000000000000100000001000000000110000000
114
10000000001000000000001000001000000000001000000001000000010000000
25
1010000000000100100100000000000000000100001000000000000000000000000000
25
100000010100100000000000000000000001010000000000000001000000010001000
7
1010000000000000000000001010010000000110000001100000000000000001000000
94
100000000000010000000010000000001000001000100100
107
1110010000010000100000000000100000010000000000000000010101011000
42
100000000001000000100000000010000000000001000000010000001000
22
1000000000000000010000000101000100000000000001001000001000000000
180
100000000000000000001101000000000000000000000000001000000000000
50
1000000000000000000000000100001000000000001010001000000000000000000
70
10000001000000001100000000100000000010000000000000000000000000000000
12
11001001000100000000110000001000000000100100001000000010000
35
1000010100100000000100000000000100000000000000010000010000001000000
97
100000000000101000010000000001000000010000000000000000000000000
7
10000000000010010000010000000000000000000000100001000000000
101
100000010000000000000000000000000000000010000100000000010001000110
34
10000000000000000000000010000000000000
95
100000000000000010001000000010000001000000000000000
70
11000000000000000000001000000110000000000001000100000
48
100110000000000000000000110000000000100000000000
85
10000000010011110001010010000100001000000000000000000000000001010000
79
11000000000000000000001000100000000001000000000000000000010000001
35
1100000000000000000000000000010000000001100000000000000000100
71
1000000001000001000010010000010000110000000000000000010000010000000000
149
10000000000001000000100001000000000000
194
100010000000000100011000000000000010101000000000000000000000101
66
1001010000000000000000000100000000000000000000000000000100
186
100000000000000110000000100100000001000000010100000000000100000
13
100000000000100000000000000000000000011000100000001000000010010000000
29
1000000000000000000000010000000000001100100100000000010000000
174
1000000000000000000101000000000000000000000000000011000000001000
139
100001000000001000100000000000000000000101000000000000000000000000000
28
1001000000000000100000000000000001000000000000000000000000000000
71
1001010000000000000000000000000100000000010010000000000000000001010001
36
1001100100000100000000010000000100000000100000000010000100000100000000
76
100000010000000100000000000000000000000000000000000000100100101000
122
10000000001100000001000000000000000000000000100000000000000001
5
1000100000000000000001000001000000000000100000000000000000001000000000
156
10000000000000000100000000010111000000000000000000
171
10000000000010000100001
162
1000000000000010
144
10000000000000000000000000010000100000000000000000000000100000000
191
1010001000000000000000000001000000000000000000000001000000000000
113
10001000000100000000000100000000000001000000000000000000000001010000
163
1000101000000000000100010000000000100000000000000
110
100000000000000000000000000001000000000000000000000010001000000
128
100000000000100001000000000000001001000000000000000000000000000
168
1000000000000000000000000000000000000000000100000000000000000000010
108
1000010100000000000001001000001010000001100100010000000000010
184
10100000001100000000000000000000000000000000000000000000000000000000
181
1000011010000000000000000000000000000001110000000000000000000001000
45
1001100000000000010001100000000000000000000000000000
101
100000001000000010000000000000000000100000000001000000000000
125
1010000100001000000000100000000000000000000010000000000
99
100000100000000000000000000000010001000000001010000001000000001000000
39
1000000000110001000000010000010000000000000000000010000000000
85
101001000000000000000000100001000000000010000000000000000000000000000
125
100000000010000000000000100000000000010010000000000100000000001000000
191
10000000000000100000000000000000000110001000000010010000000000011
56
10011000001000100000000000001000010000010000000010001000000000
15
10010001100000000001000000000000000000000001010000000000
112
100000000000000000000001000000001001000001000000000010000000000
151
1000100000100100000000100000000000100000000000000010000001000000
165
10100000000000000000010100000000000000010000000000000100
66
1010010000000000000000000000000000000100100010000000000001000000000010
64
100000000000000000000100010010000001000000000000001000000000000010000
50
100000001000000000000000000000001000011000010100000000000000000001000
73
100001001000000000000000000000000000000001
159
1000001000000000000010000000000010001000
125
100000000000000000100000100000000000000000000001000001100000000
119
101000000010000000000000000000000000001000000000000000000001000000000
73
1001010000100100000010000000000000000010001001000000
76
101000000000000010000000010001000000100100000000100000001000000
164
101010000110010000000000000010000100000000100110000000000000000010000
43
1100000000001000000000000000000010000011000101000101
188
1000000000100000000000000000000000000000010100001100000010010000000100
147
1100000110000000100000000000000000000000000001000000000000000000000000
26
100000000000100001000010000000000001000010000000000000000000000000
177
1000000000010000001000000000000000000000000000000000100001001000000010
189
1000100000000000010000000000000000000010100000000000000001010000000
57
10000000010000000001001000000000001000000000010000100000000
185
100000100000000100000001000000100000000000010100000000100000000
174
100010000001000100000000000000000100000001000000000000000000000000000
173
101000000000000000000000000100000100000000000101000000100
127
1000000000100000110000000001010011000000000000100000000
199
10001010000000001100000100000000000000001000010001010000001000000100
125
1000000001000000000000001000100000000010000000100000010000010000000000
199
1000010000000001000000100000001001000000001000000000000000000101000000
193
100000010010000000000100000000000010000000100000000
183
100000000000000000001000000000000101000000000010000
159
1100010000010000010000000000000000000011010000000010001010
68
1001000000000000000000011001000000110000010
44
1000000000000100000000000000000000010001000001000000000
151
1010010000100000000000100000100010000000001000000000000000100000
90
1000100001000000100000010100010000000000000001001000000000000
46
1001001000000000000000000000000000000000000000000000000000000
145
1000000000100000000000000000000000000000000000000000010000000010000000
13
1001000100000000000000000000000000000000000000000000100010000000000010
10
100000000000000000001000010000001100000000000000000000000000000000000
128
100000000000001000010000001000000001000001000000001000000000100000
161
1000010000010000000100000000000000000010100000100000000010000100000000
116
1000000000100010000000000001100000000000000000000000000001
183
10000001000000000010000100000000000101000100100110000000000000
186
11001100000000000011000000000000001000001000000010000001001010000000
149
100000100000000000000000100000000000
110
10010000101000000101000000000100000011000100000010000000000000000101
170
1000000101000000000001001000000010001110000001000001000000000000000
3
10000000010001000001100100100001000000001000000000000101001000000000
174
100010000000000000010010010
15
10000000000000000000000000000000000000000000000000110000
162
10010000011000101000000000000000010000000000001000000000100000100000
22
100000100000000000000000000000100000000000010000000100000000000000000
35
100100000000010000001010000010000000000100000000001101000000000
90
110000100000000000000000000000000001001000000000001000
73
101000001100010000000010000000010000000000100000001000010000
146
10000100000000100000000000100000000000000000000000000001001000000000
17
10000011000000000000000000000000000000100000000000010000000100
157
10000000000001000000000000100000000000100000000100001000000000000000
90
10000000000000000000000000000011000000000000110000000000000
98
100000000100000000000000000000000000000000001100000000000000000000000
151
1000000000000000000000000000000000000100000000000000011000000
2
1001100010001100000001000000000001000000000000000000000000000000
139
1000000000000001000000000000010000001000000000000000100100000000000010
94
1000000101000011000001000000000001000001000001000000000
11
100001001000000000000010011001000000000000000000000000000000010000000
93
10000000001000000010000000000000000000000100001000000000000011001000
86
100000010001000001001000001100000000000000000000000000010100100
69
10000000000000000000000100000100000010000100010
131
110001010000000000000001000000000101000000000101000000010000
47
10000000000000000000010000001000000000000000000000000000000001000000
126
10100001100010000000000000000001000110000000001000000000100000000000
114
100000000000000011000
186
10000000000000000010100000001000100000000000000000000000000000
192
1000000001000010000000010000000100101000000000000010000000000000000000
5
100100000000000010000100000000010000000000000010000000000000000000000
96
100000000000100100000000000000010000011000000000000000000100000000
192
100000000000000000000000001000000001000010000000000000000000
93
10010001000001000100000000000000000000000000000000000000001000
8
1000000000000001000000001000000000000100000000000000100010000
86
10001000000000000000000000000000000000000001100000000
71
1000110100100000000000000000000000000000000000000000000000000000000000
114
10000000100100000001000000100000000000001100010000000000000000000
9
100100000100000010000001000010010000000001000000000000000
16
100000000100000000001101000000000000000000000000010000001000
20
1000000000100010000000000000000000000001001100001001000000001000100
8
100000000000000000100000000001110000000000001000001000100001000000000
198
100000011001001000010001010001010010000100000000000000000010010000100
89
1000000000000000010000000000000101000100000000010000000000000000000
8
10000000100000000001000100110001000000000000000100
52
100010001000000000000000000010000000000000100000010000110000000
37
100100000001100000000100000000000100001000000000000000000000010010
25
100000000000000000000000000000000001000000010000000000001000000001
164
1010100000000000000110010001000000010001100000000000000000100110
37
10000000000000010000000000000000000011000000000000000000000000
198
1000000000000010000010001000000000000000010000001100000000010000000100
12
1000010010000000000001000001000000000000000000
96
1000000000000010000000000000000000000000000000000010000000000000000000
155
1000100001001000000000010000000000000000000001000000000000000100
173
1000000000000000100011010000000010000000000000000000100000100000000
169
100011000000000011000000100100000000000001000001000000000
52
10000000001000000000010010000000000000010000000000000000000000000000
48
1010000000010000000110000000011000000000110000000100000000000000000
160
10000000000001000000111000000000000000000000000000000000000000000000
138
10100001000000100000000000000100000100000000000000
108
10001000000000000000000010000000000001001100000000000000100100001000
54
1000000000000000000010000000000000000000010000000000000010000000000010
78
1000100000001110000000001000000000000001001000000000000000000000011100
36
11000000000000000000000000000000000101000000010101000000000101
55
10010101000100001000000011010000001000000000000100000
180
1010000000001000000000000000000000001000000000000100010010000000000000
124
10000000000000000000000000000000000000000011100010001000000
182
100100000000000000000000010000000000000000000001000001000000010000
48
100010000000100100000000000000000000000010000000010000110001000001
62
1000000000000000000100000000001000100001000000000100000000000000000000
172
100000000000001000000001000000000000001000110011000000000000001
104
101000100000000101011000100000000001100000000100000000000001010000000
89
10000010000000000000100000001000000000000000101000000000000000000
82
10000000000000000100000010000000000000001000010000000000000
89
1000100000010000010000000000010110000000001010000000000000000001000000
86
10000000000000100001000000000000010000100000000010000000001000000
63
11000100000110000000110000010000000010000000010000000000001010
169
1000010000000000000000000000000000000000000000000100000000000000000010
3
10000000000000001000000000000100100000000000000000000000000010000000
27
1000000000010000000000000000000000000100000100000000000000000
64
10000000000100000000000001000000000000000000000001010001000
44
100000000010000000010000000000000000000100000000000000100100000000000
145
100000001101000000000000100001000000100000000010000000000000
55
100001000000110000000000000000100000000000100000000000000000000
59
100000000000000000000000000000001000001000000000000010000000
126
1001000100100000000000000000000000000000000100001000000001
118
111000000000001000100010100000000000110100010000000
19
100000001000000000000000000000000000100000000000000000
177
100000000010000001000010000000000000000010000000000000000010000
6
1000000010000001000000100001000000000000000000001001101000000010000000
39
1000000000110000001000000000010000000000000000000100000
165
1000000000000110000010101010000000000000000011001
20
10000001000000011010000000000000001000001000000000000000000000
187
1100000000000001100000100000000000000001000000100000000000010000000
161
10000001010001000010001000000000000000000000000000001000101
70
100000000000100001000000000000000000000000000000000000000000110000010
154
110000010000000100010000000000000000000010000100000001000000010101000
67
10010000000000000000010000000100000100010010000000010
2
10000000000000000001101010000001000000000110000000000000000001000000
30
110010000000000000000000000100000001000000100000000000100000000001
59
1100001101000000000100000000000000000000000100000001000000000000000110
6
1000010000000000000000001001000010000000000101000000000000001000010000
17
100000100001000010000010000000100000000001000000000
2
1000001000000000000000000001000000000000001000000000000000000000
179
100000000000000000000000000000000000000000000000000000000000001000
48
100000100000000100001001001000100000000000000010000000010000010010010
16
100000010000000000010000000000000000010100000000010000010000
14
11000000001100001100000000000101000001000000000000010001
54
10000000000000000000000000101000000000000000001100000000000000000000
152
10010001010000010000100000000000000000100000101100000000000000000000
98
1000001000000010000000000000000000000101000000000010100100100000100000
154
100000000000000000100001000000000000000001100010000000000000000000
65
100000000000000000000100000000110000000000010000000000000100000
62
10100000000000011110010001000000000010000001000000000000001010000000
115
100010010000000100100000000000000010000000000000000000000000000000
156
100000000001000000000000010000000000000000000000000000001110010
122
1001000000001100000000001000001000000000000000000100000000000000000001
63
100101000000011000000000000100000010010000000000000000000001000000
170
10000000000000000000000000100000000010011000000000000000000000
94
1110000000010000000000000000000000000000
63
1010000001000000000000000001000000001110000001000000001000000000000
179
1000011000000001001001000100000001010000101000100000000010000000
112
100000000001000000000000000110110000000000000000000000000000000000000
87
10000000001001000101000000000100000000010000000000000000000
152
1000000001000000100000000000001000000000000000000000000000000000
192
1000000010000000000000011000000000000000000000000000001100010
31
1000000000000000010000000000000000100000000000000010000000000000010000
48
110100000000011001000000000000000000000100000000000010000100000000
62
1010000000000100100000000000010010000001001000001010000000000000000000
190
1000000010000000000000000000000001000000000100100001000000000
101
100010000000010000010100000000000000000000000100
96
11000010000100000010000010100000101000000000000000000000
200
100000000001010000000000000000100000000001001000000000000000000
68
1000001000000000000100100010010010010000001000000000110010110
63
1001100001001100000011000000000000000000000001001000000000000000000000
151
1010000010000000000000000000000000000000000000000000000100000
83
10000000000000010000000000100000000000000000000000000000000100
68
10000000000100110000000000000000000000001000000000000001000010001
169
11000000110000001000000000000000000000000000000010001000000000010100
104
100000011000000000000010000000100000000000000000000000000001000000000
6
1010000000110000001001000010000000000000000000010000000011010
25
100000000010000000000001000001000000000100000000000011000000100100000
114
100000100001000000000000000000000000000100000000000010000000010
76
1000010000000000000010000100000000000000000010000000000000100100000000
41
1000000000100000000100000000001000100
130
10100000010010100000001001100101001000000100000000000010
17
10000000000010000100010000000000000000000000101000000001000000
193
100100000000010101001100000010000000011000000000001000000000000000000
125
10000000000000100000010000010000010000000000000000100000000000000000
171
100000000001000000001000100100000100000000000100000001001000000000
114
10000000000000010000000010100000000010000000001000000000
132
1000000000000100000001000000010000001000000000000000000000
122
100000000000110010000000000110000000000000000000010001000000000
90
1000010000000000000000000000000000000000000000000000000000000000000
102
100000000001000010001000000000000000000000000000000000000000000
10
11000000000000000000001000000000000001000110000000000000
48
1000000010000000000000000010000000000000000
133
100100010000100000000010001000000001000010100100000000000100000001
169
1000100000000000000000100000000000001000000100001000000000001100100
103
100001000000000000000010000010000010010001000000000000000000000100100
105
1100000001000100000000000000001001100000000
166
1000110001000110000000000000010000000001000000000010000010010000000000
2
10000000000010000000000010000001010010100000000000000100000000010
44
10000000110000000000000000000000000000000000000010
36
11000000010000000000001000000001000000000000000000100000
186
1000000000000001010000100000000001000000000000000000100101010000
129
1000001100000001000001000000000000000000000000000000
102
1000100000101010000000001000100010100000000000000000000000101000010
91
1000000000000100000000000100000001010000000000000010000101100100000001
73
