70 900
111111101010111010111110111111110111011111011111011110111111111111101
180
1001110110000111111010011111001011001110101100111011100011111110110111
24
1111111110110110101011111111101011111111111111111011111110111111111110
20
1100111011111110101011111110111111011101111101011111100110101011101111
87
1111111101011111111110111111101111111001111010011001111111111001101111
3
111111111101111111100001111011111111011111111110111100111101111111101
200
1011111011011111010111011111111101010111111101111001101111001111111011
129
1101111111111011111101010111110111111000110111011110110111100111111111
31
110111111101011010111010111111011111011101110111111011010110111111001
127
1101111111010110111111101111011111111111001110110110011110011001101111
103
1111111111111111011010101111111101101110111101101101110011011111101101
127
1011111111010111111111011111111101111110011111111111110111100111101111
135
1111011111101111101011111111111011101010110001110011111111111111111111
22
1111101111101001111111011101111101111110000011110101110011111111111111
94
1111111011111011111011011110011111011011110111110010111111011010111011
192
1111111111111111111111011110101011110010010100010110111111110000111010
107
1111011101111111111111011110101011111111111111111111111111101110111111
158
1011101011010101111011111111111000100111111111011110111111101011011011
123
111101111111111110111111111011111111100111111011111100101110101111111
70
101110111111111111011111010000101111111010110111111001101111010100011
3
1101110101111001111111101111111110110111010100101111111101111101111011
54
101111010111001111111011011111101110111111111111101011111111111111111
177
100011111111011111111110110111111111010101010111111110111011101111100
110
111100110111111110111010011111011011111111111111001001111111111110101
35
1010011111011111011110101001111111110111111011111111110011110011011110
24
1011110111010111111001101110110111110011001011101100011011110111111001
10
1111101111111100101111100101111111110111010110111111101111111100101111
9
1111001010111010010000101111101001111110101011011111011111101101111011
155
1111110111111010111110111110011110111111111011111110111111111111011111
128
1111110001111101011101111111111111100001111110101111111010101101011111
62
111110111111110111111111011111111111111011111111111111111101011111110
78
111110111111101011111011111111011111111111011111110101111110111111111
104
111101111011011111011111111111111111101100110000001111110111111011111
90
100111111111110011111111010101110111111111111111111111111110101010111
124
11001110110011111111111011101011101101111111111011111100110011110101
130
1011101111111111111011011101111110101001111111011111110110101111111101
158
1011101011101111001010111010111111111110111111111011111111111101111101
85
1111110101111001111011111001111110111111111111011100111111111110011111
178
1110111010111111111101111111111001111111101111111101111111111010111101
72
1110110111111100111111101100101100011101111111111111111101011010111111
79
1011011101011111011101111111111110011011001111011011111110110111010101
119
1101111111111110111101101101101011110111001110111101010110001111010111
58
1011011101111111110110011110111110110111111011111111111011101111111111
68
1101111101101111010111101111110111111011110111010111111111111011001110
151
1111111111111111001111110111011010111111101111111111111001111111111111
30
1011101011111111010101101111100011011101111001011111110111011100111111
140
1011110110110111111011011011111110111101111111111111000110101111110101
16
1111111111010111111111010111111111110110111110111111110110001111011111
132
1111111100011110111111110000011111110111101110111011111000111111111111
198
1111110011110111010111111110111101111111111011101111101111111111111110
109
1110111010110111111011111111011001111111111101100111101100111111110111
104
1101111111111111111111111111100010100111111001110011011001111111001101
65
1111111010101111111111110011111110010111111101110110010111001100111111
110
1110111111111111111100111110111111110111111111011110111111111101011110
151
1111111100111110111110111110111111111101111011110101100111110111011011
39
1101111100101001111111101111111101111111101101011111011110111011111111
164
11100101111111101011111001011101111111001011110111111111101111111111
66
1111101111111111111110101111101111111111111111011111111101101011110111
156
1101110111111011111111111011111011011110111011111111011111101111111111
155
111111011010101111101110111101101111110011000110110111011010011111111
55
1101111111011111110110111111111110101110110111011110111111111011111111
123
1111111111001111011111111111111111011111111111111011101101101101111000
99
1111101111111111111111111111111111101110111101111001011111111010011111
189
1100111111111111011110001101111111111011110111011100111011111111100110
149
1011111111101110110011111010011111111001011110110111011111110101101111
141
1111111110111111111111101111101111111000111111111111111110111111111111
109
1111110111011111111111111110101111111110110111111101111111100101101101
190
1110111111001110011011000111111111111101011111011111111111110111101111
139
110011111111111111100111010110011111110111001111111111100111011111111
164
111110111110111111111111111101111111101011100111111111110111111111001
7
1111111111111101101111011111111101111001111111111101111111011111111101
54
1111101111101111111011111111111111110111111001111111111111111111100101
51
1011111011111101111101011101111111011000111111101111111111101011101111
133
1111111111111101100111101011101111110101101111111011011110111101111111
122
1111101011111111110111111111111011111110001111111111101101011111110111
181
1111111010111111111111111111111101111111101011111111111111101111111111
109
1111111011000111111111100111110011101111111010101101111111111101111111
169
1100101111011010111110111101111101101001011111011111110011011111111111
32
110011101111110111111111111110100111111111111111111111111101110111111
33
1111111111011111111111011111100010110011111111111011011111111111111111
186
1101111111110001110111111111111110110011101111111001111111111111011011
161
111001011111110110100111111100111111111111101110111111011111111110111
101
1110111111111011111111111111010111111010111011111111011110111111111011
90
1111111110010111111101101111110011110111110110011011111110111111110111
113
1111010101111011110011111111111110101111111001110001010101111111111111
160
1111111111100111111011110101011111110110110111001101011111110110111011
169
1110101110111011110011111111111110111111111101101101011111101110110111
16
1110111111011111111111001011111111111111111111111011110111110000011011
4
1101111101111111111110010111111011111101111101110011111111000111111111
115
1111011111111110110111111111111011111110100011111111111111111110111010
93
101110111111111011111111111001111110011111111111111111111111111111011
102
1101001110001100011111101101111111110101010110110111000100111110110111
175
1111111111101011111111101110011011111110110011111111111111111111101101
93
110101111111111110100110111000011101111110111011111111111111111111111
165
1011111011010111111111011100111011100111011110110111110011011110111111
153
1001111111111111111111001111101110111011110110101011100101010111101001
10
1100111111101010111001111100010010001111111111011111011111111100100111
86
1111011101101111111111111111110111111111111111011111111000111110011110
41
111110111000101101101011001110001111111111111111111111011111100110111
29
1111101111101011011111111110111111101111111101111111100110111101011111
18
1100100101110111111011111111001101111101111011011111111111111101011110
9
1011011111101111110011111111111010101111011101101100111011011111011111
197
1111101001010111111111010011111101111001011111111011101111111110111101
158
111111111011111111011011100111110111010111111010101111111011111111111
48
1111111111111001111110101111000010111111110111111101100111101011111111
16
1111111110110011011101111110111111111110110011101110101110011111110110
141
1111111110011111100110100111011110101111111101111101101110111111001101
75
1110111101111111011101101011111101011010110111111111101111111111011110
63
110111111111111101110101111111111111111111111101111010111110111111111
9
1101111110011111101011100110110101111011000111111111011101111100111111
148
1011101111111111111111011001110110111101110111111110111111111111110011
135
111110110100111111111111010011011101010110011010110111111011111011101
193
111111111110010111111111111111111111111111111000111101111111111111101
113
110110111111111110101110111101011010111101011111110111011111111111011
50
1111111110111111011111111101111111111011111111111111011100101101110110
176
1111111111111110100101111011110101100111111101101111110111110110100111
34
1111110110100110111101111110010111011000011101110011101100111101111111
29
1000111010001111101111111111111100111111111111011110111010011111111111
62
1111101110111011011011011111111111111101111011011111110111111111111111
147
1111101111111001101110111110111101001111101110111111110110111111111111
47
1110011111111111111111101100110110011111111111111111011111111011111011
130
101001111110100010011111111111011110110111111011100011111110011111011
144
1111110111111111111111101011111111101111000001111101111011111111101111
196
1111111111111111111111111101001111111111110101111110111011111111111111
103
1111110111011110110011111111001111011110011110111111111011110011111111
91
1011111100111011110001110111111110101101111110011111101011110111111111
128
1011110100011011111111111111111111110011111110111111101111111111111011
107
1011111011111110111110111111101111001111011011111111111001110011111111
26
1101111111111101110111111101100110111111101011111111111111111101111111
29
1111111111110011111111100111011110010100011111011111111111111101110011
104
1111111111111110111110111111001111001010101110110011010101111111110111
155
1111111111101110111001111111110111111111110011111110111111111111111111
5
11101111111110111111001111101110011111111111110111111100111111011111
33
1111111011110111011010111111110111111111111111111110111000101111101111
22
101111001111111011111111111111110101111011111111111110111111110011111
107
1011111101111111111111111111111111111110101010111111111011011101011001
192
1111111101101111100111111111111110101111111111011111111110010101111010
44
1110111100010111101011111011011011011101101111111111111001111111110111
187
1101100110111001011111011111111111111111010101111111011101111111011111
79
1011101101101101111111111101011011100001111100111111001001111001110101
36
1110111110111110111111111011100111111101111111111110111111011011111111
124
11011001011011111110111011110111100111011111111101101111111111111111
195
1011101111011011111111011111111111011001111110011111111111101001101111
76
111111111111101110101111111111111111110110111110111011011101011111111
37
1111111001111111101111111110101111100111011111110111111111111111111111
147
1111111111110111101111111101011011111111111111111111000101000111111111
123
1110100111010111111111111111100111010111111111111111011110111000101110
53
1101110111011111111111110111011011110111111111100011011111100111111111
163
1111111001111111111100111000111110111110101111101101111111111011111110
123
1111111111111111111110010111111111111111010111011111101111111101111111
105
1111101111001111111101111111111111111011111111111111111000111111110111
168
1111111110101111111111001111011111111110111101100111111111110110011001
141
1111111111011110010111111110111110111010111111011111111111111100111111
65
11111110111111110111011001111110011101011111101011111110110111011100
40
111111101111111111101111111110111111111101111111111011010110111111111
159
1101111111111101110011110101111111111110100111111111110111100111111111
198
1011111111111111110111110111111111001111110011111111101110101111111100
25
111011110110111011111101111111111101111111111011111111111111101101010
126
1111110101110011111110110101111100111111101101111011110111101111111110
12
1101111011101101111101111111110111110111111110101111110111111101101
99
1111111111011001111101111111111111011110111111111111111111110111111111
51
1111110111110111111010101100000101101011101111110011001111110101111110
4
1101111111010111111111111101100101111111111100111101011111111101101011
142
1010111110111110111011010010011111111110011111110111111011101111101111
168
1111111110111111101111111111111111111111111101011101111111100111001110
161
101111111111001011111111111110111111111111101111111111001111010110111
117
1110011111011111111100111111111111011111111111111111110111111110111001
147
110110111111111111111100000101110111011111111111110111101111111111111
196
1111111101111101111111111010111110111110101111011111111110001111111110
160
1111110011111111011111011011001111111011011011011011111111111011011101
99
1101111111110111110111101101111110111111110111101111110111111111110110
15
111111100111101101011101100111111111111011111011111110111111111110110
73
1111111111111011101111111110111111111111111111011011111011111111101111
82
1110111011111111101111101011010111111111001110111111111100010111011011
136
101011110111110011111101111101111111110101110111111011010010111111111
166
1111101011111111111110111111111111111111011101111111111011111111110011
194
1111001011110101110101111111101110101011100111111111111001011001110111
22
1100111110011110111110011111101101011111101000111111011011111111111111
188
1011110111110111011111110111011111110111111110111110111111101011111111
122
1111111111111111110111101110111111110111111111110110111101111110110111
56
1111101111010111101011110101111111101011111101111101111100111011110111
177
101101111111111110111111111011111111110011111011101000101110111111011
35
1100111111111111110011110111111101111101111110111111111111101010111110
147
1011100110111011111111111111111011011111111111011111011111111111011111
172
1111100111101101111111011111101111111111110100001111011111111110111111
78
1111111111111111111111111111111111110111000111111111111101100101111100
12
1110100111110101110111011100010011111111101011101111011000010111101111
33
1111000011111011011111110110011100111111111111011001111111001110011110
76
1111111110111111111101110001010111111001100101111101011111111111111101
102
1110111011111101110111111111111011111011111111111111110111101011011101
189
1100010111101010111111111101110000011011100111011111110110111111101111
44
1110110010111111111111011001011111111101101111111111011011111111111111
188
101111111100011001101101110111101111001011011011111010110111101101110
186
1111011100111111111110111111110110101100111111111111111011111110000111
168
1001111111111111111111111110111111101111111110111111111101111011011111
87
111111110101110101111110001011111010110111111110010110011100011111111
70
1110110010111101111111111111111111111101101011111111011010111111111100
9
1111011111010110101111111011111111101111111111110111110100010110111111
168
1101111010111101101111111111011011111011111110101110010101111101111111
106
111111001111011110110011111101100101111011110111111111110111111010001
89
1011111111111111101111111111110111101101111111111111011011110111101100
120
1110111111101101101101011101111111111101110111111101111111101101010101
129
1111110011001010101100110011111011101110001011111111101110110001011011
135
1011111011111011110101111111011111011111111111111111101111101111001011
159
1101111011111111101011111111111101110111111110110111011111111111111111
190
1001111011110111111101111111111111111111100111101111111110111111111111
110
1110100110111011111111101101111111101011011111111111110111111110011011
122
101111011111111110101111111111111010101111111011111111101100101111011
93
1111110101111111011100100111111101111010111011111001110011111111101100
83
1001011111110110111000111001011011100111111111111111011111111111110100
190
1111111111111101110111011111111111111111111111111110110011111011111111
113
1111111101111101110111011111110110111111101001111011011111011100011001
138
1011011111111110011111111001001111110111111110101110110110110111011110
53
1111111101111111000100001111110111011110011111111101111111111111111111
163
1100011111110111011111111110101111111111111110111110111111111011110110
66
1011011100110101101110010011111111111100011110010111111111111110111101
175
1100111101011111111111111110111111010111100111111101111101111111011000
45
1011111111111111010011110101111011111110011111111011011101111011111101
182
111110011111101101111010111111101011111111110001110111101111111111110
165
110101111011101100010111011111111011101111011111111111111011111111010
5
1101111110110110011111111111011111111111111111011111011011010111111110
129
1111111001111101011111011111010001111011011101011111011101111101111110
112
1100111111111011111110101111111011011110111111101111111111110111111111
115
11111111111110111111010011111101111111111101110101011111011001111010
146
1110111110111111101110111110111111101110111101111111111111101111111111
86
1111111111011001110111110001111111001010011110011110010011111101110111
184
100111111111110110111111101111111111111001011111111101111110010101111
42
1110111101111111001011110110111010011111101111111110110011101011111101
58
111101010111111111111001111011111111010011001111111111111111101101110
62
1111101100111010111111110101111111111111011110111111111111111010110111
45
1111111111111110111100111101011110111101111101011101111111111110011111
71
1111100111111111111111110111011111111101111110111110111111111111111111
41
11001011101111111111111110111111111101101111111111111111101110011101
87
1111111110011010001101111101111110111111111111110111011101111111011101
6
1111110010101110101110111111111011111111111101111110111111111111111111
42
1101001111111111101111111111111100111111111111111111111100010111101100
103
1111111011111011011101111101011111111101111010111111111110111110111001
152
1101101110111010111111111111111101111011111011111111010111111101011111
147
1111111110111111111111101101111111111111111011101111111111111010101101
1
111111111011111111110101111011111111111001111111000111011010100011111
92
1011110011011111101111111111101011100110111101100101010111111111101111
48
1011111111011100101111011001111110111111110011111011001011111011111111
110
1111111111011101100111111111011101001111101111000111101110101111111111
38
101010101110110101111111011110101111011111111111100111011111111111100
180
1111110111110100111011101111111110001100110010100101111111101110110011
134
1110111111101111011111011011011111110010101101111111110100110011100111
124
1101011101111111111111111101110111111111011111110011110111110111111101
164
1011111111110101011110010110000111010111010011110110111111111110110111
106
1101011111001111111111111011111011111001111011111111111111010111110001
34
1110011011111001110111101101000111111111111111101111110111011111111101
30
1111111111111011110011111111111111111001111110111111111110111111111110
172
1111011110011101111101111110111010110111111110000110111111111011111010
107
1111100111111111111110111111111110100011111110111011111010101111110111
167
1000111111111111111110111110111101111101111111010111111110111111111111
158
1111101111011011011111111101111111011100011001111111111011111110111110
12
1110111111111111110110111110110011111101110110111111111101111111111101
121
1111111001100101111111111011111111101011101011111111111110111011111111
110
1111010111111101111011111101111111010101011111001101111011111111000011
17
1111111111101111111010011011011011111111111111110111101111111111111111
79
1111111111011111011111111011011001111111111111111101111111111111111111
52
1111101111110101111101110111111111110111100111111101010111110101010111
130
1111101111111111101001111101111111011111101111110111111110111110111011
192
1011011011111011111111110111111100011111111110101111111110111011111111
78
110111111111110110111011111101101111111110111111101111011011011111111
26
111011011100011101111010111111111111111111111111111101111101011110101
10
1110111111101111111001111111111111111110111111111110111111110110111011
16
1111111111011100011111111111111111111111001111111101111011111101101111
171
1011111111100111111000111111111110111111111110111111111011101111111101
94
1111101111111111110111111111011101111001111101111000101111110101111111
52
1111110011111111111111111111011110100110111100111101101100111010101111
70
111110111011110010110001111110111111111111011111101011100111110111111
107
1101111111111111111010111111111011111110001110111110100110111111110111
30
1110110010111111111011111111111110111110111110111011111111111111101101
172
1111101011111111111111101111111010110011111100111111111110111111101111
63
1101110011100111100111011110010111111011111111011111111111111111111111
14
1111110010101111101110111000100011110011100110111110111111111101010110
148
111111011011110001011101011111111101101111111101111111111101111111011
113
1111111001001100111010111111111110011111010011011111011111011111111111
128
1101011111111011111101101111110101111111101011101101111011111001111110
147
1111011111111111011111011111101111001111010111011111110110110111111111
106
1111111101011011101001110110111111110111110100011101110110111110001100
151
100011110111111111011111111101111110101110110111110111110111111101101
19
1111101111111111111111110111111101100111110111111011111110110101101101
11
111101110111110101111111011111111011110111111110111111111111111111111
168
1101000111101111111111111111011111011111101111110011011111111011111111
127
1111111101011111110110110111101011111111101111110111111011001111001101
85
1100111110010011000111111111111110111111111111101111001111111110011101
113
1011110001011111100111101111111100011100111110111010001011110011011010
66
1110111000011101110111111111101111100011001111111111111111101111111111
146
1010111111101110111101110111010111111010111111101001111100011111111111
137
1110111111111111111010101111010010100101111010010111110111110111111101
55
1111111101110111111011110111011111110110101111110011010000110101111101
174
1101111111111111111111111111100101111111110011111111110001111110101011
46
1111010011011111111110011110111111110111111111111111111111110111111111
148
1011101011101000101111111100111011111111110111111110101111111011111101
137
1000011111011111100111111111111100111111111110110111101101110111111111
60
1111111111110011010111111111101110001111111111111011100011111111111110
170
1111011111101111111111100111011110111101111100111111111110011111011001
172
1101110111111110111101010111111101111101111111111111010011011111111101
195
111100001111011101111011011011111111111100011011101110011111111111111
162
1111101101011101111011010110111111011111111101111111011011011111001111
2
1111001111101101111101111101110111111001100111111111011111101111111101
130
110111110001111001011111111110101101111111011111111111111110110101011
119
111111111101111011111110111111111111111101111111010111111111111110011
71
1100100011101101001111111011011111111111101111111101110011001011101101
26
11111111011011011101101111110111111111011111111111111001110010111111
165
111111111011011111101011111101111111001111111111011111111111111100111
200
1001101011111111111111111111111100101101011111110111110011111111111011
134
1111111111111110101111111010011011111110110101111110111010110011101111
9
1110111011010100111101111101111111101111011011100111110111111111111011
126
111101101111010101111001111111101111110110110010101111111111101111011
96
1101110100111101101010110111011111101100110101111111101111111011111111
50
1101110100101001111111111111111111110111011110001111110111111001001111
64
1010011111111111101111101111111111111111100111101111111111001011111011
176
1111101001111111111111111101111111110111001111011101011111110110101110
196
1110111011101110101110111111111111111111111101111111111011100101011101
80
111111110111110111011111111001110111111111011111111100111111111101110
86
1011111111110111101100101111111011101111111111101011111001011111111111
58
1011111010011110110111111111101111110011111111111111111010101101110111
52
1011111100111111111101111011111110011111110011110100111111011111111111
3
1110101111111101110001101111101111011110011110111110111111011111011111
22
111111111110011111110110101111011111111111111011101110111111111111111
65
1111011110111011011111110010011011110111111111010001111101111111111111
142
111010111111111111010001011100111001111110111111111111111111101110011
82
1101111101101110111011111110001011101111011111110111111100011001001111
34
1111111110111111011100101011111111001111101111111001011101001111111011
184
111111101111111111101111111111111111101000011110101111110111111011100
66
1100101110111111111101101101110101111010001111111111101110111111011101
5
1111010101110111011111001111111111111111111111111100111111111101111111
167
1111111110111011111111010001111011110111011111110110011111111111010111
41
1100111101111111110011110111111111100101010111110101111111110111101111
138
1111111101101111110110111111111111011111110011111111010111011101101101
185
11111011011011111111111101111011011111101111110101111111111111110001
34
1110111111101011100110111110111111111010111111110111011110111100111110
35
1101111101111110001101111101000100111110111111111111111101111111111110
31
1110001010111111110110111111111111111110110110111111111110111101111111
194
1100001011111100100111111001100010101010111011100011111111111111111111
57
1101111111110110111100101111111111010101111111011011101111011010111111
108
1111111110111111100111111111111011111101011011011011110000111100111111
41
1111101111111111111111111111111101011111110011111111110111001110101111
150
1110110011011111101101110011111111111111100110111111111001110111111111
173
1110111011101111110111111111100011111001111101110111110011111111010000
140
111101011010111101001111111110111111101011011101100111111111110111101
190
1011011001100001110001011111010011111100101111110100111101101110100111
124
111111111111111110111111101111011110101011011100011110100111101111111
188
1110111011101111101111010110111011011111111110011111111101111101101111
22
1011111111111011111111001000110110101111110111111111110111100111101101
191
1101110111101111111111010001011101111011111111010111111111011011111010
132
1101111111110111101111101111110111011100101111110110011111010110111011
65
1111111110111111111111111110101111111011011001111011110111111111111111
61
11111110111011111110011111101111101100111111111111111011011111001101
31
111011110101001111111111110011101111101111111110011111001110110111101
99
1111011111011111111111110111111011111001000110111111111111111111101011
137
111111010110110111111111110110110111111111101110100111001011110101101
37
1111111100011110111101011111011111111111111001010110111101101111011101
113
1110111111110111011111111111011101011111101111110111110011101111111111
139
1111111111111011000110011000101111011011101101111100111111110011101010
189
1101111001111110010101100111010100101001110111111111110101111111010111
183
1111001010100111011011101111110110111111101111100111101111111111101111
128
1001010111111101111011100111101111101011111011111110111011111110111111
64
110010011111111111101011101111111111111111111111011111111111111011111
194
1101011111011101011010111111111111111111100010110001111111001111110010
151
111101111010111001111111111101111111111111011111111110101111111011111
117
1110111111111111111111111110111111110111001110111111100111111010011110
2
1101111111111111110011011111111111101001110110111111111111110111110111
2
1011111111011111111111111011111111111111111110111111011111011110111001
53
1111111111111011111101111101111111011111111110101110101111001110111101
91
1111110111111111011110111111111011111011111011111011111011111110111101
196
1111111111111111111010111111111100111011011011111111111111110110111111
72
1101010011111011010111110011111111100111111110111101111111100111111101
166
1111111111111111111111111101111111011110110111101111111100011000011111
85
1111101111111101110110001011101100110011111101110110111111111101101111
142
1111101111111100100110111111111101111111010101001011111111011010101111
31
1111111111111110111110111111111010111101111011111111101111101101011101
124
1110011111101111111111111111001001111110111111111100010111011110111000
64
1110111111111111011111111110111111011011101111001101101011101111111111
68
1010111110101110101101010111111101011101111111101110100011110011111011
35
1111111110111010111101111011101111111100111010111101111011110011010111
161
1111011101111011111011011101110111110110111011111011000110010110100001
193
1001111110110111011011101111110111101101110011110011011111101101111111
103
1111111111110100111111111000011011110111111111101011111111111110011111
20
1110101011111010111100111101011111111101011111110101101110101111110110
95
1110110111111111111111111110111111100111111111111110011110011111111101
71
111111101111111111111111110100111111111111101011011010111101111111011
25
1111010111111000011111100011111011011111111111100011011110001111111111
179
110101110111111111111011110110111111101011011111101010011111101111111
146
1101111101111111101111010111111111111101101111110011111111111110110110
167
1011001111111101101110111111101111101111111111111111111111110110111011
1
1010111111010111111010111111111111111111110110111111101111111101011111
9
1111011101101111111111111110011111101110111010101010101111101111111111
99
1011100110101111111111111111111011111111111110011111111011011111101111
11
1111110111101111101110111111111111111111111111111111011001101011111111
48
1111101101111111110111111011111111111100011111011101111111111111111111
195
1110110111101011111101011111111110011111111111110101111111011101111001
150
1111101110101101101110111111011101111001111011101101011110111111111111
101
1101011111111111101111111011111100111111001111111011011111001111111111
149
111111111111111011101111101110101111101111110011101110101101111101111
122
1110100110101111110001111110101110100111110000111111101111111110101111
133
1111101010011101010111011011111110111111111111111111111110111111111110
164
1111110111111101111111101100111110111010111111101111110101111111111001
187
1111111101010111111111001111111111110101111001011011111111111111100111
138
1111011111110011111111111011111010011110111111111110101111110110111111
101
1101111110111011111110110111111111011111111010111011111111111111111001
19
110111111111111110101111111111110111111111100011100111001110111101011
49
1011110111011111101011011110110111101111111001110101101011111110111011
92
1110111101001111111111111011111111111110111101010111001110111110001110
39
1101011111101111011101101111010110111111010111011101111011001110111011
151
1101111100111010010110111001101101100111111111101111111110101111111101
140
1110110100111111111111111011001111100110111001111011111001110110101111
189
1011001111111111111111111011101111100111011111111111111110110111111101
152
1110111111110110111101110100111111011100001110101101111111111011011110
65
1111111101111111111001111111111111111111111111111101110101111010011111
6
1011100111111001111111111101001111111100111111111111111111111100111110
39
111111111111110111011111110111111100111111111111011111111101110111001
9
11011111111111000011110111110011011101011111110111111111101110111111
174
11101111101110100011111101111111110101111111111011111110101111011111
179
1111101001110111111111111011111111011110011111111100111011011110111
144
110111111111110111111111111111111111011110111111011111111101111101111
28
1111001001110001111101111111111111111011111011101001111111111011111111
33
1110110111010001101101111111111111111011111111111111111000111111111111
53
1011111101111100101011111101101011111111110111010111101111101111111101
88
1110110100111111011111111111111111111101111110111101101101110111111111
21
1110011111110111100111101011111101110101111100101101101111111100110111
54
1110111001011101111111010111111111111011011011101111111111111100111011
56
101111011001111101001110011111111111111111110011111111111101011011010
1
1011111111111011111111111110111110110101111111110110101110110111111011
4
1001011111111110111111111111111011101110011011011101011111111111111111
54
1111010111011111111111010101011100110101101111111001011111011111111110
114
1111011011111101111111111111111111010101100111111101111111011111111111
25
1011110111101111111101101111111111111111011000101111110111111011111110
25
1111111111111111111110101111101010011011011100110110111101110111111001
7
1011110111110110011110011110111111101110001101111101111111011111110110
94
11001011101111101110111111111101110001110011111111101111111011111111
107
111111111111011111111110110110111110110110101110101111101111101111011
42
111110111101101111111011111101110000111101111110011111111011111111101
22
1111111111110111011111111111111111001110111111111101101111111111111011
180
11111101111101101111011101101100110101101110111111111111111111011111
50
1111111101110011111111110111111101011101011011011101011101111001001110
70
111111111011111011111110111111110111110010101101111111110110011111101
12
1001110100011111111110110011010110110001001011111100110101010111111101
35
1001111111101110111111110111111011111111010111011010011011111111011111
97
1101111101001101001111111011111111111111000110100111111101011111111101
7
11111111011111100111011111111111111111011111111110111111111111111110
101
1011101011110101111000111110111011011110101111011111111111111111101110
34
1111111111111110111111111111110110111011110110111111010110101110111
95
1111110111101101111111011111001100110111110111011111111111100111111101
70
1110110111111101111011110100011011111111111111111111010111011101111111
48
1101111011101101111111101110011111101011101111111111001010111111111110
85
1111001101111011111011111011011101111111111111111010111011111111111011
79
1101111101101111111101111111011111011101011100011110111111110111111111
35
11111111100100110010110011110000111111111101111110111111111011001111
71
1110010111111101111111111110010010111000111111111111111111111110101111
149
1111011011110110111010001011010111100111111101100111111011101111011010
194
101100111111111010111101111111111111111111111110010111011110001110111
66
1111111110111111111101101111111100110111101110101100111101110111111101
186
1101110100101111011111111001100101111100001011101110111110111110111101
13
1111111101111111110111010111010001111011101111011111011101111111100111
29
1111111101111111110011001111111111111001010111101111101111111111111111
174
111111111010110111111111111110111110011111101111110111111111101111110
139
1111101101110111100111110101111111101110101111011011111110111011111110
28
111111111111111011111111111001111001111111100111111111011011111111011
71
1111111111111101110111110100010111111011111111000011011011111101010001
36
1111111111011111111100111110111111011111111111110111011110110111101010
76
1111110001111111111111110111111010111111010111111111011011111101101111
122
1110111011111011101111111111100111001011101110111011110111110101101101
5
1111111110111101111111011111011101111010101100101111011111111110101010
156
110111101111011001111110110110111110111110111110111111011111111111011
171
1101110111110110011111110111101001111111111111111111111111110111111001
162
1110110111111111111011110101011111111011010010111111011111111110111011
144
1111011011011111111111111011011111111110111101111101101111111110111011
191
1011011111111111111111001111111111111111101011111001001111110110100011
113
1111111111101101111111111100111111010111111111110111111111111111110110
163
1101100111111011111111111111011110010100111111111101100111111111111010
110
1011111110101110111111111111111110011111111111011100110101111111011101
128
1110011111101111100111111111111101101101111111111011111111111011101001
168
1111110111100011010101110011110111111111111111110011010110111111011111
108
1101111111111011101100111111101011011111111101111111110111101101111110
184
1110101101111110110111010011110111111111011110011110111001111101111111
181
1111111111011110101110111010111101101101001111011111111111101111111001
45
1110110101110101111111111111110111110011101111111111111111000101111111
101
1111111011111100111100111111111100111111001111111111101101111100110111
125
1111110100100101111110111111111110111111110111100111010111111011011111
99
1111111110101010010111111011010111111111110111011111101110011111011111
39
1111111111111111111110111110011111100011010111111111111100010111111011
85
1111011111111101110000111101101110101110111101101111111101111111111110
125
1101001111111111101110111101111111001111010111111111101111000111111011
191
1111111110001110111111111110011011101110111111110101111111110111011011
56
1110101111111111111001111110111011111111111101111111111111101111111110
15
1101110111011111111111111110011111010111101101111101001111111110111101
112
1111111111111110111101011101111101111111111111111001101100111111111111
151
1011111111111111110111111001111110110010110111111111111010101111111110
165
111101111100010110111111101101111111110111111111110111110101101111101
66
1111110111110111011110011101111110111111100110011011111011111111110110
64
1111111111000111111011111011111111001111010011100111111101101101111110
50
1111111111011111011101011111100101101111110111101010001011111011101001
73
1101010011111101111111110111111111111101111110011111111001111011111011
159
1110110011111110110111011111111111111111111001011111110111111110111111
125
111010110111111111010101101111111011111111111111101001110111111111111
119
1111101001111011111111111010111111111111101110101111111111111101011110
73
111101011111111011111110100111111011110111111111111111111111111101111
76
110111111011111111101011111101010011111111101111101101111101001111111
164
1111111110111111111001100101110111111110111111111101111101101111111000
43
1110111111111111011111001110111101101111101111000111101111111111111111
188
1111111101110111101111111111011111011101011111111110111010110001011110
147
1111110111011110111101110101111100011101011111101110011111111010101011
26
1111111110110011111111111011001111111111111111111111111110111111100100
177
1011101111111111111111110101110101111000111111111101101111111111101111
189
111011111101010111111111011001100110011111111001100110011111111111110
57
1111011001110111101111111111111111111111011011110011111111111100110111
185
1111101111101111100111110101001111101111111110111111111111001111011111
174
111111011111110111111111100011101111111011000111100111111111011111110
173
1111101111111111110111100111111101100011111111100011111111111111111101
127
111101101111111111011000111100111011011011111111111111111001111111111
199
111111111111111101100011111111111111101111101111111011011111011110111
125
1100111111110110011011111111111111011111101011111011111111111001101111
199
1111011110111011111111111011101111010111111110111010110101101111111101
193
1011000111001111100111001111111111111110111111110111110111110111111111
183
1010101101111111011111111110101111110111101110111011101110100001011111
159
1111111010011111111111111101110110111111110011110111011111111010111110
68
1010111110110011111101111111011111110110011111101111111101110111110011
44
1111111111111111111111111111111110110101011111111111101111111111100111
151
111111111111111111011111110111111100111011101111111010011110111101111
90
1111110101010111011111111110111011111011111111110001111011011110110110
46
1110111011111111111101011111111111000110101110111111111101001111110100
145
1111111101110110111111111111101011110011011011111111111101011110111110
13
1011110111111110111011110111111011111111111111011111111111110010110111
10
1100111011111111111111100010111111110011111100111111011011110110101111
128
1110111101111111111110010100111111110111111111111010111101111111110011
161
1011111111111111110111101011110101110111111111110111110111011111110111
116
1111110001111100001111111110001111111101111110110111111111110101111111
183
100111110101111111111011111101101101101011111011111111110001111101111
186
1011111111011111111111011111101011111011111111111110111011011110111111
149
1111101011111111111100001101111111111111111101111001101111110111100011
110
1111010011111111110111110101111110111111111101011110111111010110010111
170
1111111101111111011111101111101010111101111111111111111011110011101111
3
1110111111011111111111111101110111100111101111111111100111111111111110
174
1111010110111111111111110110111011101101111110110011111111101111111011
15
1011110110011111111101111111111100110111100100110111111001110111111101
162
1111110111011011111111111011111011111110111110111111111101111110100110
22
111001101101000111011110100011111111111110110100111111110111010111111
35
111111111111111101110111101011100111101110110111111110011111101101111
90
1110111011111111111011111111111111101111111110111111111001111101111111
73
101110111111110111111111101111111110111111111110010110001111111111111
146
1111111101011111111110011101110011111011111111111111111011111111000011
17
1010111011111111010111111111111111111111111110100110110101010111011111
157
1111011101010111100111111111110111111101111101110100111111101011111111
90
1111011110111111011000011110111111111111111100110111111111101111011010
98
1110101110111101111011111100101000111111011111111111111111110111101101
151
110111111101111111111110111111111111110011111111111111111111111111111
2
1110111111111011111111111111111111111111111011110111111111111111011111
139
1111111011111111101111011111111111011011010101001110110111011110011111
94
100111111111011101110111011111111111111111111111111001111011111011111
11
111111111010111111101111111111101110111111111011110111110111111111110
93
1111000111111111111011011111111111011111100101111110011110111011111101
86
1001101111110110111111111101111101111101111001011111111011111111111110
69
1101110111101001100111111101110111101001111111101011111010111111111111
131
1011111111111111011101101110001101111101111111111111101111111111111110
47
1111100111111111111101111100111111111011111110111111111111111001111110
126
1111101101111110110011111011011101111111110010001111011111110001011101
114
111111101101011111011111111111111111110111111110111111111111011111101
186
1111000111010111111110111111111010111111111000111111011011011111111111
192
1011101111111111111111111111111110111110111111011111100011011100110010
5
1111111110111111111110101111111110111101001110110111111001111110011111
96
111111010011111110111011101111111111110011110111011111111111110101111
192
1011011111101111111011111111001111011100101011111111111111011111111111
93
1100011111111011111001010101111101111111101101111110111111111100111111
8
1111010111111111011100011111111011111111111110110110011111011110110110
86
1111001110111111011111110110110101111000111111111011100110111111111101
71
1101111110111101111111111101111101111101101010110110111111001111111111
114
111010101111111101111111111000110111111110001111111101111111110111011
9
111111111101111111111101111110101001111111010100011011011011110100100
16
1110001110111111111111111001111111111111110111111111100111110101111111
20
101111111011111111110111010111111011100111111110111111011010111010111
8
1111001111001110011111111111111111110001110101111011100101111111111111
198
1101110011111111111111111111111111111110111110111111101111111111111101
89
1111111111111111111111111011110111111000101110110111101111010011111101
8
1111011111001111001111111110111110111101110111111011001101110110001101
52
101011101110111011111101110110111111111111110111101111110111111101110
37
111111110101111111110110111010111111110111110111111011011000110010010
25
1101110101011110000111111111101110111111101101111111100111111111101111
164
1011101011110111111010111111110111101110111111111111110011110011111111
37
1111111111100110111011111111110001011111111111100010101100011101111111
198
1110001111111111111111111001110110101111110111111110110111111111111101
12
1011111111101011010101011111111011111101101111111011111111111000111111
96
1011110011110111110011111110001011101010011011100010111101111110011111
155
1111111101111011011110000011111111110101101111101101110111111101111111
173
1011100110111011111111111110010111111111111001111110110110111111100101
169
1111001010111110111111110011011111100111111111110111111111111101110111
52
1110111111111111010111111111111011111101111111111110010111110111110011
48
1101011111101011111001111111011111111111101110111111101110010110011111
160
1111011111010111101110111101110100110011011111111101111110110110011100
138
1111011111011101111110101111011101111111101110111111111110111111111011
108
111101100101111101111110111111000111111111101101011110110110110111100
54
1111101111110111111011110110110010111110111111011111011111100000011111
78
1111111101111111011011111110110100111111111011110110111100001011011111
36
111111111010111110111011100100011111010101111110111011111111111101101
55
1111111011111111111111111111101111101010111110111111110010111101101111
180
1111111110111111100111011000101001011111111111110100011011101111111101
124
1101111111111011111100110101111111111101001110101011111110110111101101
182
1011110111101110111100011001111011111011111111011011111111101111111011
48
1010111111110111101111110111111111111111111110111100111111111111101111
62
1100111111100111011111111011111111111111111100111111111110110111011111
172
1101011111100110111111110111111011011110110101111111111101111101101111
104
101111111111111101111111110111111101111011110111101110101011011110011
89
1011111101110111111111110111111111011110111101111111111011111111011110
82
1101011111110111111110111110111111001111111111111110010001111010011
89
1110100110011011111111111111111111010011111110011110011011111111111110
86
1101111101111111110101111010110110010111111111111111111111111111111111
63
1111111111011100101111011110110010111111110111110111111111111011111110
169
1101111111011011111111110111111011111111011110001111110110110101111111
3
1010111111011101111111101100101101101111110101111111111011110110101011
27
1111011111110111111010110101101100101111111011111001111111001001111111
64
111111011111110101111111111111110111111101111111010011111111011111111
44
1111111101111101011111111111101111110111111111101111111111101010111101
145
110110111110111111101111011101111111101111110110010100111011011111101
55
1011011100111100111111101011111111111111001111101101111011111011011111
59
1101011101111111101110001111001011011111011111011101111110011111111011
126
1111110110101101101111101111001101011101101111101111110101001101101101
118
1101110001001111100111101111111111111101011110111011110111111111101111
19
1011110100110111110101111111011111000111110111011110100110011111101111
177
1110101111101101111111101111111010111111111111110101111111010111011110
6
1100110111111111111110111111111110111111111111111101111111010111111110
39
1011011111100011110111111111001111110110101010111011111011111111110011
165
111110111101111111101010110111100111101110111011111111111011101111111
20
110111111101111000111111011110010011111111111111011111111001011101011
187
1111101101011111111100001111100111111111101101100111111011111111011110
161
1010110111110000101111111110110011101111111111110111111111111011101111
70
111111111011100011000100110101111111111111111011111101111111111111111
154
1111101111111111111110110111100110010000011110111001101111101110101010
67
1101001011101111111111110100111010110111111011111101110111111111110111
2
110101110100110011111111010001101011111111110111001111110001111000111
30
1111111111100111111111101011101111011111101111111110110111111111111111
59
1100111111111001110101011011111111011010110110100111101111111111010111
6
1100111111111101101111011111101111011101111111110110111110111101111111
17
1100111111101111111110111100111101111111111011111111110101111111111110
2
111111111011000111111011111101111111011011111011011011101001101011011
179
1001111011111111101101111101010111011111111100111111110111110111111010
48
1100111111110111111111111011111101111111111111011111011011010111010111
16
1111101101111111110111101010111001111011111111110111101011111001110011
14
1111100111100111111011111111111101111111001111111111111111111011111111
54
1011111110001011110111100111111110111110110111111111111111011100001111
152
1010111111111111111111111111101011111111100101111110010011111000011011
98
1111111011000111011110011100101111011101111011111111111111111111101111
154
1111110101100110111111110011111111111110010111110011111011111111111011
65
1111111101111001010011011101100101001111111011111111111111101100111111
62
11110110101111111111110111010100110111100011011011110111101111111011
115
1111111111111011010111111111111011100111111001001011111101111101111011
156
1001111111111111111111011111010111110111100111111111111011110011111111
122
1101111110111101111111111110111111111110111111110110111011010001001111
63
111111111111100111111001111111110111111010101111001111111111101111111
170
1111111111101101001111011000111001101111111111111011011111101010111111
94
1010111000011011001111111101111110110111111111111111111111111011100010
63
1111111111111111111111111011111101010111111111111101101111111111110110
179
1111111111111111100111111111101111111111111111111111110101110110111101
112
1110011101111111010010111111111111111110011111011111110110011111010111
87
1111111011111101010111111001101111111111111111110110111111111111000110
152
111111100111011101011101110101111111111011111101001111000011101111110
192
1111111111111110111111111111111011011111111010111111011101101011111110
31
1100111010011111011111110111111011110011111111111111111111011111010101
48
1111111111011110011111100110101011111110111111111101001111101111111001
62
1110110011101111110010101111011111111001011100111011011000111111101101
190
1110111111111101110111111111101101111110111011101111111110111111101011
101
1011011101111111011111110111010011111111010111101100101111110011110111
96
1111111011111111110111111111011110001111101101111111111001010110110100
200
110110101111110111111111011101111111110111111111111011111111010101111
68
111101110101001111011111101101011111111111011101111111011111111111
63
1111111111111101111111111111111011111011111111101111000111111111111110
151
1101010101011101011101000111101111111111111110111111111100111111111110
83
1111111011111111111101111111101111110111011110111111011110110101110111
68
1100011111101010101111111111111101011111011101101111101110111110111101
169
1111111110111110111000011111110010111111001101101110101111111010111111
104
1111011111110111001111111101111111111111111111111110110001111110111111
6
1001101111110111111111101111111110111101111011110110100111110101111010
25
101010111110101110011111111111111111011111111111111111111111111110100
114
1111101111101111011101111110110101111111010101111111111110111101111011
76
1111111100111110111111111111111111101111111111111101100110111111110101
41
1100000100111111101100111101101111111011111111111100111011101111111100
130
111111101111111101101110111101001101111110111111111111101111111111011
17
1111110110110111101111111101111111111011111111101110111110111011010011
193
111111111111111111111101110111011000011111111110111111111111101110111
125
1111110101101010111111111111011110111111110100110111111111011111111111
171
1111110101111111111111101110110111111101111111001111111011111111111101
114
1001101110111010110101001010111111111111101100000110111111111101100111
132
1101111111111111101111010111000011101110111001111111001110101111101110
122
101101111011111111111111010111111110011111110111111111111111101011011
90
1101111111111111111111000111111110111110101101111111011110011001101110
102
1111011111011001101111011111011011111111111111111111111101111101111111
10
1110010111101111111011111111111111011101101000111111111111110011111011
48
1111111101111111111111111111110111111011110111011110010001111011011111
133
1101101111111111111100101011111101111111111011111101101011111111110011
169
1111101111101001100111111110111111111111101001111111111101111011111111
103
1111111111111110111111110111111110111111101101111101011011011011111111
105
111011111011110111111111111110101101111111111111111111111111111001110
166
1111111101111111101111111110110110111111110011111111111110110111111011
2
1011011011011111010101111011011101111111110101110111011110101111111111
44
1111111111011110110111111011111100011111111111011110111111111111001111
36
1010111101111111111110111111111011111111110111111011111101111111110000
186
1011101101111111110111011111111111011111111111111111101111110111111101
129
111011111001110001010111110000101111111111110111000010111110111110111
102
111111111001111111011111011011111011100011110101010111100010111101111
91
1110101100111111111110111101111111111110111011011110011111111100001111
73
111101111111101111011111011010111111011111001111111011001111111110101
21
1111001011100111111111111111011111111111111111011010111101101111110111
25
111010011110111001110111011111111101111111110011111111011111101111111
180
1111101111111111001111111011101100101111111111011111111111001101110011
84
111111110111011111110000111111111110111111011111111111011111111110111
115
1111111110111111101111111111110101111101111111011010100100111110111110
75
101111101100111100111101111011101110011011001011111111011111111111100
74
1011111010101100110010101111101011111111101111110111110010111111101111
153
1110110011110101111111111111110110110011110101011111111110111011111110
180
1011111111101101110101111110111110111111111100110001111011011100011111
72
1111111111111111001111111111111101111111111110111111101111101111111111
169
1100011111111110111110110111101011111111011111111111111010111011111111
74
1111011010111011011011111011111011101111110110001101111111110111011101
131
1111110011111101111101111111111101111011010111100111101110111111111011
188
1101111111101011011111101010111111111111111011111111111111011110000111
112
1101111101110111111011101101111011101011101111110111111010010111011111
149
101011111101111111110111101110010101111111101110111110111111101111111
191
1111111111101101011101110111111111101001111110111111111111001101111110
153
1111001111011100111111111110111111110111111111110011111011011111111101
174
1101111011001011110111101000011001110111111111101111110110110110001111
149
110011011110111110111110000111111111011111111101111101111111110110110
67
100111111111111111111111101111001111011111101111111101110111100111111
58
1011110110110111110101011111101011111111111011101011111111110111110100
19
110110011011111111101111110101111111001111111101010111111011111011110
165
1110011111111110111111111111000011111011111111001101111110101101111111
126
1111111111110101011111111111111100110101111111111111111101100101111011
7
1111111101101010111100111111111010001111111111110111111111101110000111
36
1111001011111111111111011101111000111011110111111110101110001110110111
2
1111111111111110111101011111111101101111101111111111101011101111111010
123
111111110010111111011110011111111111111111010111111101010111101111111
116
1011111111111111110111001001110101111011111101110111110111111111011111
152
1001111110001011101111111110110111111110111111111110110011111111101111
81
1110110111100101101111111111111111111111101111100111110111111111101111
9
1101101111111111111011111111111011111111100100111111111111111111101111
163
101111111011001001111101110100110011101111100011111111101111001001110
145
1111111101111111111111000111111110111011111110110111101101011111111101
5
1101111010111001011111111010110101111101111111111111101101111110011101
54
1101111011111010111111111111101101110111111001111111111111110111001111
96
1011111110011101111111101011101111110111111011111111111111111101101111
59
1110111110111111110010011100111111111011111011111111111000111011111111
188
1111101111101111111111111011111111111111111101111011111111111111101111
3
1111101011110101100011111010111111011101011111101101111011111111101111
191
1111101111011111111010111110111101101111010011111010111111111111111101
48
1111011111101111110111110110011011101011111111101110110111111111111111
120
111111111011111101100111111111111011111011111111111110101111110111011
179
1111111110110111111011111010111010101101100111111111011101110110111011
164
1101111111111101101111001110011111111110110111011101101010111111111110
10
1011110111111101111111001101101101111111011111111111111111011111111111
136
1110110101111101101111100100101111110111110111111011111101111111111110
39
1111110101111111111111111110101111101111111011111101111111101101111111
14
11110111110111111111110111111101111111101111011110010000111111101111
41
1111011011110111111101001111111010111101111111110110110110101111101110
144
101110110111101101101011011111101110111111111111111110110101111100011
134
1011011111111110011111111110101110110011110111111010011101111010111111
177
1101111111111000101111010111111101001111111101011111111111111110110111
189
101110111111000100111111111111111111011111011111111101110101111011111
29
1111111111110100110101111111111011000110101010111111011111111011111111
19
1110110111011111101111101111011011111011010101110111111111111110111110
2
1110110011100111111011111111101100010111111011101101110111111111111111
158
1111010111111101111111111101111101111111111010110111111111011111011111
123
1111111111111011111111111111001011111111111011110101111011011110011110
10
1111111110101111101111110111110111111001101110110111111011011110111110
135
1100111111101110111111111011111111110110111111111111101110111011111111
154
1111010111111011111110111111111001101101111111110111111110101111101111
96
1011111111111111100001111111011111110011110110011111011111110111111111
119
1111101010111111111111111111111111111111111101110101001110110110110111
136
1110110101110111111111111011110110100001011111110111110111101011111111
126
1011111110110111111010111000101111111111011010111110111011110111011011
107
110111111110101011001101001100111111111011111111111111101111001001011
192
111001100110111111010100110111111001111111111111110111111110111011110
185
1011111101111110101110011001011001101110110111011111011011111101001110
71
1110111111011010111111111111111101111110111111110101010111111010011111
77
1101111011111001111111111111111110111101111111001111011100111011111111
4
1111111011111111111111111111111111111111101011101111111111111100111111
84
111011101111101111111110111100111101111011110111111001110101011111101
43
1111101011111110111110110111101111111010111111011010011111011010111101
90
1110111111110010111101111111110110111111110100010110110111101110110111
160
111011101101101111111110101111111111111100110011100111111101111011111
169
1011010111111111000101001111111111110111101110110111111111111101110111
24
1101111011111111100110011111011111011110101111101011111010111111111100
67
1011111111111111111111011111010111111011110111111111111110111111101110
113
110111111111110101110111111111111111111111111111111111111101111111011
8
1111011101101010111111111011111110011111101111111111111111110111111111
143
1011111111111011111011011111111110111111111111001011110101111011111111
164
1001110010111101010111111001111110011111110110010111111111110011011111
1
1101001111101011110111011110111111111111110110111110111110111111011
66
1011110111111111111101000111110100111111011101111011100010011111111110
109
1111011110111101111111110111111011111110100111011110111111001000111111
85
1101111111111110011111111111111111111111110110101011011110111010111111
73
1101011111000110111101111110111110001111111111111000011111111100110
180
1111010010001111111101100111111111101010001101111011101011111111110011
56
1100110111110010111111111011001111111111111011011111011111111101111111
70
1111110111111111111111111011111111111001110111111011111110111111111111
179
1010101111010111100110111110111110011111111111000110101111111110110111
132
1111101111111111110111011111111111110111111111111001101101110111101010
9
1101111111001111111111111111110111111101101011111111011110111101010011
164
1111001011111111111111111111011111011111010110111100111111111111101111
96
1110111111101101011111111001111111011111111111001111111111111010001101
24
1011111011011111111111110111110101111011111111111111010101111011111111
168
1110011011001111111111111111011111110111111111101001111111111001111101
107
111101111111111101111110101101110111111111111110111111110011111110111
162
1111111101110111011110011011111111101111001111010111101111111101010011
180
1111110111011011111111111101110111110111011100111011111100111111000110
30
1111001000111111011011111111111111111111111111101111111110011111111110
31
1101101111111111011111110110110011011001111101111111011101101111111111
25
1111110110011101111111111111111011111111101101110111111111010111011111
31
1111111100111111111110110110110111111011111110010110101111111100011111
185
1110001111101111110111111101111111010111111011101011011111011110111111
22
110111000011111111101111111110111111111111111111011111111110111111110
138
1101111101111111111110111100111001111001011111101101111111111011111111
65
1111101101111111101011111111110101101111011111111111011111110111111101
51
1001011111111111111110010010110111111111111111011111111111101111110110
47
1111011011101101111001011101111011001011111110111001001110101101111011
165
111011011111111111101111111110111110111111100110111111100111010111111
31
1111111011111111111111111110111111111111111111011111111011111010111111
115
1010111110011111111110101111110111111011111110111111011010111111111011
188
111111111111001001100011001111110111101111111011110111111010011111100
182
101111111111011111111110111010110111111111001101111110111110111111011
121
101110011111111010111001111111110111111011111001111111011111011011111
180
1101101110111110011111101110111111111111111111110111111101101111111111
171
1010111111111011011111101101111100111111101111010110011111111100110111
166
1101111111001101101111011010010111111001111110101011111110111111011011
171
1111111101111111111011010111010011111111111001111111111111101011110111
187
1011101111111111111111011011111110001001110101111101111111111011110111
186
111011101111111111110111101101110111111111011111111011110111011111101
143
1111110111110111101010111101111111001111011110110111110111111101101110
181
1101100110111111101111111101111101111110111111111111010111110011011111
196
1111111111011011110111111111110111111111011111101011111101111101111110
92
1101111011000111111111111111011111111111111110011110110111011111111101
142
1101011111111101010011111101011111111110111111111111111110111111111011
84
1111011111111101111111111111111101101100111110011111111101001111011111
85
1101011011110100010010111111100011111101110111111111111110101111100011
14
1100111111001010111000101111111111101111010101110111101111110011111101
74
1010110111110111111111111111111001101111111011111011111000011110110111
20
11110111111111111001011111111111111111011111111100110110110111101000
185
1111111111001111111011011111001111111100111110110110111111111101111100
62
1111110011101111111111111111111101101111110101111011111001111101111111
183
1111111111111001011111101111111111001111010111010111111111011010111111
153
1011111111111111111111011011101101110110101111111111111101011111111111
58
111100011111110110111011101011111111101011111011111101100011111111101
7
1111011111101111011111110011110111001011111111111110011111111111111010
175
1111011111111111111011110111111101111110001011111111011101101111101111
97
1011101111111111011110011111111111100110111111111111111110101111110110
44
101111111011001010011011111000111101110111101111101111001111111111101
179
1110110011111110101111111111110111110101111111111111011111011101110110
126
1110011001111111101011011111111001101111111100101111110100011111110001
120
1101111010001111111110111101011101111111100101110111101111110110110111
196
1111111111111111001110110110100111111111111111111111111110110010011111
50
1111111101111011011101011111011101110100111011011111111111111111111111
119
1100111111011001111011100111111111101111001111111111111011111111111111
153
1111111011111111111111111001001101111111011111110111111111111111111111
84
1110100111111111111111111111111111110111111110111111111011010111110111
38
111101111011101111010000100011110110110010100101111101111111111101111
138
1111111001111101111110111111001011111011110110111010101111100111101101
37
1111111111111110111111010111110011011110011100111111111111011001111101
86
111010001111011110101111111001110111111110111010011111011110111111101
138
111110011111011111110111110111111111111100011111111110101100111111011
26
1111111011101111010111111110111011010111111101111111011110101101110100
16
11111111101111011111001111111111111101111101111111111101101111011111
79
1110111111011111010111111101111111111111010111110110111101111111110111
178
1110011011110111111111111100111111111011111010111011110111110111111111
40
1111010111111111111011010110111111111111111110110110101111110111101
85
1101101111111111111111111011111111111111110111101001111111111111111011
96
111110110101111011110111111111111010111111111111101001111110111111111
146
1011101111111111111111101101010000111111100111111101110111001111111110
53
1111111111110111111011011101110111111111110111010011101111111011111111
143
1111111110111011111111110011011111111011111101111111101110101111110010
161
1011111111101111001111111111101110011011111001111101010111111111110101
31
111110101001111011011111111111111110111111100111011110110111011111111
48
1001111110111101101101111101101101111111101101011110111111111010111111
18
1110011101111111111111111101111011111010110001101111011111111111111111
115
1111011111010011111101111111111110001111111011111110111101110101111111
189
1111111111101111111111010101101111011111111111101111111101111110111111
109
1111111110101110110110011111111111111111011111011110011111111111001111
184
1111111101111111011111111110110111011111011111111101110011111111101111
135
11011110111110111111111011011010110110110111011111110101001111111111
148
111110011011111111110111111011110111111111110101101111111111100111111
53
1111100111111101111111111111110110110110101010111010111010110100101111
80
1011111101111110111110101011101011001101111111111011111111110110111011
131
1111111011110110101111011111111111010111101111100111111110011011111111
39
1101101001111111111011111101111011111111010011111111111101001111111111
117
101000111111011011001110111111101111110111111111110111111111111111101
163
1111011111111011001111111111111111111111011111111111111101011110110111
34
111111110011011011011111111011111111011101111011111011111101111001110
106
1010111111111110111110101111101011010111111101111111111111111111111110
173
101110101111111111101111011111111111111111110111111011111111111111111
110
1011111101111011110111101110100010111111110110101110101111111110111110
102
1110101111100101010110010010111111110111111110100111101111100001111111
48
1111010111101111111110011111011011111111111111111111110011101111111111
31
1111100000111111111111011111110111101111001110111111111110111111111101
28
1000111111101111111110111111011111111111111111111100111001011111111011
5
1111101111111111011011111111111111101111101111111011111111110110111101
12
101101000010110011111111111111110111111101111111011111011111111111101
115
1111111000011111101110010110110110011110111110111011111111111101111111
183
1011101111011110011111111111011111111101011111011110110111110110101111
184
101110011101111101111111111111001101011111111111111011111111101111111
112
1111101010100111111111111011111111111111111110110111111111110111111111
130
1111100010111011101111101111011111011111101110110111111111111000101111
122
1111011101111101111111111110111111101101111111111111101111111111111111
194
