80 100
1100100010000100000000000010110010000000000010001011101000010001010000010101
188
11100101000101111001100101000000010000000000010000100100000000000001001100000101
66
10000001000100100001011000100110101010000100000000011101010000010000001100000010
171
11001000001000010001011010101001000010000000000111111000000010000100011000010000
76
100000101000001010100000010000000100011000000011100100000000110101100001101101
149
11010011001001001000000001001100010000101010001001111010011000011110010010010
145
100100000101101010101000001000011000011001000000010011000000000000000011001010
55
100001000000000110000000001100101110000010000100000001010000110000100000100001
185
10000011000000000011011010100100100100010000010110010100010000000100000010000000
44
100000011010000001010111100001100100000111000010001100000001000000001000000000
73
10000000100000100100000000010101010110101100110001010111100000001111010000000000
183
11010010000010100000011000000000001010010010101001001001010110100001110011110100
77
10010110010010011001110001110000000000000000111010000001000011010000000000
154
10000000001111000010010101000100000000000000000101001001000000100001000100000000
124
1000110010000010101010010011000001001110101011010111000000000000000100111010
74
1101010011100000010001100010100000000000000100010000011000000100010011000000
146
10000011001100000000000010001010010010001110100000111010101100110000000100011000
65
10000000000010111101100000000010100110100010100011000001011100010000001010100000
144
101011000011110011100010000000000000100100010100010101100000000000100001110
2
1001010001000000100000001010000110010101010100010000010000100110010011000
120
10000000111101100000100010000100001001000010010010010001111100001000000001000111
182
100100100110101010000000000010001110000001010111000000000110000000011001000
69
11001110000000110000000001010100011000001010010000110011001000001000010000100100
73
10010000000000011010110011011000000100010010100100010100110011000001000010010000
49
1110101000010010010110010000000001010000000000100000000000000100000011010000000
105
10110110110000110000000101010000010000000011100010010000000010000100000000011000
17
1000000111011100010100101011011010011010110001000100100000000000101000111
98
10110000000011001101100010100010000011110110100101010000000000000010101000010
16
1010000110000101000010001011001101100010000100000000000010110000110100010000000
82
100001000100000001110100100000001010100000000000011010100000000110101000100000
96
1111000000010001011000000010000000000011011001000010100010001000101100010000001
100
10000010101110000010101000000110000001010000001101100100000000100001001
45
1010110101010000010000001100000000000010010010000010000000000000000101010101
164
11000000000010000010011100010100000100100100100011100000101100001010001110110000
61
1010110000110000000000011000010010101011011010101000100100000100011011100000010
23
1001000011000000101011000001011100000000001000001001000000000010100000100010001
186
100000101001100000101100000011001000100000010010100001110110100000100000110010
28
100110100010100010100000000100001101010000000011000010000001001100010100000100
185
10001100010011000110100010000000000000010000010000111101001010100101000001
22
1000001001111010100010100101010100010101110000000000010100010100001011
120
110010001000111100110010100000010000001000000011100001000101010001000110
64
1001011110001000001100100101001001000000101000001010000101000110011000000000
5
100110000000000000000010000010100110000000000100000011000010110101100001100000
65
100110100001100100000001110001000111000000000100000100000010110001111011010110
114
1000011010000110100100100010000100101010100010000000000111111001100100000000
153
11010011100100000100010000110100110111101000101110100010100000001010000101000010
170
1000110010100100100100000000000101000001000100010000010101001001001000000001
89
10010000101000001011000000001100110000001000000000000011000010001101000001100
122
100010001110000011010110000000011001010010001101000010001000000010000001
149
1010001100011001000011001010010001001100010101000001101010000100010010
100
111000000000000100100001011010010000000000000111000000001100100110000000010000
146
10010010000110001010000001011000111101000110011000110001000010011000100010100
46
10000001101011000010000010010000001100010000000010000100011100000000010010000000
166
10000010010000001101010010100110100000000000010000010000110100011010110010100000
25
100001111000011101100010110000101011100000000010100001101000010001111000001000
194
100000010000000000110001001010110001000000011001101000000010100111010010100000
3
1100000111011000101000000001001100001000010010000011000000110011001100001000
11
1101100001100000101000001000000010000001110000000000000100110101101000000001010
199
10001100011110000011010000000011110001000110000000011000000000000000000110000000
79
10010010110000010000011000001000010100110001000100010101000011110000100000010
170
11111001010000010010010010010010000000000000110010110111100000000001000010110001
23
110100011000011010110000001011001101101000010011000011110000101010000001001
35
10111000010000000011000101001000000000001101010000010000000100001001100010010010
178
10110011001000011000001010000010100000000100010001100000000110000100101100010000
120
10000000000000011011100000011101000000010010001100011001011000010010001000101000
34
1010100000011010000101100101000010000100100000010000100101010000010000000
90
1000010000000101000010100100000000010000010010100100011010000001001001000101000
34
1101001001000001110100001000110011111010010000100000000010000010111001100010110
61
100100000000101000110101011011000110000000000110000001000010010000010000000010
47
11100010100000101000100000010011011010110000111000110001001001001000010010001010
95
1100000000010101010001100000001100010100100000000101010100000010011110110
39
101001100010001000000000110000001010100100010000010100000001011000001100010000
14
11000100000101100000000010100100000100100100000000010011001000100010000000001010
100
11000100001010001000010111011010100011100001000010000000100000000001110000000000
193
1110000000011000000000001100010001010000110000001010101000001100100000001000110
166
1000000101010110100001011010110000000000001110110001000000001101010000
52
11001000000100000101000010000010000000000001010000001010100010000
10
110100011100101100000100001000001001011100000001011001000000010100100001001100
60
1110000111001100000010000001001100100000001001000000000011001011010000001000000
118
111000100101000010001001100000110001100100000001000000101000000110000110000
138
1010101100001110110000001100001000001000011000100001000000110000000000000101
35
11000011110101001000010001111000111101000100010011000011000000001000010000100100
155
10001001000111001110110101000101000100010001000110000001001010100100100000000000
71
100010101000000001000010010100010000000000000010101001001000010100000101110100
27
110010000001100010100000001000101000000000010000101110110000000010001000001
6
100010101010100001010011010000010001100100000101000100110010110000001000100000
84
10000100001010110100000000100000101000000100000001111101000101010000011010
68
100110011011110100010010101001010111010001000100100010001000000110001000100111
4
10000011000101000000000001010100001011100001000000100110000110001000010000100000
200
1100000001000000100001001000000001100001010000000010110001010000000100100100
120
1001000000110000100000100100000100001011001010011001101100000010100000000000111
69
1000001100100001001000010001110100110010101000000100010000000101010000100
186
100001011000010110011000000100010100100001100100010100010100100000010110000101
101
10000101110111000010010110000000000000010000100011010011001000100110000101011000
143
11100000010000000100001000000001100010011010010010000000100010110100100110101000
117
1101000000010100000000100000001001110100011001001010100100000100110000010000100
87
10000001011010100011110000011010000011100010100010000000000010101100000000000
34
11100000000001001100000110001010000000101010101011001000011011001011001010110
10
10000100001000100100001100011000001000110001101010001100010110000011000000100
84
10000000010110101011100010001000000000000010000101001001010001001010001001010000
105
