80 100
100000000000000000010000000000010001011100000010001000000000000
188
101001000000001000000010000000000010000000100000000000001000000000101
66
100000001010000000000100010000100000000001001010000000000001000000000
171
10000000000000000000000000100000000000000000000000010000000000000000001000010000
76
1000000000000000000000000000000000000011100000000000000000000001000101
149
11001000001000000000001000000000100000000000000000000000011000000010000
145
100000001000000000000000000000000001000000000000000001000000
55
100000000000000010000000000000100100000000000000000000000000110000100000000000
185
10000000000000000000001000000000100000000000010000000100000000000100000000000000
44
1010110000000000000000000000000000000000001000000000000000000
73
100000000100000000000100000100101100000001000110000000001110000000000000
183
10000000000000100000000000000000000000000010100000001000010010000000110010000000
77
10000000000000001000000000100000000000000000101000000000000000010000000000
154
1001000010010000000000000000000000000001001001000000000001000000000000
124
1000000001000001000100000001000000000000000000000000010000
74
1000000000000000001000000000000000000000000010000000000000000010010000000
146
10000000001000000000000000000000010000000010100000000010000000010000000000011000
65
11100100000000010000010100000000000000000000000010000000000000000
144
100000000000100010000000000000000000000000010000000001000000000000100001000
2
110010000010000000000010000100000000000000
120
1100000000010000000000000000000000000000001100000000000000000000001
182
100000101000000000000000001000000001010000000000000010000000001000000
69
10000000000000000001000000000010000010010001000000000000000100100
73
10000110001011000000100000000000000010000110010000000000010000000
49
1000010010010010000000000001010000000000000000000000000000000001010000000
105
10110010000000010000000000010000000000000010000010000000000010000000000000001000
17
1000000001010000000100100000010000000000100001000100000000000000101000111
98
10000000000011000000000000000000000000000000000000010000000000000000000000000
16
110000100000000000010000100000000000000000000000000000000000100010000000
82
1000000000001000100000000000000000000000000001000100000000010000000000000
96
1000000000000010000000000000000000000000000000000100010000000100000000000001
100
10000000100000000000000000000000000001000000000101000000000000100000000
45
1000000000000001000000000000010010010000000000000000000000000000000
164
10100000100000000000000100000001000000000000000000000
61
101000010000001000000100000000011001000000010
23
1000000010000000100000000000000100000000000000000001000000000010100000100000001
186
1000000000100000000011000000000000000000000000100100100000000000000010
28
100000000000100000000000000000001000010000000000000000000000000100010000000100
185
1000000000000000000010000000000000000000000000100101000010000101000000
22
1000000000100010000010100001000000000101110000000000010000000100000000
120
100100100000000000010000001000000001000001000001010000000000
64
1011100000000000000000001000001000000000000001000000001000100000000000000
5
10000000000000000000000000000010000000000100000010000010010000000001100000
65
100100000000000000000000000000100000000000000000000000010110000001000000010
114
1000000110000000100010000100101000000000000000000010100000100000000000
153
10000011000000000000000000100000100100001000000010000000100000000000000000000010
170
100000000000100000000000100000000000000001000000000000001
89
10000000000000001000000000100010000000000000000000010000000000101000001000
122
100000001100000001010100000000010000010010000100000000000000000010000000
149
1000011001000000000000010001001000000100000000001010000000000000
100
100100000001000000000000000000011000000001000000010000000000000
146
1000110000000100000000000000000000010000
46
10000001001000000010000010010000000000000000000000000000011000000000000000000000
166
10000010000000000100000000000110000000000000000000010000000000000000010010100000
25
101000010000000000000000000001100000000000100000100000010000111000000000
194
100011010010000000
3
10001000100000000001001000000000000000000001000000000001000100000000
11
1000000000100000000000001000000000000000100000000000000000100000100000000001010
199
10001000000010000000010000000000000001000000000000000000000000000000000100000000
79
100000000000001000001000000100000001000100010100000000100000000000010
170
1100000000000000010000000010000000000000000000000000010000000000000000000000000
23
10000000010000000000001001001100000010000000001100000000000000001000
35
100000010000000010000000001000000000001000010000000000000000001001000000000000
178
10000001000000000000000000000010000000000100010000100000000100000000000100000000
120
1000000000001000000000000000000000000001001000010010000000001000
34
1000100000010000000000000000000010000000100000000000000000000000010000000
90
100000000000010000000000000100001000000000001000000100000
34
110000001000010011001000000000000000000000000000000001000000000
61
100000000100000000000000010000110000000000000000000000000010000010000000010
47
11000000000000001000000000010000010000000000111000010000000000001000000000000000
95
10011100100
39
10001000000000000000000010000000000000000000000000011000000000010000
14
1000000000000100000000010000000000000000000000000010000000000100000000000000000
100
10000100000000001000000010000010000001000000000000000000000000000000100000000000
193
1000000000010000000000000000010000000000010000000000001000000100000000000000010
166
1000000000000000000000010010010000000000001010000001000000001000000000
52
1000000100000000000000000000000000000001000000000000000010000
10
10000100100000000001000000001010000000000000000000000000000100000000000
60
1110000100001000000010000000001000100000000000000000000010000000010000001000000
118
100000000000000000000001000000010000000100000001000000000000000010000000000
138
10101000000110100000000000000000001000000000100000000000010000000000000100
35
1000001000100000000000000001000101000000100000000000011000000001000000000100000
155
10000001000011001000000100000000000000010001000000000000000000100000000000000000
71
10000000000000000000010000000000000000000000000000000000000000000100000000
27
101110000000000010000000000
6
100010000010000000000011010000000000000100000100000000010000000000000000000000
84
100000000000000100000000010000000101010000000010
68
100100000000000000000000000000000110010001000000000000000000000010001000000100
4
10000000000100000000000000000100000000100001000000000000000100001000000000000000
200
1000000001100001000000000010010000000000000000100100
120
100000000000000100000000000000001000000001000000000010000000000000001
69
1000001000000001001000010000000100110010000000000000000000000000000000000
186
10000010100000000000100000100000000100000010100000100000000000110000100
101
10100000000000000000000000000000001000000100010000100000000
143
1000000000000000000000000000001100000001010010000000000000010010100100010001000
117
101000000000000000000000000000001010100010001000000000100000000100000010000000
87
1000010000000110000000000000000000000100010000000000000000000000000000
34
1000000100000010000000000000000010000000001011000010001010000
10
10000100000000000000000100000000001000010000000010000000000000000011000000100
84
1001000000000000000000000000000101000000000000000010000001000000
105
