80 100
1001100110110010100000111000111110011011110001010101011111011010001011000011101
188
11111101111101111101100111001000011010001001010100100100101010010011101100001101
66
10100011110100100101011100111111111110100101001000011101110010111101011100101110
171
11101001111010010001111010111001001111111001110111111100010011101101111100110010
76
111101111101101011111111011100011100111010010111111110101000111101100111101101
149
1111010111001011101000010001111100111001101111001111111011011001111110110111110
145
101100010101111110101001001010111000011001101111011011110010100111001011011010
55
1101001001001100111010010101110101111100110010101011101111110110001100111100001
185
10001011111101101011011011100101100101011001110111010111010010000101100011000010
44
11100010111011100001110111101011111110110111001010001111101001101110101000101101
73
10010001100001100111111001110111011110101110111001010111101100101111110011010000
183
11011011001111100000011000011100101110111110111111101001010111110001110111111101
77
11101010011110011111011001110111110010010111011000111010100101011111010011111010
154
10010110101111100110011101000110100000001000101101111011000000100001101101010010
124
101100110010001010111011110011100101001110101111111111000101010101010111111011
74
1011101011111110001110101100010111001010110110100010001111011101110011111010100
146
10101111001101110000000010101111011111101111101111111110111111110001111110111101
65
11010101010010111101100001100010100110101110100011111011011101010000101110101010
144
100111011100011110011110010000101001111110101010110010111100101110000111011111
2
1011111111011011110100100000101010101111010101010100110001011010100110011111010
120
10001100111111101010100110110110011111101110110010010001111110001010010001111111
182
1000100100101110101110111100010011001111100101010111010010100111100000111101001
69
11011110010011111011100101010111111001001010110111110011001000101100011010100101
73
10110110011011011011110111011110101110110010111100010101111011011101011010111110
49
11111111011110110111110011010011001011110000101100000000000010111000011011000010
105
10111111110000111101010101110101010100100111100111110100111010101100001110011110
17
111111100111111111111010111111011111111111010110111001101111000111010101110111
98
10110111101011111001111101010110111111011110110101111110001110011101011101101010
16
1011001110011101101011101111101111111110110100000000000111111011111101111100111
82
100001000101000001111110100100101111110100011100011111100111111111111010101010
96
1111110000010001111110100011000000110011111111001010101010001101101111011010111
100
11001100010110110101110111011111000000110100101011010101101110111000010100001001
45
1001110110111011101011100101100111100011110110111010111000100010100110101010101
164
11110100011011000011011110111111100100111111100011100011111101011010001110111110
61
1111111001110100010000011000010010101111111011111010100101011101011011100000111
23
11101011011101000101011101111011111000000011001001011000111000110101000100111001
186
111110111111101100111100010011101101101001011110111001110111101000100001110010
28
100111110110110011101000101100011101010000001011001111010011011100010111110100
185
10011110101110110011101111111010110111110110111100011110111111011011100101010001
22
11101011001011111110101010100111111110111101111111110011111100010100001111
120
100001111010011000111110110111100011010101111010000011100001011111010101000111
64
10001111111110001000101111101101111101001010101100011110101101000111011001001010
5
1101111100011100001100110000010100110101000000110011011000011110111101001111110
65
1111110110001111100110101110101011111100001001110011100110011110001111011110110
114
1001000111011000110100100101010100111101011110010011000011111111001100110100100
153
11011011101100001100011000111101110111111110101111110111100100001010000111000011
170
11111100110011110100100111011111010111000101101101010111111101011001111001001011
89
10111110110101000101011000100101100111100101011001010101011111011111111000111101
122
10000011101010001111010111011110100101111101011011101101000111111110100111110101
149
10011100001111001100011011000011101111011001001110110111100101111111100100110110
100
11111100100100000111110101111011010011110101100111011110101111111110110101111011
146
10111011010011111101010001001111100111111111110111110110001001110111001110010100
46
10010001101011101010101111010110011111011010001011100100111101000110010011000000
166
11101111010010111101010010110110111100001101111010011100110100111010111110101000
25
110001111111011101111010110010111011110000110110101101111100111001111111111100
194
10110010110000101011111001001110111001000111011111111100100011100111011111101101
3
1011111110111011001111000001111111100101001010010101011001000110111101100111011
11
1101101001101001101100111011000010110011110010000011111101111101101100101111010
199
11111100011110011011111001100011111001011111101010111011001000111101000110110001
79
10011011110111000010010011110001011010100110001000100011111011011110101111101110
170
11111001011000111110011010110110100000000000110111111111100010000001001111111011
23
1011111110111000111111111000111111101111101110110011110011110100111011111011101
35
11111110111111101111110101111100000001011111111011011001001110011001100110110111
178
10110111001011111010001011111010110000010110011101111111000111000101111110110000
120
10011000011111111011100100111101001100011010001100111111011011110110001001101000
34
1110101110110110111010000111101111001010001110101110011000111101010100110000110
90
1010010010001111100011111100100010010111110111110110011011101001111101011111110
34
1101001011100011110100001000111111111111110000100000010010010011111001110010110
61
11101111000001111101110111011111110110000001001111100001101011010101010001000111
47
11110111110100111000101100011011011110110110111111111111011001001110110011001111
95
10100011100000111010101110101111011001110111111100100011111111101000111111111110
39
101101100011001011000110110000101010100101011111111101110001011010111111010111
14
11110101111111100101101011100110000111101101101101010111101011100110111100111010
100
11001110001010101100010111011011101111100101011010011000111100011101110101000110
193
11110010110111000100010011100010111011000110100001110101000111110100111001001110
166
111011111010111101010110110001111110110001001101111110110001110110111101010111
52
10011111000010111111100010110101111110011101011000000010101110000001010101111000
10
1111101011101111100000110111011001001111100010001011101000010111110110001111110
60
1110101111101110110110010011001100101001111011010001110011111011010110011101001
118
111000100111000010101101101110111101101110001111100111101110101111111110100
138
111011101110101111110011001101001110001100011001101101111010110101010100010111
35
11101011110101011101011111111111111101111110011111000011100011011000010010101100
155
10001001010111001110111101101111000110110001100110010101001111111110100000010000
71
1111111101000110101110010011110110000010100001010111101001000110110100101111101
27
10010111010100011100010110000001000111110101100111001101110110010001010001001011
6
110111101010110011010011110001011001101100001101000110110110110000101000101001
84
10011011110100011110110110001000101000101010000100000111111111111111010100011011
68
10110111111011111101010010101111010111010101101111111011011111000110001110110111
4
10101011011101101100111001011111001011101001001011101111010111001110010011110010
200
1110000011100101110111101000011111100001010010110110111011110100000101101110
120
11111000010111001101101110101101110101011101110111111101110100110100001001100111
69
10000101110001101110101001000010111111110111011101100110101011111011101010010100
186
100101011011010110011010100111110110111011100100011100010101100001010110110101
101
11101101110111101110011111001100100000010010100011010111011010110110100101011111
143
11101100010010000100011101111101110011111110111011000101100010110100101111111101
117
1101100011110111101110110110001111110110011101111111101100101101111100111111111
87
11101001111010100011111101011111101111100110100010011001001110101110001011010
34
11111101000010011001101010110011010100111111011101011101010111011101011001111110
10
1111111100001110101110001111111010101101110001111011001100111111010011000110100
84
10010010010110101011101010101110100100000010111101011001110101011111101111010001
105
