80 100
11111111111111111101110111111111111111111111111111111111111011110111111111111101
188
11111101111111111111101111011001111111111101111111111101111011111111111110001111
66
11101011111110110101111101111111111111101111111111111111111011111111111111111111
171
11111101111011011001111111111101101111111101111111111111111111111101111110111111
76
1111101111111101111111111111111011110111111110111111111111111111111110111111101
149
11111010111011111111111111111111111111101111111011111111111111111111111111111110
145
10111111111101111111111111111011111101011011111111111111110111111111111111111011
55
1111111101111111111111110111111101111110111111111011111111110110111111111111011
185
11111111111111101111111111110111111111111111110111111111110011101111110111110111
44
11111111111011110111110111111111111111111111111010101111111101101110111111101111
73
11111111111011100111111111111111111111111111111101111111111101111111110111111011
183
11011111111111111011111101111111111111111111111111111111111111111111111111111101
77
11111011111111011111111011110111111110111111011011111011111111011111111111111111
154
11111111111111111110111111011111100111111101111111111111100101111111111111111111
124
11111101111011111111111111111111111111011111111111111111111111111111110111111111
74
11011101111111111101111111111010111101111111111110110111111111111111111111110111
146
11111111101111111110110011101111111111111111111111111110111111111101111110111111
65
11011101111110111111110111110111111111101110111111111111011111010111111111111111
144
11111111111111111111111111011111111111111111111110111111111110111111110111111111
2
1111111111011011111111111111111011111111111111110111111011111111101111111111111
120
11111101111111101110100111111111111111111111111110011111111111111011110101111111
182
11011110110111110111110111111111011111111111111111111111111111111101110111101111
69
11111110011111111011111111010111111111111110111111111011001111101110011011111111
73
10111111111111111111111111111110111111111010111111011111111111111111111111111111
49
11111111011111111111111111111111111011111010111110100111001111111010011111101010
105
11111111111110111111011111111111010111111111111111110111111010111111111110111110
17
1111111111111111111111110111111111111111111110111111111111111110111111101111111
98
10111111111111111111111111111111111111011111111101111111111111111111111101111111
16
11111111111111101101111101111111111111111111111011101110111111111111101111110111
82
111111110111101111111111111101111111110101011101111111111111111111111111101010
96
11111111111011111111110110111111111111011111111111111101011101101111111111111111
100
11101111111111111111111111011111110111111111111111111111111110111111010101111111
45
11111111111111111111011100111111111110011111110111011111111110110111111111111111
164
11111111111111110111111111111111111111111111101111110111111101011111011111111111
61
1111111001111111111101111101111011111111111111111011111101111111111111101011111
23
11111011111111011111111111111111111110111111001111111111111110110111110101111111
186
11111111111111111111111111110111101101101101111111111111110111101110110001111011
28
1111111111111111111111101101110111111111111001111011111111011111111111111111101
185
11111111111111110111111111111110111111110111111101111110111111011111101111111111
22
11111111111111111011111111111111100111111111111111111111110111111111110111111111
120
1111111111111011110111111111111111111011111111011111111111011111111111101101111
64
10111111111110101111111111111101111111111111101101011111111111101111011011011111
5
1111111111111111111111110111111111110111111110111111111101111111111111111111111
65
11111111111111111110111111110101111111101111111111111110111111111111111111111111
114
1101101111111101110111110111110110111111011111111111111111111111111100111101101
153
11111011111101101110111001111111110111111111111111111111111110001111011111101111
170
11111111111111111111111111111111111111101111111101110111111111111111111111001111
89
11111111111111111101111011111101110111110111011011011101111111111111111101111101
122
10100111111111111111110111111111111101111101111111101111111111111111101111111111
149
10111111101111111101111111011011101111111101111111111111111101111111111111111111
100
11111111110111110111111111111111010111110111111111111111101111111111111101111011
146
11111011110011111111011111101111110111111111111111111110111111110111111110111111
46
11111111111111111111101111111111111111011011111111101110111101111111110111101110
166
11101111111111111111111111110110111110011111111111111111111111111111111111111110
25
11111111111111011101111011111110111111110101111111111111111110111101111111111111
194
11111111110011101111111111011110111011111111111111111100110111110111111111111111
3
1111111111111111111111111111111111111101111111011111111111011110111101101111111
11
1111111111111111101111111111111011111011111111011111111111111111101111111111111
199
11111111111111111111111101110111111111111111111111111111101101111111011111111111
79
10011111111111111111111111111111011111100111101111100111111111111111111111111111
170
11111101011100111111111110111111111111011111111111111111111111111011011111111011
23
11111111110111100111111111110111111101111111110111111110111111111111111111111111
35
11111110111111111111111111111110011111111111111111111111111111111111111111111111
178
11111111111011111010111011111111111101111111111111111111011111011111111110111110
120
11011111111111111111111100111111111101111111111111111111111111110111111111111111
34
11111101111111111111111111111111111111111111111101111111001111111111111110101111
90
1110111111111111111111111111111111010111111111111111111111111111111101011111111
34
1111001011111111111110111011111111111111111101101011111111111011111011111111111
61
11111111011111111111111111111111111111111111111111110111111111110111111111111111
47
11111111111111111101101110111111111110111111111111111111111011011110111111011111
95
10111111111010111011111111111111111001111111111100111111111111101101111111111111
39
11111101111111111111111111110110111111111111111111111101111111111011111111110111
14
11111101111111111111111111111111111111111111111111111111101011101111111101111011
100
11111110111011101111111111111111111111110111111111011111111101111111111111101111
193
11111110111111001101011111110111111111011111111111110111100111111111111101111111
166
11111111111011111111111110110111111110111011011111111111111001111110111111111111
52
11111111110011111111111111111111111111111111111101011111111111011111111111111111
10
11111111111111111111111111111011111101111111110111111111110111111111111111111110
60
11110111111111111111111011111111111111111111111111101111111111111111111011111011
118
111111110110111111011101111111111111111111111111111110111111111111111111111111
138
1111111111111111111111011011101011111001111011111111101111111110111110110111111
35
11111111110111011111111111111111111111111111111111010111111111111100111111111111
155
10111111111111101111111111111111101110111101111110111101111111111110100111111111
71
11111111111011111101110111011110110111111100111010111111101011111110110101111111
27
11011111111101111111111111001011100111111111101111111111111110010011111011111111
6
10110111111111111111011111111111111111111111111111111111111111111011111101111101
84
11011111110111111110111111111100111111111111101110001111111111111111111111011111
68
10110111111111111111110111111111110111111101111111111111111111111111111110111111
4
10111111111111101110111111111111111111111101111111101111111111111110011011111011
200
1011111111111101101111111111111111111111111111110111111111011111111111111111111
120
11111111111111001111111110101111111101011111110111111111110111110111101011111111
69
11111111111011111111111111100110111111110111111101111111111011111111111111111110
186
111111111111110110111111101111110111111111111110011101110111110111111110111111
101
11111111111111111111111111101111111011010111111111011111111110111111111111111111
143
11101111111111110111111111111111111111111111111111110111111110111101101111111111
117
11111101011111111101110111110011111110110111111111111111110101111111111111111111
87
10111101101111011111111111111111111111111110110111111111011111110111111111111111
34
11111111111111011111111011111011010110111111111111011101110111111111111111111110
10
11111111111111111111111111111111111111111110001111111111111111111010111110110100
84
11011111111110111111111111111111111101111010111111011111111111011111111111111101
105
