80 100
1100100010010100000111000011110011011010001010101011101011010001011000011101
188
11110101111101111101100111000000010000001000010100100100100000010011101100001101
66
10100011010100100101011100111111111110000101001000011101110010111100011100001110
171
11101001011010010001011010101001001110001000110111111100000011100100111100010010
76
101100101101001011101111011000011100011000000111101100101000111101100111101101
149
1111010011001011001000010001111100111000101111001101111010011000111110110111110
145
100100010101111110101000001010111000011001001111010011110000100011000011011010
55
1101001000001000110000010001110101111100110000101011101111110110001100111100001
185
10000011101101101011011010100101100101011001010111010111010000000100100011000010
44
11100010111011000001110111100011111110100111001010001111100001101100101000100101
73
10010000100000100111110001110111011110101110111001010111101100001111110001010000
183
11010010000111100000011000000100101110110110111011101001010110100001110111111101
77
11100010011110011111011001110111110000010000011000111010000101000011010001001000
154
10000010101111100010011101000110100000001000001101111001000000100001101101000010
124
101100110010001010111011110011000101001110101111111111000100010101010101111010
74
1011101011111100000110001100010101000010110110100010001111011101110011011000100
146
10101111001101110000000010101010011011001110101101111010111100110001011110111001
65
11010001000010111101100000100010100110101110100011100011011101010000001010101010
144
100111011100011110011110010000100001001110101010100010101100100100000110001110
2
1001111001011011010100100000001010101111010101010100110001011010100110011011010
120
10001100111101101000100110110110001111001110110010010001111110001010010001111111
182
1000100100101110101010011000010011001111000101010111010010100111100000111101001
69
11011110010011110010000001010110011000001010010000110011001000001100010010100100
73
10110000011011011011110111011100000110110010111100010100110011010001011010111110
49
11110111010010110110110010010010001011110000101100000000000010100000011010000010
105
10111111110000111001010101110101010000000011100110110100111010101100001100011100
17
111100111111111111010101111011011111111010110001001101111000111010101000111
98
10110110000000111001101100010110110011011110110101111010000000000101011101001010
16
1010000110001101001011101011001111111110100100000000000111111001111101110100011
82
100001000100000001111110100100001010110100001100011111100111010110111000100010
96
1111100000010001011110100011000000110011011101001010101010001000101110011010001
100
10001100010100010101110111010101000000110000101010000101101110101000010100001001
45
1010110101011100011100001100011100000010010011010111000000000000000101010101
164
11110000000011000010011110111111100100101101100011100011101100001010001110111110
61
1110110001110000010000011000010010101111011011101000100100001101011011100000111
23
11101011011000000101011101101011111000000001001001011000011000110101000100111001
186
111100101111100000111100010011101101101000011110111001110111100000100000110010
28
100111110010110010101000101100011101010000000011001110010011011100010111110100
185
11110101110010011101111111010100111110010010000011010111101011011100101010001
22
10101011001001111110101010100111111110011101111101110011111100010100001111
120
111010011000111110110111100011010101111010000011100001001101010101000111
64
1111111110001000001111100101111101001010101000011010001101000110011001000010
5
1101111100001100000100110000010100110001000000110011011000010110111101001101100
65
1110110100001111100010101110001000111100000001110000100010011110001111011110110
114
1001000111010000110100100100010000101101010110010011000011111111001100100000100
153
11011011100100000100011000110101110111111110101111110111100100001010000101000011
170
111100110011110100100110011110010111000001001101010011011101001001111001001011
89
10111110110101000101011000100101100111000101001001000000011100011111101000111101
122
10000001101010001111010111010110100001011001011010101101000110111110100111100001
149
10011000001111001100011011000011101110011001001110110111100101111111100100110010
100
111100100000000101110101111010010011110000100111011110101110111110110100111011
146
10010011010011111101010001001111100111111110110111110110001000010111001110010100
46
10000001101011100010101111010110011111011010001010000100011100000100010011000000
166
10001110010010001101010010100110111100001001111010011000110100111010110110101000
25
110001111011011101110010110010101011110000110110101001111100110001111100111100
194
100000110000000001111001001010110001000011011001111100100011100111011111101000
3
11100110111011001111000001101111100001001010010100011001000110111101100111011
11
1101100001101001101000111011000010110011110010000011101101111101101100101101010
199
11001100011110011011111001100011111001011111001010011011001000111000000110110001
79
10011010111000010010011100001001010100110001000100011111000011110001111101010
170
11111001010000111010011010110110100000000000110111111111100000000001001110110011
23
1011111100111000111111111000111111001111101110010011110011110000101011010011101
35
10111110111011101111010101111000000000011101111001011001001100011001100110110111
178
10110111001011111010001011011010110000000110011101100010000110000101111100110000
120
10000000010011011011100000111101001000010010001100111011011001110110001001101000
34
1110001110110100111010000101101101001010001100101110010000101101010000110000110
90
1010010000001111000010101100000010010110110110110100011010101001011101011101100
34
1101001011000011110100001000110011111111010000100000010010000010111001110010110
61
11101111000001111001110111011011100110000000000111000001101010010101010000000111
47
11110111100100111000101000010011011110110110111111111001011001001100010011001111
95
100001100000111010101110101111010001100111111100000010101011100000111111110110
39
101101100011001010000110110000001010100101011001011101110001011000011101010101
14
11000101011111100000100011100110000100101100100000010111001011100110110000011010
100
11001100001010101100010111011011101011100001011010011000111100011101110101000000
193
11110000110111000000010001100010111010000110100001110101000111110100101001000110
166
11011111010011101010110100001111110110001001101011110110001100000111101010110
52
11001000010011111100000110101111110010001010000000010101110000001010101110000
10
1111101011101111100000110101011001001011100010001011101000010110100110001011110
60
1110100111001110000110010011001100100001111011010000000011101011010000011101001
118
111000100111000010101001100010111001100110001111000101101110101111111110100
138
1011101110001111110010001101001100001100011001101101110010110000000100010111
35
11101011110101011001011011111011111101000100011011000011000011001000010010100100
155
10001001000111001110110101101101000110110001000110010101001111111100100000010000
71
1101111101000110101100010011110110000010100000010111101001000010110100101110100
27
10010111010100001100010110000001000111110001100110000101110110010001010001000011
6
110111101010110011010011110001011001101100001101000100110110110000101000101000
84
10010011110100001110110110000000101000101010000100000011111111010111010100011011
68
10110111111011110101010010101011010111010001100110101010001110000110001110100111
4
10100011010101101100011001010111001011101001000011101111010111001010010000110010
200
1110000001000101110101101000011011100001010010100110111011110100000101100110
120
11001000010111000101100110101100110001011101110111011101110100110100000001100111
69
1010001100110101001000010111110110111010101100110101010111011101010010100
186
100101011011010110011010100100110100110011100100011100010101100001010110100101
101
10101101110111101110011111001100100000010000100011010111011000110110000101011011
143
11101100010010000100011101100101110010011110111011000100100010110100101111111001
117
1101000001010111001110110010001011110110011001111111101100001101110100111011100
87
11101001111010100011110100011111000111100110100010010001001110101100001011000
34
10111100000000001001101000110011010000011101011101011101010111011101011001010110
10
1110011100001000101100001111111010101101110001111011001100010110010011000100100
84
10000010010110101011100010101100100000000010011101011001110001011111101011010000
105
