80 1000
1100100010000100000000000010110010000000000010001011101000010001010000010101
188
11100101000101111001100101000000010000000000010000100100000000000001001100000101
66
10000001000100100001011000100110101010000100000000011101010000010000001100000010
171
11001000001000010001011010101001000010000000000111111000000010000100011000010000
76
100000101000001010100000010000000100011000000011100100000000110101100001101101
149
11010011001001001000000001001100010000101010001001111010011000011110010010010
145
100100000101101010101000001000011000011001000000010011000000000000000011001010
55
100001000000000110000000001100101110000010000100000001010000110000100000100001
185
10000011000000000011011010100100100100010000010110010100010000000100000010000000
44
100000011010000001010111100001100100000111000010001100000001000000001000000000
73
10000000100000100100000000010101010110101100110001010111100000001111010000000000
183
11010010000010100000011000000000001010010010101001001001010110100001110011110100
77
10010110010010011001110001110000000000000000111010000001000011010000000000
154
10000000001111000010010101000100000000000000000101001001000000100001000100000000
124
1000110010000010101010010011000001001110101011010111000000000000000100111010
74
1101010011100000010001100010100000000000000100010000011000000100010011000000
146
10000011001100000000000010001010010010001110100000111010101100110000000100011000
65
10000000000010111101100000000010100110100010100011000001011100010000001010100000
144
101011000011110011100010000000000000100100010100010101100000000000100001110
2
1001010001000000100000001010000110010101010100010000010000100110010011000
120
10000000111101100000100010000100001001000010010010010001111100001000000001000111
182
100100100110101010000000000010001110000001010111000000000110000000011001000
69
11001110000000110000000001010100011000001010010000110011001000001000010000100100
73
10010000000000011010110011011000000100010010100100010100110011000001000010010000
49
1110101000010010010110010000000001010000000000100000000000000100000011010000000
105
10110110110000110000000101010000010000000011100010010000000010000100000000011000
17
1000000111011100010100101011011010011010110001000100100000000000101000111
98
10110000000011001101100010100010000011110110100101010000000000000010101000010
16
1010000110000101000010001011001101100010000100000000000010110000110100010000000
82
100001000100000001110100100000001010100000000000011010100000000110101000100000
96
1111000000010001011000000010000000000011011001000010100010001000101100010000001
100
10000010101110000010101000000110000001010000001101100100000000100001001
45
1010110101010000010000001100000000000010010010000010000000000000000101010101
164
11000000000010000010011100010100000100100100100011100000101100001010001110110000
61
1010110000110000000000011000010010101011011010101000100100000100011011100000010
23
1001000011000000101011000001011100000000001000001001000000000010100000100010001
186
100000101001100000101100000011001000100000010010100001110110100000100000110010
28
100110100010100010100000000100001101010000000011000010000001001100010100000100
185
10001100010011000110100010000000000000010000010000111101001010100101000001
22
1000001001111010100010100101010100010101110000000000010100010100001011
120
110010001000111100110010100000010000001000000011100001000101010001000110
64
1001011110001000001100100101001001000000101000001010000101000110011000000000
5
100110000000000000000010000010100110000000000100000011000010110101100001100000
65
100110100001100100000001110001000111000000000100000100000010110001111011010110
114
1000011010000110100100100010000100101010100010000000000111111001100100000000
153
11010011100100000100010000110100110111101000101110100010100000001010000101000010
170
1000110010100100100100000000000101000001000100010000010101001001001000000001
89
10010000101000001011000000001100110000001000000000000011000010001101000001100
122
100010001110000011010110000000011001010010001101000010001000000010000001
149
1010001100011001000011001010010001001100010101000001101010000100010010
100
111000000000000100100001011010010000000000000111000000001100100110000000010000
146
10010010000110001010000001011000111101000110011000110001000010011000100010100
46
10000001101011000010000010010000001100010000000010000100011100000000010010000000
166
10000010010000001101010010100110100000000000010000010000110100011010110010100000
25
100001111000011101100010110000101011100000000010100001101000010001111000001000
194
100000010000000000110001001010110001000000011001101000000010100111010010100000
3
1100000111011000101000000001001100001000010010000011000000110011001100001000
11
1101100001100000101000001000000010000001110000000000000100110101101000000001010
199
10001100011110000011010000000011110001000110000000011000000000000000000110000000
79
10010010110000010000011000001000010100110001000100010101000011110000100000010
170
11111001010000010010010010010010000000000000110010110111100000000001000010110001
23
110100011000011010110000001011001101101000010011000011110000101010000001001
35
10111000010000000011000101001000000000001101010000010000000100001001100010010010
178
10110011001000011000001010000010100000000100010001100000000110000100101100010000
120
10000000000000011011100000011101000000010010001100011001011000010010001000101000
34
1010100000011010000101100101000010000100100000010000100101010000010000000
90
1000010000000101000010100100000000010000010010100100011010000001001001000101000
34
1101001001000001110100001000110011111010010000100000000010000010111001100010110
61
100100000000101000110101011011000110000000000110000001000010010000010000000010
47
11100010100000101000100000010011011010110000111000110001001001001000010010001010
95
1100000000010101010001100000001100010100100000000101010100000010011110110
39
101001100010001000000000110000001010100100010000010100000001011000001100010000
14
11000100000101100000000010100100000100100100000000010011001000100010000000001010
100
11000100001010001000010111011010100011100001000010000000100000000001110000000000
193
1110000000011000000000001100010001010000110000001010101000001100100000001000110
166
1000000101010110100001011010110000000000001110110001000000001101010000
52
11001000000100000101000010000010000000000001010000001010100010000
10
110100011100101100000100001000001001011100000001011001000000010100100001001100
60
1110000111001100000010000001001100100000001001000000000011001011010000001000000
118
111000100101000010001001100000110001100100000001000000101000000110000110000
138
1010101100001110110000001100001000001000011000100001000000110000000000000101
35
11000011110101001000010001111000111101000100010011000011000000001000010000100100
155
10001001000111001110110101000101000100010001000110000001001010100100100000000000
71
100010101000000001000010010100010000000000000010101001001000010100000101110100
27
110010000001100010100000001000101000000000010000101110110000000010001000001
6
100010101010100001010011010000010001100100000101000100110010110000001000100000
84
10000100001010110100000000100000101000000100000001111101000101010000011010
68
100110011011110100010010101001010111010001000100100010001000000110001000100111
4
10000011000101000000000001010100001011100001000000100110000110001000010000100000
200
1100000001000000100001001000000001100001010000000010110001010000000100100100
120
1001000000110000100000100100000100001011001010011001101100000010100000000000111
69
1000001100100001001000010001110100110010101000000100010000000101010000100
186
100001011000010110011000000100010100100001100100010100010100100000010110000101
101
10000101110111000010010110000000000000010000100011010011001000100110000101011000
143
11100000010000000100001000000001100010011010010010000000100010110100100110101000
117
1101000000010100000000100000001001110100011001001010100100000100110000010000100
87
10000001011010100011110000011010000011100010100010000000000010101100000000000
34
11100000000001001100000110001010000000101010101011001000011011001011001010110
10
10000100001000100100001100011000001000110001101010001100010110000011000000100
84
10000000010110101011100010001000000000000010000101001001010001001010001001010000
105
10100100010000001011110010000100000101101000110011010000010111101001000010000000
180
10101100010001100001101101010010001000001010110110101010001011010010000100
29
11110000001101000100001100100010111100000000000110000000111100000000010000000
142
110000111111000100100100011001001001011110100000001000000100110001000011011000
52
1100000010000011001000101000110100100010100101100111000000110010001010100000010
160
110011100100000000010010001000101010010110101100100000100011001110011000110110
154
10001000011010101000000100000010010101001100100010011000100000000100010010110
197
110001110001001001100000011000000100010111110100011000000000000001010001101011
188
10001010001000000010000100000000010100100000000101001000110000111110100000010000
139
11001101000111101010000001011001100011010000000001000000000000100101000010000100
149
11001010001001100010101100100110001010000000000011000000101000000100110010100
125
10000110100000100000001001000110101100011000111111000010000000000011000110001
130
1010000001110001000001000101010000000110000000011000000000101101000000111000
108
11001101011010000010100000100110010000000000010010010000110011000001000011100010
155
11000010000000011001111100000010100010100100001100001010111010000000000001000011
55
110010000000110001011101010010000010001000000101010100010000110100000000100001
89
1001100110000100000000010000010001001011000000000100000000000000010001000000
116
110001000000000010100001000111010000000101010010000110000101000001000110010100
90
10000100011010111000000000000100111001010000000010000000010010001000010110100000
58
10010000000001100010001100000000101000110101010100000011000000000010000000000
121
1011000111000010010101010100001010010010001101010110001101001011101010000100000
29
101000000000000000000000000010110000011001000100000000000000011000110001011010
172
10010000000000001110110011011010000110100000010000011000000100001000010010
18
10001001001000000011001000111110000010000010110000110011000010100001001001111010
144
1001100000000111000010101010001001001100011000100000000000101011010101101000100
34
1000001111101001000011000000110000101100010100010010100010100000010000101011000
112
10100001000011101101010110000000101100000100001000010100011111001000001100000
112
111111010110101001111100100001011101111101000100111000000000110010000000101
191
11001000000000000101010010000000100100000010000101100011110000001000000000100
194
111101000100001001101100100000100000100010010000010000000010011100011011000
155
1010001001101001111000001000000000001100010000011000001100001001001000001000110
13
101001000001100000011010010000000111001000010001001000000000101011000
167
10100010010000001010100100010001000000010001000100000001000000000110000101100000
55
1111110111100000000001110000100011010001000110000000101000100001111
4
1001001100000011000010000000000010000000000110000100100100010010000100000000001
50
101000101001001111000100110000001000010000001000001001100100000100100100110100
167
1100101000000010000001001111100000001000000100001001101110000000000011000100101
174
10001000011001100000100000011001110001000001100000000001001011001000000010001
196
1100100100100110010110100000000000111000110000000000100000100010111100010
184
1110101000011000100001010001000011000100000010000100100100000000100100100011
10
10011010000001110100100000000101010000100001001001000001010000110000100010100100
178
10000111100100010101001000001001010110001100100000010111100010000000110011011000
183
100000001100000100000010011000000000000110011001001110010110010100011010001010
110
110000010000001000011010000000010010010010001111010010011100100010100011001000
119
1001000000011100010000001111110000100000010110100011011001110001010010110010
10
101010001010001010101110101101000010000000000100100001110100001110000000001000
2
101000011000100000000001001100010010001000000110000000011000011011010
103
11101100010000011100100100000110010010010100000101010000000000011110010110010
18
100000111111001111000001001110110010010001001010001111000000001001001000011010
89
1100111011101010001000010000001000000110100011100001010000010100000000000
24
10010001011001110011000000010000101010000001101000000100000000001000001100
83
10100100010000010001101001101010100000000100000110100001000001000111100011010
88
100100000100000000100100001001010010000001101110011100000000101000001011000100
110
11001000110010011101010011000110100111001111001101000000000001100010011010010000
134
10101010101101000000000001010000000111111101000010001000110100100101110011110011
107
1000001000000001001000100010001000000000000100001101010101011000111110000000
60
1000001100000100000000001000010010100001100010010000000000000100100000001011010
36
10110001010001000100100110100100010100000000001000010001011101000001011011110010
132
1100000000100010001011000001001000001000100000000101000000011011010000000000010
165
10011101000010000001100000000000010001000100010001010001011010001010010000
92
11110000000010100010000010011000000010001100010010100000001010000010001011000000
37
10100000010010111000001010000000100000100111110000100000001001000000001101
78
10101000100010100001100010000111000101000000000000000000000001000011000111010000
12
1001011000000100110100100100010100010000100011100000001101001000010010100111
173
10110010001100100000000000010000000010100100010100110100010101000001001101000
96
110001010100100010100010000100100100001000110010010000000010001000100010100010
75
100100000001011010000000101110011111001100001101001000001010011000101010100
148
10100101011010010001101000000100000110000111110000000000000000010010000000
177
100010000010000000001000101000100000100000100000010001010110110011
17
1100001000100001001100000010100000000000000000110010000000101000001110000110001
168
1010101100001010001000101001100010000010011001010011100111010011000011001000010
161
1001011100100110000001000010000110000001100000000101000010101000010000100010100
58
1111101000100000000000000101011000000010010111010101001010101010000000101110010
115
1100001110000000000000010101010000010000000101000100101000011010010010001010100
199
1110000110000100000001000011100000000010100000101000100000100001000000011110011
129
10000000000010010001001000000000100011100100000000100000000000110000110001010010
179
11010000001000010011111001000011001010110011001100000010100000000100001001
121
100100101100000000010100100010001001010100000001000000100100010000001000000010
41
101111011000010001100000100100011000010100000001100010000000001100100010000110
34
110100010010010110000000001100100001100000101100000111000000001110001000000
142
111000110010100010001000100100000000001000011000010010101000010010010100
96
1000001000010000000111001011101100100000101011000101000001000011001001000010001
79
110010011011110101100010100010100110000000000100010000100101001000000000000
38
10001000001000000001000000100101000110001001011000101101111000101000110001000000
131
10000100001011000100010000000100100000010000000010010010010001110000111100100
134
10010010111011110001010101010000011101010000010000001100101000000100100100110011
174
11010100000000001100010000000000100101000000010000000010010101100001010101000101
37
1001010101001001100001110110000100100000010101110001000000000110110110000010001
30
10011110100010000011010000100010011110000010000001000000101100000101100010001011
140
100100100010000000110001101010010100001100010000001010001000000100101000
189
1101100100100000000001001110101010000100100110100000001000001011001100011000000
77
10011010000001001000000010110001000110100001011111010000110001000100100000010010
185
10000000000111100101000011010001000000101000111101100100000000100010001000000010
145
1000100000000010010101000001000010000110001010011101011100000000011100000000
63
100001100001000010110010101110101000001011000010010000000101011100000110100100
30
11100100110000010001010000001100011001100010000000110101000100000001010011000
189
1100100100110000010000000011101110010111000100010000101000000000010000101010010
9
101000000011010100000001001100100000001001011001000010000001010000100000000100
2
10000000000111100000011110001001100001100001010101000001101010000100001000
60
10110000000011000110001010011010000000000000000001000101100001101000000001100001
14
100001011001010100000000000010101010100110100010000011110010000000000100100
64
1010001110001000001010100000000100011011001000010000100010010001011001100110000
150
110000101010001100000100101010010011001101000110111110001011010110000010001111
89
11000010010001111000100101100111000101000010001100111010000100110000100001
28
111000000000100001010111100010011011001000000101010010110000000100001000000101
122
101101000000000000011000000000100000101110011000010101110000100000101011000
27
1010010001000100100001011001010000100000000010100101000100001000010001000000010
182
10000101000110000000010000000000000100000000100100000000001001101001010001000001
111
100000010001011000101010100000010000110011001000000111000100001010110101000101
16
10001000010000000101000000010000010100000100100011001100100010001001001010010001
49
1010000000000001010100000010100000011000010100000011011000011000000110101
29
10000000000010000010010000000000111000100000000000010000101010101000010000001101
105
10010110000111000000000001000001010101000100100001000010000000000100010000000101
27
10010000001010011010010000110001000000101000101000101110001101100010110
124
11100110000010000110000000100100010100000001001001000100000001000000000100001001
101
10000101101100101001010100001011000000000010100010100001101000000100001000000000
10
10100000100000100011011110110000000001010010000001001100011000100010000000
149
100010000011000001000001100010000001000000100100000000000110010000000100001000
163
10001100010010000001011000011011010000101100000110011110001000100100000000
110
1011001100000010100001100011000101110000001110100000110000010101011000100000
68
100000101011010000100101000100001010000110000000111111000000000000001110000
158
100010000001101000110001010000011010101000010111110001000100001000000100000010
5
1100000000000001010001110010000010000000001101011010000000000000100011101001110
135
1001010000010000001110110110100011111000011100000110001011010000101001101000
83
101000010001001111010001000100001000010101100100001000000010000001111011000000
158
111000111011110100100011000000010001001101100010010110000000000101000001000
138
10010100101000010000101101000000100100000001100000110001010011011101110000011001
46
11010101000000010110101000100100001011000110010011111111001011000010001100100001
42
1001001010010000000001001001101000101000000100110011100000110000000000101010
59
11101000101001000000000001100101000110000011000010000000000011010100000000000
159
110001010000000101010000000001000001100001000000001000010001000000001100000
118
10010000000000011100000010100011000000010000100101011001010110110001001000100
185
1000011101000000010100100001000001001100110100110001000101100101010000000000000
17
1110000011000011101000110000011111110000100000101001000011000001000111100
64
11100000011011010011111000000111000000011001100000100011000101001100010000001011
98
10100000000100000000100011000010001110000110110000001000110000000101101000100
178
1000001000100000110001000010011000110010001000000100000001000000000100000000000
3
1000110010000000000100000000001001000000010001010001000000000011000010101010111
51
10011011000000010100000100100001010011000000000101111010101000010101010001000
165
1100000000111000000000001000000100010000000100000000000000000000001000000010110
126
110000000000001001000110001100101001000001100000010001100000100001001000000000
103
111000000001110000000000011000110001000100010010010000110000110100110110001000
39
10100011100100000111100010010001100001000100100100011110110000111001110000110000
38
10000010000000101001111000000010000011000000000000000100111010001000001010000000
107
10011100000101011100001001011000000000100100000001011100000001000001000000101010
65
1100100101100100100000000011100000000000010000001001111001010000110001000
187
100101010111110001011010101010101000010000010000110011001000001010000000000100
31
10100000100110001000101010000101000100010000110011010011000100000000000100000101
41
1001000100010000010000000000010010001010010000000000000000011110101101100100010
179
100000001001000101000000001000001111111001110010000100001001010101000100110001
33
100101000000000110001100000001001001010000010000000010101010001000001001100
97
1000000000101000110100010100100110100000100000010000000000010011110000101010000
162
100000010001000000011001010000001000000011010010000101000100100000010000001001
12
1000000000100010000011000000111001001000100100000110000010001101100000010000000
174
11100001010100010100011000000000000000000010000100000010010100000000101111011
32
100001011111000000010100001110001101100001011000101010001000000011010011110100
195
10100000000010001110000010011000011001000010001001000110110000010101000000010001
121
110101000010100100001000100011000000000110011100000000001101100010011001110000
142
101111000100000100000000100010101000000010100010100010000010100011101011101101
158
11011000000001001110000001011000001111100110100000000000110100010001100101111111
166
101010000001100000001010000000010101110000000100101100010000101010100100100110
165
10000100100000000000101100110000001011111000010100000000000000110000000010010001
150
11000000010000000010001000000100000000000010111000000000010001000001111110000011
15
1000000001000100010000000000001000101011000110000101000010110100101000000001001
16
10101010000101101001000000000010000000000000000010000110110001010000000001001000
5
10100011100000010000000000010001000000001100100100001100000000000100000010001010
36
11000000001110100100101100100000000100000000000100100011010000001000110000001000
76
10000000010000000101010001100001010100010100010000101000001110000000100010100100
177
101010011000100000000101101110000000001101001000000000011000100010001111010001
114
10011000010001000010101000000010000100110001100000001001000000100
154
1011100001000100011001001111010110001000101000010001100010010000000010110000000
192
1000000110000000010010100100010001001000100000001010001001011001000001000100110
144
1001010001000010001100000110000010110000000000010011000001000000000001000
76
10101000010000000010000000010000010011000000000000010100000011011000100001000001
36
11000000110110010001100100000001010100100010000000010001000100100100101001101010
84
1001001100011010001000000010010000100001000010000000100110000001010100000000111
171
10000100101000000010111000010011101010101010111011110000001101100000000001000101
115
10001011000011010000111110101000001000010111010000000100001100001001001000100001
115
100000000110001000101010100101000000100000000010000000000100000011101011
87
1100110001001100000000010110000000001100000000000000000000010000000000111
180
1101000000100100000000100001011110100000100001100001000010011011110000100011100
149
100000000100100010101000011010010000000010000110101010111001001101100010000000
140
1100000001001111010000001100011000100000000000011000111001100000000010101001110
43
100001000000011000001000000000001001110000000001000100001000101000001000000011
159
1111100110001000000000000111000100010001010000000010010010101110000001001
65
10000000000000001100000000010111110010100001010010000001101000000010101000000101
192
1000000000001110000100010010010100000000000000011100101001111000010011100000000
24
10100000100000000001000100010001100000001011010000000010100011101000101001000001
72
1000000010000100010100010000100100010010111000100010000010000000010010000101000
149
100100000000010110010100010000011101000101001000010000100010000111110001
139
1000110010010001000011000101101000011000100100100001010010100110001001011010100
103
1100101001001101001011000000001100000110000100000100110110111000000001110100000
20
11100011011000011011001110100001000110000111000001000000001101000001000110001000
61
11100001000010001101011000110000010011000100000010100000100011100000100100000111
175
10000000100010000000100000110001001111000001100000001010101111010010100110010010
34
1000100001000000000000000110000000000011000000010001010000000000010000000001
37
11001000110100010000101100101000010101101001101001000001100010110100000000011000
88
10101001101001100011000111000110001001000011010000000101001100010001000010111101
88
10011000000000000100010010000100101000000011011001011000100001100000001010000
41
1000011100110101000000000101000111101100110011000111000010000000000001
146
1101000001011000000000011010000000000010000000010010000000001010000101110001001
102
10100100001010001001001000000100100011000101101010000100000000000100000110100000
18
10000000000100100100110100100000100001101010001011011000100000000110011011100010
151
110100001010111010000000000100101010010110010010000101000110001000110000100000
139
100000001011001100010001000010000000010000100111011000100000010110100001000100
194
1110010001110011000011000000011001010010000000100010001000011100100011000100
28
110110010001000101100100101000100100001011010000101010000001110010000000001010
96
1101010011010000111000000000001010011000100100000001011100000111110101010100000
139
1100000001001000110001000010000010001101000001110101001010010001111001000001
34
111010100011000010111000000001000001000000010010000100011001100000001000010
156
111000001000000010000000000000001000110000001000101001010000110001000010001011
103
10001001010110110000100000100010101010000011000100000000100000011000001000000000
165
1010110000101000001111001110000000000010000001001000011000100010100001100100000
40
1010000110111000110000111111011100010111100000010001000100001010010000101110011
170
100010100000100000000011001000000000110001000100011010001001000110000000011100
101
1000010101000100100010100010101001001000100110000100011100000111100100000010011
23
10101000001000000001010100000000010000000001000000000000000100000010111100110010
180
10101001100100110000000100111000101001010101010010000110000000000101000000011
15
10011110100111001000111001101100000100110101010001001001100001011000100010000001
99
10100110001100011001001000000100000001001000010000101000010100011000111110100011
127
100000110000100000000100000101001000011100001000101101000000001100010001100
43
1001001000010010100011000110011101000000000000110010100000000010001000001000000
46
1100000001100010000001000111100101000000100110000000010000100000000000001101010
67
101000001010111000101110010010000001100100111001000010000001101101001110100
133
10101001000001001000000000100010110000000100001001000000000000011010101010001111
106
10001100101011100000000000000010100000000000011100000000101010000001000001000
140
101010010000001000100010001100010011010101110010010110000000000000111001101001
199
10000000000000000101000000100100100001110010011011000000100010000000000001010100
114
1001000000000100001001101100101010000000011001000001011000100100010001001000010
177
11111001000101110100101110000011110001000000000101100100100000000001010101001000
90
111000010100101100010101010110100101011001001000110010101000000100001101010
131
11000100011000010001000000101000000110010100000000110000010100000111100011000001
154
11010000010010001000000000101010010001011001000100011000000000111000010000001001
165
100000100100100110011001100001011010100000100001001100100000000001001010011100
9
110000001001000110000100000001000000010011100010000000000010000000101110101000
180
100000110000100100110011101000011010001110010010100101101010
38
100000000001000100000010001000010000000001010000110110001101010010010000010000
114
10111001100011000010100000100000100000001111000000100101000101001010000001000000
166
1010000000000010000010101110000001111000100010000100001001000000000000011100
162
10100100010010001001001001110010010110011100110101010101001000000100100001100000
42
101010111110000111001010010110010100001100101000000110000101111001001111100000
174
10110001001010000011000100010001000000110000011000001000000100001000000000000010
82
101000010000100000000101101001100100001000111011010100110010000000011001010000
74
10000000001011000000000101011000100001101010001100001000000001100101000000110
44
1000001000001000100100110000001000011110000010010000100100000100000010110000010
13
101101110000110000000110000001010101001000100000000101101011000001001000101
61
10000100110110011000000101101101010010000100100011001000101100110100101000010000
25
100001010010011101100011001100010001011010011010100001001000011001100001
171
10100001000001010000100001000011001100001001000001100000000100000100001000001
176
1000100000010000100010000100111000010000100000000000000110110001100110000100101
143
1000110001000000010010110000000100000000011100011111000001111010100000010000100
12
10000101010101000001011111000001000000110010000111000101010100000111100001001110
97
100011100001100011100011001010100000101010011100110110000101100000000000000
63
110100010010111100101110010100000110110000000000000010000000000000010101011100
45
100000101010100100000100100000001000000101001100110000110100011101001100
191
10000000000100010001010010010000010111000010000000011000001000000000001000000010
165
10111000111010000001100101010000100100010111001000110010000010001010101000000010
44
10101000100001010001100000000011011001001001000000000001000000000000000011
54
10000000000110011110111000000001000111000000100010100010011011010110000000
76
10110100001000000100000000000000010100000110010001000000100000000010001001110100
200
100000010011000001100100000110001010010000001000000100110000000111010100100011
89
11001100000001000100011000100000001000000010011101000101000000010000101011
82
1000000000010101100111000000000000100100000000001100000100000010000010000100000
75
11010010000101000000000100110000001000000110000011000000100010011100000111000110
112
1001000010001001000100000001000001000100101000000000100000010100001001100000010
106
11000010011111000000000010000001000000001100010000000000010000110010101101101001
81
10000111100111000000001011010000001101000000001001000011010100001110000001101001
98
1000000000010000010101101101000000000100011010111100001000001000111100000000
82
11001100000000011010111000010011010000010100000011000000000001001000000011111010
50
100000100000010011110110000100001000011100000010100111000001010100000001000110
24
10110001000100100010001010000100000010010010000001100100110100000000100010000010
186
100001001000100000100100100010011100100100010111000010101110000001000
3
10111000110000100000010000000110010111010011101010100110010000000000000010111
112
1000000101000010101110010000000100010001001110010101000110000101001010000001000
170
11000111000010001010001000001000000110000100100000001011000000000000000010100
35
111000100000100010001010000010011010000011000010001010110000000110000000111
125
1001100100111011110000001100101100100010110000011110001000101101110000100001
13
11100001110000000010000001010101001010010010000000000100100000101100000000010011
197
110010001010010110001001100101000000000001000000001111001100100011000100
11
10001100100110000000100000100010101011000000000000101010110010101011000000000
172
1000100101000000010101000010001000100010010111001100001011111100000110111001
22
1100000000000111000101010100011010110100000110100000110100000110001010000100000
192
10000001101010011000000000000011011001001000000000010101001011000000000000000001
171
1000000000111011000000011000100000001000010000000000010100010101001000000000
68
10011000101000001000110011000001000000001110100101100000010110000001000010001000
50
10100100010101100010010011000100000001100100100010000001011001000100000000
75
1001101000000110100011001101010000100001000011000101001001000111000010000001000
169
1010011000111110110010001011000010111001001100000111000001010000000011110010100
71
1000101000010000000100000000000011100110101000001011100011000001100000010000100
90
1101101011101000000100001000101000110011000000000000100000010000101000010000
95
111000000001110010000100010100001000001000010011000010010100101000000111011001
16
1000000000001000000011000010001100110000000100000001100100011001100011000
80
1000000000000010111111010000000001010010000001010011001100100010010001011001100
39
10100110000110000001010000000011011010100011001101010011111001010011011100101010
29
11000000100100000010011100010000000000011001000011100000101100100100001100
40
10001011110011100010000110000000100001000010000110110000100000100000111001001000
163
10001100100000010001001010010000010000101100100101001000010000000010000001011
77
100100000000001001111000000001000110000001001010111011100100010000000000001110
188
10100000010010000100000001000010010100000000110100001101000000000000000001001000
146
1000000010010001100100000001100000010010100001010111000000010010100000101100111
170
10010010000111001001000001001101000001010100000011110010010000010100000111001110
10
10100000010000111010000001000001100100000101000010000011101000100000010000010
177
100010001000000100010000010101001000000000000001000111000001011010000110001000
132
10010101110110101001010000100010010000000101010100000100100000111110000100100
113
100011011010100000000000100100000000110110000010010000010000000000001010001001
107
101001001010010110111010000111100000001000000010001001110000000001001110000010
19
11000100000000000100001001001100000110001001001100000000000000000000100001100
64
10000000000001110000100000001010100110010010010001100010011000000000010100
66
1110001110000001101110000000000000010010110110100000000011111101000101100
63
1011000000000000110001000011010001000001011011100101000010000000000000110
137
10101000010000110000010001100000010000011001011001000000101010000110000101
122
100001110001000000010000100100000000001100010011100011010100000110010000101000
191
10000000001010000000010010110011100000100000100111010110110000000000000000011001
45
1101000000001001000100000001010001001000101000100100100001010000001000110000001
110
1000110010011100000001010001000000000000000100100011001011001010000000001001
19
101010000100100100111010101001100011100000000101001100100000000000001000001000
42
10000000000010100010000010000100001010000000100000010000001011010000000010
45
100100111001110000010010000100100100101010100111010011000000011001001001000000
59
1000010001010100000101100000010000010100011001000000000011010100001100001010000
150
100110000000110001101011001110110000000000100100001000001000011110001001111110
171
110000000001010100000110000001001011000010010011001000000001100011010000010
162
100111000000000010000010010011000001000010000011001000111001101110010000000010
50
101001001000101001000101101000110000000100011000010110100000001110000110101000
121
10000001101010000000101000100000110001000000000100001110001010100011000100000010
78
1001000000000000000100100001000100100010001000110101001000000010000001000010010
10
11010100001001000000000000110000001000001001011100000010000000011101101000
74
101100111000011000000010010000000001100000000000010101010110101110101010011100
47
10000001110100100000001100000101001111110100010001010000100100011000001000
131
1000001001000001000001000010100000110010001000000000100101011011000011010001000
197
1100010010000100001000101110010100001010000000000101001101000010000001010011
92
101100000000000010000101000000001010000100000000000011010000111100100010100100
160
11010001000001001010000100000000110110100010000000000001001000000110000100001010
115
10000110100000000000000000110101101010000100001000010000110000000010011110001
85
11100011001000000010011000100000000000000011000110101101000000010000000
24
100001010001110001010101000000000000001001000010100000100011001001011000000100
176
10110100001110100100011110010000000000110000011110100010010101101000001000001
89
1000001010000001000111001101110000000000010101010010000100100010110000110
32
1101010100100110001010100000001001001110101101000001001011000001100100000100
38
10110100101100000001001100001001101100110010000010010010100100001000011100000000
155
1010111101110110110011110000100000010010100000100100110000101101000100010000000
13
1010010001000110101000000000000000110000001010100100100000100100011000001110011
188
1001000010001000000000001010010010011100000011010000000110100001000111000011100
119
1100101101000100000010011010000011100010111010010110001000001000000010000001
102
100000100000110101000000100001101011101010000110101000001010010100001000000
59
100000100100000011000100000101000000000000001011100010001001000001010000001101
137
110001001010010100001011010011010001000011000010011100110010001010001000
180
11000111000010110010010000000110010011100010000101110111100010100000111
153
1000001010010001000100010010011010101110100000001100100010001000010000000000000
53
1010111000000001000101000000000101001111001010000100000111100000000001000011000
149
1010011000110001101110100001010000101000000100000110011010000000100000110001001
57
1001100100110000010000000101010010110010000100100000101011110001101011000001100
129
1000010101101100110010110000110010101000001000000001111100001000000111010100011
126
1000100000100011100011000101001110100000011100000011101000001010001000010000100
161
11010111110010100000010000000101001000000001000000010000100000011010100000000100
75
11100100010011011001000000000000001100110101010000110110000000000000000011010010
20
10001100001110010000010000000001000010001000000100000010001101100100001001010010
139
100010010000001001010010100100100101000111100000000011000010111001011100000
4
1001010000001010101001000010000000100100100001001000111001111110000100000000010
7
10110010011010100101001000000001001000001000001010001010100001001101000100010000
25
11000010000100010000010100000001010000000000000100010010000010010000100010001010
96
100011101100111010000010000001010001011001001111100110000001110001100001001001
24
10101101000001100000001001010101100001110010000100100011000000001000000000010000
136
1001001001000000100001000000011010101100000000011100010000001100000001110001000
12
110000101101100000000000111010001000101010000100000110000101000000000100000100
154
10000110011000000000011110001001011100011001000000010000001001000000000101010
17
11000000110101100110110100101101000100101001000100101101000000101000010100000011
10
1001010000010101001100000000000100001000001000000000000000001000000000110101100
14
100010011010011010001101100000111100001101100101011010101001110000000000110000
90
101001000101100100110100011010100111000010011010101100011100101011110110
94
1001001000100010101001000110110101010100000011001001001110100100001000001101000
131
11000100000000000100000000000010011111001100100001101100000000100100000000001
173
11100000001010000001010000000001100000100110000010000000000000100001100000000100
74
1000000000100000000000011000110000001100000101011001010100001101011101001001100
139
100001100110000000010100001010000110100100000101000000001101100001000101000
192
1100001100000010100001001001110000111101100000101000100010010111101000010000101
23
11000000010111000000000010000000111100011110101100001001010010001100100000010000
66
10000000100010000100010010000100110110001000010001100000000011100000000000000000
23
10010001000010100001010000101000000100010101000000010011011000000000100000011000
116
10101000000000100111000100000101100000010000000001000000000010110000101010
45
10100001010001100000000000100000000011110010010001100100000000000000000000101010
68
1010000101100100000110110010010000000001001000110101101010000001100001000100101
66
1100010011000000011111100101011001100010000000000010000100000000000001001000001
141
100100101100010101000001010100001000000000110010001001000010100000100100110
175
10010000010000000000001100101010000000100000011100100101000011001111101001010101
101
10000001000110000000101010111111000011100100101001110100001001100110000000
177
1110011101011001000010000000100000011100101011000011100000110100010001100000010
47
1010100000000100000000110100001100010011000101010000001001001000100010
168
10111001010001100100000001010000000101101100001101000001011100000000100000
157
10001000000000000100100001110000100001000010000010100001010000000100100010
136
10001100001011000010101000011110100000000000100101010001110000100010000000011000
120
1010010000100010010100001000001100010010011000001001001000000000001010100
36
10011100001000000001000000000010000000001110000100001000001000000111000100011011
189
10000100111010000000010011000000000010000000100011010100001001010000000011100000
151
101001100100000100000110000111000000100010010011000001000110010000000000011101
124
1000100110100000000001010100010100100010000100001000001000001000111000101000000
162
101101000000011001001111000100010110000010100000000010001001100110000001110100
128
10011111100000000000001010010000100000110011000010001100100101000000000000101
36
1000001011000100001111001000000000100000110010111100010010101111000100101010001
175
10011000000110111100010000100000100101000110100110001110001000000010101100100101
151
1110100010010000100100000000010010100000001001001101000100011010100010100000011
160
1000101100000101111000010010001010001000001110000111010100100000000001001110001
87
11111100010111010000001011000001000000110111000100100000000100010010000000100110
2
10001010000110000000101000000000011100000010000010000010001001011011100101000
128
100000110001000110010001110110101001010101000101001100011010000010000010001001
131
110001000000010100001100100010001010000000011100000000001111010001001001000100
9
11000010010000110010001000111010101001000010111001000001010001100110110000101010
120
1010000000001001010000000010100000000000100101000001010101011101000100100000010
65
1100100100001101100000111000000000101100100001100101101001000011001000
103
10010101000100000100101100101011001100101011000001000000000001001101000100001000
91
10011000010010011000100000001111010100000000101100011000000101100000001001100110
99
10000000101000110000000011100110100100110001000001011000100100011000100100110
117
10001000010001011001111000001000001000000010000011000010010110000001001000001
87
100000010101010011001101101000011000100001000001001101001000100000000000000000
188
11010010001010101000000000110100110001110000000000000110010000100101000000101010
123
1001110000000000111000001001100100000010111110010000000010011000000110000001100
58
10101010011001000100010011011010011100111110000000010000000001010000001110000000
60
10000000101001100001100000111010101001101010000111000101010000000000000000011
78
100000100110010001110000000000011000101110010000000100000000010010000010000100
102
10010000001010010011010100000001000100000001111110100001000101100001100000001100
8
110000100010000000011100000000000100001000100010000000011000001110000000000110
165
11001100000011010110000100000110000010100111110100100010000000001001000001000000
197
100001010100000111010000100011011110010000000111001000100
192
10000010100100101110001000110000100110100010010000101011001010010001100001100000
45
1010101001000000100000001000000000000100100000100111010001101000100100000000000
150
11110011001100110010101000110000001000000000110010000000001001000000111001101010
177
10000011101011010110000110010110100000000000000000000110000001010011000010001010
156
10000001011000000000001000000000100011011000000010010001001000000010001100001
47
110100000000010000110011001100011100000011110000010000000100001000000101011001
163
10101100111001000000110000001010110100000000101100000000001001100100000011011000
104
100000000001001000100110100001000000001110100000100110101000010101011001010
7
10000000100001110010101100000000100100010001100111101001000010001000000001010100
187
10111110101001100100110010011010001100000110110000010001010000100011010000101100
30
1110011010000010100010001100000000001010100100001010000011000110010110001100
20
1000001000010000000001000011001010001110110001000001100010101100001100000100100
43
1001001001000000000000000100000000100000001110101000100101000000111011000000110
135
10010000000000000000000000011110000101000000000001000110100000010000000010100010
77
11000010000011000001011010101000000010000000000010101011100001110000001000001
81
1011010100000111000011110000001011001100001000010010000001001000001100011010000
37
100100000000000110011101101100000001100101001000010100000000110001000110
49
11011011000010100000000000001110001100000011000000000111100011100001000010000000
43
1001100000000000100001100000001000000000011110000000100000000000000100000111000
58
1100010001010001000000011010101010100000001100000001001000110101010000000001
177
100100001100000000110010100000010010000001000001011001000000000100000111100010
181
10010100010011000100101000000000000100011011000100100100000001100000000100100
110
11000110110100001001100100011000000000000010000101001101011010010011000110001001
90
11000011001001000000000000100000000111000000100001000001000001001100100010010000
137
11000000110001010000010101001000101101000000001100110000110101010001000100
6
1001001000100000000000110001010010011101000100100010001101000000001000100100000
46
100110000000011100000100101011100110001010001100000000101011100001100000000001
58
11000100000001001010001000000000110000010000110101010010001000101100000010100110
136
11100100010101000000000010000000001110011100010101110001010100000101000100011100
72
100010010111000011100110100001000000000100000101010001000100110010000100011000
115
10101100001110110000000000000010111111010000001000000001110000000010000000011000
48
11000001101010001100101011001000010011000100100110010100100100100010100011010
188
1010101101001000010000111001110000111110000001010000100000100000100000011000
142
1000010100110010001100110100001000011010110000110000000000000000010010000100000
77
1001100100110001000000001100000000000110001000010000001001100100000100100100
64
100101100000000100010100000000101100101010110000000000001000000000101101100001
169
11100000110010001100111001001000101101001000001010011000010010010010111100001000
90
110101011000000010011000001000100001001000101100011000001011100100111100001000
96
1100111010100001000000000000100001110000010111001011000010010011010010010100000
16
10010110111000000001000001000000010101100000000000100100100111010010010000010011
101
1010000001000111001101110001011000001001000111000101100110101110000111000
154
100001010000100000010001100011101010110100000000010000110000000100010000110001
100
10000000000000100010000000111100001000001101001100100010100000000110000000000000
189
1110000000010001111001000101000000011100001101000000010000111000000100001000100
155
1111010000001110110100000001001001000000100001111000000000000000000110000010010
153
1000000000101000100100000101101000010000010010000100100000000000100000000
131
10000010101000010011000100100000000110100011010101000110100010001110000011
6
10000000011111101100001010001000100000101001111011001110000000100011000100100
170
110111000000101101000010000011010000010000000000000110000101000000001000000
164
10010000100100000110100000111000111100100010101000000000000010000000011000000000
9
10101000011100100001101101100100101101010011111010110001010010100001100111110101
127
10000100010000000001110100001011001011011000101000010001100110001000010100010000
32
1000001000100100010100110000110000000010010011010000000011000100000100000100000
78
10000101000000000000011101100011001100000011000000101000001000011001001010000000
108
11100001100000000110000100001000010000111000001110000100110100101010000110011010
181
10011100110100000000000110100101000001111001010000000100100000000010100
102
10110000000000101001000000101100000101000000000001000010000110110101000000011111
172
110110000000100010000100010001000000010001000001101000010001000101010010001000
110
1000000000000100000000001100110010010000011000010100100000000110000011000100000
133
100011000000011000000100101101111001011010000001000001110100110111100100001000
146
11001000100000000111001011000100000100101100001010110000100011100100001000001001
56
10100010010010010010000100100000000000000000000100000100000100000010010001111011
43
11001110110000000000100001010100110110110000010011011010011000100111000100000
162
11010000010001100000100001001100100001000100100100100110001010001010100010100000
161
10000000000100110000000000000010000001101100000000100101000110101011000010101100
143
10000010110000001110100110000000000000000101100000000000100010110010001111011000
33
1110000011101010100000011110011000100010000000101000001001011100000010000011110
147
11001100110010001111000001100000000101000011111000010100110001000001100000001000
118
1000101110000001000110001000011001000000100100001000100010001011101000001001
163
10101000000100010000000000010101100000101000000011101001000010000000000100010
161
1100100001100001010000001110100000101000000001001100110001100000110000010110001
81
1010100011001110000000100111010110100000010100000000101100100000000110100
23
1001100101101000000000100001000100110000110000001000001010100100010000101010010
135
10001000100000010110000010001110101110010001001000001111100000001110010011010000
175
100000001001101010000011011000100101011000001000001001001100101000000010010110
147
1010000000001001010010100100000001010110000010001001000001000100100111100000000
113
110011000100000011000010001000110001100000010010000001000010000001001000001
190
11101100100101001100001010000001011110110010000010100100000000001100000001000010
75
11101111000100000000100000000000100001000000011100001000000010000001011000000100
88
11000100110000000000101101100101000000011000110001101000100011010010011000001011
69
11011000001100100100000001110000101101001001000110000000000110010011100000000000
41
10110000110011010001100101101000100000110000000011000100010000110000001010010000
45
1000000100001000000000001100100100110010011110011000010101100100110000100001010
27
11001001101000100000000000000000100010010001001000100101000100001001100000010001
22
101000011000000011001010000000101010010111100011100010100111000100011000001010
178
1001110001110001000110010100101000010000011010010010010000000000100100000000000
26
1001101101000010001000000001001000010101011010100001100000010100000101111100110
1
10011110000110000000010001001100101000111101000100000010000001000000010001000011
46
1010001001110100001000100000100011100100011001000010111101010001100000001001
44
1000000001000000000000000000100000110011000010010100010100001000010101011011100
73
110001010000010000001010010000011100001000000010101000000001000101100000001000
9
11100011001111110100000100010000100001011001000000010001111010000111101001111000
79
10100001100000111000010010010000001000011000001000001111000001010000001000011010
45
1101100001100001011001011000001001100010001000101100011000010010010001010000100
121
100110001000100000010000100001101000010110010001000001100001100000011001011110
21
1100010110100000000000100000000100010000010100001100100000001010010101000001001
52
1010000000011100010000000100110000100001011000001100001000000000000001
4
100000000100000010100100010101110100001100110000100000100010100100000000001
80
100001100010000011100001100100111000001010111000100000101000000010000001010001
124
110001101010100100010000000010100100000000100100010000010100010111110001011000
135
1000001000010000010100010010101001001001100111000000000100000101000010000000000
7
1010101101000000100100011011001001101000011000100010010000000001101000001110101
2
100010100110000000000011000110001010100000000101110000000100110100001110100010
158
11100010000000010100000001100001000010110000001001001000000000000000100100
78
10010000001010001001101111011000000000000100010110000011010110000000010110000111
167
1000100010000010101001010000110010000100000100010011100111000010100011010
100
11010001000101010000001001000001100110101000011011101010001001100000010000100000
107
1001000001001101001000000001010101101001000010011000000010000000000010000000
199
1001000001010000000111011000001110010100000000100010001100100010000000001001110
170
1000000000100000100001101100101100000000000000100100001000010110000010001
147
1000100000001001110100000011011000100100111100010001100100000000000000000000110
180
101101010011000001110000010110010000001001100000000011001110010010010000010
69
100100000110001000001000110101000100100001000110010011000100100011100000010001
37
100000000110111011000000001000101101000001011010000000101110010001000000010010
63
11000100000000010000001001101010010001000011100111000010000100000110000100000011
53
110110111000001000000100010000010000000100010010001011000010000011000000000
151
1000001010111000000010110001000100101011100000100000000001010100000001100000100
77
1010000011001000000000000000000100011100010110001100001101101100110000000111010
49
11010000000100100010011101011010000000000011100000011110000000001100000100
87
110010000000100000010000000010001000100001000100000001101000110001000000000000
8
1000000000111101110000000001000000000100101110010101000100100001010000000010
14
1000000000001010110001000100100001110000000000110010001111101100000110100001100
87
110001100000001001000110000000010000101000000001011011000101000000011100000010
148
100010111010001110110110001100000000100000000111010100000000001010010101001100
171
100111001000000000001000100100001000010110000010110000000000000100100110101001
199
111000011111111100010010000100100001111000010010101000111001000001110010
198
1100000010100100011101011101101100001000111011000010110110000000101101000001000
154
1010100011000010100000001011100001110001000011101101101000111010100000001001001
77
10110000001000010000100100011100001100100001000100000001000100000010011001000010
29
1101000010000000101001011000000110000000100001000010000110000000000010111001000
190
10000010000000001001011100001101110000000000000000100010000101100000000000001
106
100010100010000010000001010000001110001111000000010000000001000001100001110101
63
100001000000001010000101000100000101011100000000100100001111000001010100001
41
10000100101001000000001001011001100110010100100110100011000001100001000000000000
74
100010100000000101000010100001010000000110001011100110000001000000100000001
83
1000001000000000101000101000011000000101100000000000101011000011101001010010010
14
11010000010010110000010010110001000001001000101001000110010000000000001000100101
36
1000000001000010011101100110000001010000100001001000110001000010000001000000
100
10000010000100001000010100001001001101110000001010000001000000100010000010010
199
11010100100110100100100010010100000000100100100010111110001010000000010
45
110010000000000010001000000000000100000000011000000011000100000000011001001001
24
1010001000100100000000000000010000010011000001101000100010010100000100001000100
170
1000100010000010110110001100000001000000000000110100011000010011010110100110
6
100100000000000101100000011000100000000100001000000000101011110011
4
100011001000001001000010011100010000001100000000000011100010110010000001010
99
1000111000000011000010101010110010000001000000010000000100100000000000110000
144
1010100100000001000100000110000110000000100100001000010001011000100001000000011
190
1100000001100001101000000010100100101001000000001000011001001010011010110001
84
1100000011010001110010000101001000000000000001000000100100100000100010011000010
64
10100001100001000010110110100000110000010000010000000100000001100001000100100
183
1000000001001000000011000000100100100000010100000001110000000000101101110100
160
100000001000000000110010010110000011000000100010000010010100010001000000000
103
11000110000001010001011000010001010100000000000010100100001111011000001000100100
5
10000001000010110110010100100010011000000000000010010101000100010001001001101000
154
10001110100000010001001100000010101010000000000000010000000100000010100110000000
35
100000100000011001000010101100000001100000011000000000101010000110000010001011
76
100101010000010100011010010100000000000000010101100001100001010001100000
81
11000010001001001000000110000010001100000001010010000111001000000001010010001010
150
1101000011000000100010000001001011010001100100011111101000001100100001
54
10010000010101101001001000011000100010100001110010011011001101011110000000101000
55
11001010001001000100001000000010000100000011100001001101100000001010001110010100
97
1000011001000000100000001000000010000100100000100100101101100100000000000011100
199
11110000011010110001000010110001010001000111010100010000010010000111000000100
85
11011000000000000010001000000010110010001000111110000000010001001100000000110010
148
101010010100011001110000011100000100000001010010000100101100010101010
101
10000000100000010000001100111000111001001001100100001001010000000000000101100000
77
10000010100010110101000100011100100101000001100000010110100100000100100000111
199
100011000011001000010010001010000000001010000000000001100000010100001000001000
110
10001000000000000001001011001100100001000001010000000000010101000000011000000
160
100000100011111100000000100000010010000001110101100010000100000011010000101000
50
1010000000000001110100101100001000100101100000000001100000000000001100000000
39
110011110000100010111100000001100100000000100000001100011000010000100100100001
87
10000100110100001000100000100010000000010000001000001100011000000100000000111000
90
11000010000100000000000000000111001001000101000001001001001000000010001001101100
41
110011000000010110100011100101000010000110000000100000000000001110010001000
48
110000010000001000000010000100001110010000011101000011100101000010001000010010
117
10011101000000100101000100001000000010010000000011000101100000100010000101110011
192
11001000000000010000000101101000011000011000001100000100001000000100010001010100
165
1100001100101010010101010011001000000000000110100000100010100000000011111100
100
11000100101001101100010000001001110001011001011000000000011110000000101000000000
119
10000001001000100001010000000110100010101100001000000100010001000010100101001100
32
101110100001000000010000000000000001101001000000001000000010010000000100100000
95
10111000001000100100110101110010100001100010010101101100000010010001000010011001
174
10101000000000000010000011000010100000100000011000000101010000000000100010110
77
1011000100011111010000101100111000100010001011010100100001000010010001100100001
34
10000110011000001001001001100100000100111000100100000100100001001000000110001000
154
10000110011001110000001000101001010010010010101101000100000100100000100000000
89
10001001011101110000111100000100000000000001110011110001001001011100101001010000
104
10110100000011110000111011000001100100100111000000100110010011000111001011000010
118
100111011010101110000001100100010100001100000100010101111010100101011011000
162
10000000000000010000000010101000110000000100000000000101000000000011010101101000
178
11001100010101100001001010100000011101100110000001000110000101101110001000000100
156
110101100010000010110010000101101100110011000010001000001100000010110010
47
1010000000101100000010010010100010010000100010100001100000010010100101001
116
100000000101110001010010001000000100000001000011101000000100011100111000
130
10100000011000001010000100000000100100000000000011010001010100010000000010010000
141
110010100010000000110000000100001000100010000010101001110000001000000101000010
198
10100100111100011100000000000001000010010100011010000000001000001100110100
78
1011000000100000101011010010101100001111000000011100100100000011000000011100001
72
10000010100101000110101010000001010000000100000100000001101001111000110001100
182
10010001010000000011001101100110100010001000010000100000001000000000001000000001
121
100010001010010010000001110000000000000001000000101000001001100001001110000101
160
11000101001001011010001010100010001001101100011010110100000010100000000001100
91
1100101100010000000000101000000101000001000000011010011000101001010000000110001
146
1000011000010100000100111100110000001000001000000011010010010000001100100011
188
10110110101010100010100000011001100000000011111001010000000010000110000110001
84
1010000000010001101011100010100000001001101101100010010001001000100000011010110
32
1011010100000000001010101001100000001001000010010001100010100010000100110011000
66
1001011001100000000100000110000001101010000100000000000100000100001000001000100
165
1000011000101000100000010000100000110000000001000100010000100100000000001111
180
1000000010110110010100000001010101111100000010000101000010001010110000010000110
161
11100010010000111010100000000010001001000000101100001000000001011001000001010011
92
100010000000000000000101010001000000000111000110110001011000100011001000000010
14
10001010100100011010100011100000001000100100010010111011101111000100100001011001
89
110111001100010101111000101000001000000010000110000010000000100110101010000101
139
10001000000101001010000010111000010110000000000011000010100001001001100000101100
146
10000100010100010000111000001010100000000000000100101010010110100000100001100000
175
10100000100001000010001000001000001010100100100100000000011100000111000001011001
144
11000000001101001000011100001100011001010010000001010100000100000110001001010011
19
11000110111100011001010000000000001100100101110110100011100010000010100000011
178
1000100100000001010000010101101001000000000000101100100001110100010000011010
61
10011010000000010000100100100111010011000001000000000001110110000000110001101100
126
100101011001000000100010100100100000101000000100010000010100000100011011000010
96
11100000001000101000010100101110100010000001110100100010000010000011100100001000
138
1010001110000101100100111000010000000000011000101110110001010010001100010000
187
110000000000001000000010000000000000001010100110000001110000000111000010010101
115
100010000000000010110000101111000010000010100000010010000010000000001001001000
45
1001011110001001000000000010001000100100001000000001010100000100100010001011111
3
10000001000000100010000000111001110001001010001100011010010011000001010000110000
140
111000100100001011001001001001000001000001011000000000010010101000001011000100
133
11001001000000010000000100001000001100001010011011010100001100101000000100000001
98
10001011101001001010010110000101000000100000000001001101000000000110010110
96
11000000000100010001110000101010100101100000010001011000000001011101011001
45
11100010001100101000000000001001010110000100000001000010011000000010000001010010
75
11010000001000001000000010110000001000110000110001100010010010001010110000000000
120
10111000011000000100000000110111000110000010100000000000000000010100001
192
100010111100011011101001101000010000100000000100000000001000100010000000010
9
10000001011000100000101100100001000100000010001001001000000010110100100000
69
100000000001000111000100000001110000000111100101100100101000110000000001011
15
10010110000001100001100001001000010100101010101010111000000001110101100010010
125
10000000100100011001000000100001001000001000010001100000000000100001100000001
121
1000101001000000011000000001000010100100101000000100000001000010001001000110000
56
1010000000101000100101011001001100100000000000000001100000100010101011
66
10000000000000000000010000011101001000011100100100010000000000100010001100001000
197
1000010110000000110010000011100000001000100010011001000000101001111110101000110
160
1101011000010000000110001000100111000000001000001101010100010100100000100000
46
100001001010001011000010000100111000000100100001000001000000000101011
86
1000000011001001000000100010100101010010000001000100000100010000000000000110
120
1010001000010010101010010010001100000100000010011011001001010000000000100000000
192
1000101011000100000101001000111001001001101000000000000100010101000000000000
147
1000110100101000111000010000000000000010000101110001000101111010000001000111101
49
1100110010000100111000010000100110000000011000010010000000000100000111000100100
192
110011100100001000000000011100000010000001001100100001000000101000010000011011
72
1010000011001001000011110100000110000010000100000010000000010100000110000100010
46
10010001001000100010010010010010000011010000011011110001101010001001110100
20
11000001001100011010110100100000000010111110000010100010101001101000000000000010
94
10101010010001000000001001000000001001101000101010010001100101100000000
98
100111000110110100100110100101110000001000000100000000110110100100011000011000
112
10100100001100011100101010010000011111000000000001000010000000110100100110000100
108
10010001011000110101000110000101100001000011101000011000000000000001000010
77
11101000000100010001101000101010000100000011001100000110011000000000100100000000
197
10000010000000110010001000010100011010000101010100001110001001000000100100
172
10001100010000011001011001001000110011000100000001010011000100000000100000110000
41
1000000100001000000000001101010000010010000000011100101110100000110001000010
2
1010101000010000001000010000000000000000100001100010010000000101000000000000000
91
10000101000001101000010000011001001000000010011010011011100000010010010000000
41
110100010010000001111000000110101010011010010010000010101000100000000111101000
19
10000000001101010010000110000110100000000000111100100101001011001010100100100100
36
11111001000100001100110010100000001100011111100000000001110000100000000010000100
176
100010100000101110000010010010000000000010011000111001010000011001000010100010
157
100000011001000001100000011000100100010000100000010010001000010001000000000000
80
10100000010000000100100100000100000000000010000001000110011001000000001000100
70
110100100000000011000101000010001110001100000010000001110010000100000000001000
42
1000000010000100001000100000010000010001000010100110111000000010000010100110000
34
100001010100001010000001110010000100000000011001010100100010110000000
113
100001101010010000010010111111000000100010000001111000000111001110
40
1001000110010010000000000010000001011001010000010000000100100000010000
46
11000000011000001000001011101011001001000110000001010001100010001010010000000101
190
1110010010000010001110101000001001001010000110000010000000000010000101100000
185
100000000000011010101000001010000000000000001001001100011000000111001100100010
118
11110000000100101001001000000000100100011101000000000100101000010001000111001
31
111001001010000101010110000000000100001000010010001111000000011011011011000
183
10010001111101010010000001110000000010001000100000010000000010101100001110101010
119
10001000101110000000000000100100000010000011100000010001100000000001000001101000
9
110000001000000010000110010010011011011000110000000010110001001011100100110
194
1000100010101100000001000000000000000101000101000100100000010001001000001000000
14
111000000101001110011000000010001000100110001001000110000100000001000000100000
187
1110001001101011110001000110000001010000000100010010000001000111000100000
26
100000001110101000101100100111000110000100000000010010100010000000000110100
122
10000000001010001110000001111110000000000100010000100100000100001010111001000101
173
11000110000000000101010001100000000001100000010010000100000001010010011000000110
43
1010000000000101000001000110000001101010010010100001001000010000011000001001001
37
1000000100010100010100001101000100000001010001010000000000100000100000001000
17
100000011000100010110001100010100001000111000101000111000001000001010100111
188
10000000000100110000000000000011111001000100000101000000000001000101000
76
1101000000011000111100011000100010100000000010000001000000100010100000100111
122
100000101010110110011000000011011100101010000010011101100000101010100010100010
37
100011000001000000000001100000110010000000001101011000010010000010000010100001
75
10010000101000000001001000100000010100000110010111101100000000010000010100001001
116
100011010000011100010000000000100001010010010000100010101101000000100000000
31
1110000000001001100100000011000100000101100110001001000001000011001000000001
189
10000000100000000000000010001001000100000100001100101101101010100010000100100001
81
110000000001000000000001000001001000100100000011000001100010110001000110100111
2
10100000000100010000001001000100000001000000011000100010111110100000001100000000
4
1110100000000000011001001101100000100100101000001011110011000000001001000001
141
10000000000001000000000000010001010101010010000100111011101010011101000001000000
55
100100100000000001010010001000000001000101000001100010000000110000101010
36
10001100000001110000010000011001010001000010000000000001011000000000100000001100
83
111011111100000100010010100001110100100000110101001101100001000011001100110000
4
1011000011001000011001010001000010000000000010100000000011011001100001000000000
17
11000110000010000000011001001010110000100010010001000001001101010010000001110001
97
10101110000000000000001001000000000001000100100100000000100001001000001000000101
146
11110101011000000011000100001000001101101100000111001011100000100101010101010
79
1010010100001101101001000000000000011110000001010001000011000001001010010011001
169
10000101001101000100011011100110010100001101010000110100000000010100010100001100
187
100010100100000101011100001000110000110000110000000110110100100100110001010001
168
101010000100100010011000100110100000000000101000000000011001000010001000100101
188
10100100001000110100000000100000001000100100101001001000100010011001100101000000
47
101000101000000000000001111100010001001101000100000000001001100000010110010000
184
100000000000010001000000110001101000101100001100100101000001011000010100100101
120
1000100000010100100001111100111010000000010000110110000100000100000110000011010
141
101010000100011000100001100111001110001000010001000010000010001101110001111101
57
10000100110110001000000010101011101000010000000010000000101000011010001111010001
5
1110010000001100001000000100001000000011000010000000000101010000010001000110
75
11010000100111100000111000100011100000111000000010011100101100100100010001001
43
10000110000010000110001111000001100011001000000000010000000000000000010101010
42
10000101001000001000111000000001011001000110000011001010100010110000100101000010
72
1110100100001010010000110010000000100000000110000111111001000010001101100000000
171
1111000000000001000000000011100010011111010000110000010000000000000000110
28
11101010001001001010101100000000101110000000000010100001000010000010000001011000
34
1100000000000000000000010100010101011000011001000010000011000010000100001000
145
100011111010010000010100001100010100000000100001100000100111000100011100000010
197
11000000101110000001000100011000011001101000000001011001000001000000100100110010
51
11011100100000001110011000100111000110100010010001100001000010100000000000110000
6
1000010000100010101110100101110001011000000110000000010000000000101000010000
36
10000110000000001000010001010000001100100110000011001100000001000000100110001
182
110000010000000001100011001001000000110011000001101010000000000010000101000010
160
11100100100100110010101001110001010110101001110001010100000000000000000
184
1000110011100010001000100010011110100000000100010101100001000100100011000100000
107
111001000000100100010101000011100010010001000000111010010010000001000010001000
190
110010000010010110000000100010000001010100100001111000001000010011011000000
167
1110010001100100111011010001101000001101001000000010100101100000000011001000110
180
11000100000000000000011000110000110110110100111000100100000000110010000000
45
11010000111010000100101000110000000000100000000100100010001000001000110010000
91
10011100011010100100000000100100000000000111100110010100000000000010010010000
102
100010000100100110000001000000001001101101011100001011011000001000001100101000
53
10010010010000100100011000000000000000111001011010000011100000010010000000000001
83
10110000001101000000100001000000001000001000000000110010101000000100010000011000
58
1100001010100000000100010000011010100110100010110100000000101000100000100000001
48
101000000110011010011010000000010100100010000100010100000000010000110010000000
106
101010001000011001000100010000000000100010001101010000010010000000000000000010
22
100000001100001100010011100011000000000100001001101101000010010000011000100
20
1010100010000001000100000000100101101101101000010001000000100000000000001011010
113
10000000011000010100000010000000101101010000010010000000010011000010000110000000
4
110000000011000001000010000111001000010000100100000101000100000000000001001110
106
10010000101001010000001010100110010000001000001000100000000100100101000110010000
144
1001100010100000000001011100110011011100100111100000101011010000010111000000001
183
10010100011100001101011101001000110010000000101100001101100001010010000000101000
118
1111101000000101000101100100001000011100001001010000100001011011100000001001
151
10111000000000000101100010000100001011000000001001001010000000100100000111010100
127
10000100110010110010000001010100100100111000010000001000001000000011
54
1010000011001110101001001000000001000111100000000000011010010000001100100110
181
11110001000000111000000010101000100000011010000111000000011000001111001000000100
68
111001000000000000010010100010111101001101100000100011001000101001110001000010
95
100000101000001001000001000000000011000000001000011001001001111000001000001110
123
111111001011001000000010011011010110100000010010110100100111000001010011010
133
10101110000000101000000011100000000000010001000010001110000011011001000001001
127
10100000000010011000011001011000000100010110000101000011001111010010001010000
180
1101001000000010011000000010001001000010000000101101011001110001000000010000000
21
10010100100000110111001100110000010000000000000010001010100101001000011000001100
199
1010000010000101100000000100001010000001011000010011000000000111000001010100101
141
1000101001100110111000110000011100000010000000000000101010000001010100110101000
182
100000011000010000000000101101011100100011010100010000000001110010000010000011
53
10100000001110001000001000101100000000110010100111101110100000010000011010001
197
1000011100100000001111100011000000011100000110001000101000000001001000001001
15
10010000010101000000010110001010100100110001000100100001000000111000000000000100
117
10100000001000000110110010000010000100001000000100010101001000000110100001
87
10011001100000000010000000010001001010100001000010010000011000010110110010011101
117
110100010000000100101101001001010000011001110010010100100000001000000000010
18
1110010001111010101001000000011110000000100100011111001100000010110001010101100
123
11000000011001101100010000000100101010010000010100101100001001000001100011000000
46
10010110100110000110000001000000000001010100010111100110000010000001101100100010
162
10000001111000000100000000010110001000000100111001000010001101000000110011100000
150
101001000100001000000000000000101000101010110101000000010100101000011000000001
66
10000100000100111001001000010000001011000000000010001001100001001110010000000001
120
100010000000010000001000110100001010000001000011000000010001000010110110
117
100001011100001100100101101000000100001001100000010010000010010001001000
7
100000010100110100011010010010100000100100101101000001000011110110011000000
115
1010100000000000000000010010000010000000100000110001110110010001000110000010
91
11000101010100001011110001110011000100000011100000011000001001000000000011100110
74
11011010011100001101010011100110100000000000111001000000001001010000010011000010
127
1000000100000001000011010001100011000010010111111000000100001000010100000110111
90
10000100001010000000011000000100000011110000001001000000000010011110010011001000
53
10011000100001110010011011000110011010000010110100000110101100100000000000100100
10
101101000110110001001001000000000000001000110000000100100010000010101010000001
132
110001011010000001000001001001100000100001000111010101100000000110000000000011
17
10000001110100001000101000000010000010001100010100000100000010110100001100000100
95
10010101001000011000100001101000001010000010100010100001001100110100000001
73
101000000100011010001101010101101000111010000001011000000101000100000111010001
16
1110010100010001000000000001010010011000010010010011000000110000011001000101
129
1000010000101000010010100001110000100000101000101001110000100000100000000110110
6
10000000100001000001010000100000011110100010011110001011000110000000000000001
175
1000000010100000001010101101000001011000010010001001010100100100000000011001010
128
10001010001100001011000001001100001100010100010001010000000010010110110000
17
10010001001000000100001010001111000001000110001100110011100000001000100000110001
166
10010001100000101111000000110000011101011010010011011000001100011100111000000
125
100000100000000100010111011000010000000011010000000011000010110000001000000000
50
110000100011000000100100000000000101000010000001000100100000000000101010000011
161
1001000010010010000100000101000101011000001101000000000001001011000000
81
11000011100101110001000010000001001100010101101100111100100011100100000011110
87
10100010101010001100100010010110011000010010100000001000100110000000100000000
166
1000000001101110001000010100000001000010000011010000000000000101000000100000000
16
110010100001000000110001100000111110000000001000101001101010000000100100000
54
11000110100100000000110000011010010000101011000010011000111000000010100001
129
10100101000010000000101000001100011010011000100000000110001100100101100001
149
10000100000001101011000000101001111010010100000100001110110000000001110001001111
124
101010111011110000010000010000001000000011101101010100001001000110010000001111
17
1100000111000100000101000001011011000000010010101000011010001011010100001110001
149
11101101000001011000000101110101001001110110001101001000000100110100000111001000
105
100010010001100000011000100001000001001000001110100010110110010000011000
171
10110001101101000001000001001100001010000000000000100100000000000100001010100000
109
1011000000000001010000011100000000010011100000000001000000010001000011100100110
162
11000110000000001101000100001010100001101111000000000000000010100000001010111
20
110000001110010001000101100011010001010110000000110010000100110001010101111100
67
11110101101100101000011001010110101001110000101000011001100000000101110001000100
34
1100000011000010000010100010000100001000010101010011001010010000000000100000
166
1000000001000000010100001011000000000011100101000010001000001100011111000001000
70
1111000110000001110000110000001000010000111010000100000110101010011110000110000
9
1100001100000000001000100001000010000110000010001111000111011000010011100000010
162
1000000101110001010100110100011000000000010100100000000000000001001010000011
132
11011001001001101000010000001010111110000101001011110100000001001101000001110110
159
100100100000001000000001000010010001000000010010110110001010010000010000000100
16
100001100100101001001000000010000010000100000001010110000010101010010000010000
96
1000000000001101100000111100000100110001000000001010001010101100000000101001110
89
10111010011000000001001101000000000000010001110011111100100100101010100100000
61
10000000010001111100101001010100101110100001010001111000100000111100110001000001
73
10010110101110000100011100110001100000101111100000010100001001000100011001100100
125
11001001101000010100000000000000000000010001101100000000000110100011001000101000
41
100101100011100010100101101000000000001011001100100010001101010111001010100001
149
110001001010010011000100100000010011000101011101100001000001001100011000110
183
111111100011001101000110001000001000011101000010010000001101000000000101100010
187
10000000110000000001010001000000100100010001100000000011011111000100110000000000
108
11000101001100100000000110010100001110101000101100100010000101000110010010100100
81
110100100110000000000000100001111000000101001100101001000111000000110001101110
131
1000001000000001001000000001100100100000100000110110100010010001101100000010001
78
10000000110100000000000000000000001110000010000010100101100100001000000010001
131
1101000000000101100110110100000010110011000000110101010000010001001000100010001
189
11010010110000100101001100000000000000001000010100000111000101100100011000000100
187
11010010000000000100010000001001010000000111011000010101001001011011010000010
12
100110010000110100000000000000000000001000000100010000010100000001100000100
167
111000101010011101000010000110001100101000000101101000001100001100011
60
11111100010100101010110000000000000001001011000011010000111101001000011010000101
107
1011000000100110000000000000001000001010110100000000000110000100111100010101
111
110000111100010011110011100001001100010010000000000000000000010100000000000001
40
100100010000100010001000000001100000000110010011001001000101111001000000001000
41
10100000010110000000001000011000100100001101111001000000100101010011010001000
170
10000010000000000111101000011000001000000010001000010000001010110000000000
133
101111011100000101001000000101011000010111000001000010000101011000000001001000
111
11000100011100100000000000011110011000010000001010111101000100001000000000010010
30
100100011001000010010000001110100000000000001000001010000010100110100001001110
71
110000010001000010100010000000100000010010001100111100101000110100000000010000
109
1000001000100000000010000111000100110110111100000000011010100010100010011101101
97
1101010110001100101001010000111101000001000100001000001010100011000101000010001
41
10100000001010100000110000110011110100100010011000001010000000000000100000100110
115
1001110000001101000000010001001010001100000000001000000000100110100001000001011
46
110001100000000101000011000100011101001110000110110100100100010010000010010
96
1100101010110000000010010100001100010010001001010000010001000010000000001000001
155
1000000100100000001010000010101100000100001010000100100000100000010100000110110
84
10001000100100000010000000010010010000001000010001000011010011100000100011001010
6
10011110010110001011001001000001000010100100010000000001000000000000110110000000
100
101100100001110000000111000010000100100100010000100000100010000000010010000001
131
11000011000100000001010001010101100100010000000011000000000000000100000010000010
62
110101000011100010100100101110000000101010100000101101010000010000111001110010
32
10011000010010010010100000010000000100000101000000011100000111111100011000101
132
1100111011010000000010100011101000010010001000100100100110101101010000011010101
54
10010100011101000000000010001000010001011010000001000101100000100000000001111011
147
11001000000000011110001010011000111000001000110001100000001010001001011100000000
97
101110000010001000000000000000000011110100110110000010100010101100000110000100
85
