80 200
11101101110111111101010111010111110111111110111011111011111011110111111111111101
188
11111101111111111101100111011000011111101001111100101100111010110011101110001111
66
11101011111100110101011101111111111111101101101010111111111010111111111111111110
171
11111001111010011001111111111001101111111001110111111101010111111101111110111011
76
111101111111101111111111011110011110111111110111111111101011111111110111111101
149
11111010111011111111101010111111101111001101111001111111011011111111110111111110
145
10111111111101111110101011111011111100011011101111011011110011111111101011111011
55
1101111101101111111010110101110101111110111110111011101111110110101101111110011
185
10011011111101101111011111110101101111111011110111111111110011101101100111100110
44
11111111111011110011110111111111111111111111011010101111111101101110111101101101
73
11010101100011100111111111111111111110101111111101011111111101111111110111111001
183
11011111011111100000111101011100111111111111111111101111110111110101111111111101
77
11111011011110011111011011110111110010111111011010111011111111011111010011111110
154
11111111111111111110111101010111100100101000101101111111100001110101111111011111
124
1101101111011101111111111111011110101011111111111111111111111111101110111111111
74
1011101011111111101110101101010111101111111111100010011111111101111011111110101
146
10111111001101111010100011101111011111111111101111111110111111111001111110111111
65
11011101010010111111110111110111101110101110111111111111011111010000101111111010
144
10111111011101111111111111010111111111111111111110111010111100111111110111111111
2
1111111111011011111111101010101011111111011101110111110001011110101110011111110
120
11001101111111101110100111110110111111111111110010011111111111101011010001111111
182
11001110100111110111110111101010011111111101111110111111111100111100110111101011
69
11111110010111111011110111010111111001101110110111110011001011101100011011110111
73
10111110111111011011110111111110111111110010111110010111111111011101011011111110
49
11111111011111110111111111111011111011110010101110100100001011111010011111101010
105
11111111110000111111010111111101010110101111111111110111111010111110111110011110
17
1111111110111111111111110111111111111111111010111111101111111000111110101110111
98
10111111101011111011111111011111111111011111110101111110111111111101111101111111
16
1111011110111101101111101111111111111111110110011000000111111011111101111110111
82
110011110101101001111111111100111111110101011101111111111111111111111111101010
96
1111111011010111111110100011001110110011111111111011101011101101111111111011111
100
11101111111110111111111111011111010101110111111111111101101110111111010100111111
45
1111110111111111111011100111111111110011111110111010111011110010101110101111111
164
11110111111111100111111110111111110111111111101011110111111101011110011110111110
61
1111111001111111011001011000111011111111111111111010110101111111111011101011111
23
11111011011101011111011101111111111110011011001111011011111110110111010101111101
186
10111111111111101111111111110111101101101101011110111001110111101010110001111010
28
1111111111110110011101101101110111111111011001111011111011011111101111111111101
185
11011111111111110011111111111110110111110110111101011110111111011111101111011101
22
11011101111001011111110111011100111111111111111111111110011111101110110101111
120
1101101111111011110111111111111100011010111111010101011101011111111010101101111
64
10101111111110101111111111101101111101111111101100011110111111101111011011011111
5
1111111100011110111111110000011111110111101110111011111000111111111111011111111
65
11111110111111111100111101110101111111101111011111111110111011111011111111111111
114
1101100111111100110111110111010110111111011111111011001111111111101100111101100
153
11111011101100101110011001111111110111111111111111111111111110001010011111100111
170
11111101111111110111101111111111010111101111111101010111111111111001111111001011
89
10111110111111111101111011110101100111110111011011011101111111111111111001111101
122
10100111111110111111110111111110110101111101111011101111111111111111100111110111
149
10011100101111111101011111001011101111111001011110111111111101111111111110111110
100
11111111110111110111111111111111010111110111111111111111101111111110110101111011
146
10111011010011111111011011101111110111111111110111110110111101110111111110111111
46
11011101111011111111101111111110111111011010101111101110111101101111110011000110
166
11101111111111111101110110110110111100011101111111011111110110111111111110101110
25
11111111111111011101111011110010111111110100111111111111111100111101111111111111
194
11111011110001101111111111011110111011100111011111111100110111110111111111111111
3
1111111110111011001111101001111111100101111011011101111111010110111101100111111
11
1101101111111111101111111111111011111011111110001111111111111111101111111111110
199
11111111011110111111111101110111111111111111101011111111101101111111011111111001
79
10011111111111001110111111110111011111100111001101100011111111111110101111101111
170
11111101011100111111111110111111111001011001111111111111110011101011001111111011
23
1111111110111100111111111110111111101111111110110111110111110111111111111111101
35
11111110111111111111111101111110011111111111111111111001011111111111111110110111
178
11110111111011111010111011111110110001111111011111111111010111011111111110111110
120
11011111111111111111101100111101011101111110101101111111011011110111101111111010
34
11111101111111111111110101111111111011111111111101111111000111111111110110101111
90
1010110111111111110111111111111111010111111111111111111111101111111101011111111
34
1101001011111011111110011011111111111111111101100011111111110011111001110111111
61
11111111010011111111111111111111111110111011111111100101111011010111110111101111
47
11111111110111111000101100111111111110110111111111111111111011001110111111011111
95
10111111111000111011111111111111011001110111111100111111111111101101111111111110
39
11111101110111001011111110110100111111100111111111111101110111111011111111110111
14
11111101111111101111111011111111101111111111111101011111101011101111111101111011
100
11001110001010101111111111111111111111100101111111011011111100111101111101100110
193
11110110110111001101011111110110111011011110101011110111100111111111111101011111
166
11111111111011111111110110110101111110111011011111111111111001111110111101010111
52
11111111110010111111111111111111111110111101111100000110111111010111011101111001
10
1111101111111111110010111111011111101111101110011111111000111111111111101111110
60
11110111111101111111111011011111111111101111111010001111111111111111111011101011
118
100111110110111101011101111111110111111111110011111100111111111111111111111111
138
111111111111111111111011011101001110001100011111101101111111110101010110110111
35
11101111110111011111111111111111111111111111111111010111111111011100110111111101
155
10111001110111001110111101101111100110111101111110110101111111111110100110111000
71
11111111111001111101110111011110110101011100101010111101001010111110110101111111
27
10011111110101011100111110001001000111111111101111101111111110010011111001111111
6
110111111110111011011111111111111111101111111111111110111111110001111100111101
84
10011011110101111110111110111000101101101011001110001111111111111111111111011111
68
10110111111111111111010111101111110111110101101111111111011111110111111110111111
4
10101111011101101100111011011111011111111001001011101111110111111110011011111011
200
1001111110111100101111111101110111111111011110110110111111011111100111111111110
120
11111110110111001111101110101111110101011111110111111111110111110100101011111111
69
11111111111001111110101111000010111111110111111101100111101011111111101111111110
186
110101111111110110011011101111110111111111110110011101110101110011111110110111
101
11111111110111101111111111001111110011010011101111010111111110111110110111011111
143
11101111010111110111111111111101111011111110111011010111111010110101101111111111
117
11101100011111111101110111110011111110110111111111111101110101111111111111111111
87
10011101101111011101111111101111111111111100110110111111001111110101110011011010
34
11111111111010011011101010110011010110111111011111011101010111011111111111111110
10
11111111100101111111111111111111111111111110001111011111111111111010111110110100
84
11011010110110111111111110101110111101011010111101011111110111011111111111011101
105
10111110110100111111111111011111101111111110111111111101111111111111101110010110
180
1110011101100111101111111111111111111111101001011110111101011001111111011011111
29
11111111111101111011101001111111111111111110110100110111101111110010111011000011
142
11111111111111011110110111111101111111111111111100011101000111110111111111111110
52
1101110111110111101001111101110111111110110111111111111011111011101110110110110
160
1111111111111111110110011011001111111111111111101111111101111101111111101111111
154
1111001010011111101000100111111111110111101101111110111000111111100111110110111
197
1111111111111111111101111111111111111010111111111011110000011111011110111111111
188
11111111101111001111111111111111111111111111111111101001111111111110101111110111
139
11011111100111111010111101111111111111111011101111011001111111100111101111001111
149
11111111110011111110111111101111111111111011110111111001110111100011101111111101
125
11111011111110111100111101101111111111100111001111111111011110100011011111111111
130
11111111011101111111011001101111111010111111111111111111011111111101111101111111
108
11111111111111110011111111100111011110010100011111011111111111111101110011111011
155
11111111111110111111111111111011111011111100111100101010111011001101010111111111
55
10111111100111111011111111111111111011101110011111111101111111111100111111101111
89
11111111111111011100010111110111110011101111111110111111001111101110011111111111
116
11111101011110111111111111101111111100111111111111101111011101101011111111011111
90
11111111111111111111110101010111111111011011101011001101011110011111110111111111
58
11011011111001111111111111101011111111110111111111100101011110101011111101111111
121
11111110111100010111101011111011011011011101101111111111111001111111110111111111
29
1111001110101111011001101110010111110111111111111111110101011111110111011111110
172
11110111111011011111111110111011011011011111111111010110111000011111001111110010
18
11101111111110110111111111111111111110111110111110111111111011100111111101111111
144
11111111011001111110011111111111101001101111001101100101101111111011101111011110
34
11010111111111111111111011011111011101101110101111111111011101111011011111111011
112
10011111111011111111101011111001110111111101111111111111111111111011111111111110
112
11011111111111110111101111111101011011111111111111111111000101000111111111011111
191
10011111111111110100111010111111111111111100111010111111111111111011110111000101
194
11011111111110111111101101110111011111111111110111011011110111111111100011011111
155
11010111011111101111111101111111111111110011111111111001110001111101111101011111
13
11111111101111111111111111100011111111011111111111111111111111110010111111111111
167
11110011110111111111101111011001111111111101100110011111101111001111111101111111
55
11011110010111111110111110111010111111011111111111111100111111011111111101011111
4
11001111111011111111011101100111111001110101111110101111111011011101110011111111
50
111111111001111111011111111111011111111101111111111011111111110110101101111111
167
11110111010111111110011011111111111011100111101011111111111101001111111111101111
174
11111101111111111111110110101011011111111111111110111110111111111001111110011111
196
10011111110110111101111011110111111111010111011110110111011111101111111111101111
184
10111111111011111011111111010111111011111110110111111110101110011111110110101111
10
10011111011111111111110111101111111111111111111101111111111000110111101110110111
178
11101111101111110101011000001011010111011111100110011111101011111101111111111101
183
1111011011111110101111111111111011001011111111111001111010111111111011010111111
110
11111001110011101010111110111110111011010010011111111110011111110111111011101111
119
10111111111100111101011011111111111101111111011111111111111111111111111010111011
10
10111111111111111111101111111101110011010111111111100101111111111111011111111111
2
101110111011111111111110111101111111111111011100111110111111111001111111111
103
11011111111110101111101111101011110111111111100011111111100110110111111111111111
18
11110011111111011111011011001111111011011011011011111111111011011101011111111011
89
11101101110111111111011111011110110111111011111111011110111111011111111111011011
24
11011111111101111101111111001111011010111011001111111111110111110111111101111111
83
11011111111110001011101101111111111111111011101111111110111111111111111111011011
88
11111101011101111110110100101111111110111011101111111110111110101101011111111100
110
11111111111111111101110111111111101111111111001101010111101111100111111011111011
134
10101110101111111101110101011100111111111111001011001110111111110101111111111111
107
10011111001111011111001111110110101111110100011111101101111111111111111111001011
60
11011011111011110111110111011111110111011111110111111110111110111111101011111111
36
11111001110111101111111111111111111111011110111011111111011111111111011011110111
132
1111101110100010111011111101111111011110101111010111101011111111010111111011111
165
10111110111111011111111111110101011111010101101111111111110111111111011111111110
92
11111111110110111111111110111110111111111110111110110011111111111111001111011111
37
10110111111101111110111111111111010000111101111111111011111110111001101110111111
78
11111111111111111111111111111111111101110001111111111111011001011111001111110011
12
11001111011110100111110101110111011100010011111111101011101111011000010111101111
173
1111111111111110111111000011111011011111110110011100111111111111011001111111001
96
11111111111101111010110111011111111111011111111110111000101011111100110010111110
75
1101110011101111111011011111110111111101110111111011101111111111110111110111
148
10110010111111111011011111111110110111111111111111110001011110101011111111110111
177
11001101101110111101111001011011011111010110111101101110111011001011111111111
17
11110111001111111111101111111101101011001111111111111110111111100001110101111111
168
1111111111001111111111111111111111110111111101111111110111111111101111011011111
161
1101011111111110010111111110101110101111110001011111010110111111110010110011100
58
11111101111101000101101111111111011001011110111111111111111111111110110101111111
115
1111101111111010111001010111110111111111110111110101101011111110111111111011111
199
1111110110010111101111011111111111011111101000111101111010111101101111111111011
129
11111011111111111101111011011111111111110110111101111011001011111100111101111011
179
1111111011011011010111011111111111011101111111011111111011010101011101111111111
121
101101111110011001010101100110011111011101110001011111111101110110001011011011
41
11111111111111110101111101111101111010111111101111101111111111111111110111110111
34
11110111111111011111111111111011110111111111010111111111111011101111111101101110
142
11010110111111111111101111111100110111100111101111011111110111111111111111111110
96
11111111111010101111111011111111101100101111011111101001101110111111111011011111
79
11101110010011111110111101011101111100111001111111110110010101111011111111110101
38
10111111101101110001110010110111001111111111111110111111111111101001111111010111
131
110011111111111111110111011101111111111111111111111111111011001111101111111110
134
10110110111011110011111111011111011101110111111101101111111010011110110111110111
174
11111101111111111111111111110110111111111100111111110010011111101111111101011101
37
11111111111101111101111111110111101101111111101111111000100001111110111011110011
30
10011111111111100011110010111111111111110111101111000111111101110111111111101011
140
11111111111111101111110101111001111111011111011111110110001011011100110101101110
189
11111111111110100111101011110111111100111111110110111011110111111011110011110101
77
11111010011111001111110110111101011111110101111111111000111011110111111111111010
185
11011010111111110101101011110111011000101110111111110111011110111111111111110111
145
10101111101110111110111111001101111110110110011111111111011111111111111111011111
63
10111101111111011111111111101111111111111111100111110101111101111101000111101101
30
10011111101111111111101110101011111011001111010111001111111110111111101011111110
189
11101110111110111111101110111101111111111111101111111111000111111111111101111110
9
11111101100111011111000111111100101001111001111001001111110111011111110111110111
2
11110110100111111111110110111111101111111111111001011111111101111110010101111111
60
11111111011011101111011110111111100101111011011101001111110111111111011001110101
14
