80 200
1001100110110010100000111000111110011011110001010101011111011010001011000011101
188
11111101111101111101100111001000011010001001010100100100101010010011101100001101
66
10100011110100100101011100111111111110100101001000011101110010111101011100101110
171
11101001111010010001111010111001001111111001110111111100010011101101111100110010
76
111101111101101011111111011100011100111010010111111110101000111101100111101101
149
1111010111001011101000010001111100111001101111001111111011011001111110110111110
145
101100010101111110101001001010111000011001101111011011110010100111001011011010
55
1101001001001100111010010101110101111100110010101011101111110110001100111100001
185
10001011111101101011011011100101100101011001110111010111010010000101100011000010
44
11100010111011100001110111101011111110110111001010001111101001101110101000101101
73
10010001100001100111111001110111011110101110111001010111101100101111110011010000
183
11011011001111100000011000011100101110111110111111101001010111110001110111111101
77
11101010011110011111011001110111110010010111011000111010100101011111010011111010
154
10010110101111100110011101000110100000001000101101111011000000100001101101010010
124
101100110010001010111011110011100101001110101111111111000101010101010111111011
74
1011101011111110001110101100010111001010110110100010001111011101110011111010100
146
10101111001101110000000010101111011111101111101111111110111111110001111110111101
65
11010101010010111101100001100010100110101110100011111011011101010000101110101010
144
100111011100011110011110010000101001111110101010110010111100101110000111011111
2
1011111111011011110100100000101010101111010101010100110001011010100110011111010
120
10001100111111101010100110110110011111101110110010010001111110001010010001111111
182
1000100100101110101110111100010011001111100101010111010010100111100000111101001
69
11011110010011111011100101010111111001001010110111110011001000101100011010100101
73
10110110011011011011110111011110101110110010111100010101111011011101011010111110
49
11111111011110110111110011010011001011110000101100000000000010111000011011000010
105
10111111110000111101010101110101010100100111100111110100111010101100001110011110
17
111111100111111111111010111111011111111111010110111001101111000111010101110111
98
10110111101011111001111101010110111111011110110101111110001110011101011101101010
16
1011001110011101101011101111101111111110110100000000000111111011111101111100111
82
100001000101000001111110100100101111110100011100011111100111111111111010101010
96
1111110000010001111110100011000000110011111111001010101010001101101111011010111
100
11001100010110110101110111011111000000110100101011010101101110111000010100001001
45
1001110110111011101011100101100111100011110110111010111000100010100110101010101
164
11110100011011000011011110111111100100111111100011100011111101011010001110111110
61
1111111001110100010000011000010010101111111011111010100101011101011011100000111
23
11101011011101000101011101111011111000000011001001011000111000110101000100111001
186
111110111111101100111100010011101101101001011110111001110111101000100001110010
28
100111110110110011101000101100011101010000001011001111010011011100010111110100
185
10011110101110110011101111111010110111110110111100011110111111011011100101010001
22
11101011001011111110101010100111111110111101111111110011111100010100001111
120
100001111010011000111110110111100011010101111010000011100001011111010101000111
64
10001111111110001000101111101101111101001010101100011110101101000111011001001010
5
1101111100011100001100110000010100110101000000110011011000011110111101001111110
65
1111110110001111100110101110101011111100001001110011100110011110001111011110110
114
1001000111011000110100100101010100111101011110010011000011111111001100110100100
153
11011011101100001100011000111101110111111110101111110111100100001010000111000011
170
11111100110011110100100111011111010111000101101101010111111101011001111001001011
89
10111110110101000101011000100101100111100101011001010101011111011111111000111101
122
10000011101010001111010111011110100101111101011011101101000111111110100111110101
149
10011100001111001100011011000011101111011001001110110111100101111111100100110110
100
11111100100100000111110101111011010011110101100111011110101111111110110101111011
146
10111011010011111101010001001111100111111111110111110110001001110111001110010100
46
10010001101011101010101111010110011111011010001011100100111101000110010011000000
166
11101111010010111101010010110110111100001101111010011100110100111010111110101000
25
110001111111011101111010110010111011110000110110101101111100111001111111111100
194
10110010110000101011111001001110111001000111011111111100100011100111011111101101
3
1011111110111011001111000001111111100101001010010101011001000110111101100111011
11
1101101001101001101100111011000010110011110010000011111101111101101100101111010
199
11111100011110011011111001100011111001011111101010111011001000111101000110110001
79
10011011110111000010010011110001011010100110001000100011111011011110101111101110
170
11111001011000111110011010110110100000000000110111111111100010000001001111111011
23
1011111110111000111111111000111111101111101110110011110011110100111011111011101
35
11111110111111101111110101111100000001011111111011011001001110011001100110110111
178
10110111001011111010001011111010110000010110011101111111000111000101111110110000
120
10011000011111111011100100111101001100011010001100111111011011110110001001101000
34
1110101110110110111010000111101111001010001110101110011000111101010100110000110
90
1010010010001111100011111100100010010111110111110110011011101001111101011111110
34
1101001011100011110100001000111111111111110000100000010010010011111001110010110
61
11101111000001111101110111011111110110000001001111100001101011010101010001000111
47
11110111110100111000101100011011011110110110111111111111011001001110110011001111
95
10100011100000111010101110101111011001110111111100100011111111101000111111111110
39
101101100011001011000110110000101010100101011111111101110001011010111111010111
14
11110101111111100101101011100110000111101101101101010111101011100110111100111010
100
11001110001010101100010111011011101111100101011010011000111100011101110101000110
193
11110010110111000100010011100010111011000110100001110101000111110100111001001110
166
111011111010111101010110110001111110110001001101111110110001110110111101010111
52
10011111000010111111100010110101111110011101011000000010101110000001010101111000
10
1111101011101111100000110111011001001111100010001011101000010111110110001111110
60
1110101111101110110110010011001100101001111011010001110011111011010110011101001
118
111000100111000010101101101110111101101110001111100111101110101111111110100
138
111011101110101111110011001101001110001100011001101101111010110101010100010111
35
11101011110101011101011111111111111101111110011111000011100011011000010010101100
155
10001001010111001110111101101111000110110001100110010101001111111110100000010000
71
1111111101000110101110010011110110000010100001010111101001000110110100101111101
27
10010111010100011100010110000001000111110101100111001101110110010001010001001011
6
110111101010110011010011110001011001101100001101000110110110110000101000101001
84
10011011110100011110110110001000101000101010000100000111111111111111010100011011
68
10110111111011111101010010101111010111010101101111111011011111000110001110110111
4
10101011011101101100111001011111001011101001001011101111010111001110010011110010
200
1110000011100101110111101000011111100001010010110110111011110100000101101110
120
11111000010111001101101110101101110101011101110111111101110100110100001001100111
69
10000101110001101110101001000010111111110111011101100110101011111011101010010100
186
100101011011010110011010100111110110111011100100011100010101100001010110110101
101
11101101110111101110011111001100100000010010100011010111011010110110100101011111
143
11101100010010000100011101111101110011111110111011000101100010110100101111111101
117
1101100011110111101110110110001111110110011101111111101100101101111100111111111
87
11101001111010100011111101011111101111100110100010011001001110101110001011010
34
11111101000010011001101010110011010100111111011101011101010111011101011001111110
10
1111111100001110101110001111111010101101110001111011001100111111010011000110100
84
10010010010110101011101010101110100100000010111101011001110101011111101111010001
105
10110100110000011011110111011111100101111110110111011000010111111011101110010110
180
1000011101100110101111101111111111111101001001011110110101010001011111010011101
29
11011111010101111010100001101111010111111010100000110110001111100010011011000011
142
11110111111111000100110111111101101011011111111100011101000101110011110111111110
52
1100100111100111101000111000110100111110100101110111011010110010001110110110110
160
110011110100000100010010001001101111111110111101101110100111001111011000110111
154
11001000011111101000100111111010110111001101101110011000100010100101010010111
197
1111111111111111111101100111001110100010111110101011100000011011011010111111111
188
11101111001100000011010100011110010110110111111111101000111011111110101110010110
139
11001111100111111010011101111101111111010001100001011000110101100101101110001101
149
10111001010011111110111101101101110101110001010111111001110111100010101110011101
125
1011001111100101100110101101010110101100111000111111101010110100001011111110101
130
10101111000101111101001001101111110010110110010101111001010101111101010100111110
108
11001111111111110010110010100111011100010100011011011001111111111001110011101011
155
11111111111110111011111110011011110011111100011100101010111011000001010101110011
55
10111111100011110001111101011011111011101100010101011101110100111100011000101001
89
1011001100111001100010011110001110011001111001110010101001111101110011101110101
116
11110001001010000110110111101111011100110111011110001111011101101001110111010100
90
11110111011111111011000100000110111101011011100011001001011110011111010111111000
58
10011010011001011110010111100011111111110111101111100100011010100000011000001011
121
11111110111100010011101011101011010011011101101010110011101001111111110110110111
29
1101001100101111010001101010010110010111011111100011000101001011000111001111110
172
10100011111000000011101110110011011010001111110010010110111000011111001110010010
18
11101011111010110111001111111110101010101110110110110111110010100111011001111111
144
1001110011001111000010101110101101001100011000101000101101111111011101111010110
34
11000101111101011010011011001110001101100010101110111110010100111011001111111010
112
10011110101011111101101011111001010111111000101101011010101011111011100111101100
112
10001111111010110111101111111101011011101111101011111111000000000111111010001111
191
11111101110110100111010111111110100111100111010111101111110100011000111000100
194
11010111111110100101101101110101011100010110110110001010010001111111100011011110
155
1010011001111001111010101000010011011110010000111110001110001011101101001011111
13
1101111001111111010101111100011011011011001111111100110001111010010110101111111
167
11110010110010011111100110011001101011011101100100000111101101001111101101101111
55
110010101111110111110011000111110010111111110011100110000001101100101011111
4
11001001111011111111011101000011110001110101110100100101101010010101110011111111
50
101101111001101111011110111011011101110101101100111011110111010100101101111100
167
1100101000001010100011001111111010011100100100011101111110000000010111001100101
174
11110101100111111110110110100011011111111110011110101110111101111001001000011001
196
10010101100110111100111010110110100100000111011110000110010100101111110111101010
184
10101111111011011011101111010011111011111110010010110110101110011111100110101111
10
10011110001111111110110010101101011101111111111001100011110000110100101010110101
178
11001111100100010101011000001011010111011110100110010111101010110001110111011101
183
1111000001110110100000011111101010000011110111011001110010110111111011010111011
110
11110001010001101010111010100000111011010010011111111110011111100010111011001001
119
10101001100100111101011011111111110101111001010110100111111111111111111010110011
10
111011101010111110101111111101010010010111111101100101111111011111001010001011
2
1100111001011111100110000101111111111111001000000110101110111001111111111
103
11011101111010000111100100101010110110111111100011111111000110110111111111111110
18
1110011111111011111010001001110111011011001011011001111001011001101001011111011
89
11001001110111011101010111001110100011110001111111011100111111011011110101011000
24
11011111110001111101111011001111010010111011001111111101100110100101001101111111
83
10010101111010001010101101011111010110001011100010111100101111111011111111011010
88
1101100011101011010100100101101110110110001101110011110011010101100011011101100
110
11011111111110111101110111111110101111011111001101010110100101100010111011111000
134
10101010101111100100010101011100101111111101001010001110111111110101110011111011
107
10001110001000000101001001110010001111110000010110001101111111111101111111000010
60
11000011101000110101110001011111110100011111010111111100011010101110000011011110
36
10111001110101101111111110111111011111010100001011011111011111010001011011110011
132
1110101110100010011011111101101011011100100101010111001000111011010101101000010
165
10011010111101011111011111110001000000010001001111110011110001011110011010111100
92
11111010100010110111110010011100110011101110011010100010001110000111001111010001
37
10010010100001111010111011001111010000101100110111111010111100101001100100001111
78
10101111100110111101101110110111001101100001110110001110000001000011001111110000
12
11001111011100100100110101110100010100010011111011100001101101011000010111101111
173
1111111011011100111010000000111000010111110110010100110100110111010001001111001
96
10111111111101100010100110010111110110001100110110010000101011111000110010101110
75
1101110001101111111011001101110011111001110111111011001001111011110111110101
148
10110010110111011010010001101110010100011110111111110001010100101000011111110010
177
10001101100110111001111000000001010111010110110101000110111010001011111111111
17
11100111000101011101101011011101100010001101111111110010111101000001110101111111
168
1011101110001011111100101111111111110111111101111011110111011011001011001000011
161
1001011111101110010001010010101110100011110000011111010110111011110010110011100
58
1111101011101000001101101111111010000011110111111111001111101110010110101110110
115
1111101110110010110000010101110110111011100101110101101001011110111010111011111
199
1110000110000101001101011111111100001111101000101001101010101101001011111110011
129
11111010110011011101101000001001110011110110111101101011001000111100111101011011
179
100111011001011000111011111001011011101111111011111111011010100000101101111101
121
101101111100001000010101100110001101010100000001010111100101110110001011011011
41
11111111111110110001101101100101011000011111000101101110010010001111110111010111
34
11000110100011010011110011011011110111111110010111101111111011000111111001001000
142
10010111010110011101110111100110110000011001100011111010010111111010110111110
96
1101101110010000011111011011101100100001101011011101001101010111111011010010011
79
1101110010011111110111100011100110100111001110110100110010101101011111101010001
38
10011111101000000001000010110111001111001101011010111111111110101001111101000011
131
110010111011111110110011011000101101101110111111011110011010001111100111111100
134
10110010111011110011010101011111011101110100110000001111101010010110110100110111
174
11111101011011011111010100110100110101110000111111110010011101101111110101001101
37
11001011101101111101101110110111101101010111101111111000100001111110111001110001
30
10011110111011100011110000101110111111000111000111000001111101100111111110101011
140
11011100110111101011110000110001101111011100001101110100001010001100110100101110
189
11111101110110000111101011110111110000101100110110011011110101111011110011100000
77
11111010011011001101010110111001011111110001111111110000111001000101111010011010
185
11001000100111110101000011110011001000101110111101110111010010111110101001000111
145
10101101101100110010111111001101110110110110011111111101011101110011011111011010
63
10100001101101011111111111101111111100101111100010010100110101111101000111101101
30
11111101110101010101110001011110011001111010011000111101100100011101011011010
189
1101100110110000011100000011101110110111100100011110111000000100010101101010110
9
111101100011011111000111111100100000001001111001000110110011011011110010100101
2
11100010100010101111100100011111101101111111110001010101010001101010010100001001
60
11111111001011101111001110111011100101010011010101001101100111111101011001110001
14
