80 200
1100100010010100000001000010110010011010001010101011101010010001011000010101
188
11100101010101111001100111000000010000001000010100100100000000010011101100000101
66
10100011010100100101011000100110111010000101001000011101110010010100001100000010
171
11001000001010010001011010101001001010000000010111111100000010100100111000010000
76
101000101001001010101101010000010100011000000011101100000000111101100111101101
149
11010011001001001000000001011100011000101110001001111010011000011110010111110
145
100100010101101010101000001010011000011001000001010011100000100011000011011010
55
101001000000000110000000001100101110100110000100000101011010110001100100100001
185
10000011001101000011011010100100100100010000010110010101010000000100100010000010
44
11100010111010000001110111100011101110000111000010001110100001100100001000100000
73
10010000100000100111000001010111010110101100110001010111101000001111110000010000
183
11010010000110100000011000000100101010010010101001001001010110100001110111110100
77
11000010011110010110011001110101110000000000010000111010000001000011010000000000
154
10000000001111000010010101000100000000000000000101011001000000100001100101000010
124
1100110010000010111010010011000101001110101011111111000100000000000100111010
74
1011101011011100000110001100010101000010000000100010001011010001100010011000100
146
10001111001100100000000010001010010011001110100100111010101100110000001110011000
65
11010000000010111101100000000010100110100010100011000011011100010000001010100000
144
100101011000011110011100010000100001001110101010100010101100100000000100001110
2
1001010001000100100000001010000111010101010100110001011010100110011011010
120
10001100111101100000100010100100001011001010110010010001111110001010010001110111
182
100100100110101010011000010011001111000101010111000000100110100000111001001
69
11001110000001110000000001010110011000001010010000110011001000001000010000100100
73
10110000010011011011110011011100000110010010111100010100110011000001010010011100
49
1110111000010010010110010010010001010000000000100000000000010100000011010000000
105
10111110110000111000010101010000010000000011100010010100111010101100000000011100
17
101100001111111111010100111011011011111010110001001101110000001010101000111
98
10010110000000111001101100010100010010011110110100101010000000000000011101001010
16
1010000110001101001011101011001111111010100100000000000011110001111100110100001
82
100001000100000001111110100100001010100000000100011010100000010110101000100000
96
1111100000010001011010000010000000100011011001001010101010001000101110010010001
100
10000010101110111010101000000110000001010000101101100100000010100001001
45
1010110101010100011100001100010100000010010011010111000000000000000101010101
164
11110000000010000010011110010111100100100101100011100011101100001010001110111100
61
1110110001110000010000011000010010101011011011101000100100001100011011100000111
23
1001001011000000101011000001011101000000001000001001000001000010100000100011001
186
101100101111100000111100000011001100100000011110110001110111100000100000110010
28
100110100010100010100000001100001101010000000011001110010001011100010110000100
185
1010101110010011100111110010000001110010010000010000111101001011100101010001
22
1010001001111110101010100111111100011101110000000010111100010100001111
120
111010011000111100110111100010010000111000000011100001001101010101000110
64
1001011110001000001101100101001001001000101000001010001101000110011001000000
5
100110100001000000000010000010100110000000000110001011000010110111101001101100
65
1110110100001101100010101110001000111000000001100000100010010110001111011110110
114
1000011010000110100100100010000100101010110010000000010111111001100100000000
153
11010011100100000100011000110100110111111110101110100010100000001010000101000010
170
11100110011100100100100011110000101000001001101010010010101001001011000000001
89
10010010101000101011000000101100110000101000000000000011100011011101000011100
122
10000001100010001110010011010110100001011001010010101101000010001000000010100001
149
10000001111001100011011000011101010010001001110010101000001101010100100110010
100
111000100000000100100101011010010000010000000111001000101110101110110000010001
146
10010010011111101010001001111000111101100110011110110001000010111001110010100
46
10000001101011100010100011010010011101011000001010000100011100000100010011000000
166
10001010010010001101010010100110101100000001111010011000110100011010110110101000
25
100001111000011101110010110010101011100000110010100001111000010001111100101000
194
100000110000000000111001001010110001000011011001111000100011100111011010100000
3
1100100111011001111000001101111100001001010010000011001000110011001100011001
11
1101100001101001101000001011000010010001110010000000101101111101101000000001010
199
10001100011110000011010000100011111001010111001000011000000000101000000110000001
79
10011010110000010000011100001001010100110001000100010101000011110000100100010
170
11111001010000011010011010010110000000000000110111110111100000000001000110110011
23
10110100111000111110111000011011001101101000010011110011110000101011000011001
35
10111000111000101111010101011000000000011101111001011001001100001001100110010010
178
10110011001001011000001011010010110000000100010001100000000110000101111100110000
120
10000000000000011011100000111101000000010010001100011011011000010010001000101000
34
100001110100000111010000101101101000010000100101000010000101101010000010000000
90
1000010000000111000010101100000000010110010110110100011010000001001001010101000
34
1101001001000011110100001000110011111010010000100000000010000010111001110010110
61
11100110000000111000110111011011100110000000000110000001001010010001010000000111
47
11100010100100111000100000010011011110110100111101110001001001001100010010001010
95
100001100000001010101110101100010001100011111100000010101011100000011011110110
39
101001100010001000000110110000001010100101011001010100010001011000011100010100
14
11000101001111100000100010100100000100101100100000010111001011100110100000011010
100
11001100001010001000010111011011101011100001011010000000101100010001110000000000
193
11110000110111000000000001100010011010000110000001110101000101100100100001000110
166
10010111010000101010110100001011110110001001101001110110001100000001101010110
52
10000000000011101100000100100111110010000010000000010101110000001010101110000
10
110100011100111100000100101011001001011100010001011101000010110100100001011110
60
1110100111001100000110010001001100100000011011010000000011001011010000011101000
118
111000100101000010101001100000110001100110000101000000101000001111001110100
138
1011101110001111110010001101001000001100011000100001100010110000000000000111
35
11100011110101001001011011111000111101000100011011000011000010001000010010100100
155
10001001000111001110110101000101000100110001000110010101001111110100100000000000
71
101010101000110001000010010100010000000000000010101001001000010110100101110100
27
111010100001100010110000001000101000001100110000101110110000001010001000011
6
100010101010100011010011010001011001101100000101000100110010110000001000101000
84
10010010100100001010110110000000101000101010000100000001111111010101010000011010
68
10110110111011110100010010101011010111010001000110101010001000000110001010100111
4
10000011000101100100001001010111001011101001000011101111000111001010010000100010
200
1110000001000000110001101000011001100001010010000110110001110100000101100110
120
1001000000110000101100110100100110001011001110011011101100000110100000001000111
69
1000001100110101001000010111110110110010101100010101010100000101010010100
186
100001011011010110011000000100110100110011100100011100010101100001010110000101
101
10001101110111000110010111001100000000010000100011010011001000100110000101011001
143
11101100010010000100011000100001100010011010010010000100100010110100101110111001
117
1101000000010111000000100010001011110110011001111111101100001100110000010010100
87
11101001011010100011110100011010000111100010100010000000000110101100000001000
34
10111100000000001001100000110001010000011101010101011001000111011001011001010110
10
1110001100001000101100001111111010001001110001111011001100010110000011000100100
84
10000010010110101011100010001100000000000010011101011001010001001011001011010000
105
10110100010000011011110010000100000101111110110011011000010111101011000010000100
180
1000010101100010101110001111101111110001001001011110110101010001011110010000100
29
11110010101101000100001100100010111100000100000110000000111100000000010000000
142
1110101111111000100100100011001101001011110111000001000000101110011100011111010
52
1100100110000111001000111000110100100010100101100111000000110010001010110010110
160
110011100100000000010010001000101011010110111100100000100011001110011000110110
154
11001000011110101000100100000010010101001100101010011000100000100100010010110
197
111011110011001101101100011000000100010111110101011100000000011001010101101011
188
10101011001000000010000100010010010110100001010111101000110011111110100000010010
139
11001101100111101010011001011101110111010001100001000000000101100101000010001100
149
11001010011001100011101101100110001010000010111011001000101100000100110011100
125
11001110100100100100101001000110101100011000111111101010000000000011100110001
130
101011000001110001000001001101010000000110000000111001000001101101000100111110
108
11001101111011100010110000100110010000000100011010010000110011110001110011101010
155
11000011011000011001111100010011110011101100001100001010111010000000010101100011
55
111110000011110001111101010010010011101000010101010101010000110100000000101001
89
11001100110000100000011010000010001001011000110010100000010000100010101100000
116
110001000010000010110101000111010100010101011010001111001101000001100111010100
90
10010110011010111000000000000100111001010010100010000000011010011000010111111000
58
10010010000001100010001100010101101100110101011100000011000100000010000000001
121
1011110111000010010101011100011010010010001101010110001101001111101110000100010
29
101001000000001010000000000010110010011001101100001000000000011000111001111110
172
10010000000001001110110011011010001110100010010110111000000111001000010010
18
11101001001000100011001001111110100010101110110000110111100010100001011001111010
144
1001100001001111000010101010101101001100011000101000001101111111010101111000100
34
1000101111101011010011001000110000101100010101010110100010100001010001111011010
112
10110101011111101101010111001010101110000100101010010100011111001000001101000
112
111111010110101101111100101001011101111101010100111000000000110010010001101
191
11001000010110000101010010100000100101000111000101101011110100001000011000100
194
10111101100100001101101100101001100000100010010000010000000110111100011011000
155
1010011001101001111000001000000001011100010000011000001110001001001000001000110
13
10000101001010001101000011011010000000111101000010001001000000100101111001
167
10100010010010011010100100011001000001010101000100000001000000001111000101100111
55
110010001111110111100000000111110000111011010001000110000000101000100011111
4
11001001110011011011011100000001010001000000110100100100101010010100100000010101
50
101000101001001111010100110001011001010100001000001001100111000100101101110100
167
1100101000000010100011001111110010011000000100011001111110000000010011000100101
174
1010001000111101100010100000011001111001100001110100100011101011001000000010001
196
10000001100110101100111010110110000100000111001110000010000100000110010111100010
184
101110101011011011100111010001101011100100000010000100100100010111100100100011
10
10011010000101111110100000000101010100110001011001100011010000110000100010110100
178
10000111100100010101001000001001010110001110100000010111100010000001110011011000
183
100000001110110100000010011000000000000110011001001110010110010110011010111011
110
110001010001101010111010100000011010010010001111010010011101100010100011001000
119
101001000000011100010011001111110000100000010110100111011101111001010010110011
10
101010001010011110101110101101000010010100000100100101110100011110001000001010
2
100101000011000100110000101011100010110001000000110101100111000011011010
103
11101111010000011100100101000110110010110100000111011000010110011110010111110
18
110010111111001111000001001110110010010001001010001111000001001001001001011011
89
1001110111011101010001000010100001100001110110011100001110001010110101001000
24
1000011110001011001110011000001010000101010001101101000000100100000001000001101
83
10100100010001010001101001101010100000001100000110100001110111001111111011010
88
1100100001101001000100100001101010010100001101110011110001000101100001011100100
110
11011000110110111101110011111110101111001111001101010000000101100010011010110000
134
10101010101101100000000001010100001111111101000010001000110100100101110011111011
107
1110001000000001001000100010001001010000010110001101010111011101111110000000
60
1000001100000100100000001010010010100001100010010100100000000101100000011011010
36
10110001110101100101111110100100010110000100001010011111011111000001011011110011
132
1100001110100010011011000101001011001100100000010101000000111011010000000000010
165
10111101011010001001110001000000010001001110010001110001011010001010110000
92
11110000000010100010010010011000000010001100010010100010001110000011001111010001
37
10100000110010111011001011000000101100100111110010111100001001100000001101
78
10101100100110100001101010000111000101000001010000000000000001000011000111010000
12
1001011100100100110100110100010100010010100011100001101101001000010011100111
173
110110011011100100010000000010000000010100110010100110100010111010001001101000
96
110011110101100010100010000100100100001000110010010000101011011000110010100010
75
1101100000001011110000000101110011111001110011101001001001111011010101010100
148
10100111011010010001101100000100010110110111110000010000000000010110010000
177
100111000010000000001000111000100010101000100100010001011110111011
17
11100111000101001001100000010100000010001000010110010000101101000001110001110001
168
1011101100001010001100101001100011100011011001010011110111010011000011001000010
161
1001011101100110000001000010001110000001100000001101010110101001110000100011100
58
1111101000100000000000001101011010000010110111011101001011101010010100101110010
115
1100101110010000010000010101010000011000000101000100101000011110010010101011110
199
1110000110000100000001011011110100001010100000101000101000101101000001011110011
129
10001000000010010001101000000000100011110100000001100000000000110100111001010010
179
100111010000001000010011111001010011001110110011011101011010100000001100001001
121
100100101100000000010100100110001001010100000001000101100101010010001001000010
41
11101111011000010001101000100100011000011111000001101010000010001110100011000111
34
10000110100010010010110000000001100110001100000101101100111010000011110001000000
142
111010110010100110101000100100000000001000011010010010111100010010010100
96
1001001000010000000111011011101100100000101011001101000001010011001001000010011
79
101110010011011110101100010100010100110000000000100010000100101011100101000000
38
10001000101000000001000010100111000111001101011000101101111000101000111001000010
131
10000111001111110100010010000100101100010101010010010010010001110000111111100
134
10010010111011110001010101011001011101010000010000001100101000000100100100110111
174
11010100000010011100010100100000100101010000010000000010010101101001010101000101
37
1001011101001011100001110110011100100000111101110111000000001110110110000010001
30
10011110100010000011110000101010011110000111000011000001101100000101100010001011
140
1011100100101100010100000110001101011010100001100110000001010001100000100101100
189
1111100100100000010101011110101110000101100110100000011100001111011100011100000
77
10011010000011001100000010110001000110100001111111110000110001000100101000010010
185
10000000000111110101000011110001001000101000111101100101010010100010101000000011
145
101101101100100010011101000001000010000110011011011101011101010000011100010000
63
10100001100001001110110011101110111000101011000010010000010101011100000110101101
30
11110100110000010001010000001100011001101010001000111101100100001001011011000
189
1100100100110000010000000011101110010111100100011010101000000000010100101010110
9
111100000011010100000001111100100000001001011001000010100001010000100000000101
2
10000000000111100100011110001001110001100001010101000001101010010100001000
60
11111101000011001110001010111011100101000000000001000101100011101000001001100001
14
