80 200
1100100010010100000111000011110011011010001010101011101011010001011000011101
188
11110101111101111101100111000000010000001000010100100100100000010011101100001101
66
10100011010100100101011100111111111110000101001000011101110010111100011100001110
171
11101001011010010001011010101001001110001000110111111100000011100100111100010010
76
101100101101001011101111011000011100011000000111101100101000111101100111101101
149
1111010011001011001000010001111100111000101111001101111010011000111110110111110
145
100100010101111110101000001010111000011001001111010011110000100011000011011010
55
1101001000001000110000010001110101111100110000101011101111110110001100111100001
185
10000011101101101011011010100101100101011001010111010111010000000100100011000010
44
11100010111011000001110111100011111110100111001010001111100001101100101000100101
73
10010000100000100111110001110111011110101110111001010111101100001111110001010000
183
11010010000111100000011000000100101110110110111011101001010110100001110111111101
77
11100010011110011111011001110111110000010000011000111010000101000011010001001000
154
10000010101111100010011101000110100000001000001101111001000000100001101101000010
124
101100110010001010111011110011000101001110101111111111000100010101010101111010
74
1011101011111100000110001100010101000010110110100010001111011101110011011000100
146
10101111001101110000000010101010011011001110101101111010111100110001011110111001
65
11010001000010111101100000100010100110101110100011100011011101010000001010101010
144
100111011100011110011110010000100001001110101010100010101100100100000110001110
2
1001111001011011010100100000001010101111010101010100110001011010100110011011010
120
10001100111101101000100110110110001111001110110010010001111110001010010001111111
182
1000100100101110101010011000010011001111000101010111010010100111100000111101001
69
11011110010011110010000001010110011000001010010000110011001000001100010010100100
73
10110000011011011011110111011100000110110010111100010100110011010001011010111110
49
11110111010010110110110010010010001011110000101100000000000010100000011010000010
105
10111111110000111001010101110101010000000011100110110100111010101100001100011100
17
111100111111111111010101111011011111111010110001001101111000111010101000111
98
10110110000000111001101100010110110011011110110101111010000000000101011101001010
16
1010000110001101001011101011001111111110100100000000000111111001111101110100011
82
100001000100000001111110100100001010110100001100011111100111010110111000100010
96
1111100000010001011110100011000000110011011101001010101010001000101110011010001
100
10001100010100010101110111010101000000110000101010000101101110101000010100001001
45
1010110101011100011100001100011100000010010011010111000000000000000101010101
164
11110000000011000010011110111111100100101101100011100011101100001010001110111110
61
1110110001110000010000011000010010101111011011101000100100001101011011100000111
23
11101011011000000101011101101011111000000001001001011000011000110101000100111001
186
111100101111100000111100010011101101101000011110111001110111100000100000110010
28
100111110010110010101000101100011101010000000011001110010011011100010111110100
185
11110101110010011101111111010100111110010010000011010111101011011100101010001
22
10101011001001111110101010100111111110011101111101110011111100010100001111
120
111010011000111110110111100011010101111010000011100001001101010101000111
64
1111111110001000001111100101111101001010101000011010001101000110011001000010
5
1101111100001100000100110000010100110001000000110011011000010110111101001101100
65
1110110100001111100010101110001000111100000001110000100010011110001111011110110
114
1001000111010000110100100100010000101101010110010011000011111111001100100000100
153
11011011100100000100011000110101110111111110101111110111100100001010000101000011
170
111100110011110100100110011110010111000001001101010011011101001001111001001011
89
10111110110101000101011000100101100111000101001001000000011100011111101000111101
122
10000001101010001111010111010110100001011001011010101101000110111110100111100001
149
10011000001111001100011011000011101110011001001110110111100101111111100100110010
100
111100100000000101110101111010010011110000100111011110101110111110110100111011
146
10010011010011111101010001001111100111111110110111110110001000010111001110010100
46
10000001101011100010101111010110011111011010001010000100011100000100010011000000
166
10001110010010001101010010100110111100001001111010011000110100111010110110101000
25
110001111011011101110010110010101011110000110110101001111100110001111100111100
194
100000110000000001111001001010110001000011011001111100100011100111011111101000
3
11100110111011001111000001101111100001001010010100011001000110111101100111011
11
1101100001101001101000111011000010110011110010000011101101111101101100101101010
199
11001100011110011011111001100011111001011111001010011011001000111000000110110001
79
10011010111000010010011100001001010100110001000100011111000011110001111101010
170
11111001010000111010011010110110100000000000110111111111100000000001001110110011
23
1011111100111000111111111000111111001111101110010011110011110000101011010011101
35
10111110111011101111010101111000000000011101111001011001001100011001100110110111
178
10110111001011111010001011011010110000000110011101100010000110000101111100110000
120
10000000010011011011100000111101001000010010001100111011011001110110001001101000
34
1110001110110100111010000101101101001010001100101110010000101101010000110000110
90
1010010000001111000010101100000010010110110110110100011010101001011101011101100
34
1101001011000011110100001000110011111111010000100000010010000010111001110010110
61
11101111000001111001110111011011100110000000000111000001101010010101010000000111
47
11110111100100111000101000010011011110110110111111111001011001001100010011001111
95
100001100000111010101110101111010001100111111100000010101011100000111111110110
39
101101100011001010000110110000001010100101011001011101110001011000011101010101
14
11000101011111100000100011100110000100101100100000010111001011100110110000011010
100
11001100001010101100010111011011101011100001011010011000111100011101110101000000
193
11110000110111000000010001100010111010000110100001110101000111110100101001000110
166
11011111010011101010110100001111110110001001101011110110001100000111101010110
52
11001000010011111100000110101111110010001010000000010101110000001010101110000
10
1111101011101111100000110101011001001011100010001011101000010110100110001011110
60
1110100111001110000110010011001100100001111011010000000011101011010000011101001
118
111000100111000010101001100010111001100110001111000101101110101111111110100
138
1011101110001111110010001101001100001100011001101101110010110000000100010111
35
11101011110101011001011011111011111101000100011011000011000011001000010010100100
155
10001001000111001110110101101101000110110001000110010101001111111100100000010000
71
1101111101000110101100010011110110000010100000010111101001000010110100101110100
27
10010111010100001100010110000001000111110001100110000101110110010001010001000011
6
110111101010110011010011110001011001101100001101000100110110110000101000101000
84
10010011110100001110110110000000101000101010000100000011111111010111010100011011
68
10110111111011110101010010101011010111010001100110101010001110000110001110100111
4
10100011010101101100011001010111001011101001000011101111010111001010010000110010
200
1110000001000101110101101000011011100001010010100110111011110100000101100110
120
11001000010111000101100110101100110001011101110111011101110100110100000001100111
69
1010001100110101001000010111110110111010101100110101010111011101010010100
186
100101011011010110011010100100110100110011100100011100010101100001010110100101
101
10101101110111101110011111001100100000010000100011010111011000110110000101011011
143
11101100010010000100011101100101110010011110111011000100100010110100101111111001
117
1101000001010111001110110010001011110110011001111111101100001101110100111011100
87
11101001111010100011110100011111000111100110100010010001001110101100001011000
34
10111100000000001001101000110011010000011101011101011101010111011101011001010110
10
1110011100001000101100001111111010101101110001111011001100010110010011000100100
84
10000010010110101011100010101100100000000010011101011001110001011111101011010000
105
10110100110000011011110010000100000101111110110111011000010111111011101110000110
180
1000011101100010101110101111111111110001001001011110110101010001011111010000101
29
10011110010101101000100001100110010111110010100000110000001111100000011011000000
142
11110101111111000100110100111001101001011111111100001001000101110011110011111010
52
1100100110100111101000111000110100111110100101100111000000110010001010110010110
160
110011100100000100010010001000101011111110111101101100100011001111011000110111
154
11001000011111101000100110101010110111001100101110011000100000100101010010110
197
111111110011101111101100111001110100010111110101011100000011011001010101101011
188
11101111001100000010000100010010010110100011010111101000111011111110100100010010
139
11001101100111111010011101011101110111010001100001011000100101100101101110001101
149
10011001010011111100111101101100110101010000010111111001110101100010101110011100
125
11001111100101100100101001000110101100011000111111101010000100000011101110001
130
10101011000001110001001001001101010000000110010000111001010101101101010100111110
108
11001111111111100010110010100111011100010100011011010000111111110001110011101011
155
11001011111000111011111110010011110011101100001100101010111011000001010101110011
55
10111110000011110001111101011010110011101100010101011101110000111100000000101001
89
11001100110001100000011110000010011001111000110010101000010100100011101100100
116
110001001010000010110111101111011100010101011010001111011101000001100111010100
90
10110110011010111010000100000100111101010010100010000001011110011110010111111000
58
10010010011000001110010111100011101101100110101011100000011000100000011000001011
121
11011110111100010011101011100011010010011101101010110001101001111101110100100010
29
101001100001101010001101000010110010111001101100001000000001011000111001111110
172
100010011000000001101110110011011010001110100010010110111000000111001000010010
18
11101001111000100111001001111110101010101110110000110111100010100011011001111111
144
1001110011001111000010101010101101001100011000101000101101111111010101111010110
34
1000101111101011010011011000110001101100010101010111110010100011011001111111010
112
10110101011111101101011111001010111110000100101011010100011111001100101101100
112
10000111111010110111101111110101001011101111101011101111000000000111011010001101
191
11101001110110100111010010111000100101000111000101101011110100011000111000100
194
10111111100100001101101100101001100010110010010000010010000110111100011011010
155
1010011001101001111010101000000011011100010000011010001110001011101000001011110
13
1100111001101111010001111000011011011010001111101000010001011010010110101111001
167
10100010010010011010100110011001101001011101100100000111100000001111000101101111
55
110010001111110111100000000111110010111011010001000110000000101100100011111
4
11001001110011111111011101000011110001000101110100100100101010010101100010111111
50
101000101001101111010100110011011101110100101100101001110111000100101101110100
167
1100101000000010100011001111110010011100000100011001111110000000010111000100101
174
1010001000111111110110110000011001111111110011110100110011101011001001000010001
196
10000101100110101100111010110110000100000111001110000110000100001111010111100010
184
10101110101011011011100111010001111011110100010010100110100100010111100100101011
10
10011010001101111110110010100101011100111001011001100011010000110000100010110101
178
11000111100100010101001000001001010111011110100110010111101010010001110111011000
183
110000001110110100000011011101010000001110111011001110010110011111011010111011
110
110001010001101010111010100000111010010010011111110110011101100010110011001000
119
10101001000000011100010011011111110000100000010110100111011101111001110010110011
10
111011001010111110101111101101010010010101101101100101111100011111001010001010
2
1100101000011010100110000101011101011111001000000110101110111000011111011
103
1011101111010000111100100101010110110010111100001111111000010110111110110111110
18
110011111111001111000001001110111010011001011010001111001011001001001011011011
89
10001001110111011101010001000110100011110001111110011100101110001010110101011000
24
1001011110001111101111011000011010010101010001101111001100100100100001101111101
83
10010101110010001010001101001101010110000001100010110100001110111001111111011010
88
1100100001101001010100100101101010010100001101110011110001010101100001011100100
110
11011110110110111101110011111110101111011111001101010100100101100010011010111000
134
10101010101101100100010101011100101111111101001010001000110111110101110011111011
107
1110001000000101001001110010001101110000010110001101011111111101111111000000
60
11000001100000100101000001011011010100011110010110100100011010101110000011011110
36
10111001110101100111111110100101010111010100001010011111011111000001011011110011
132
1100001110100010011011100101101011001100100100010101001000111011010100000000010
165
10111101011010011001110001000000010001001110010001110001011110011010110000
92
11111010000010100111010010011000010011101110011010100010001110000011001111010001
37
10010100001110010111011001011010000101100110111110010111100001001100000001111
78
10101101100110110001101010100111000101100001010110001100000001000011001111010000
12
1111011100100100110101110100010100010011110011100001101101011000010111101111
173
110111011011100111010000000111000000010110110010100110100010111010001001101001
96
10111011110101100010100010000101100110001000110010010000101011011000110010100110
75
1101110000101111110011001101110011111001110111101001001001111011110111110101
148
10000010110111011010010001101100010100010110110111110000010100000000011110110010
177
10001001100110111001110000000001010111000110010101000100101010001011111111011
17
11100111000101001001101011010100000010001001010111010000111101000001110101110101
168
1011101100001010101100101101110111100011111001110011110111011011001011001000010
161
1001011101100110010001000010001110000001110000011101010110101011110000100011100
58
1111101000101000001101001111111010000010110111111111001011101010010100101110110
115
1110101110110010110000010101110100011001100101000101101001011110110010101011110
199
1110000110000100001001011011110100001111101000101001101010101101000001011110011
129
10001010110011011001101000000001110011110110000101101010000000110100111001010010
179
100111010001001000111011111001011011101111111011111101011010100000001101001001
121
101100101100000000010101100110001001010100000001010101100101110110001011010010
41
11111111011000010001101001100101011000011111000101101010010010001110100011010111
34
11000110100011010011110000011011100111111110010101101111111010000011110001000000
142
111010110010101110101100100100000011001000011011010010111111010110111110
96
1001101010010000011111011011101100100001101011001101000101010111001001000010011
79
1101110010011111110111100010100010100111001110000100110000101101011101101000001
38
10001101101000000001000010110111000111001101011000111101111000101000111101000010
131
110000111001111110110010011000100101100110101110011110011010001111100111111100
134
10010010111011110011010101011111011101010000110000001100101010000110100100110111
174
11111101000011011111010100110100110101010000111001010010011101101001110101000101
37
1001011101001111101101110110111100100010111101110111000000001110110110001110001
30
10011110101010000011110000101010111110000111000111000001101101100111100010001011
140
1011100110101101010110000110001101111010100001100110000001010001100010100101110
189
11111100100110000111101011110111110000101100110100000011110001111011100011100000
77
11011010011011001101010010110001000111110001111111110000110001000100111000010010
185
11001000100111110101000011110001001000101110111101100111010010111110101000000111
145
101101101100100010111101001001000010100110011111011101011101010010011100011000
63
10100001101101001110110111101110111100101111100010010100110101111100000111101101
30
11111100110000010001010001011110011001111010011000111101100100011001011011010
189
1101100110110000011000000011101110010111100100011010101000000100010101101010110
9
111100100011010110000001111100100000001001011001000010110011011000100010000101
2
1100010100000000111100100011110001101111111100001010101010001101010010100001000
60
11111111001011101111001110111011100101000001000101001101100011101001001001110001
14
