80 300
100100000000100000000000010010010000000000010001011101000010001010000010100
188
100001000101111001000001000000010000000000010000000100000000000001000000000101
66
10000001000100000001010000000110100010000100000000001001010000010000001100000000
171
11001000001000010001000010101000000010000000000000111000000010000000001000010000
76
100000001000001010100000000000000100011000000011100100000000100001000001101101
149
11001000001000000001001000000000100000001000000010010000011110010010010
145
100101010100000001000000000011000000000000011000000000000000001001000
55
100001000000000110000000001000101110000010000000000000000000110000100000100001
185
10000011000000000010001010100100100000000000010100000100010000000100000000000000
44
10010000001010110100001100100000000000000000100000001000000000000000000
73
10000000100000000100000000000101010100101100100001000110000000001111010000000000
183
11000010000000100000001000000000001010000010101001001000010010100001110010100100
77
10000110010010011000100000100000000000000000101010000001000001010000000000
154
10000000001111000010010000000000000000000000000101001001000000100001000100000000
124
10010000010101000010011000001001100100011000011000000000000000000010000
74
1001010000100000000001000000000000000000000000010000000000000100010011000000
146
10000001001000000000000010000010010010000110100000111010001000110000000100011000
65
10000000000000111101100000000010100010100000100000000000010000010000001010000000
144
101000000001110010000010000000000000100000010100000101000000000000100001100
2
1000000000000000000000000000110010101010100010000010000100000010000000
120
10000000110001100000100010000100000000000000010000000001101100000000000001000001
182
100100100000101010000000000000001110000001010001000000000010000000011000000
69
1000110000000110000000001000000001000001010010000110011001000001000000000100100
73
10000000000010010110001011000000100010000100000010000110010000001000010010000
49
110101000010010010110000000000001010000000000000000000000000100000011010000000
105
10110110000000110000000101010000010000000010000010000000000010000100000000001000
17
1000000111011000010100100010011000001000110001000100000000000000101000111
98
10010000000011000100100000100000000010000000000000010000000000000010100000010
16
1000000110000100000010001010000100000010000000000000000010000000010100010000000
82
1000000000001110100000000001000000000000000011000100000000010101000100000
96
1111000000000001010000000000000000000000000001000000100010000000100000010000001
100
10000000101100000000000000000010000001010000001101000000000000100000000
45
100101010000010000001000000000000010010010000000000000000000000101000001
164
1000000000000000010011100010100000100100000000001100000001000000000001000000000
61
1010110000110000000000001000010010101000010010101000000100000000011001100000010
23
1001000010000000100010000001001100000000000000000001000000000010100000100010001
186
101000000000100100000011001000000000010000000001110100100000100000110010
28
100100100010100000100000000100001000010000000001000010000001000100010000000100
185
10001000010000000100000010000000000000000000010000111101001010100101000000
22
1000001000110010000010100001010100010101110000000000010100000100001011
120
10010000000110100100010000000010000001000000001100001000001010000000010
64
1011110001000000100000101001001000000000000001010000101000110001000000000
5
110000000000000000000000000000110000000000100000010000010010100000001100000
65
110100000000000000001000001000100000000000100000100000010110001101010010010
114
1000000110100100100010000100101000100010000000000011110000100100000000
153
11010011100000000000000000110000110111101000001110100000100000001000000000000010
170
100010100100000100000000000101000000000100000000010001001000001000000001
89
10000001000000011000000000100110000001000000000000011000010000101000001000
122
100010001100000001010110000000010001010010001100000000000000000010000000
149
1000001000011001000001000010010001001000000101000000101010000100000010
100
11000000000000100100001011000000000000000000011000000001000000110000000000000
146
10010000000010001000000000010000010001000110010000100000000010000000100010100
46
10000001001001000010000010010000001100000000000000000000011000000000010000000000
166
10000010010000000100010000100110100000000000000000010000110100000000010010100000
25
1101000010100000000000000100001100000000010100000101000010000111000000000
194
100000010000000000110001000010000001000000011001000000000000100111010010000000
3
1000000011001000100000000001001000001000000010000001000000010011000100000000
11
1001000000100000101000001000000000000001110000000000000100110101101000000001010
199
10001100001010000010010000000001100001000000000000011000000000000000000100000000
79
10010000110000010000001000001000010100110001000100010100000000110000000000010
170
11111001000000000010000000010000000000000000100000000010000000000001000010000001
23
110000011000000010010000001001001001100000010001000001110000101000000001000
35
110000010000000011000100001000000000001101010000000000000000001001100010010000
178
10000001000000010000000010000010000000000100010001100000000110000000001100010000
120
11000000000011001000000000010001000001001001000010010001000101000
34
1010100000010000000001100000000010000100100000000000100000000000010000000
90
1000010000000100000010100100000000010000000000000100011000000001001001000101000
34
110100001000010011011000010000000000000010000010111001000010010
61
100000000100000010001001011000110000000000110000000000010010000010000000010
47
11100000100000101000000000010000010000110000111000010000000000001000010000000010
95
1100000000000101000000100000001100010100100000000001000100000010011100100
39
101000000010001000000000100000000010100000010000010000000000011000000100010000
14
1000000000100100000000010000100000100000100000000010010000000100000000000001010
100
10000100001010001000000011010010100011100001000010000000100000000001110000000000
193
1110000000011000000000000000010001000000010000001010101000001100100000001000010
166
1000000001000000000000011010010000000000001010000001000000001001000000
52
1000000100000101000000000010000000000001010000001010000010000
10
10100100100000000001000000001010100000001001001000000010000100000000100
60
1110000100001100000010000000001000100000001000000000000010000001010000001000000
118
110000000101000000000001000000010001100100000001000000001000000110000100000
138
1010101000001110100000000000001000001000010000100001000000010000000000000100
35
11000001100100000000000000011000101001000100000000000011000000001000010000100100
155
10001001000111001000010100000101000000010001000100000000000010100100100000000000
71
100010001000000001000000010100000000000000000010101000001000010000000100010100
27
110010000001000010100000001000100000000000000000101110000000000010001000000
6
100010000010100000000011010000010001000100000100000100110010110000001000000000
84
10000000000010100000000000100000100000000100000000111000000101010000001010
68
100110000010100000010000001001000111010001000100100010000000000010001000000100
4
10000000000101000000000000000100000001100001000000000110000100001000010000000000
200
100000001000000000001001000000001100001000000000010110000010000000100100100
120
1000000100000100000000100000100000000001010000001100100000010100000000000111
69
1000001000100001001000010000010100110010100000000100000000000001010000000
186
11000010100000000000100010100100000100100010100000100000000000110000100
101
10010000000010100000000000000000000100011010001000000100110000101011000
143
1000000010000000000001000000001100010011010010010000000000010010100100110001000
117
1101000000000100000000000000001001110100010001001010000100000000110000010000100
87
1010010100001110000001000000011000010100010000000000000100000000000000
34
11100000000000001000000100001010000000001010001010001000001011000011001010000
10
10000100001000100000000100011000001000110001000010000000000110000011000000100
84
10000001011000010000000000000000010000101000001010000001010001001010000
105
10100100010000001011100010000000000101000000010010010000000111101000000010000000
180
10101000010000000001001100010000001000001010010110001010001001000010000100
29
11010000001101000100000100100010111000000000000010000000111100000000000000000
142
110000111111000100000100010000000001010010000000000000000000000000000001010000
52
100000010000011001000101000100100100000100101000110000000110010000010000000000
160
110001100100000000010010001000101000010110100100000000000001001100010000110110
154
1000001010001000000000000000010101000100000000001000100000000100000010110
197
110001100000001001000000011000000100010111100000010000000000000000010000001010
188
10001000000010000100000000000100100000000001001000100000110010100000010000
139
11000000000110100010000001001001100011010000000000000000000000100101000010000100
149
11001000000001100010101000100110001010000000000011000000100000000100010010100
125
10000010000000100000000000000110100000001000111011000000000000000001000010001
130
1010000000010000000000000101010000000000000000011000000000001101000000011000
108
11000101011000000000000000000000010000000000000010010000010011000001000011100010
155
11000000000000011001111000000010000000000000001000001000010000000000000000000001
55
10010000000100001001101010010000000001000000101010100000000110100000000100000
89
1001100010000100000000000000000001000011000000000100000000000000010001000000
116
110001000000000010100001000111000000000001010010000110000000000000000100000100
90
10000000011010011000000000000100111000000000000000000000010000001000000110000000
58
10000000000001100010001100000000001000110101010100000000000000000010000000000
121
1010000110000000010101010100001010010000001001000110000001000001100000000000000
29
1000000000000000000000000010000000001001000100000000000000001000100000011000
172
10010000000000001010100011011000000000100000010000000000000000001000010000
18
10001001000000000010001000101110000000000000010000110011000010000000001000001000
144
1001100000000011000000001010000000001000000000000000000000000010000100101000000
34
1000000011100001000000000000100000000100010000010010100010100000000000001011000
112
10000001000011000101010110000000101100000100000000010100001110001000001100000
112
111011010010001001101100100000000000010101000100001000000000110000000000101
191
11000000000000000000000010000000000000000000000101100010000000001000000000100
194
111101000000001001100100000000000000100010010000010000000010001100011000000
155
1000001001000001101000001000000000001100010000011000001000001001000000001000010
13
1001000000100000000010010000000110001000010001001000000000001001000
167
10100000010000001000100100000001000000010001000100000001000000000110000101100000
55
1111010111100000000001010000100011010000000110000000001000000001011
4
1000000000011000000000000000010000000000010000100100100000000000100000000001
50
101000001001001111000100110000001000010000001000000001100100000100000000110000
167
1100101000000010000001001100100000000000000100000001101100000000000001000100101
174
10001000000000000000100000010001110000000001100000000001001001000000000010001
196
100000000100110000000100000000000011000110000000000000000000010101100010
184
1010101000010000100001010001000011000100000010000000000100000000000100000001
10
10011010000001110100100000000101010000100001000001000001010000110000000000000100
178
11100100000100001000001001000110001000000000010110100000000000100010001000
183
100000001100000100000000011000000000000000000001000010010110010100011000001010
110
10000000000001000010000000000010000010010000111010010011100100010100001001000
119
1001000000011000010000000100010000100000010110000010001001100000010010110010
10
1010000000001000100100101000000010000000000100100001000100001010000000001000
2
100000011000000000000001001100010010000000000110000000010000001010000
103
11001100010000001100000100000110010010010000000101010000000000011110000010000
18
100000100111001100000001001110010010000001000000000000000000000000000000010010
89
1100100010001000000000010000001000000100000001100000010000000100000000000
24
10010001011000110011000000010000001000000001001000000100000000000000001100
83
100000000000010000000000001010100000000100000100000001000000000111100000010
88
100000000100000000000100001000010010000001101010010000000000101000001011000100
110
11001000110000010001010010000010000111000111001101000000000001100010011010000000
134
10100000000101000000000001010000000011111101000010000000110000100101110011110011
107
1000000000000001000000000000001000000000000100001000000001011000011110000000
60
1000001100000100000000001000010010000001100010010000000000000100100000001011010
36
10110001010001000000100110000100010000000000000000010001001001000001011010110010
132
1100000000100000001011000000001000000000000000000001000000010010000000000000010
165
10000000000000000001100000000000000001000100010001000001000010001010000000
92
11110000000010100000000000011000000010000000010000100000001010000000000001000000
37
100000010000000000001010000000100000100101010000000000001000000000001001
78
10001000100010100001100010000111000101000000000000000000000001000010000001010000
12
1001001000000000010100100000000000000000100001100000000000001000010010100111
173
10000010001100000000000000010000000010100100010000000000010001000000001101000
96
100000010100000010100010000000100100001000010010000000000010001000000010100010
75
100000000001011010000000101100001010001100001001000000001010011000101010100
148
1010000010001100000000000000110000100000000000000000000010010000000
177
10000010000000001000101000100000100000000000010001000000100010
17
100000000100001000000000010100000000000000000100010000000000000001100000100000
168
10101000001000000000101001100000000000011001000001000100010011000010000000010
161
1001011000100110000001000000000010000000100000000001000010001000000000100010100
58
110101000100000000000000101011000000010010110010101000010101000000000101110000
115
1000000010000000000000010101000000010000000001000100000000010010010010001000100
199
1110000110000100000000000011100000000010100000101000100000100001000000010010000
129
10000000000010000001001000000000100011100100000000000000000000100000010001000000
179
11010000001000010011111000000011001010010000001100000010100000000100001000
121
100100000000010100100000001001010100000000000000000100010000000000000010
41
111010000010000100000100100010000000000000001100010000000000100000010000010
34
110100010000010110000000001000100001000000000000000000000000001000001000000
142
111000100000000010001000100000000000000000000000000010100000000000000100
96
1000000000010000000010000011001000000000001011000100000000000010001001000010000
79
10010001001010001000000000010100110000000000100000000000000000000000000000
38
10001000000000000001000000000101000010000001000000100101001000101000010001000000
131
10000100000011000000000000000100000000010000000000000010000001110000101000100
134
10010011010010000010101010000011001000000000000000000000000000100100100010010
174
11000100000000001100010000000000100101000000000000000010010001100000010000000101
37
1001001100000110100000100100000000100100001000000000110010110000010000
30
10011010100010000011000000100010011110000010000001000000000100000001100010000011
140
100100000000000000010001001010010100000100010000001010001000000100100000
189
1100100000000000001000100101010000100100110100000001000001011000100001000000
77
1010000000001000000010100000000010100000010111010000100000000100000000000000
185
10000000000011100101000011000001000000101000100101100000000000100010000000000010
145
1000000000000010010100000001000010000010001010010001001000000000011000000000
63
100001000001000010110010100110001000001010000000010000000100011100000110100000
30
10000000110000010001010000000100011000000000000000000101000000000000010000000
189
1000100100110000010000000000000100010110000100010000101000000000010000101000010
9
11000100000001001100100000001001000000000010000001010000000000000100
2
101000000011100001000100001000001010101000000101000000100001000
60
110000000010000010000010001010000000000000000001000100100001101000000000100001
14
100000011001000000000000000000101010100110000000000000100000000000000100100
64
1010001100001000001000100000000100001010000000010000100010010001011001100010000
150
110000101000000100000000101000010010000101000100110110001011010100000010001111
89
11000010000000100000100100100111000100000000000100011010000100110000000000
28
111000000000100000010110000010000010000000000101000010110000000100001000000101
122
101000000000000010000000000000000100010000000000101010000000000100001000
27
1010010000000100000001010000010000000000000010000101000000000000010001000000000
182
10000001000010000000000000000000000100000000100100000000001000101001010001000001
111
10001011000100000100000010000110001000000000100000000000010100000000000
16
1000010000000101000000000000010000000100100011001000100010001001001000010000
49
1010000000000001010100000010000000010000000100000011001000000000000110101
29
10000000000000000010000000000000011000100000000000000000001010000000000000000100
105
100000110000000000001000001010001000100100001000000000000000000010000000100
27
10000000000000011000000000000000000000000000001000101010001100100010010
124
100010000000000000000000100100010100000000001001000000000000000000000000001000
101
10000000000000001000010100001000000000000010100010100001100000000000000000000000
10
10100000100000000011001110110000000001010000000001001100011000100010000000
149
100010000011000001000001000000000001000000100100000000000010010000000100001000
163
10000100010000000001011000000010010000001100000100011100000000000100000000
110
1010001100000010100000000000000101110000001110000000110000010000001000100000
68
101001010000100000000100001010000100000000011110000000000000001110000
158
10000001100000010000000000011010100000000111000001000000001000000000000010
5
100000000000001000001110010000010000000001001000010000000000000000011101001100
135
10000010000001010100110100001111000011000000000001011010000100001101000
83
1000000001001111000001000100001000000100000100000000000010000001110010000000
158
11000110011000100100000000000000000001001100000000010000000000001000001000
138
10010100001000010000000001000000000100000000100000110001000011011101110000011001
46
11010001000000000010101000100000001011000110010011011110001001000000001100100001
42
1000001010010000000000001001101000001000000100110010000000110000000000101010
59
11100000101001000000000001100101000010000001000010000000000011010100000000000
159
100001010000000101010000000001000001100000000000001000010000000000001100000
118
10000000000000011100000010000001000000000000100101001001010110010000001000100
185
1000010100000000010000000000000000000000100000000001000101100101000000000000000
17
1100000010000011100000110000011111100000100000001001000011000001000110000
64
1100000001010010010000000000001000000001001100000100000000100001100010000001011
98
10100000000100000000000000000000001100000010110000001000010000000000101000100
178
1000001000100000110000000010010000000010001000000100000001000000000000000000000
3
1000110010000000000100000000001001000000010000010001000000000011000000100010001
51
10001010000000010100000100100001010011000000000101111000101000000101010001000
165
1100000000010000000000000000000100010000000000000000000000000000001000000000000
126
110000000000000001000010000100101001000000100000010000000000100000001000000000
103
101000000001110000000000001000110001000100010010010000010000000100100110001000
39
10100001100100000010000010000000100001000100100000000010110000101001110000110000
38
10000010000000101001111000000010000011000000000000000100011010001000000010000000
107
1100000001001100001000011000000000000100000001010100000000000001000000001010
65
100000101100000100000000010000000000000010000000001111001000000110001000
187
100100010000110000011010101000101000010000010000100011001000001000000000000100
31
10100000100100001000001010000100000100010000100001010011000000000000000100000101
41
1001000100010000010000000000000000001010010000000000000000010010001100100100010
179
100000001001000000000000001000000010111001000000000100001001000101000100110000
33
100100000000000110000100000001001000010000000000000000000000000000001000100
97
101000100100010100100010100000100000010000000000010011110000001010000
162
100000000001000000011000000000001000000011010010000001000100100000010000000001
12
1000000000100010000011000000011000000000100100000010000000001101100000010000000
174
1000000010100010000011000000000000000000010000100000010010100000000100111001
32
100001010010000000010100001010000101000001001000101010001000000010000011110000
195
10000000000000000010000000011000010001000010000001000110100000010001000000010001
121
110001000010000000001000000010000000000100011000000000000101100010010000110000
142
1110000100000100000000100010101000000010100010000010000000000011101010100101
158
1010000000000001110000001011000001011100110100000000000010100010000100001111111
166
101010000001100000001010000000000101110000000000101100010000101000100100100000
165
10000000100000000000101100110000001011110000000000000000000000110000000010010001
150
10000000010000000000001000000100000000000010010000000000010000000001110100000011
15
1000000010000000000001000101010000010000101000010110000101000000001001
16
10100010000101100001000000000010000000000000000000000110100000010000000001001000
5
100001000000010000000000010001000000000100000100000100000000000100000010001010
36
1010100100001000100000000000000000000100100011010000001000000000001000
76
10000000010000000001010001100000010000010000010000001000001010000000100000000100
177
1010010000000000000101100110000000001100000000000000010000000000001111000001
114
1000000001000010101000000010000100110001100000001001000000000
154
1100001000100010001001101000110000000000000010000100010000000000010100000000
192
100000000000000100100000000001000100000001010000001000000000001000100110
144
1001010001000000000100000110000010010000000000010011000000000000000001000
76
100000010000000010000000010000000001000000000000010000000000010000000001000001
36
11000000110010010001100000000001000100100010000000000001000000100100101000101010
84
1001000000011000001000000010010000100000000000000000000100000001010000000000011
171
101000000010100000010001101010101010111011110000001100100000000001000001
115
11000011010000110110001000001000010100000000000100001100001001001000100001
115
100000000110001000101000100101000000000000000010000000000100000011100011
87
1100100001001100000000010010000000001000000000000000000000010000000000111
180
1101000000000000000000000001001110100000100001100001000010010011110000100010100
149
10000000011010010000000010000110101010111001001101100010000000
140
1100000001001111000000001000001000100000000000010000010000100000000010101000110
43
100000000000011000001000000000001000010000000001000000001000001000001000000000
159
1110100000000000000000000111000100010001010000000010010010000000000000001
65
100000000010001010010100000010010000001101000000000001000000101
192
1100000000010010010000000000000000011100001001110000000011100000000
24
10000000100000000000000000010000100000000001010000000010000001101000101000000001
72
100010100010000000000010010011000100010000000000000010010000101000
149
100100000000010110010000000000011001000101001000000000100000000101010001
139
10010001000011000000101000001000100000100001010010100110000001010010000
103
1100100001000100001001000000001100000100000100000100100110001000000001010000000
20
11000011011000001011001000000000000110000000000001000000001001000001000100001000
61
10100001000010001100000000010000010010000000000010000000100011100000100100000011
175
10000000000010000000100000100001000101000001100000001000100010010010100010000010
34
1000100000000000000000000100000000000001000000010001000000000000010000000001
37
1000000110100000000101100101000010100100001001000000001100000010100000000000000
88
1001001001100011000010000000001001000011000000000100000000010000000010100001
88
10001000000000000000010010000000001000000010011001001000100000100000000000000
41
11000100101000000000101000011101100110011000110000010000000000000
146
