80 300
1100100010000100000000000010110010000000000010001011101000010001010000010101
188
11100101000101111001100101000000010000000000010000100100000000000001001100000101
66
10000001000100100001011000100110101010000100000000011101010000010000001100000010
171
11001000001000010001011010101001000010000000000111111000000010000100011000010000
76
100000101000001010100000010000000100011000000011100100000000110101100001101101
149
11010011001001001000000001001100010000101010001001111010011000011110010010010
145
100100000101101010101000001000011000011001000000010011000000000000000011001010
55
100001000000000110000000001100101110000010000100000001010000110000100000100001
185
10000011000000000011011010100100100100010000010110010100010000000100000010000000
44
100000011010000001010111100001100100000111000010001100000001000000001000000000
73
10000000100000100100000000010101010110101100110001010111100000001111010000000000
183
11010010000010100000011000000000001010010010101001001001010110100001110011110100
77
10010110010010011001110001110000000000000000111010000001000011010000000000
154
10000000001111000010010101000100000000000000000101001001000000100001000100000000
124
1000110010000010101010010011000001001110101011010111000000000000000100111010
74
1101010011100000010001100010100000000000000100010000011000000100010011000000
146
10000011001100000000000010001010010010001110100000111010101100110000000100011000
65
10000000000010111101100000000010100110100010100011000001011100010000001010100000
144
101011000011110011100010000000000000100100010100010101100000000000100001110
2
1001010001000000100000001010000110010101010100010000010000100110010011000
120
10000000111101100000100010000100001001000010010010010001111100001000000001000111
182
100100100110101010000000000010001110000001010111000000000110000000011001000
69
11001110000000110000000001010100011000001010010000110011001000001000010000100100
73
10010000000000011010110011011000000100010010100100010100110011000001000010010000
49
1110101000010010010110010000000001010000000000100000000000000100000011010000000
105
10110110110000110000000101010000010000000011100010010000000010000100000000011000
17
1000000111011100010100101011011010011010110001000100100000000000101000111
98
10110000000011001101100010100010000011110110100101010000000000000010101000010
16
1010000110000101000010001011001101100010000100000000000010110000110100010000000
82
100001000100000001110100100000001010100000000000011010100000000110101000100000
96
1111000000010001011000000010000000000011011001000010100010001000101100010000001
100
10000010101110000010101000000110000001010000001101100100000000100001001
45
1010110101010000010000001100000000000010010010000010000000000000000101010101
164
11000000000010000010011100010100000100100100100011100000101100001010001110110000
61
1010110000110000000000011000010010101011011010101000100100000100011011100000010
23
1001000011000000101011000001011100000000001000001001000000000010100000100010001
186
100000101001100000101100000011001000100000010010100001110110100000100000110010
28
100110100010100010100000000100001101010000000011000010000001001100010100000100
185
10001100010011000110100010000000000000010000010000111101001010100101000001
22
1000001001111010100010100101010100010101110000000000010100010100001011
120
110010001000111100110010100000010000001000000011100001000101010001000110
64
1001011110001000001100100101001001000000101000001010000101000110011000000000
5
100110000000000000000010000010100110000000000100000011000010110101100001100000
65
100110100001100100000001110001000111000000000100000100000010110001111011010110
114
1000011010000110100100100010000100101010100010000000000111111001100100000000
153
11010011100100000100010000110100110111101000101110100010100000001010000101000010
170
1000110010100100100100000000000101000001000100010000010101001001001000000001
89
10010000101000001011000000001100110000001000000000000011000010001101000001100
122
100010001110000011010110000000011001010010001101000010001000000010000001
149
1010001100011001000011001010010001001100010101000001101010000100010010
100
111000000000000100100001011010010000000000000111000000001100100110000000010000
146
10010010000110001010000001011000111101000110011000110001000010011000100010100
46
10000001101011000010000010010000001100010000000010000100011100000000010010000000
166
10000010010000001101010010100110100000000000010000010000110100011010110010100000
25
100001111000011101100010110000101011100000000010100001101000010001111000001000
194
100000010000000000110001001010110001000000011001101000000010100111010010100000
3
1100000111011000101000000001001100001000010010000011000000110011001100001000
11
1101100001100000101000001000000010000001110000000000000100110101101000000001010
199
10001100011110000011010000000011110001000110000000011000000000000000000110000000
79
10010010110000010000011000001000010100110001000100010101000011110000100000010
170
11111001010000010010010010010010000000000000110010110111100000000001000010110001
23
110100011000011010110000001011001101101000010011000011110000101010000001001
35
10111000010000000011000101001000000000001101010000010000000100001001100010010010
178
10110011001000011000001010000010100000000100010001100000000110000100101100010000
120
10000000000000011011100000011101000000010010001100011001011000010010001000101000
34
1010100000011010000101100101000010000100100000010000100101010000010000000
90
1000010000000101000010100100000000010000010010100100011010000001001001000101000
34
1101001001000001110100001000110011111010010000100000000010000010111001100010110
61
100100000000101000110101011011000110000000000110000001000010010000010000000010
47
11100010100000101000100000010011011010110000111000110001001001001000010010001010
95
1100000000010101010001100000001100010100100000000101010100000010011110110
39
101001100010001000000000110000001010100100010000010100000001011000001100010000
14
11000100000101100000000010100100000100100100000000010011001000100010000000001010
100
11000100001010001000010111011010100011100001000010000000100000000001110000000000
193
1110000000011000000000001100010001010000110000001010101000001100100000001000110
166
1000000101010110100001011010110000000000001110110001000000001101010000
52
11001000000100000101000010000010000000000001010000001010100010000
10
110100011100101100000100001000001001011100000001011001000000010100100001001100
60
1110000111001100000010000001001100100000001001000000000011001011010000001000000
118
111000100101000010001001100000110001100100000001000000101000000110000110000
138
1010101100001110110000001100001000001000011000100001000000110000000000000101
35
11000011110101001000010001111000111101000100010011000011000000001000010000100100
155
10001001000111001110110101000101000100010001000110000001001010100100100000000000
71
100010101000000001000010010100010000000000000010101001001000010100000101110100
27
110010000001100010100000001000101000000000010000101110110000000010001000001
6
100010101010100001010011010000010001100100000101000100110010110000001000100000
84
10000100001010110100000000100000101000000100000001111101000101010000011010
68
100110011011110100010010101001010111010001000100100010001000000110001000100111
4
10000011000101000000000001010100001011100001000000100110000110001000010000100000
200
1100000001000000100001001000000001100001010000000010110001010000000100100100
120
1001000000110000100000100100000100001011001010011001101100000010100000000000111
69
1000001100100001001000010001110100110010101000000100010000000101010000100
186
100001011000010110011000000100010100100001100100010100010100100000010110000101
101
10000101110111000010010110000000000000010000100011010011001000100110000101011000
143
11100000010000000100001000000001100010011010010010000000100010110100100110101000
117
1101000000010100000000100000001001110100011001001010100100000100110000010000100
87
10000001011010100011110000011010000011100010100010000000000010101100000000000
34
11100000000001001100000110001010000000101010101011001000011011001011001010110
10
10000100001000100100001100011000001000110001101010001100010110000011000000100
84
10000000010110101011100010001000000000000010000101001001010001001010001001010000
105
10100100010000001011110010000100000101101000110011010000010111101001000010000000
180
10101100010001100001101101010010001000001010110110101010001011010010000100
29
11110000001101000100001100100010111100000000000110000000111100000000010000000
142
110000111111000100100100011001001001011110100000001000000100110001000011011000
52
1100000010000011001000101000110100100010100101100111000000110010001010100000010
160
110011100100000000010010001000101010010110101100100000100011001110011000110110
154
10001000011010101000000100000010010101001100100010011000100000000100010010110
197
110001110001001001100000011000000100010111110100011000000000000001010001101011
188
10001010001000000010000100000000010100100000000101001000110000111110100000010000
139
11001101000111101010000001011001100011010000000001000000000000100101000010000100
149
11001010001001100010101100100110001010000000000011000000101000000100110010100
125
10000110100000100000001001000110101100011000111111000010000000000011000110001
130
1010000001110001000001000101010000000110000000011000000000101101000000111000
108
11001101011010000010100000100110010000000000010010010000110011000001000011100010
155
11000010000000011001111100000010100010100100001100001010111010000000000001000011
55
110010000000110001011101010010000010001000000101010100010000110100000000100001
89
1001100110000100000000010000010001001011000000000100000000000000010001000000
116
110001000000000010100001000111010000000101010010000110000101000001000110010100
90
10000100011010111000000000000100111001010000000010000000010010001000010110100000
58
10010000000001100010001100000000101000110101010100000011000000000010000000000
121
1011000111000010010101010100001010010010001101010110001101001011101010000100000
29
101000000000000000000000000010110000011001000100000000000000011000110001011010
172
10010000000000001110110011011010000110100000010000011000000100001000010010
18
10001001001000000011001000111110000010000010110000110011000010100001001001111010
144
1001100000000111000010101010001001001100011000100000000000101011010101101000100
34
1000001111101001000011000000110000101100010100010010100010100000010000101011000
112
10100001000011101101010110000000101100000100001000010100011111001000001100000
112
111111010110101001111100100001011101111101000100111000000000110010000000101
191
11001000000000000101010010000000100100000010000101100011110000001000000000100
194
111101000100001001101100100000100000100010010000010000000010011100011011000
155
1010001001101001111000001000000000001100010000011000001100001001001000001000110
13
101001000001100000011010010000000111001000010001001000000000101011000
167
10100010010000001010100100010001000000010001000100000001000000000110000101100000
55
1111110111100000000001110000100011010001000110000000101000100001111
4
1001001100000011000010000000000010000000000110000100100100010010000100000000001
50
101000101001001111000100110000001000010000001000001001100100000100100100110100
167
1100101000000010000001001111100000001000000100001001101110000000000011000100101
174
10001000011001100000100000011001110001000001100000000001001011001000000010001
196
1100100100100110010110100000000000111000110000000000100000100010111100010
184
1110101000011000100001010001000011000100000010000100100100000000100100100011
10
10011010000001110100100000000101010000100001001001000001010000110000100010100100
178
10000111100100010101001000001001010110001100100000010111100010000000110011011000
183
100000001100000100000010011000000000000110011001001110010110010100011010001010
110
110000010000001000011010000000010010010010001111010010011100100010100011001000
119
1001000000011100010000001111110000100000010110100011011001110001010010110010
10
101010001010001010101110101101000010000000000100100001110100001110000000001000
2
101000011000100000000001001100010010001000000110000000011000011011010
103
11101100010000011100100100000110010010010100000101010000000000011110010110010
18
100000111111001111000001001110110010010001001010001111000000001001001000011010
89
1100111011101010001000010000001000000110100011100001010000010100000000000
24
10010001011001110011000000010000101010000001101000000100000000001000001100
83
10100100010000010001101001101010100000000100000110100001000001000111100011010
88
100100000100000000100100001001010010000001101110011100000000101000001011000100
110
11001000110010011101010011000110100111001111001101000000000001100010011010010000
134
10101010101101000000000001010000000111111101000010001000110100100101110011110011
107
1000001000000001001000100010001000000000000100001101010101011000111110000000
60
1000001100000100000000001000010010100001100010010000000000000100100000001011010
36
10110001010001000100100110100100010100000000001000010001011101000001011011110010
132
1100000000100010001011000001001000001000100000000101000000011011010000000000010
165
10011101000010000001100000000000010001000100010001010001011010001010010000
92
11110000000010100010000010011000000010001100010010100000001010000010001011000000
37
10100000010010111000001010000000100000100111110000100000001001000000001101
78
10101000100010100001100010000111000101000000000000000000000001000011000111010000
12
1001011000000100110100100100010100010000100011100000001101001000010010100111
173
10110010001100100000000000010000000010100100010100110100010101000001001101000
96
110001010100100010100010000100100100001000110010010000000010001000100010100010
75
100100000001011010000000101110011111001100001101001000001010011000101010100
148
10100101011010010001101000000100000110000111110000000000000000010010000000
177
100010000010000000001000101000100000100000100000010001010110110011
17
1100001000100001001100000010100000000000000000110010000000101000001110000110001
168
1010101100001010001000101001100010000010011001010011100111010011000011001000010
161
1001011100100110000001000010000110000001100000000101000010101000010000100010100
58
1111101000100000000000000101011000000010010111010101001010101010000000101110010
115
1100001110000000000000010101010000010000000101000100101000011010010010001010100
199
1110000110000100000001000011100000000010100000101000100000100001000000011110011
129
10000000000010010001001000000000100011100100000000100000000000110000110001010010
179
11010000001000010011111001000011001010110011001100000010100000000100001001
121
100100101100000000010100100010001001010100000001000000100100010000001000000010
41
101111011000010001100000100100011000010100000001100010000000001100100010000110
34
110100010010010110000000001100100001100000101100000111000000001110001000000
142
111000110010100010001000100100000000001000011000010010101000010010010100
96
1000001000010000000111001011101100100000101011000101000001000011001001000010001
79
110010011011110101100010100010100110000000000100010000100101001000000000000
38
10001000001000000001000000100101000110001001011000101101111000101000110001000000
131
10000100001011000100010000000100100000010000000010010010010001110000111100100
134
10010010111011110001010101010000011101010000010000001100101000000100100100110011
174
11010100000000001100010000000000100101000000010000000010010101100001010101000101
37
1001010101001001100001110110000100100000010101110001000000000110110110000010001
30
10011110100010000011010000100010011110000010000001000000101100000101100010001011
140
100100100010000000110001101010010100001100010000001010001000000100101000
189
1101100100100000000001001110101010000100100110100000001000001011001100011000000
77
10011010000001001000000010110001000110100001011111010000110001000100100000010010
185
10000000000111100101000011010001000000101000111101100100000000100010001000000010
145
1000100000000010010101000001000010000110001010011101011100000000011100000000
63
100001100001000010110010101110101000001011000010010000000101011100000110100100
30
11100100110000010001010000001100011001100010000000110101000100000001010011000
189
1100100100110000010000000011101110010111000100010000101000000000010000101010010
9
101000000011010100000001001100100000001001011001000010000001010000100000000100
2
10000000000111100000011110001001100001100001010101000001101010000100001000
60
10110000000011000110001010011010000000000000000001000101100001101000000001100001
14
100001011001010100000000000010101010100110100010000011110010000000000100100
64
1010001110001000001010100000000100011011001000010000100010010001011001100110000
150
110000101010001100000100101010010011001101000110111110001011010110000010001111
89
11000010010001111000100101100111000101000010001100111010000100110000100001
28
111000000000100001010111100010011011001000000101010010110000000100001000000101
122
101101000000000000011000000000100000101110011000010101110000100000101011000
27
1010010001000100100001011001010000100000000010100101000100001000010001000000010
182
10000101000110000000010000000000000100000000100100000000001001101001010001000001
111
100000010001011000101010100000010000110011001000000111000100001010110101000101
16
10001000010000000101000000010000010100000100100011001100100010001001001010010001
49
1010000000000001010100000010100000011000010100000011011000011000000110101
29
10000000000010000010010000000000111000100000000000010000101010101000010000001101
105
10010110000111000000000001000001010101000100100001000010000000000100010000000101
27
10010000001010011010010000110001000000101000101000101110001101100010110
124
11100110000010000110000000100100010100000001001001000100000001000000000100001001
101
10000101101100101001010100001011000000000010100010100001101000000100001000000000
10
10100000100000100011011110110000000001010010000001001100011000100010000000
149
100010000011000001000001100010000001000000100100000000000110010000000100001000
163
10001100010010000001011000011011010000101100000110011110001000100100000000
110
1011001100000010100001100011000101110000001110100000110000010101011000100000
68
100000101011010000100101000100001010000110000000111111000000000000001110000
158
100010000001101000110001010000011010101000010111110001000100001000000100000010
5
1100000000000001010001110010000010000000001101011010000000000000100011101001110
135
1001010000010000001110110110100011111000011100000110001011010000101001101000
83
101000010001001111010001000100001000010101100100001000000010000001111011000000
158
111000111011110100100011000000010001001101100010010110000000000101000001000
138
10010100101000010000101101000000100100000001100000110001010011011101110000011001
46
11010101000000010110101000100100001011000110010011111111001011000010001100100001
42
1001001010010000000001001001101000101000000100110011100000110000000000101010
59
11101000101001000000000001100101000110000011000010000000000011010100000000000
159
110001010000000101010000000001000001100001000000001000010001000000001100000
118
10010000000000011100000010100011000000010000100101011001010110110001001000100
185
1000011101000000010100100001000001001100110100110001000101100101010000000000000
17
1110000011000011101000110000011111110000100000101001000011000001000111100
64
11100000011011010011111000000111000000011001100000100011000101001100010000001011
98
10100000000100000000100011000010001110000110110000001000110000000101101000100
178
1000001000100000110001000010011000110010001000000100000001000000000100000000000
3
1000110010000000000100000000001001000000010001010001000000000011000010101010111
51
10011011000000010100000100100001010011000000000101111010101000010101010001000
165
1100000000111000000000001000000100010000000100000000000000000000001000000010110
126
110000000000001001000110001100101001000001100000010001100000100001001000000000
103
111000000001110000000000011000110001000100010010010000110000110100110110001000
39
10100011100100000111100010010001100001000100100100011110110000111001110000110000
38
10000010000000101001111000000010000011000000000000000100111010001000001010000000
107
10011100000101011100001001011000000000100100000001011100000001000001000000101010
65
1100100101100100100000000011100000000000010000001001111001010000110001000
187
100101010111110001011010101010101000010000010000110011001000001010000000000100
31
10100000100110001000101010000101000100010000110011010011000100000000000100000101
41
1001000100010000010000000000010010001010010000000000000000011110101101100100010
179
100000001001000101000000001000001111111001110010000100001001010101000100110001
33
100101000000000110001100000001001001010000010000000010101010001000001001100
97
1000000000101000110100010100100110100000100000010000000000010011110000101010000
162
100000010001000000011001010000001000000011010010000101000100100000010000001001
12
1000000000100010000011000000111001001000100100000110000010001101100000010000000
174
11100001010100010100011000000000000000000010000100000010010100000000101111011
32
100001011111000000010100001110001101100001011000101010001000000011010011110100
195
10100000000010001110000010011000011001000010001001000110110000010101000000010001
121
110101000010100100001000100011000000000110011100000000001101100010011001110000
142
101111000100000100000000100010101000000010100010100010000010100011101011101101
158
11011000000001001110000001011000001111100110100000000000110100010001100101111111
166
101010000001100000001010000000010101110000000100101100010000101010100100100110
165
10000100100000000000101100110000001011111000010100000000000000110000000010010001
150
11000000010000000010001000000100000000000010111000000000010001000001111110000011
15
1000000001000100010000000000001000101011000110000101000010110100101000000001001
16
10101010000101101001000000000010000000000000000010000110110001010000000001001000
5
10100011100000010000000000010001000000001100100100001100000000000100000010001010
36
11000000001110100100101100100000000100000000000100100011010000001000110000001000
76
10000000010000000101010001100001010100010100010000101000001110000000100010100100
177
101010011000100000000101101110000000001101001000000000011000100010001111010001
114
10011000010001000010101000000010000100110001100000001001000000100
154
1011100001000100011001001111010110001000101000010001100010010000000010110000000
192
1000000110000000010010100100010001001000100000001010001001011001000001000100110
144
1001010001000010001100000110000010110000000000010011000001000000000001000
76
10101000010000000010000000010000010011000000000000010100000011011000100001000001
36
11000000110110010001100100000001010100100010000000010001000100100100101001101010
84
1001001100011010001000000010010000100001000010000000100110000001010100000000111
171
10000100101000000010111000010011101010101010111011110000001101100000000001000101
115
10001011000011010000111110101000001000010111010000000100001100001001001000100001
115
100000000110001000101010100101000000100000000010000000000100000011101011
87
1100110001001100000000010110000000001100000000000000000000010000000000111
180
1101000000100100000000100001011110100000100001100001000010011011110000100011100
149
100000000100100010101000011010010000000010000110101010111001001101100010000000
140
1100000001001111010000001100011000100000000000011000111001100000000010101001110
43
100001000000011000001000000000001001110000000001000100001000101000001000000011
159
1111100110001000000000000111000100010001010000000010010010101110000001001
65
10000000000000001100000000010111110010100001010010000001101000000010101000000101
192
1000000000001110000100010010010100000000000000011100101001111000010011100000000
24
10100000100000000001000100010001100000001011010000000010100011101000101001000001
72
1000000010000100010100010000100100010010111000100010000010000000010010000101000
149
100100000000010110010100010000011101000101001000010000100010000111110001
139
1000110010010001000011000101101000011000100100100001010010100110001001011010100
103
1100101001001101001011000000001100000110000100000100110110111000000001110100000
20
11100011011000011011001110100001000110000111000001000000001101000001000110001000
61
11100001000010001101011000110000010011000100000010100000100011100000100100000111
175
10000000100010000000100000110001001111000001100000001010101111010010100110010010
34
1000100001000000000000000110000000000011000000010001010000000000010000000001
37
11001000110100010000101100101000010101101001101001000001100010110100000000011000
88
10101001101001100011000111000110001001000011010000000101001100010001000010111101
88
10011000000000000100010010000100101000000011011001011000100001100000001010000
41
1000011100110101000000000101000111101100110011000111000010000000000001
146
