80 500
1100100010010100000111000011110011011010001010101011101011010001011000011101
188
11110101111101111101100111000000010000001000010100100100100000010011101100001101
66
10100011010100100101011100111111111110000101001000011101110010111100011100001110
171
11101001011010010001011010101001001110001000110111111100000011100100111100010010
76
101100101101001011101111011000011100011000000111101100101000111101100111101101
149
1111010011001011001000010001111100111000101111001101111010011000111110110111110
145
100100010101111110101000001010111000011001001111010011110000100011000011011010
55
1101001000001000110000010001110101111100110000101011101111110110001100111100001
185
10000011101101101011011010100101100101011001010111010111010000000100100011000010
44
11100010111011000001110111100011111110100111001010001111100001101100101000100101
73
10010000100000100111110001110111011110101110111001010111101100001111110001010000
183
11010010000111100000011000000100101110110110111011101001010110100001110111111101
77
11100010011110011111011001110111110000010000011000111010000101000011010001001000
154
10000010101111100010011101000110100000001000001101111001000000100001101101000010
124
101100110010001010111011110011000101001110101111111111000100010101010101111010
74
1011101011111100000110001100010101000010110110100010001111011101110011011000100
146
10101111001101110000000010101010011011001110101101111010111100110001011110111001
65
11010001000010111101100000100010100110101110100011100011011101010000001010101010
144
100111011100011110011110010000100001001110101010100010101100100100000110001110
2
1001111001011011010100100000001010101111010101010100110001011010100110011011010
120
10001100111101101000100110110110001111001110110010010001111110001010010001111111
182
1000100100101110101010011000010011001111000101010111010010100111100000111101001
69
11011110010011110010000001010110011000001010010000110011001000001100010010100100
73
10110000011011011011110111011100000110110010111100010100110011010001011010111110
49
11110111010010110110110010010010001011110000101100000000000010100000011010000010
105
10111111110000111001010101110101010000000011100110110100111010101100001100011100
17
111100111111111111010101111011011111111010110001001101111000111010101000111
98
10110110000000111001101100010110110011011110110101111010000000000101011101001010
16
1010000110001101001011101011001111111110100100000000000111111001111101110100011
82
100001000100000001111110100100001010110100001100011111100111010110111000100010
96
1111100000010001011110100011000000110011011101001010101010001000101110011010001
100
10001100010100010101110111010101000000110000101010000101101110101000010100001001
45
1010110101011100011100001100011100000010010011010111000000000000000101010101
164
11110000000011000010011110111111100100101101100011100011101100001010001110111110
61
1110110001110000010000011000010010101111011011101000100100001101011011100000111
23
11101011011000000101011101101011111000000001001001011000011000110101000100111001
186
111100101111100000111100010011101101101000011110111001110111100000100000110010
28
100111110010110010101000101100011101010000000011001110010011011100010111110100
185
11110101110010011101111111010100111110010010000011010111101011011100101010001
22
10101011001001111110101010100111111110011101111101110011111100010100001111
120
111010011000111110110111100011010101111010000011100001001101010101000111
64
1111111110001000001111100101111101001010101000011010001101000110011001000010
5
1101111100001100000100110000010100110001000000110011011000010110111101001101100
65
1110110100001111100010101110001000111100000001110000100010011110001111011110110
114
1001000111010000110100100100010000101101010110010011000011111111001100100000100
153
11011011100100000100011000110101110111111110101111110111100100001010000101000011
170
111100110011110100100110011110010111000001001101010011011101001001111001001011
89
10111110110101000101011000100101100111000101001001000000011100011111101000111101
122
10000001101010001111010111010110100001011001011010101101000110111110100111100001
149
10011000001111001100011011000011101110011001001110110111100101111111100100110010
100
111100100000000101110101111010010011110000100111011110101110111110110100111011
146
10010011010011111101010001001111100111111110110111110110001000010111001110010100
46
10000001101011100010101111010110011111011010001010000100011100000100010011000000
166
10001110010010001101010010100110111100001001111010011000110100111010110110101000
25
110001111011011101110010110010101011110000110110101001111100110001111100111100
194
100000110000000001111001001010110001000011011001111100100011100111011111101000
3
11100110111011001111000001101111100001001010010100011001000110111101100111011
11
1101100001101001101000111011000010110011110010000011101101111101101100101101010
199
11001100011110011011111001100011111001011111001010011011001000111000000110110001
79
10011010111000010010011100001001010100110001000100011111000011110001111101010
170
11111001010000111010011010110110100000000000110111111111100000000001001110110011
23
1011111100111000111111111000111111001111101110010011110011110000101011010011101
35
10111110111011101111010101111000000000011101111001011001001100011001100110110111
178
10110111001011111010001011011010110000000110011101100010000110000101111100110000
120
10000000010011011011100000111101001000010010001100111011011001110110001001101000
34
1110001110110100111010000101101101001010001100101110010000101101010000110000110
90
1010010000001111000010101100000010010110110110110100011010101001011101011101100
34
1101001011000011110100001000110011111111010000100000010010000010111001110010110
61
11101111000001111001110111011011100110000000000111000001101010010101010000000111
47
11110111100100111000101000010011011110110110111111111001011001001100010011001111
95
100001100000111010101110101111010001100111111100000010101011100000111111110110
39
101101100011001010000110110000001010100101011001011101110001011000011101010101
14
11000101011111100000100011100110000100101100100000010111001011100110110000011010
100
11001100001010101100010111011011101011100001011010011000111100011101110101000000
193
11110000110111000000010001100010111010000110100001110101000111110100101001000110
166
11011111010011101010110100001111110110001001101011110110001100000111101010110
52
11001000010011111100000110101111110010001010000000010101110000001010101110000
10
1111101011101111100000110101011001001011100010001011101000010110100110001011110
60
1110100111001110000110010011001100100001111011010000000011101011010000011101001
118
111000100111000010101001100010111001100110001111000101101110101111111110100
138
1011101110001111110010001101001100001100011001101101110010110000000100010111
35
11101011110101011001011011111011111101000100011011000011000011001000010010100100
155
10001001000111001110110101101101000110110001000110010101001111111100100000010000
71
1101111101000110101100010011110110000010100000010111101001000010110100101110100
27
10010111010100001100010110000001000111110001100110000101110110010001010001000011
6
110111101010110011010011110001011001101100001101000100110110110000101000101000
84
10010011110100001110110110000000101000101010000100000011111111010111010100011011
68
10110111111011110101010010101011010111010001100110101010001110000110001110100111
4
10100011010101101100011001010111001011101001000011101111010111001010010000110010
200
1110000001000101110101101000011011100001010010100110111011110100000101100110
120
11001000010111000101100110101100110001011101110111011101110100110100000001100111
69
1010001100110101001000010111110110111010101100110101010111011101010010100
186
100101011011010110011010100100110100110011100100011100010101100001010110100101
101
10101101110111101110011111001100100000010000100011010111011000110110000101011011
143
11101100010010000100011101100101110010011110111011000100100010110100101111111001
117
1101000001010111001110110010001011110110011001111111101100001101110100111011100
87
11101001111010100011110100011111000111100110100010010001001110101100001011000
34
10111100000000001001101000110011010000011101011101011101010111011101011001010110
10
1110011100001000101100001111111010101101110001111011001100010110010011000100100
84
10000010010110101011100010101100100000000010011101011001110001011111101011010000
105
10110100110000011011110010000100000101111110110111011000010111111011101110000110
180
1000011101100010101110101111111111110001001001011110110101010001011111010000101
29
10011110010101101000100001100110010111110010100000110000001111100000011011000000
142
11110101111111000100110100111001101001011111111100001001000101110011110011111010
52
1100100110100111101000111000110100111110100101100111000000110010001010110010110
160
110011100100000100010010001000101011111110111101101100100011001111011000110111
154
11001000011111101000100110101010110111001100101110011000100000100101010010110
197
111111110011101111101100111001110100010111110101011100000011011001010101101011
188
11101111001100000010000100010010010110100011010111101000111011111110100100010010
139
11001101100111111010011101011101110111010001100001011000100101100101101110001101
149
10011001010011111100111101101100110101010000010111111001110101100010101110011100
125
11001111100101100100101001000110101100011000111111101010000100000011101110001
130
10101011000001110001001001001101010000000110010000111001010101101101010100111110
108
11001111111111100010110010100111011100010100011011010000111111110001110011101011
155
11001011111000111011111110010011110011101100001100101010111011000001010101110011
55
10111110000011110001111101011010110011101100010101011101110000111100000000101001
89
11001100110001100000011110000010011001111000110010101000010100100011101100100
116
110001001010000010110111101111011100010101011010001111011101000001100111010100
90
10110110011010111010000100000100111101010010100010000001011110011110010111111000
58
10010010011000001110010111100011101101100110101011100000011000100000011000001011
121
11011110111100010011101011100011010010011101101010110001101001111101110100100010
29
101001100001101010001101000010110010111001101100001000000001011000111001111110
172
100010011000000001101110110011011010001110100010010110111000000111001000010010
18
11101001111000100111001001111110101010101110110000110111100010100011011001111111
144
1001110011001111000010101010101101001100011000101000101101111111010101111010110
34
1000101111101011010011011000110001101100010101010111110010100011011001111111010
112
10110101011111101101011111001010111110000100101011010100011111001100101101100
112
10000111111010110111101111110101001011101111101011101111000000000111011010001101
191
11101001110110100111010010111000100101000111000101101011110100011000111000100
194
10111111100100001101101100101001100010110010010000010010000110111100011011010
155
1010011001101001111010101000000011011100010000011010001110001011101000001011110
13
1100111001101111010001111000011011011010001111101000010001011010010110101111001
167
10100010010010011010100110011001101001011101100100000111100000001111000101101111
55
110010001111110111100000000111110010111011010001000110000000101100100011111
4
11001001110011111111011101000011110001000101110100100100101010010101100010111111
50
101000101001101111010100110011011101110100101100101001110111000100101101110100
167
1100101000000010100011001111110010011100000100011001111110000000010111000100101
174
1010001000111111110110110000011001111111110011110100110011101011001001000010001
196
10000101100110101100111010110110000100000111001110000110000100001111010111100010
184
10101110101011011011100111010001111011110100010010100110100100010111100100101011
10
10011010001101111110110010100101011100111001011001100011010000110000100010110101
178
11000111100100010101001000001001010111011110100110010111101010010001110111011000
183
110000001110110100000011011101010000001110111011001110010110011111011010111011
110
110001010001101010111010100000111010010010011111110110011101100010110011001000
119
10101001000000011100010011011111110000100000010110100111011101111001110010110011
10
111011001010111110101111101101010010010101101101100101111100011111001010001010
2
1100101000011010100110000101011101011111001000000110101110111000011111011
103
1011101111010000111100100101010110110010111100001111111000010110111110110111110
18
110011111111001111000001001110111010011001011010001111001011001001001011011011
89
10001001110111011101010001000110100011110001111110011100101110001010110101011000
24
1001011110001111101111011000011010010101010001101111001100100100100001101111101
83
10010101110010001010001101001101010110000001100010110100001110111001111111011010
88
1100100001101001010100100101101010010100001101110011110001010101100001011100100
110
11011110110110111101110011111110101111011111001101010100100101100010011010111000
134
10101010101101100100010101011100101111111101001010001000110111110101110011111011
107
1110001000000101001001110010001101110000010110001101011111111101111111000000
60
11000001100000100101000001011011010100011110010110100100011010101110000011011110
36
10111001110101100111111110100101010111010100001010011111011111000001011011110011
132
1100001110100010011011100101101011001100100100010101001000111011010100000000010
165
10111101011010011001110001000000010001001110010001110001011110011010110000
92
11111010000010100111010010011000010011101110011010100010001110000011001111010001
37
10010100001110010111011001011010000101100110111110010111100001001100000001111
78
10101101100110110001101010100111000101100001010110001100000001000011001111010000
12
1111011100100100110101110100010100010011110011100001101101011000010111101111
173
110111011011100111010000000111000000010110110010100110100010111010001001101001
96
10111011110101100010100010000101100110001000110010010000101011011000110010100110
75
1101110000101111110011001101110011111001110111101001001001111011110111110101
148
10000010110111011010010001101100010100010110110111110000010100000000011110110010
177
10001001100110111001110000000001010111000110010101000100101010001011111111011
17
11100111000101001001101011010100000010001001010111010000111101000001110101110101
168
1011101100001010101100101101110111100011111001110011110111011011001011001000010
161
1001011101100110010001000010001110000001110000011101010110101011110000100011100
58
1111101000101000001101001111111010000010110111111111001011101010010100101110110
115
1110101110110010110000010101110100011001100101000101101001011110110010101011110
199
1110000110000100001001011011110100001111101000101001101010101101000001011110011
129
10001010110011011001101000000001110011110110000101101010000000110100111001010010
179
100111010001001000111011111001011011101111111011111101011010100000001101001001
121
101100101100000000010101100110001001010100000001010101100101110110001011010010
41
11111111011000010001101001100101011000011111000101101010010010001110100011010111
34
11000110100011010011110000011011100111111110010101101111111010000011110001000000
142
111010110010101110101100100100000011001000011011010010111111010110111110
96
1001101010010000011111011011101100100001101011001101000101010111001001000010011
79
1101110010011111110111100010100010100111001110000100110000101101011101101000001
38
10001101101000000001000010110111000111001101011000111101111000101000111101000010
131
110000111001111110110010011000100101100110101110011110011010001111100111111100
134
10010010111011110011010101011111011101010000110000001100101010000110100100110111
174
11111101000011011111010100110100110101010000111001010010011101101001110101000101
37
1001011101001111101101110110111100100010111101110111000000001110110110001110001
30
10011110101010000011110000101010111110000111000111000001101101100111100010001011
140
1011100110101101010110000110001101111010100001100110000001010001100010100101110
189
11111100100110000111101011110111110000101100110100000011110001111011100011100000
77
11011010011011001101010010110001000111110001111111110000110001000100111000010010
185
11001000100111110101000011110001001000101110111101100111010010111110101000000111
145
101101101100100010111101001001000010100110011111011101011101010010011100011000
63
10100001101101001110110111101110111100101111100010010100110101111100000111101101
30
11111100110000010001010001011110011001111010011000111101100100011001011011010
189
1101100110110000011000000011101110010111100100011010101000000100010101101010110
9
111100100011010110000001111100100000001001011001000010110011011000100010000101
2
1100010100000000111100100011110001101111111100001010101010001101010010100001000
60
11111111001011101111001110111011100101000001000101001101100011101001001001110001
14
100101011001010110000100100010101111100110100010010111111010000000001101111
64
11110101110101100011111100001000111111011001000110000100011010101011001110111001
150
1110101101110001110000100101010110011111101001110111110001011011110010010101111
89
11000011000010010011111000100101100111000111100010001101111010001100111000100001
28
111000101000110101010111110010111111101110000101010011110001010100001001010101
122
101111000101010000011100110010100100101110011010010101110000101100111111101
27
1010110001000100101001011111110001100010001110100101000101001110111011100000110
182
11100101000110000000110000110100000111001001100101000001101011101011010001001001
111
10100100010011011001101110100010010000110011001000010111101101011010110101101101
16
11011010011010000101110000111011010100000101111011011101110011001101001010010001
49
10110001110000000100001011100000010100011011101110111100111011001011001000110101
29
11100100000010100010011101101101111000101100100010011100111010101001110000101101
105
10010111000111000100000001010011011101001101100101000011001000100110010010000111
27
10110010000101010111011010011110001000000101000101111101110011101111110110
124
11100111000010001110001000101100010110000011011001100101100001000010010100001011
101
10000101101100101001011101001011000010000110100111100011101000001100011000000010
10
10100010100001110011011110110000000001010010110001111100011010100011101010
149
1111010000111010001010001100110010001110100100110100000100110011011000100101000
163
1010011100110010000001011010011011111001111100100110011111011000101100100100
110
1111001100000011110011100011011101111000011110110101111000010111111000100000
68
10100101110111011110101100111000111011010100110000000111111000000001101101110010
158
100011100101101000111011111100111010101010110111110011100100001001110101010110
5
11100010001011011010001111110101110000000111101011011001000000000100011111011110
135
1001001010110111001001110110110110111111100111100100111011011010111101001101100
83
1101100010001011111010001000110001001110101100100101010010010001001111111000001
158
1111000111011110101110011010000011011001101110011010111000001000111100011000
138
10111100101100010000101101000101100101000011101111111001010011011111110011011011
46
11110101000101111111111010100110101111010110010011111111101111101011001101111101
42
11101011010110001100001101001101100101000001110111011101110110000000000101010
59
111111000101111010100000011100101110110011111100010000000010011010101110000110
159
11010110011011001000101110011100001000001101011010010011100010111010010001101000
118
10110100101101011101010010110011100000011000111101011001011111111011001001101
185
11100011111110001111100100101100101001110110100110001000101100101011000000010001
17
111111110011100011111001111100011111111001111001101101000111100001011111100
64
11110000111111010111111010000111000001111111100001100011010101011100010001001011
98
1010100000000100010010111011000011011110010111111001011100110000100101101000100
178
11011001001110100110001000010111010110010001100011101100001000001100100010010000
3
11000110010000010001100000001101011010001110011110011100100000011000011101011111
51
10011011000100111110101100101001110011001100100101111010101100010111110001100
165
1110111100111100011000101010000111010000101111000000010010101101101000001010110
126
10110001100110001101000110101100101101000101100000010001100101100011001001000000
103
111100101101111110000000111000110001000100011110010000110110110100111110001000
39
10110011100100110111110011111001100011000101110100011111110000111101110100110011
38
10001010100101111011111000110110011111100010011001000100111110101100001110100000
107
10111100100101011100001001011000001110110101001011011110001101000001101010101010
65
1101100101100111101000110011100000001100011000001001111101010000111001100
187
1100111010111110011011010101010101001110101011000111111011000111110100101000110
31
10100100110111101111101110101101000100010000110011011111000100001100001100000101
41
11001100100010110011011110010010011101011011000001001100111011111101111100101010
179
110000001101000101011010001001011111111101111010100110101001010101000100111011
33
11110101000010001111001100100101101101011100010110000111101011101110001111100
97
1000000001101100110100010111100110100100100001010001000100011111110111111011101
162
11100000011101000000011101011110101011001011011011000111000100101000010000011011
12
1010001100100010010111000000111011101000110100010111111010001101100000010010100
174
11110101011110010100011000000100000100000010000110111010010111001010101111011
32
101001011111100011010100001111001101100101011000101110001000000011010011110110
195
11100110011010101110000010011111111011000111011001010110110100011111010100010011
121
1111101000110100101011000101111000001000111011110011010001101100011111111111100
142
111111001100000100011000100111111000000010100010100010001010110011101011111101
158
11011001000001001111100101011100011111100110100110000000110110010001110111111111
166
101110100011101000011010100000010101110101000111101100110111101111100100101111
165
11001110100000001010101100111000001011111010010100000110010000110010110011010001
150
11000010010010000010001110100100100100000011111010001000010001000111111111100011
15
1100100011110110011000100100011000101011000110111111000010110100111100010001001
16
10111010011101101101000000010010100101100100001010101110111001011000000011001010
5
10100011100100011010010101011101100000001101110100011110010110100110001010011111
36
11001101101111110110111100100000001100000000110110101011011000101000111010111010
76
10110100011000110101110101100011010101110100011000101010101110000000100110100101
177
1101111011000100000000111101111100000001101111000000100011001100011001111011101
114
10000110000010010011100011001110110111000001011000110110001101100111101100000100
154
11011100011100101011001101111110110001010101010011011110010010001101110110010000
192
1000000110110010110011100100110011001000100010001111001011111101011001010100110
144
1001010011100010101110000110010011110000100101010111100111110110000001000
76
10111000011110010011110001011100010111001001100101011100000011011000100001000011
36
11000011110110011011101111000001110110101011000000110101110100100100101001101111
84
1001001111011110101111100110010010101001010010101000100110110001010101000110111
171
11010101111001001010111010011011101111101110111111110011001101101010010101100101
115
11001011001111111000111111101100001010111111010000101110101100001001011001111011
115
1101100100000000110011010111010111101010000100000001010101010000100100011101011
87
11001100110001001111010110110111011101101101000010001001010010010000111001111
180
11111001000111100100000110101011110101000101111100001110010111011110011101011101
149
111100010100100010101111011110011100000010111110101111111001001101100011000001
140
1111000101101111110000001100011001100010000000011100111001100110010011111101110
43
110001000000011001011100000010011001110000110101000100101010111111001100000111
159
100101111100110001011100000000111000101010001011101010011010110111110000011001
65
11010100100000101100010000110111110010111101010010101001111100000010111100100101
192
11000000001011111001100010011010100101011011000111111111011111000011111101000000
24
10100111100010101001000110011101100000111111011000001110100011111001101101000001
72
1000100010000111010110110000110100010010111000100010011010000000111011000101000
149
1100010100101000010010110110100010100011101000101011100010010111110100111110101
139
11000110010110001000011000101101011011110111100100101011010101110111011011010100
103
11101101001011101001111000100001110000111000111101101110110111100000101110100000
20
11111111011000111011001110110101000110000111000001110100001111100101000110001000
61
11101001001011111101111010110101010011100100000010100000101011101000100100100111
175
10011000100010000100101000111001101111110101101010001010101111110010100110011010
34
1000100001100001000101110110011000001011001010011001110000000100011001000111
37
11001001111100010110101111101111010101101001101101000001100010111101100110111000
88
10101011111001101011010111011111101101010011010100000111001101110001000010111111
88
110111100100000000110011010000101101000001011011011111000100001100100001110100
41
100101000011100110101010000010111000111101110110011000111000010010000001101
146
1101000001111001000001011011000000010010100010010010001000011010000111111001011
102
10100100011010001001001100001100100011000111111010110110010000001100000111110000
18
10101011000100101100110101111010100001111010001011011011110110001111111011110011
151
1111100101010111111000000010110101010010111010110000101100111001000110000100011
139
101001011011001100010101010110000010010010110111111110100110010110100111000100
194
1111011101111111011111010101111011110010111001110010001000111100100011000100
28
1111110010001001101100100111110110100011111010011101010100001110011011001011010
96
11101010111010100111000001001001010011000110100011101011111000111110101010110000
139
10011101001001001000110111011010010111001101010001110101001010011101111001100101
34
10000111011101011001010111101010001000001000001110010010100011001100000101000110
156
11111000011001111010000000001001111100110000101001111011010000110001010110101011
103
10101001010110111010101000100011101010001011010100101000100000011000001100101010
165
1011110000101100101111101111000000000010000001001001011001100011100001110110010
40
1010011110111000110000111111011100010111100000011001010101001010010000111111111
170
10101010100111111001000011001010000001110001000100111011001001110110010010111100
101
11011111111111111110111110011101111101100101111000100011100110111100110001010111
23
10101000011100001001010100100000010000001011100100101000000100000111111110110010
180
10101001100100111010100110111010101001010111111010000111100110001101010001011
15
10111110100111101101111011101100001100111101110011001001110001011010100110000001
99
11101110011100111101001101110111100011011010010101101001010110011101111110100011
127
1000101001110011101111011100010111101101111100001100111101000000011101010101100
43
11001001011011010110011110110011101000011110000110010100010100011011000011001010
46
11101011001110010100101010111100101001001110111000110011000111000010001101101010
67
11000101010001110111100111110010110000001101100111001100111000011111111011110101
133
10111111000001001110100011111010110101000110001111100000100000111011101010001111
106
10010001110101011110000010100000011100100100000011100010100101010000001001111000
140
1111010010001011101100011001100010011010101111010010111100010100101111111101001
199
10010000000100000101010000101101110111111010011011101011101010110110101101010110
114
11011000100001101001011101100111110100100011101000111111010110110010001111101011
177
11111001011101111100101110000011110001110000100101101101100110000011010101011100
90
111000110110101100011101011110111101011001001000110010111110100100001101010
131
11101110011000010011001100101010000110010101000000110000110100000111100111000001
154
11011000010011001000100000101011011001111011001100011000000000111000011010001001
165
101010110100100110111011100001111010110000100101001101100101000101001011111100
9
1110000101001100110100101110001000101010011100110001001001010000001111110101100
180
100101001100000100001110000110100110011101100111011001110010010100111101110
38
10110010000001101110000110001000010100011001011001110110011101110010110000010011
114
10111001100011000010100100100001100100001111100001110101000101111010000001001000
166
1010000110000010001011111110100011111000100111000100011001000110100000011110
162
11100100010110001001001101111110010110011100110101111111011000000100110011100010
42
111111111111010111011010010110010101101101111101101110100111111101001111100011
174
10110001001010110111101110011001101001110001111110011000101110001010100000000011
82
101111010100100000000111111011101110001000111011010110110110000010011111110000
74
10100100001011001000010101011110110011101010101101001110000001100111001100110
44
11010011010001000100100110011001000111110101011010011100100000100101110110111010
13
101101110001111011101110000001010101101000100000111111101011100001111000101
61
10010100110110111010111111101101010010000100100111001001111100110110101100010000
25
100101101001011110011111110011001100010001011111011011100001001000011001111001
171
1010100001111111110000101001001011101100001101000011100000101100000101001011001
176
1000100001010000101010101100111100010100111000000000000110111001100110110100101
143
11010110001010000010010111010000100000000111110011111000111111110100000010001100
12
11011101010101000001011111110111000011111011001111101101111100000111100001001111
97
10111011100001100011110111101110101000111010011100111110000101101001000000010
63
10110110010111111110101111011101100111111000000000000010001100101101010101011110
45
100000101010101110000100101000001000010101001100111010110100011101001100
191
11010100000100110011010010110000010111001011001010011100101000110100001000010010
165
11111001111110100011100111010100100100010111001000110110100011001011101001101110
44
11000110111000110011010001110110001011011001011001000100001001100000010000000011
54
10100011000111000110011110111101011101001111000000100010100010011111110111010000
76
10110101101010000101110011000000010100100110010101010001100010000011001011111101
200
11100001010011100001110111011110011110111101001000000100110000010111110101110011
89
1100011001110000111000100011011110000011111000010011101000101100000010000101011
82
11100100000111111101111010000100000110100000100111100000110111010000011100111001
75
11110010010111001010110100110000011000010110000011110101100011011101010111100111
112
1011100011001011101100000101000011001100101010100000100000010101001011100101010
106
11100010111111010010000110000001000001001101010000000001110100110011111101101101
81
10000111100111011000001011011010001101000011011011011111011100001110010011101101
98
1001100000010010010101101111110100011100011010111100001110101100111100000000
82
11001101000001111011111001010011010000010110101111001110101111011110010011111011
50
110101100001011111110110100100111011111101101011111111100101010111100001001110
24
10110011001111110010001010101100001111111010110001110101111100000010110010000010
186
1110111100100011111000111000100110101010011100100110011111000010111111010001001
3
1010111000110001100000110000101110010111011011101010100110010000010001000011111
112
1010101101111011101110110001000101010101111110011111011110000101111011000011101
170
11000111110111001010001000011000100110000100100000101011011000011000000111101
35
110111110100101101011101110111010011010001011000010101010111110000111000010111
125
111001110100111011110010001110101101101011110000111110011000101101110111110001
13
11110001110110100011000001011101011011111011101000010100101001101100000011010011
197
10100110111011011010110011111110101011010101001001001001111001100110111000110
11
110111100110110001000101000100010101011010000000010111011110011101111110011010
172
1001010100101100000111101101010001000111010110111101100101011111110010110111101
22
1111010000100111010101010100011010111100100110100110110100001110111110001100101
192
10100101111011111000000110101011011001001000000000010101101111001000101100011101
171
1001000111111011000000111101110101011001010010000000010100010101011010000000
68
10011010101011011000110011101111010001001110100101100000010110000001000110001100
50
10100110110100010111101010010011000101010001110101111010001001011011000100100110
75
1111111000000110100111001101010010100001010011110101011001100111000010100011000
169
1011011010111110110010001011010011111101111110000111010001010010010011111110100
71
1010101000010110010101100010010111100111101000101111100011000001100100011001100
90
11111111111101101011101001100101101110011001100001110100101010000101101010100
95
111110011011110111000101110110001011001100110111010010010100111011100111011001
16
1100011001101101000011100110011101110010001100010011100110111101100011000
80
1000010000100010111111011000000001010111000001011111001100110110010001011101111
39
10100110100110000001010001100011011110111111001101011011111011011011011100101011
29
111100001110101011010111101010011010000011001000011100110111110100110011100
40
10101011110011110010000110000000100101001010110111110101110100100001111001001000
163
11001110100001010001001010010000011011101100100111011000011001000010000001011
77
100100100000001001111010001001010110111001101010111011100101110101000000101111
188
11110010010010100111010101101010010100000000111111001101010010100010001011011000
146
11010110010011001111101000001110011010010111001111111100100010010100000101100111
170
10010010001111001001010101111111010111011100110011110011011000010100000111001110
10
10111111010010001111010010001001011100100101101010110001011111110100000010100010
177
1110011011010001100110011010101001100011010011001000111000001111110000110001110
132
1111010111110111111101110010110010010111000101010110010111110110111110110100110
113
101011111011111100000000110110000010110110000010011000010010010000001010001101
107
101011011010111110111011101111111000011100001010101001110001100001101110001011
19
10011001100101000100101001011101100001111101101111101000000001011110001100101110
64
1000010010000101101111111101000001010110110010011010101101010111100100000011101
66
1001101111001110001011101110000011101101010010111110110000000111111101001101110
63
10001001011000100100110110101110011010011100001011011100101000011001000110011110
137
10111100010000110000010011100000010000011111011011001110101011000111000111
122
10100001111101000000010001100101101000011100010011100111110100001111010000101001
191
10100000011110110010110010110011110010110010100111010110110000000010010011011001
45
1101100000001011011100010001010101001000101001110100100001010000111100110010001
110
1110110111011100000001111111000000010010001100110111111111111110001100001001
19
101111000100110100111111101011101011101100000101001101100001010100001100011001
42
10001010011110100011100111000100011010100111110000110000001111010000100011
45
10111100111001110110010110010100101100111110100111110011100100011011001111010000
59
11101010011010100000101110000010000011100011001110001010011010101001100001010000
150
11110110000100110011111111001110110000001101110100101010001010011110011111111111
171
1001111011101101110100100111000001001011100011110011001001000101100111011101110
162
100111100110100011000110110011010011010011000111011000111001101110111000001110
50
101001001100101011001101101110111000110100111001010110100000001110100110111001
121
10100001101011100011101000100101111101101011000101011110001011100011000100001010
78
1001000000101100000110100001100101100110101001111101101100100010110001001011010
10
10000011110100111011000100011011110111001000001001011100000010100000011111101101
74
1101100111000111010000111110000110001110000010011010101110110101110101111111100
47
11010000001110100100010001100000111001111111100011111010001110110111000001101
131
1000101011000101000001100011110111110010001001100000100111111111100011110101101
197
1110110010010100001000111110010101001110010000010101111111000010010011011011
92
101101000010011010000111000111001011000100100001001111010010111100101111100111
160
11010001010111011010010101110010110111100110000001101001011000000110100110001011
115
10010011110110110000000110001110101111110000110001001010000110000110110011111011
85
10000001011110011101101001010011000101010001010000011001110101101010100010011110
24
100101011011110011011101001100000010001101001010100000101111111001011010001100
176
110110101101110100110011110011100000000110000011110100010010101101000101110011
89
1001011101010010001000111101111110000010100010101010010100110101010110100111
32
1111110100100110011010101101001111001110101101000001101111000001110100010110
38
10111100111110010101011100101001111110110010010010110110100111101010011100010000
155
1110111101111110110011111000100000110110100100100100110001101101100110011000001
13
1010010001001110101000001111000100110100111010100100100010111100011100011110011
188
11001100010011000010001011011010011011100001011011110010110100101000111011111101
119
10111110111111010100011010011010000011110110111010010111001000001101000010100011
102
100101110000111101001000100101111011101010011110111010001011110101101000001
59
100000110100110011001100010111010000001000011011100111101001000001011011011101
137
11000000110001001011011100011011011111011001100011011110111100110110101110111100
180
11110000011000111110010110010010000000110010111100010000101110111100010101111111
153
1100101010010001000101011010011010111110101000011101100111011000011000010001100
53
1111111000001011000101111010000111001111011110101110001111101000000001000011000
149
11010011000111011101110100101010000101000011100101111111010011000100000111011001
57
11011101111111011010100000101010010110010000101111000101011111011101011000011101
129
1000110111111100111010110000110110101100101000011011111101011000001111010100011
126
11100100000100011110011100101111110111000011101101011111001001010001010011000110
161
11010111110010100010010000100111101000001001000001111001100010011011101000000101
75
11101110010011111001010100000000001100111101010001110110111111100010010111011110
20
10001110101110010010010111000001001010011000001100100111111101101111011001110010
139
10010100010010000001101010010100110101101011111101111001111011110111001111100000
4
11101111001101010101001000111000001100100100011001000111001111111001111010100110
7
10110010011010111111101110000101011000101100001010001010101001011111010101010101
25
11001010001100010000111111110001011100000010001100110010101010110010100010001110
96
101011101101111010110110010001110011111101101111110110000011110111100001011001
24
10111101000001100001001001010101100001110110000100101011000011001001101010110100
136
11101111001010100110001001000111010101100111101111100010000001100000101110101000
12
110110101101110000100110111010001001101010100111001110100101010000100101010100
154
10010001110011000000000011110001011011100011001010110010110001001000000000101110
17
11000000111101101110110101111101001100101001001100101111000111101001111100001111
10
1011010000010101101111000000000101101000001000000000010010001001001000110101100
14
10100011011011011010001111110000111110001111100111011011101001110101001010110000
90
10001000101001010101110101110101011010100111000011111010101110011111101011111110
94
1001101100100110111001011110110101110100000011001111001111100110001000011101000
131
11111000110110000100110001010000010111111001101110001101100001100101100000010011
173
11110110001110100001111000100001101000100110010010011010000000100011101101001111
74
1000010001100100001000011100111010101100001101111001110101011101111101011001100
139
101101111110000000010110001011000110100100010111001010001111100001010101000
192
11101001110110110101011101001110000111111110101101011111010110111111001111000101
23
11100000111111000000000010100000111100011110111100011001111011111111100000011000
66
10101010100010100101010011000101111111011000011001100000010011100101100101001100
23
11010001110111100011010010111010000110010101010000011011011000000010110101111001
116
10101101011011111111001100111101111001010000000011101000001011110000101010
45
10111001111011111000100000110110000111110110010001100100000000000000100000101110
68
11011001111100110111111110010010011100011001000110101111011000001110101000110101
66
1100011011010100011111100111111011101010000000010111100100101001000001011010011
141
110100101100010101010011010111111100001000111111111001010010100000100110110
175
11111001110000001010011110111010000110111001011101100111010011001111111111010101
101
10000011011001001111000110101010111111010011100110101001110100101101100110010000
177
1110011101011001001010000000111100011111111011000011100000110100110001100010011
47
100001010100000111101000000110100001100010111001111110100001001101100100111
168
11010010111001010001100100000101010000011101111100001101001001011110000010100001
157
10111010001000001000000101100101110001110001101110101010111001011111000111101010
136
11001111001111000010101000011110100100000100100101011101110000100011000000011100
120
11010110110100111011100101111101101011110011100011101001100000011101010110
36
10011110011011001001100000001110011000011110001100101000111001001111000100011011
189
10001110111011110100110011000101000011001000110011010101011101010100001011110110
151
1111001100100011101100110000111101010100110110011000001000111010110000011011101
124
1000101110100001100011011100110100100010100100011010111001011111111100101000000
162
1101101100001111001101111000100010111100010100100010011001011110110100011111101
128
110111111110000000000101011011010100000110111100010111101110101101100001000111
36
1011001011011100101111101010001000100000110011111110110110101111000111111010001
175
11011000000110111100011010101001100101000110100111001110001100101011101100101101
151
1111100010011011100100000000010110100001001001001101000111011110111010101000011
160
