80 600
100000000000000000010000000000010001011100000010001000000000000
188
101001000000001000000010000000000010000000100000000000001000000000101
66
100000001010000000000100010000100000000001001010000000000001000000000
171
10000000000000000000000000100000000000000000000000010000000000000000001000010000
76
1000000000000000000000000000000000000011100000000000000000000001000101
149
11001000001000000000001000000000100000000000000000000000011000000010000
145
100000001000000000000000000000000001000000000000000001000000
55
100000000000000010000000000000100100000000000000000000000000110000100000000000
185
10000000000000000000001000000000100000000000010000000100000000000100000000000000
44
1010110000000000000000000000000000000000001000000000000000000
73
100000000100000000000100000100101100000001000110000000001110000000000000
183
10000000000000100000000000000000000000000010100000001000010010000000110010000000
77
10000000000000001000000000100000000000000000101000000000000000010000000000
154
1001000010010000000000000000000000000001001001000000000001000000000000
124
1000000001000001000100000001000000000000000000000000010000
74
1000000000000000001000000000000000000000000010000000000000000010010000000
146
10000000001000000000000000000000010000000010100000000010000000010000000000011000
65
11100100000000010000010100000000000000000000000010000000000000000
144
100000000000100010000000000000000000000000010000000001000000000000100001000
2
110010000010000000000010000100000000000000
120
1100000000010000000000000000000000000000001100000000000000000000001
182
100000101000000000000000001000000001010000000000000010000000001000000
69
10000000000000000001000000000010000010010001000000000000000100100
73
10000110001011000000100000000000000010000110010000000000010000000
49
1000010010010010000000000001010000000000000000000000000000000001010000000
105
10110010000000010000000000010000000000000010000010000000000010000000000000001000
17
1000000001010000000100100000010000000000100001000100000000000000101000111
98
10000000000011000000000000000000000000000000000000010000000000000000000000000
16
110000100000000000010000100000000000000000000000000000000000100010000000
82
1000000000001000100000000000000000000000000001000100000000010000000000000
96
1000000000000010000000000000000000000000000000000100010000000100000000000001
100
10000000100000000000000000000000000001000000000101000000000000100000000
45
1000000000000001000000000000010010010000000000000000000000000000000
164
10100000100000000000000100000001000000000000000000000
61
101000010000001000000100000000011001000000010
23
1000000010000000100000000000000100000000000000000001000000000010100000100000001
186
1000000000100000000011000000000000000000000000100100100000000000000010
28
100000000000100000000000000000001000010000000000000000000000000100010000000100
185
1000000000000000000010000000000000000000000000100101000010000101000000
22
1000000000100010000010100001000000000101110000000000010000000100000000
120
100100100000000000010000001000000001000001000001010000000000
64
1011100000000000000000001000001000000000000001000000001000100000000000000
5
10000000000000000000000000000010000000000100000010000010010000000001100000
65
100100000000000000000000000000100000000000000000000000010110000001000000010
114
1000000110000000100010000100101000000000000000000010100000100000000000
153
10000011000000000000000000100000100100001000000010000000100000000000000000000010
170
100000000000100000000000100000000000000001000000000000001
89
10000000000000001000000000100010000000000000000000010000000000101000001000
122
100000001100000001010100000000010000010010000100000000000000000010000000
149
1000011001000000000000010001001000000100000000001010000000000000
100
100100000001000000000000000000011000000001000000010000000000000
146
1000110000000100000000000000000000010000
46
10000001001000000010000010010000000000000000000000000000011000000000000000000000
166
10000010000000000100000000000110000000000000000000010000000000000000010010100000
25
101000010000000000000000000001100000000000100000100000010000111000000000
194
100011010010000000
3
10001000100000000001001000000000000000000001000000000001000100000000
11
1000000000100000000000001000000000000000100000000000000000100000100000000001010
199
10001000000010000000010000000000000001000000000000000000000000000000000100000000
79
100000000000001000001000000100000001000100010100000000100000000000010
170
1100000000000000010000000010000000000000000000000000010000000000000000000000000
23
10000000010000000000001001001100000010000000001100000000000000001000
35
100000010000000010000000001000000000001000010000000000000000001001000000000000
178
10000001000000000000000000000010000000000100010000100000000100000000000100000000
120
1000000000001000000000000000000000000001001000010010000000001000
34
1000100000010000000000000000000010000000100000000000000000000000010000000
90
100000000000010000000000000100001000000000001000000100000
34
110000001000010011001000000000000000000000000000000001000000000
61
100000000100000000000000010000110000000000000000000000000010000010000000010
47
11000000000000001000000000010000010000000000111000010000000000001000000000000000
95
10011100100
39
10001000000000000000000010000000000000000000000000011000000000010000
14
1000000000000100000000010000000000000000000000000010000000000100000000000000000
100
10000100000000001000000010000010000001000000000000000000000000000000100000000000
193
1000000000010000000000000000010000000000010000000000001000000100000000000000010
166
1000000000000000000000010010010000000000001010000001000000001000000000
52
1000000100000000000000000000000000000001000000000000000010000
10
10000100100000000001000000001010000000000000000000000000000100000000000
60
1110000100001000000010000000001000100000000000000000000010000000010000001000000
118
100000000000000000000001000000010000000100000001000000000000000010000000000
138
10101000000110100000000000000000001000000000100000000000010000000000000100
35
1000001000100000000000000001000101000000100000000000011000000001000000000100000
155
10000001000011001000000100000000000000010001000000000000000000100000000000000000
71
10000000000000000000010000000000000000000000000000000000000000000100000000
27
101110000000000010000000000
6
100010000010000000000011010000000000000100000100000000010000000000000000000000
84
100000000000000100000000010000000101010000000010
68
100100000000000000000000000000000110010001000000000000000000000010001000000100
4
10000000000100000000000000000100000000100001000000000000000100001000000000000000
200
1000000001100001000000000010010000000000000000100100
120
100000000000000100000000000000001000000001000000000010000000000000001
69
1000001000000001001000010000000100110010000000000000000000000000000000000
186
10000010100000000000100000100000000100000010100000100000000000110000100
101
10100000000000000000000000000000001000000100010000100000000
143
1000000000000000000000000000001100000001010010000000000000010010100100010001000
117
101000000000000000000000000000001010100010001000000000100000000100000010000000
87
1000010000000110000000000000000000000100010000000000000000000000000000
34
1000000100000010000000000000000010000000001011000010001010000
10
10000100000000000000000100000000001000010000000010000000000000000011000000100
84
1001000000000000000000000000000101000000000000000010000001000000
105
10100100000000000011000010000000000101000000010010010000000010001000000010000000
180
10101000000000000000000000000000000000001010010100001000001001000010000000
29
11010000000000000000000000000000001000000000000000000000001000000000000000000
142
110000111110000100000100000000000001010010000000000000000000000000000001000000
52
100000010000011001000001000100100100000100100000000000000100010000000000000000
160
10000100000000000000000000000000000000000000100000000000000000100000000100010
154
1000000000000000000000000101000000000000000000100000000000000010110
197
100000000000000000000000000000000100010110100000000000000000000000010000001010
188
1000000010000100000000000000100000000000001000000000110000100000000000
139
11000000000110100000000001001001000011000000000000000000000000100100000010000100
149
11001000000000000010001000100110000000000000000010000000000000000100000000100
125
10000010000000000000000000000100000000000000011000000000000000000000000010001
130
1000000000010000000000000100010000000000000000011000000000000000000000010000
108
1000100000000000000000000000000000000000000000000010000000010000001000011000000
155
1000000000000001001010000000010000000000000001000001000010000000000000000000001
55
1000101010010000000001000000101010000000000100100000000100000
89
1100010000100000000000000000000000011000000000000000000000000010000000000
116
100000000010000000000000000010000000000000000000000000000000
90
10000000011000010000000000000100111000000000000000000000000000000000000100000000
58
1000000001100000000000000000001000100000000000000000010000000000
121
1000000110000000010001010000001000000000000000000100000001000000100000000000000
29
10000000001000000100000000000000001000100000011000
172
1000000010000000000000100000010000000000000000000000000000
18
10001001000000000010000000100110000000000000000000100001000000000000000000001000
144
1100000000010000000001000000000000000000000000000000000000010000100000000000
34
10100000000000000000000000000100010000000000100000100000000000001011000
112
10000001000011000101000010000000100100000000000000000100001010000000001100000
112
110001010010001001001000000000000000010100000100000000000000100000000000101
191
11000000000000000000000000000000000000000000000100100000000000001000000000000
194
111001000000001000000100000000000000000000000000010000000010000000000000000
155
1000000000000000000000000000000100010000000000000000001001000000000000000
13
1001000000000000000000000000000000001000010000001000000000001000000
167
1000100100000000000000010001000100000001000000000100000001100000
55
1011000001100000000001010000100010010000000100000000001000000000001
4
100000000000000000000001
50
101000001001001000000000110000000000000000000000000001000000000100000000110000
167
1100100000000000000000000100000000000000000100000001001000000000000000000000001
174
10001000000000000000000000000001010000000000000000000001000000000000000010001
196
100100000000100000000000010000100000000000000000000000100000010
184
10101000000000000001000000000011000100000010000000000000000000000000000001
10
10000010000001000100100000000101010000100001000001000000010000000000000000000100
178
10000100000100001000000001000100001000000000000110000000000000100000001000
183
100000000100000100000000011000000000000000000000000010010100000000001000001010
110
1000000000000000010000010010000100000010010000000000100001001000
119
1000000000000000010000000000010000100000000000000000000000000000000010100000
10
10000000000000100100000000000000000000000000100001000000001000000000001000
2
10000000000000000001000000000000000000000000000000000001000000
103
11001000010000001100000100000110000010000000000000000000000000011100000010000
18
100010001100000001001010010000000001000000000000000000000000000000000010
89
1000000010000000000000010000000000000000000001000000010000000000000000000
24
10010001010000010011000000010000001000000000001000000000000000000000000100
83
100000000000000000000000000010000000000000000000000001000000000110100000010
88
100000000000010000000101000010000000000100000000010000000
110
1001000010000000001010010000010000001000010000001000000000001000010000010000000
134
10100000000001000000000000000000000010110000000000000000010000000101100011000001
107
1000000000000001000000000000100000000000000000000001110000000
60
100000100000000000000010000000001100000010000000000000000000000001000000
36
10010001000001000000100000000000010000000000000000010000001001000000011010010010
132
1100000000100000000011000000001000000000000000000001000000000000000000000000000
165
10000000000000000001000000000000000000000000000000000001000010001010000000
92
11100000000000100000000000000000000010000000010000000000001000000000000000000000
37
100000000000000000001000000000100000100100010000000000001000000000001001
78
10000000000010000000000000000000000100000000000000000000000000000000000000000000
12
1000000000000000010100100000000000000000100000000000000000000000010000000011
173
10000010000100000000000000000000000000100100000000000000010001000000001101000
96
100000000000000010100000000000100100000000000010000000000000001000000000100000
75
100000000000011000000000001100001000001000000001000000001010001000100010000
148
10000010000000001000100000100000100000000000010001000000100000
17
100001000000000010000000000000000000000000000000000000000000000100000
168
10100000000000000000001000100000000000010001000001000100000011000010000000010
161
1001001000000110000000000000000000000000100000000000000000001000000000100010100
58
10100000000000000000000001010000000000010100000001000000001000000000001000000
115
1000000000000000000000100000000010000010000001000000
199
1010000010000100000000000001000000000010100000100000100000000000000000010010000
129
100010100000000000000000000000000000000001000000
179
10000000000000000011000000000000001010010000001000000010000000000000001000
121
10000000000001000000100000000000000000000010000000000000010
41
110000000010000100000100000000000000000000001000000000000000000000010000010
34
10110000000000000000001000000000000000000000000000000000000000
142
10000000100000000000000000000000000010000000000000000100
96
1000000000010000000000000001000000000000001010000000000000000000000001000000000
79
10010001000010000000000000000000100000000000100000000000000000000000000000
38
10001000000000000001000000000001000000000000000000000100000000000000000001000000
131
10000100000001000000000000000100000000010000000000000010000001010000101000000
134
10000000000000000101010000001000000000000000000000000000000100100000000000
174
1000100000000001100010000000000000100000000000000000000010001000000000000000101
37
1001000100000100000000100000000000000000001000000000000000000000000000
30
10011010100000000001000000000000011010000010000000000000000000000001000000000011
140
1001000010000000100010000001000001000000100100000
189
1000100000000000000000100000000000000100010000000001000001001000100000000000
77
10000000000000000000100000000010100000000011000000100000000100000000000000
185
10000000000011000100000000000000000000101000100001100000000000100010000000000010
145
1000000000000000000100000000000010000010000010010000000000000000001000000000
63
100001000001000010000000000100000000000010000000010000000000001100000100100000
30
10000000100000000001000000000100010000000000000000000101000000000000000000000
189
1000000100000000010000000000000000010010000000000000100000000000000000000000010
9
1000000000000001100000000001000000000000010000001010000000000000100
2
101000000001000000000100000000000000101000000101000000100000000
60
100000000000000000000010000010000000000000000000000100100001100000000000000001
14
100000001000000000000000000000101010000010000000000000000000000000000000000
64
1000001000001000000000100000000100000010000000000000000000000001001000000000000
150
100000001000000000000000001000010010000101000000010110001001000000000000000001
89
1000010000000100000000100000111000100000000000100001010000000100000000000
28
1000000000100000010110000000000010000000000001000000110000000000000000000101
122
100000000000000000000000000000000000010000000000001010000000000100001000
27
10000000100000000010000010000000000000000000100000000000000010000000000000
182
10000001000010000000000000000000000100000000100100000000000000100001000000000000
111
1010000100000100000010000010000000000000000000000000010100000000000
16
101000000000000010000000000100001001000100010001000001000000000
49
1010000000000000000100000010000000010000000100000001000000000000000010101
29
11000000000000000000000000010000000000000000100
105
100000000000001000001010001000000100001000000000000000000000000000000
27
10000000000000000000000000000000000000010000000000010000
124
100000000000000000000000000000000100000000001000000000000000000000000000000000
101
1000000100001000000000000000000010100000100000000000000000000000
10
10000000100000000010001100110000000001000000000000001100010000100000000000
149
10000010000000000001000000000001000000100000000000000000000000000000000000
163
10000100000000000001000000000010000000001000000100001000000000000000000000
110
1000000100000000100000000000000001100000000100000000000000010000001000000000
68
1001000000100000000000001000000000000000010000000000000000000110000
158
1000000000000000000000010100000000000000000000000000000000000000000
5
1010010000000000000001000000010000000000000000010000001000
135
10000000000000010000000100001101000010000000000000010010000000001101000
83
1000000001000110000000000100001000000000000000000000000000000001110000000000
158
1000010010000000100000000000000000001000000000000010000000000001000001000
138
10000001000010000000001000000000000000000100000000000000010001100110000000000
46
1010000000000010011100000000000000001100100000
42
10000000000001000001000001000000000010000000000010000000000100000
59
1000000000000000000000000100000000000000000000010000000000000010000000000000
159
100000000000000000001000000000000001000000000000000001100000
118
10000000000000000000000000000000000000000000100000000001010000000000001000100
185
10100000000000000000000000000000000000000000001000100100101000000000000000
17
1100000000000010100000000000010011000000100000000001000001000000000100000
64
1000010010000000000000000000000000100000100000000100000100000000000010
98
10100000000100000000000000000000000100000010010000000000000000000000100000000
178
110000000000000000000000001000000000000001000000000000000000000
3
100000000000000000000000001000000000000000010000000000000010000000000010000
51
10000010000000000000000100000001000000000000000100010000100000000001010000000
165
100000000010000000000000000000000010000000000000000000000000000000000000000000
126
100000000000000000000010000100101001000000100000010000000000100000001000000000
103
1000000000110000000000000000100000000000000010000000010000000000100100001000
39
100001100000000000000000000000000001000000000000000010100000000001100000110000
38
10000000000000000000100000000010000011000000000000000000010000001000000010000000
107
100000001000100001000011000000000000000000000010000000000000000000000001000
65
1000000000000000010000000000000000000000000101000000000000000000
187
100100010000010000010000100000001000010000010000100010000000001000000000000000
31
10100000100100000000000000000000000100010000100000010001000000000000000000000001
41
10000010000000000000000001010010000000000000000010000001000000000010
179
100000001000000000000000001000000000100000000000000000000001000001000100110000
33
100000000000000100000100000000000000010000000000000000000000000000000000100
97
1000100000000000100000000000100000010000000000000011010000001000000
162
100000000001000000010000000000000000000010000010000000000000000000000000000001
12
1000000000000000000011000000000000000000000000000000000000001000000000000000000
174
10000010000000000000000000000000000000000000000010000000000100001001
32
100000010000000000000100001010000101000000001000100010001000000000000011010000
195
10000010001000010000001000010000000010000000000010001
121
1000000000000000000000000000000000000001000000000000101100010000000010000
142
1010000100000100000000000010001000000010000010000000000000000000001010000101
158
110000000010000001001000010000000000000010000010000000001110000
166
100000000000000000000000000000000001110000000000100100010000001000100000000000
165
10000000100000000000100100000000000001000000000000000000000000100000000010000001
150
10000000010000000000000000000000000000000010000000000000000000000001000100000000
15
10000000000000000001010000000000001000000100000000000000000001
16
10100010000101100001000000000010000000000000000000000110100000000000000001001000
5
1000000000000000000000000000000000000000100000100000000000000000010000010
36
10000100001000000000000000000000000000000000010000000000000000000000
76
1000000100000000000010000000000000000000000000000000000000100
177
1000010000000000000000100000000000001000000000000000000000000000001101000000
114
1000000001000000100000000000000100000000100000000000000000000
154
100000000100010000000101000100000000000000000000000010000000000010000000000
192
100000000000000100000000000000000000000001010000001000000000000000100000
144
1001010000000000000000000000000000000000000000000010000000000000000000000
76
100000000000000010000000000000000000000000000000010000000000010000000001000000
36
11000000010000000000000000000000000100000000000000000001000000100100001000000010
84
1000001000000000000000100000000000000000000000000000010000000000010
171
101000000000000000010001000000101000100011010000000000100000000000000001
115
10000011010000100110000000000000010100000000000000001100000000001000000001
115
110001000000000000100000000000000000000000000000100000011100001
87
100000001000000000000010000000001000000000000000000000000000000000001
180
1010100000100001100001000010000011000000000010100
149
10000000001000000000000010000100001000010001000000000010000000
140
1000000001001001000000000000000000100000000000010000000000000000000000100000110
43
100000000000010000001000000000000000000000000000000000000000001000001000000000
159
1010000000000000000000000101000100000001010000000000010000000000000000000
65
100000000010000010010100000000010000001000000000000001000000100
192
100000000010000000000000000000000000000001000100000000001000000000
24
100000000000000000010000000000000001010000000010000000000000001000000000
72
100000000010000000000000010010000000010000000000000010010000100000
149
100100000000000000000000000000010000000000000000000000000000000001010001
139
1000010000110000001010010000
103
100001000100001001000000000100000100000000000000000110001000000001010000000
20
10000001001000001000001000000000000110000000000000000000001001000000000100000000
61
10100001000000000000000000000000000000000000000000000000000010000000100000000010
175
10000000000010000000100000100000000101000001000000001000100010000000000000000010
34
1000000000001000000000000010000000001
37
1000000010100000000100000001000000100100001001000000000000000000000000000000000
88
1001100001000000000000001000000000000000000100000000010000000000000000
88
1000000010011000000000000000100000000000000
41
100100000000000101000010101000000010000010000000000000000000
146
100000001000000000000000000000000000000000000010000000000000000000000000000000
102
100000000000001000001000000000000001000100001000000000000000000000000010000000
18
10000000000100000100100000000000000000001000000000001000000000000000000011000010
151
100100000000000000000000000000100000000000010000000000000100000000000000000000
139
100000000000000100000000000000000000010000000001000000100000010010100000000100
194
100000001100000000000000000001000000000000000100000000000000000000001000000
28
100100010000000000000100000000100000000010000000001000000000000000000000001000
96
10000000000000000000000010000100000000000000000000000010001000100000
139
1000000001001000000000000010000000001101000000100000000010010001011001000000
34
1000000010000000000000000001000000000000000000000100010000000000000000000
156
110000000000000000000000000000000010001011
103
10000000000000010000000000000000100010000010000100000000100000001000000000000000
165
110000000000001010000100000000000000000001001000010000100000000000000000000
40
100000000000011000010100100000000001000000001010000000001000011
170
100000100000000000000000000000000000000000000000000000000110000000000000
101
10000000000000000000000000000000000000000000100000000000001000000000010001
23
10001000000000000001010100000000010000000000000000000000000000000000010000000000
180
100100000000100001000000000000000000010000000000000000000000000001
15
10000100000010001000000000001000000000000000010000001000100001000000100000000001
99
100000000010000000000000000000001000000000000001000000000001000011100100000
127
110000000000000100000100001000010100001000001000000000001000010001000
43
1001000000000000000000100000100000000000000000010000000000000001000000000000
46
1000000000100000000001000100000000000000100000000000010000000000000000001101000
67
1010000000000000000010000001100000010000000010000000000000001100100
133
110000000000000001000000000000001000001000000011
106
10001100001001100000000000000000100000000000010100000000100010000000000000000
140
10000000000000000000000000000000000000000010000000000000000100000000000
199
10001000000000100000000000000000010000
114
100000000000000000000000000001001000100100000000000000000
177
10000001000000110000100000000000100000000000000000000000000000000001000001001000
90
10000000000101100010000000100100100000000000000000000001000000100000100000
131
10000000000000010000000000100000000010010000000000010000010100000000000000000001
154
1000000000000001000000000001000000000010000000100000000000000001000000000001001
165
100000000000001100000010000000000000000000000100000000000000000000000
9
100000000001000000000000000001000000000010000000000000000000000000101110001000
180
110000000000110000001000011000001000010000100001000000
38
1000010000000000000000110000000001000000010000010000
114
10110001100000000000000000000000000000000100000000000000000001001000000000000000
166
1010000000000000000010000000000000000000000000000100001000000000000000000100
162
100000000010000001000000110010010000000100000000010000001000000000000000000000
42
10110000000001000000100010000001000100000000000000000000000000101100000
174
1000000010000100000000000000000000010000000000000100000000000000000010
82
1000010000100000000000100001100100001000010001010000010010000000000000000000
74
1011000100000001010000000001000000000100001000000010
44
1000100000000000000000001100000000000000100100000000000000000000000
13
101101100000100000000010000000000001000000000000000000000000000001001000101
61
100100110000000000000001000000000000100100001000000001100000000001000000000
25
10001000000011000000000000010000000010000001000000000001000000
171
1000000100000000001000000001000000000000000000100000100000000000
176
100000000000000000000100010000000000100000000000000010100001000000000100000
143
110001000000010010000000000100000000000000000011000000100000100000010000100
12
10000000010000000000010000000001000000100010000110000001000000000101000000000000
97
100010000001000001000000001000000000000010000000110000000101000000000000000
63
10100000000110000100000010100000100000000000000000000000000000000000000000100
45
100000000000000000000000000000001000000000000000100000000000010000000000
191
100010000000000000000000000000010000000010000000000000000000000000000
165
100000101010000001000001000000000000010000000000010000000000001000100000000010
44
1010000000000000000000001001000000000000000000000000000000000
54
10000000000110010100100000000001000001000000000010100000001000000000000000
76
100000100010000000000000000000000000000010000
200
10000000000000100000010000010000000001000000000100000000001000000000011
89
100000001000000001000100000001000000010001000000000000000000000000010
82
100111000000000000100100000000000000000000000000000000000100000
75
100000000000000000000000000000000000000000000000000011000000000000100
112
1000000000000000000100000000000000000000000000000000000000010000001001000000000
106
11000000000000000000000000000000100000000000000010000010000101001000000
81
10000111100000000000000011000000000001000000000000000010010000001100000000001001
98
1000000000000000000000101000000000000100000010001100000000000000101000000000
82
11000000000000001000001000010000000000010000000000000000000000000000000001100000
50
100000100000010000100010000000001000000000000010000001000001000000000000000000
24
10000000000100000010000000000000000000000010000001100100010000000000000000000010
186
1001000000000000000000010001100100100010111000000001100000001000
3
11000100000000000000000000010000110000000100000000000010000000000000000000
112
1110010000000000000001000000000000000010000001001000000000000
170
101000000000010001000000000000010000000100000000011000000000000000000100
35
100000000010000000000010000010000000000010000000010000000100000000000
125
1000100001010000000000100100100000000000000000100001000000000000000000000
13
11000000000000000010000001010000001010010000000000000000000000101000000000000000
197
100000000010000010001001000101000000000000000000000101001000000011000000
11
100000010000000000000000010101011000000000000000000000000001000000000000
172
1000000100000000010000000000001000000010000001000000000011100100000100001000
22
1000000010100010000000000000100100000100000000000000000000100000
192
1000000000000000000011010000000000000000000000000010000000000000000001
171
10000000000000000000000001000010000000000010100010000000000000000
68
10010000100000001000010010000001000000001100000000100000000010000000000000000000
50
100000100000010000000000000000001100100100010000000011000000100000000
75
1000000010000000000000000000000000000010000101001000000001000000000001000
169
10010000010000000000000000000000100001000000000100000001000000000001010000100
71
1000000000000000000000000000000001000010000000001000100011000000000000010000000
90
100000000000000000000000100000000000000000010000
95
10000000000000000000000000100000000000000010001000000010000001000000000000000
16
1000000000000000000000000000001100000000000000000000100000011000000000000
80
1010000000000000000000000000001001100000000000000000001100
39
10000000000100000000000000000001000000100010000000010011110001010010000100001000
29
100000000011000000000000000001000000001100000000000000000000100
40
1000010010000010000110000000000000000010000010000000000000000000011000000000
163
10000000000001000000100001000000000000010000000010
77
100000000001000100000000001000110000000000000101010000000000000000000001010
188
10000000000010000000000000000010010100000000000000000001000000000000000000000000
146
1000000010000000100100000001000000010000000000000011000000010010000000100000001
170
11001001000000000100000000010000000000010000000000000000000000001100
10
10100000000000000000000000000001100000000100000000000010000000000000000000000
177
100010000000000000000000010100000000000000000000000000000000001000000000000000
132
10010000000000001000000000000000010000000000000000000000000000000010000100000
113
1001010000000000000000000000000100000000010010000000000000000001010001000
107
1001001010000100110010000010000000001000000010000000010000000001000010000010
19
100000000000000001000001000000100000001000000000000000000000000000000000
64
10000000000000000000100000000010000000010000000001100000001000000000000000
66
1000000000101110000000000000000000100010000000000000000100000100000
63
1000000000001000010000100000000000000000000100
137
1000000000000010000000000000
122
1000000000000000000000000001000010000000000000000000000010000000000
191
1010000000000010100010000000000000000000010000000000000000000000010000
45
100000000001000000000000000010001000000100000000000100000000000001000000000000
110
1000000000000000000000010001000000000000000000000000000010001010000000000001
19
100000000000000100100000000000000000000000000000000000100000000000000000000000
42
100000000000000000000010000000010000000000010
45
100001010000000000000100100000101000000110010001000000000001000001000000
59
10000010100000001100000000000000000000000000000000000000000000000000000000
150
10000110100000000000000000000000000000011100000000000000
171
100000000001000000000000000000000000000000010011000000000000100011000000000
162
100000000000000000000010000000000000000000001000000010000000100000000000000
50
1000100000000101000000100000000100000000000000000000001010000100001000
121
1100010000000100000100000000000000000000100000000000010000010000000000000
78
1001000000000000000000100001000000000010000000000000000000000000000000000000010
10
11010000000001000000000000010000000000001001000000000010000000000100000000
74
1000100000000000000010000000000000100000000000000000000110001000000010010000
47
10100000000001000000001001100000100010000000000000100001000001000
131
1001000001000000000010000000000000000000000000100100011000000000010000000
197
100000000000100000000000000010000001000000000000001000000000000000000000010
92
101000000000000000000101000000000000000100000000000001000000001000100000100100
160
10010000000000000000000000000000000100100010000000000001000000000010000000000000
115
10000010000000000000000000010001001000000100000000000000100000000000001000001
85
1001000000010000000000000000000000010000110000101000000000000000
24
1000000000001000100000000000000000000000000000000100001001000000000000000
176
100000110000000000000000000000000000000000000001000001000000
89
10000000000000000000010000000000000000010000000000000000010000010
32
1001010000100100000010000000000000000010001001000000001010000000100000000000
38
10100000000000001000000001000100000010010000000010000000100000000000000000000
155
10100101010000110010000000000000010000100000000100110000000000000000010000000
13
10010000000100000000000000000000110000000000100000000000000000001000001100010
188
1000000000000000000000000010000000001000000000000000000000000000000101000011000
119
100001000000000000000000000000001100000110000000100000000000000000000000000
102
100001001000000010000010000000000010000100001000000
59
100000000000000000000101000000000000000010100000001000000000010000001000
137
10000000010000000001001000000000001000000000010000100000000000010001000
180
10000010000000010000000100000010000000000001010000000010000000000
153
1010000001000100010000001000100000000000000000100000001000000000000000000
53
1010011000000000000100000000000000000000001010000000000000000000000001000001000
149
10000100010100000010000001000000000000000001000000000100000110000000
57
1000100000000010000000100000010000010000000000000100010100000000011000001000
129
10000001000000010010000000010000000000000000001010000001000000001000000000
126
10000001001000000000010000000000001000000010000000010000100
161
10001010000000000000000000001000000000000000000010000000000001010000000000100
75
1100100000011000001000000000000001100010000010000010000000000000000000011010000
20
100010000010000000000000000000000000000000000000100100000000000000000
139
100010000000001000000000000000100000000000000000000010000000000001000000000
4
10000001010001000000000000000100100000000000000000001010010000100000000000
7
10010010000000000000000000000000000000000000000000000000000000000000000100010000
25
11000000000100000000000000000000000000000000000000000010000000010000000000000000
96
1100100010000000000000000000000000000000000000000000010001000000000001
24
1000000000100000001000000000000000000010000100000011000000000000000000000000
136
1000001000000000100001000000000000100000000000001000010000001000000001000001000
12
1100000000000000000000000000001010000100000100000001000000000000000000
154
100001000000000001010001001001100000000000000000000000001000000000100010
17
10000000000001100000000000000100000100000001000000100101000000000000000100000010
10
1000000000000000000000000000000000001000001000000000000000001000000000000001100
14
10010000101000000101000000000100000011000100000010000000000000000
90
101001000000000100010000001010000000000010010000000100011100000010000010
94
1000100000000000000100100100010000000010001000001100100100001000000001000
131
110000100000000000000000000000000000000000
173
10100000000000000001000000000000100000000010000010000000000000000000100000000000
74
1000000000000000000000001000000000000100000001000000000000000000001001000001100
139
100100000000010000001010000010000000000100000000001101000000000001000
192
100001000000000000000000000110000100000000000000000000000000001001000000000001
23
10010000000000000000000010100000110001000000001000000001000000000010000
66
100000000000010000000100000100001000000001000000000001000000000000000000
23
10000000000010000000010000100000000000000000000000010000011000000000000000000000
116
110000000000001100000000000000001000000000000100000000000
45
100000000000000000000000000000000001100000000000000000000000000000000000100000
68
1000000000100000000000000000000000000000000000010000000000000001100000000100000
66
10000000010011000100011000000010000000000010000000000000000000000000000
141
100000100000000001000000000000001000000000000010000001000000000000000100100
175
1000000010000000000000001000000101000011000001000000000001
101
1000010000000000000110010000010000100100000000000001001100100000000
177
10010000011000000000000000000000000000101001000001000000000100000001000000000
47
10000000000000000000000100000100000010000100010000000001000000100010
168
110001010000000000000001000000000101000000000101000000010000000000000000
157
1000000000000000000001000000100000000000000000000000000000000100000000
136
11000000101000011000100000000000000000010001100000000010000000001000
120
100
36
10010100000000000001000000000000000000000000000100000000000000000101000000010001
189
10000000001000000000000001000000000000000000000011000000001000010000000010000000
151
1001000000000000000100000110000000000000000001000000000010010000000000001000
124
10000000000000000000000000100000000100001000000000000000000000001000000
162
100001000000001001000100000100010000000000000000000000000000000000000000100000
128
1100000000000000000010000000000000010000000010000000000001000000000000001
36
10001000000000000000000000000000000
175
110001000000000000000000001000110100100000000000000000000000000000000
151
100000010000100100000000010000000000000001000001000000010010000000100000010
160
100000000001101000000000000000000000000010000001000100000000000001001000001
87
10001000000000000000000000000100110000100100000000100010000000000000100
2
10001000000000000000001000000000011100000000000010000010001000010000000001000
128
10000001100100100001000101000101001000010000000000000000001001
131
110001000000000000000100100010000000000000000100000000000001010001000000000100
9
1000000000000010000001000011000000000000000000000000000010000000100000000001000
120
1000000000001000010000000000000000000000100100000000010001000100000000000000000
65
1000000010000000000001000000001000001001000000011000000
103
10101000000000000001100100010000000100011000000000000000001001100000100000000
91
1000000000010000000000000010000000000000000000011000000000000000000000000000
99
110000000000000100000100010000000000000000100000011000000000100
117
1000000000000000000000000000000000000000000001000010010000000000001000001
87
10000000000000001000100000000000001000000000000000000000000000
188
11010000000010000000000000000000100000100000000000000100010000100100000000001000
123
1000110000000000110000001001000000000000010000010000000000001000000000000000100
58
10000000001000000000010010000000000000010000000000000000000000000000000000000000
60
101000000001000000011000000001100000000011000000010000000000000000000
78
100000000000000000100000000000010000001110000000000000000000000000000000000000
102
10000000000000010010000100000000000000000000000010100001000000100000000000000100
8
100000000000000100000000000100001000100000000000000000001000000000000100
165
10000000000000010010000000000000000000000111000100000000000000000001000000000000
197
1010000000101010000000001010100010000000111000000000
192
100101010001000010000000110100000010000000000001000000000000001100000
45
101000000000100000000000000000000000100000000000010001001000000000000000000
150
100000001000000000000000100000000000000000000000000000000000000000111000100010
177
1000011000100000100000100100000000000000000000010000000000000000000001000
156
10000000001000000000000000000000000010001000000010010000000000000000000000001
47
100000000000000100011001100000000000000110000000000000000001000000000010001
163
10101100010000000000110000000010000000000000101000000000000000100000000000001000
104
100000000000001000000010000000000000001010000000000000000000010100010000000
7
10000000000000000100000010000000000000001000010000000000000000000
187
100000001000100000010000010000000000010110000000001010000000000000000001000
30
100000000000010100000001000000000000010000100000000000001000010000000001000
20
10000000000000000001000000000110001000001100000001100000100000000100
43
1001000000000000000000000000000100000001100001000000000000000000000000000000
135
10000000000000000000000000100000100000000000000000000100000000000000010000000
77
1000000000010000000000000100000000000000000000000101000100000000000001000000
81
1000000000100000000100000000000000000001000000000000001001000000000000000000
37
100000001101000000000000100001000000100000000010000000000
49
10000000000000100000000000000010000100000011000000000000000010000000000010000000
43
100001000000001000000000001000000000000000000000000000000010000
58
100010001010000000000011010001000000000000000000001001000100100000000000000
177
100000000000000000000000000010000000000000000000000000000000000000111000000
181
100000010000100000000000000000100000000000000000100000000000000000000100
110
1000000010000001000000100001000000000000000000001001101000000010000000100000001
90
11001000000000000000100000000011000000100000000001000000000000000000010000
137
1000000000000110000010101010000000000
6
1000000100000000000010000000000000001000000100000001101000000000000000100000
46
100010000000000000000000000000000010001010001100000000000001100000100000000000
58
1000000000000000000000000000000000000000000110000010000000000000100000010100010
136
1000000010001000000000000000000001000010000000100000001010100000100000000000100
72
100000000000000000100100000000000000000100000001000001000100100000000100011000
115
10000000000100010000000000000000001101010000001000000000110000000000000000001000
48
10000000000000001100000011001000000000000000000000010000000100000010000000000
188
1010000000000000010000100001110000110100000000010000000000000000000000010000
142
1000010000010000000100000000001000000000010000100000000000000000010010000100000
77
100000000000000100000000000000000000010000000000000000000100000100
64
1000000000100000100000
169
10100000100000000100001001001000100000000000000010000000010000010010010000001000
90
100011000000000010000001000000000001000000000000000001010000000001000001000
96
110000000011000011000000000001010000010000000
16
10000010110000000000000000000000010000000000000000000000000101000000000000000001
101
1010000000000101001001000001000000001001000101000001000010000000000000000
154
100001000000000000000001100010000000000000000000010000010000000100000000000000
100
10000000011000000000001000000000000010000000000100000000000000
189
1010000000000001111001000100000000001000000100000000000000101000000000000000100
155
1110010000001000100100000001001000000000000000100000000000000000000000000000000
153
100000000100000000001000000000000010000000000000000000000000000
131
10000000100100000000110000000000100000100000000000000000010
6
10000000001001100000000000000000000000001001010000000110000000000001000000100
170
111000000001000000000000000000000000000000000000010000000000000000000000
164
100000000111000000100000000100000000000000000000000000000000000
9
1000011000000001001001000100000001010000101000100000000010000000000101000000
127
10000000000100000000000000011011000000000000000000000000000000000000000
32
100000000010010001010000000001000000000100000000000
78
11000100000001000000001000000100000000000001000000000000000
108
100000000000000010000000000000010000000000000010000000100000000000000110000000
181
100000000000010000100000000010000000000000000100000000000000
102
10010000000000001001000000100100000101000000000000000000000000110100000000011001
172
10000000100000000000000000000000010000000001001000010000000001010000000000
110
100010000000010000010100000000000000000000000100000
133
1100001000010000001000001010000010100000000000000
146
1000000100000000011001011000000000100000000001010000000000000000100000000001001
56
10010000000000000000000000000000000100000100000000000010010001001001
43
100000010011000010011000000110000000000
162
10000000000100000000000000000000000000000000100000000000010100000100000
161
10000000000100110000000000000000000000001000000000000001000010001000000000100000
143
110000001100000010000000000000000000000000000000100010000000000101000000
33
1000000001101010100000011000000000000010000000100000000000000000000000000001000
147
110000001001000000000000000101000000011000000100100001000000000000000000
118
100000000000010000000010001000000000100000000000010000010000000001000
163
10000000000000100100000000000000001000001000010000000000000000
161
1000000000100000000100000000001000100010000100000000000000100001
81
1010000001001010000000100110010100100000010000000000001000000000000000000
23
100000000000100001000100000000000000000000001010000000010000000000000
135
10010000000001010100110000001000000001100000000000100000000000000
175
100000001001000000000001000000000000010000001000001000001000000000000000010000
147
1010000000001000000000100000000000000100000000001000000001000100100000100000000
113
10000000100000010000000000000000000000000000000000001000000000000001000000
190
1100100000000001100000000000000000000100010000000000000000000000100000000000010
75
10000000000000000000000000000000000000000000000000000000000000000000001000000000
88
