80 700
1100100010010100000001000010110010011010001010101011101010010001011000010101
188
11100101010101111001100111000000010000001000010100100100000000010011101100000101
66
10100011010100100101011000100110111010000101001000011101110010010100001100000010
171
11001000001010010001011010101001001010000000010111111100000010100100111000010000
76
101000101001001010101101010000010100011000000011101100000000111101100111101101
149
11010011001001001000000001011100011000101110001001111010011000011110010111110
145
100100010101101010101000001010011000011001000001010011100000100011000011011010
55
101001000000000110000000001100101110100110000100000101011010110001100100100001
185
10000011001101000011011010100100100100010000010110010101010000000100100010000010
44
11100010111010000001110111100011101110000111000010001110100001100100001000100000
73
10010000100000100111000001010111010110101100110001010111101000001111110000010000
183
11010010000110100000011000000100101010010010101001001001010110100001110111110100
77
11000010011110010110011001110101110000000000010000111010000001000011010000000000
154
10000000001111000010010101000100000000000000000101011001000000100001100101000010
124
1100110010000010111010010011000101001110101011111111000100000000000100111010
74
1011101011011100000110001100010101000010000000100010001011010001100010011000100
146
10001111001100100000000010001010010011001110100100111010101100110000001110011000
65
11010000000010111101100000000010100110100010100011000011011100010000001010100000
144
100101011000011110011100010000100001001110101010100010101100100000000100001110
2
1001010001000100100000001010000111010101010100110001011010100110011011010
120
10001100111101100000100010100100001011001010110010010001111110001010010001110111
182
100100100110101010011000010011001111000101010111000000100110100000111001001
69
11001110000001110000000001010110011000001010010000110011001000001000010000100100
73
10110000010011011011110011011100000110010010111100010100110011000001010010011100
49
1110111000010010010110010010010001010000000000100000000000010100000011010000000
105
10111110110000111000010101010000010000000011100010010100111010101100000000011100
17
101100001111111111010100111011011011111010110001001101110000001010101000111
98
10010110000000111001101100010100010010011110110100101010000000000000011101001010
16
1010000110001101001011101011001111111010100100000000000011110001111100110100001
82
100001000100000001111110100100001010100000000100011010100000010110101000100000
96
1111100000010001011010000010000000100011011001001010101010001000101110010010001
100
10000010101110111010101000000110000001010000101101100100000010100001001
45
1010110101010100011100001100010100000010010011010111000000000000000101010101
164
11110000000010000010011110010111100100100101100011100011101100001010001110111100
61
1110110001110000010000011000010010101011011011101000100100001100011011100000111
23
1001001011000000101011000001011101000000001000001001000001000010100000100011001
186
101100101111100000111100000011001100100000011110110001110111100000100000110010
28
100110100010100010100000001100001101010000000011001110010001011100010110000100
185
1010101110010011100111110010000001110010010000010000111101001011100101010001
22
1010001001111110101010100111111100011101110000000010111100010100001111
120
111010011000111100110111100010010000111000000011100001001101010101000110
64
1001011110001000001101100101001001001000101000001010001101000110011001000000
5
100110100001000000000010000010100110000000000110001011000010110111101001101100
65
1110110100001101100010101110001000111000000001100000100010010110001111011110110
114
1000011010000110100100100010000100101010110010000000010111111001100100000000
153
11010011100100000100011000110100110111111110101110100010100000001010000101000010
170
11100110011100100100100011110000101000001001101010010010101001001011000000001
89
10010010101000101011000000101100110000101000000000000011100011011101000011100
122
10000001100010001110010011010110100001011001010010101101000010001000000010100001
149
10000001111001100011011000011101010010001001110010101000001101010100100110010
100
111000100000000100100101011010010000010000000111001000101110101110110000010001
146
10010010011111101010001001111000111101100110011110110001000010111001110010100
46
10000001101011100010100011010010011101011000001010000100011100000100010011000000
166
10001010010010001101010010100110101100000001111010011000110100011010110110101000
25
100001111000011101110010110010101011100000110010100001111000010001111100101000
194
100000110000000000111001001010110001000011011001111000100011100111011010100000
3
1100100111011001111000001101111100001001010010000011001000110011001100011001
11
1101100001101001101000001011000010010001110010000000101101111101101000000001010
199
10001100011110000011010000100011111001010111001000011000000000101000000110000001
79
10011010110000010000011100001001010100110001000100010101000011110000100100010
170
11111001010000011010011010010110000000000000110111110111100000000001000110110011
23
10110100111000111110111000011011001101101000010011110011110000101011000011001
35
10111000111000101111010101011000000000011101111001011001001100001001100110010010
178
10110011001001011000001011010010110000000100010001100000000110000101111100110000
120
10000000000000011011100000111101000000010010001100011011011000010010001000101000
34
100001110100000111010000101101101000010000100101000010000101101010000010000000
90
1000010000000111000010101100000000010110010110110100011010000001001001010101000
34
1101001001000011110100001000110011111010010000100000000010000010111001110010110
61
11100110000000111000110111011011100110000000000110000001001010010001010000000111
47
11100010100100111000100000010011011110110100111101110001001001001100010010001010
95
100001100000001010101110101100010001100011111100000010101011100000011011110110
39
101001100010001000000110110000001010100101011001010100010001011000011100010100
14
11000101001111100000100010100100000100101100100000010111001011100110100000011010
100
11001100001010001000010111011011101011100001011010000000101100010001110000000000
193
11110000110111000000000001100010011010000110000001110101000101100100100001000110
166
10010111010000101010110100001011110110001001101001110110001100000001101010110
52
10000000000011101100000100100111110010000010000000010101110000001010101110000
10
110100011100111100000100101011001001011100010001011101000010110100100001011110
60
1110100111001100000110010001001100100000011011010000000011001011010000011101000
118
111000100101000010101001100000110001100110000101000000101000001111001110100
138
1011101110001111110010001101001000001100011000100001100010110000000000000111
35
11100011110101001001011011111000111101000100011011000011000010001000010010100100
155
10001001000111001110110101000101000100110001000110010101001111110100100000000000
71
101010101000110001000010010100010000000000000010101001001000010110100101110100
27
111010100001100010110000001000101000001100110000101110110000001010001000011
6
100010101010100011010011010001011001101100000101000100110010110000001000101000
84
10010010100100001010110110000000101000101010000100000001111111010101010000011010
68
10110110111011110100010010101011010111010001000110101010001000000110001010100111
4
10000011000101100100001001010111001011101001000011101111000111001010010000100010
200
1110000001000000110001101000011001100001010010000110110001110100000101100110
120
1001000000110000101100110100100110001011001110011011101100000110100000001000111
69
1000001100110101001000010111110110110010101100010101010100000101010010100
186
100001011011010110011000000100110100110011100100011100010101100001010110000101
101
10001101110111000110010111001100000000010000100011010011001000100110000101011001
143
11101100010010000100011000100001100010011010010010000100100010110100101110111001
117
1101000000010111000000100010001011110110011001111111101100001100110000010010100
87
11101001011010100011110100011010000111100010100010000000000110101100000001000
34
10111100000000001001100000110001010000011101010101011001000111011001011001010110
10
1110001100001000101100001111111010001001110001111011001100010110000011000100100
84
10000010010110101011100010001100000000000010011101011001010001001011001011010000
105
10110100010000011011110010000100000101111110110011011000010111101011000010000100
180
1000010101100010101110001111101111110001001001011110110101010001011110010000100
29
11110010101101000100001100100010111100000100000110000000111100000000010000000
142
1110101111111000100100100011001101001011110111000001000000101110011100011111010
52
1100100110000111001000111000110100100010100101100111000000110010001010110010110
160
110011100100000000010010001000101011010110111100100000100011001110011000110110
154
11001000011110101000100100000010010101001100101010011000100000100100010010110
197
111011110011001101101100011000000100010111110101011100000000011001010101101011
188
10101011001000000010000100010010010110100001010111101000110011111110100000010010
139
11001101100111101010011001011101110111010001100001000000000101100101000010001100
149
11001010011001100011101101100110001010000010111011001000101100000100110011100
125
11001110100100100100101001000110101100011000111111101010000000000011100110001
130
101011000001110001000001001101010000000110000000111001000001101101000100111110
108
11001101111011100010110000100110010000000100011010010000110011110001110011101010
155
11000011011000011001111100010011110011101100001100001010111010000000010101100011
55
111110000011110001111101010010010011101000010101010101010000110100000000101001
89
11001100110000100000011010000010001001011000110010100000010000100010101100000
116
110001000010000010110101000111010100010101011010001111001101000001100111010100
90
10010110011010111000000000000100111001010010100010000000011010011000010111111000
58
10010010000001100010001100010101101100110101011100000011000100000010000000001
121
1011110111000010010101011100011010010010001101010110001101001111101110000100010
29
101001000000001010000000000010110010011001101100001000000000011000111001111110
172
10010000000001001110110011011010001110100010010110111000000111001000010010
18
11101001001000100011001001111110100010101110110000110111100010100001011001111010
144
1001100001001111000010101010101101001100011000101000001101111111010101111000100
34
1000101111101011010011001000110000101100010101010110100010100001010001111011010
112
10110101011111101101010111001010101110000100101010010100011111001000001101000
112
111111010110101101111100101001011101111101010100111000000000110010010001101
191
11001000010110000101010010100000100101000111000101101011110100001000011000100
194
10111101100100001101101100101001100000100010010000010000000110111100011011000
155
1010011001101001111000001000000001011100010000011000001110001001001000001000110
13
10000101001010001101000011011010000000111101000010001001000000100101111001
167
10100010010010011010100100011001000001010101000100000001000000001111000101100111
55
110010001111110111100000000111110000111011010001000110000000101000100011111
4
11001001110011011011011100000001010001000000110100100100101010010100100000010101
50
101000101001001111010100110001011001010100001000001001100111000100101101110100
167
1100101000000010100011001111110010011000000100011001111110000000010011000100101
174
1010001000111101100010100000011001111001100001110100100011101011001000000010001
196
10000001100110101100111010110110000100000111001110000010000100000110010111100010
184
101110101011011011100111010001101011100100000010000100100100010111100100100011
10
10011010000101111110100000000101010100110001011001100011010000110000100010110100
178
10000111100100010101001000001001010110001110100000010111100010000001110011011000
183
100000001110110100000010011000000000000110011001001110010110010110011010111011
110
110001010001101010111010100000011010010010001111010010011101100010100011001000
119
101001000000011100010011001111110000100000010110100111011101111001010010110011
10
101010001010011110101110101101000010010100000100100101110100011110001000001010
2
100101000011000100110000101011100010110001000000110101100111000011011010
103
11101111010000011100100101000110110010110100000111011000010110011110010111110
18
110010111111001111000001001110110010010001001010001111000001001001001001011011
89
1001110111011101010001000010100001100001110110011100001110001010110101001000
24
1000011110001011001110011000001010000101010001101101000000100100000001000001101
83
10100100010001010001101001101010100000001100000110100001110111001111111011010
88
1100100001101001000100100001101010010100001101110011110001000101100001011100100
110
11011000110110111101110011111110101111001111001101010000000101100010011010110000
134
10101010101101100000000001010100001111111101000010001000110100100101110011111011
107
1110001000000001001000100010001001010000010110001101010111011101111110000000
60
1000001100000100100000001010010010100001100010010100100000000101100000011011010
36
10110001110101100101111110100100010110000100001010011111011111000001011011110011
132
1100001110100010011011000101001011001100100000010101000000111011010000000000010
165
10111101011010001001110001000000010001001110010001110001011010001010110000
92
11110000000010100010010010011000000010001100010010100010001110000011001111010001
37
10100000110010111011001011000000101100100111110010111100001001100000001101
78
10101100100110100001101010000111000101000001010000000000000001000011000111010000
12
1001011100100100110100110100010100010010100011100001101101001000010011100111
173
110110011011100100010000000010000000010100110010100110100010111010001001101000
96
110011110101100010100010000100100100001000110010010000101011011000110010100010
75
1101100000001011110000000101110011111001110011101001001001111011010101010100
148
10100111011010010001101100000100010110110111110000010000000000010110010000
177
100111000010000000001000111000100010101000100100010001011110111011
17
11100111000101001001100000010100000010001000010110010000101101000001110001110001
168
1011101100001010001100101001100011100011011001010011110111010011000011001000010
161
1001011101100110000001000010001110000001100000001101010110101001110000100011100
58
1111101000100000000000001101011010000010110111011101001011101010010100101110010
115
1100101110010000010000010101010000011000000101000100101000011110010010101011110
199
1110000110000100000001011011110100001010100000101000101000101101000001011110011
129
10001000000010010001101000000000100011110100000001100000000000110100111001010010
179
100111010000001000010011111001010011001110110011011101011010100000001100001001
121
100100101100000000010100100110001001010100000001000101100101010010001001000010
41
11101111011000010001101000100100011000011111000001101010000010001110100011000111
34
10000110100010010010110000000001100110001100000101101100111010000011110001000000
142
111010110010100110101000100100000000001000011010010010111100010010010100
96
1001001000010000000111011011101100100000101011001101000001010011001001000010011
79
101110010011011110101100010100010100110000000000100010000100101011100101000000
38
10001000101000000001000010100111000111001101011000101101111000101000111001000010
131
10000111001111110100010010000100101100010101010010010010010001110000111111100
134
10010010111011110001010101011001011101010000010000001100101000000100100100110111
174
11010100000010011100010100100000100101010000010000000010010101101001010101000101
37
1001011101001011100001110110011100100000111101110111000000001110110110000010001
30
10011110100010000011110000101010011110000111000011000001101100000101100010001011
140
1011100100101100010100000110001101011010100001100110000001010001100000100101100
189
1111100100100000010101011110101110000101100110100000011100001111011100011100000
77
10011010000011001100000010110001000110100001111111110000110001000100101000010010
185
10000000000111110101000011110001001000101000111101100101010010100010101000000011
145
101101101100100010011101000001000010000110011011011101011101010000011100010000
63
10100001100001001110110011101110111000101011000010010000010101011100000110101101
30
11110100110000010001010000001100011001101010001000111101100100001001011011000
189
1100100100110000010000000011101110010111100100011010101000000000010100101010110
9
111100000011010100000001111100100000001001011001000010100001010000100000000101
2
10000000000111100100011110001001110001100001010101000001101010010100001000
60
11111101000011001110001010111011100101000000000001000101100011101000001001100001
14
100001011001010110000100100010101110100110100010010011110010000000000101111
64
11010001110101100001011100001000101111011001000110000100011010101011001100110001
150
1110100101010001110000100101010110011011101000110111110001011010110000010101111
89
11000011000010010001111000100101100111000101000010001101111010000100111000100001
28
111000100000110101010111100010011111001000000101010010110000010100001001000101
122
101111000100010000011100110000100000101110011000010101110000100000101111101
27
1010010001000100100001011001010000100000000010100101000101001100011001100000110
182
11000101000110000000110000010100000100001000100101000001101011101011010001001001
111
10100000010011011001101110100000010000110011001000000111100101011010110101101101
16
11011010010010000101110000010010010100000101110011011100100010001001001010010001
49
10100001110000000000001010100000010100011011000110110100111011001011001000110101
29
11000000000010000010010100000101111000101100000000011100111010101001010000101101
105
10010111000111000100000001010001010101000100100001000011000000000100010000000101
27
10110010000101010111010010010110001000000101000101000101110011101101110110
124
11100111000010001110000000100100010110000001001001000101100001000010000100001001
101
10000101101100101001010101001011000000000110100111100011101000001100011000000010
10
10100000100000110011011110110000000001010010100001011100011000100011001000
149
100010000011010001010001100010000001100100100100000000000110010010000100001000
163
10011100010010000001011000011011011001101100000110011111011000101100100000
110
1011001100000011100001100011010101111000001110110001110000010101111000100000
68
100100110101011010000100111000101001010100110000000111111000000001000001110000
158
100011000001101000111001111000011010101000010111110011000100001000100100010110
5
11100010001011001010001111010000110000000011101011011001000000000100011101011110
135
1001010110110001001110110110100011111100011100100111001011010010101001101000
83
1101100010001001111010001000110001000010101100100101010000010001001111111000000
158
1111000111011110100110011010000010001001101100011010111000001000111000011000
138
10010100101100010000101101000000100100000011100101111001010011011111110000011011
46
11010101000101110111111010100110001111010110010011111111101111000010001101101101
42
1001001010010000100001101001101000101000001100110011100010110000000000101010
59
11101000101111000100000011100101100110000111000010000000000011010101010000100
159
10110001011000000101010000000001000001101001010010001100010111010000001101000
118
10110000001100011100010010100011000000010000111101011001010111111001001001101
185
1000011101110000010100100101000101001110110100110001000101100101011000000010001
17
111110110011100011101001110000011111110000100001101101000111000001010111100
64
11110000111111010111111010000111000001111111100001100011010101001100010001001011
98
1010100000000100010000111011000010001110000111110001011100110000100101101000100
178
11001001000100000110001000010011000110010001000001101100001000000100100010010000
3
11000110010000000000100000001101011000000110011010011000000000011000011101011111
51
10011011000100011100100100101001110011001000000101111010101100010111010001100
165
1110101100111000000000101000000110010000101111000000000000000101101000001010110
126
110000100110001101000110001100101101000001100000010001100001100011001001000000
103
111000100001110100000000011000110001000100011010010000110010110100110110001000
39
10100011100100010111110011110001100011000101110100011111110000111001110100110011
38
10000010000001101001111000110110010111100010011000000100111010101000001110000000
107
10111100000101011100001001011000001110110100001001011110001001000001001010101010
65
1101100101100101101000110011100000000000010000001001111001010000110001000
187
100111010111110001011010101010101000110101010000111011011000011110000001000100
31
10100000110111101000101110001101000100010000110011011011000100000000000100000101
41
1001100100010100010000000010010010101011011000001001100001011110101111100100010
179
100000001001000101001010001000001111111001110010100110001001010101000100111001
33
11100101000000000111001100000101101101010100010000000010101011001100001001100
97
1000000000101100110100010100100110100000100001010000000000011111110101111010000
162
10100000010101000000011101010010001010001011010010000101000100100000010000001011
12
1010001000100010010111000000111011001000100100000111010010001101100000010010100
174
11100101011100010100011000000100000000000010000100111010010101001000101111011
32
101001011111100011010100001110001101100101011000101010001000000011010011110110
195
10100100010010001110000010011110011011000010001001000110110100010111010100010001
121
1111101000110100100011000101011000000000111011100001010001101100011011001111100
142
101111001100000100001000100011101000000010100010100010000010100011101011111101
158
11011000000001001110000001011000001111100110100100000000110100010001110101111111
166
101110000001101000011010100000010101110101000110101100110011101110100100100110
165
10000100100000001000101100111000001011111000010100000110010000110010100011010001
150
11000010010010000010001010100100100000000010111010000000010001000101111111100011
15
1100100001100100010000000100011000101011000110011111000010110100101000010001001
16
10111010000101101001000000010010000001000000000010000110110001011000000011001000
5
10100011100000011000010101010001000000001101100100001100000000100110001010001011
36
11001101101111100100101100100000000100000000100100101011011000001000111010001010
76
10100000010000010101110001100001010101010100010000101000101110000000100010100100
177
1101011011000100000000101101111000000001101011000000000011000100010001111010101
114
10000110000000010011100010001000110111000001010000100110001101100111101000000100
154
1011100001000101011001101111110110001000101010010001110010010000000010110010000
192
1000000110000010010011100100110011001000100000001010001001011001000001010100110
144
1001010001100010101100000110010010110000000000010011000011000010000001000
76
10101000011100000011000001011100010011000001100100010100000011011000100001000001
36
11000001110110010011101101000001110110101010000000110001010100100100101001101111
84
1001001101011110001101000110010010101001000010101000100110100001010100000000111
171
10010100111001001010111010010011101111101110111111110010001101101010010101000101
115
10001011001111011000111110101100001010011111010000001100001100001001011000110011
115
101000100000000110001010111010101101000000100000000010100000000100000011101011
87
1001100110001001100010010010110001001001101000010001000000000010000001001111
180
1111000000100100000000100001011110101000100111100001010010011011110011101011101
149
101100000100100010101011011010010100000010101110101011111001001101100011000000
140
1100000101101111010000001100011001100010000000011100111001100000000011101001110
43
110001000000011000011100000000011001110000000101000100101000101100001100000011
159
100001111100110001010100000000111000101010001011100000010010110101110000011001
65
10010100000000101100000000010111110010100101010010000001111000000010111100100101
192
11000000000011110000100010011010100001001011000011101111011111000011111101000000
24
10100111100010100001000110010101100000001011011000001110100011101000101101000001
72
1000100010000110010110010000110100010010111000100010001010000000011010000101000
149
100010100100000010010110010100010100011101000101011000010000101010000111110101
139
11000110010110001000011000101101011011110111100100001011010100110001011011010100
103
1100101001011101001111000100001110000110000110101101110110111100000101110100000
20
11100011011000011011001110100001000110000111000001100100001111000101000110001000
61
11100001001011011101011010110001010011100100000010100000100011101000100100100111
175
10001000100010000100100000110001001111100001100000001010101111010010100110010010
34
1000100001100000000001100110011000001011000000011001110000000000010000000011
37
11001000110100010100101110101001010101101001101101000001100010110101100100111000
88
10101011111001101011010111010111001001000011010000000111001101010001000010111101
88
110111100100000000100011010000100101000000011011001111000100001100100001010000
41
101000011100110101010000000111000111101110110011000111000010010000001001
146
1101000001011001000001011010000000010010100010010010000000001010000111111001001
102
10100100001010001001001000000100100011000101101010100100010000000100000111100000
18
10101001000100100100110101110000100001101010001011011001110000000111111011100010
151
1110100101010111110000000000110101010010110010010000101000110001000110000100010
139
101000011011001100010101000010000010010010110111111010100100010110100001000100
194
1111011001111011000111000001111011110010000000100010001000111100100011000100
28
111110010001001101100100111000110100011011010010101010000001110010010001011010
96
11101010111010100111000001001001010011000100100000101011111000111110101010100000
139
10011100000001001000110111010010000110001101010001110101001010010101111001100101
34
111011101011001010111000010001000001000000110010000100011001100000101000010
156
1111000001000011010000000000001001000110000101000101001010000110001000110101011
103
10001001010110110000100000100010101010000011000100101000100000011000001000001010
165
1011110000101000101111001110000000000010000001001000011000100011100001100100000
40
1010001110111000110000111111011100010111100000011001000101001010010000111111011
170
100010100010101000000011001000000001110001000100111011001001010110010010011100
101
1001110101011110110111110011101011101000100111000100011100000111100110000010011
23
10101000001100000001010100100000010000000011000000000000000100000110111100110010
180
10101001100100110010100110111010101001010101010010000111000000000101000001011
15
10011110100111001100111011101100001100111101010011001001110001011010100010000001
99
11100110001100011101001001010111000011011000010100101001010100011001111110100011
127
101000110010101000011100000101001101111100001100111101000000011101010101100
43
11001001000011010110011000110011101000000000000110010100000100010001000001000000
46
11100000001110010000001010111100101001000100111000110010000100000000000001101010
67
1000101000001110111100101110010010000001101100111001100011000001101111001110101
133
10111001000001001010000010111010110000000110001001100000100000011010101010001111
106
10001100101011110000000100000011100100100000011100000000101010000001000111000
140
1111010010000011000100010001100010011010101110010010110100000000000111011101001
199
10010000000000000101000000100101100011111010011011100000100010000010000101010110
114
11011000100000100001001101100111110100000011001000111111010100110010001001000011
177
11111001001101111100101110000011110001010000000101101101100010000011010101011000
90
111000010100101100011101011110111101011001001000110010101010100100001101010
131
11100110011000010001000000101010000110010100000000110000110100000111100011000001
154
11011000010011001000100000101010011001111001000100011000000000111000011010001001
165
100010100100100110011001100001111010100000100001001100100101000101001011011100
9
110000001001000110000100000001000100010011100010001001000010000000101110101100
180
101001100000100000110000100100110011101100011011001110010010100101101010
38
10100000000001001100000110001000010000010001010000110110011101110010110000010011
114
10111001100011000010100100100001100000001111100000110101000101011010000001000000
166
1010000000000010000010111110100011111000100111000100001001000000000000011110
162
10100100010010001001001001110010010110011100110101111101001000000100110001100000
42
101011111111010111001010010110010100101101101001001110100101111101001111100000
174
10110001001010010011101110011001100000110001011100011000000100001000100000000010
82
101000010100100000000101101001101100001000111011010110110110000010011111110000
74
10100100001011001000010101011100110011101010101100001110000001100101001000110
44
11010001010001000100100110001001000011110000010010000100100000100000010110010010
13
101101110000111001001110000001010101101000100000111101101011100001101000101
61
10000100110110011000011111101101010010000100100111001000111100110100101100010000
25
100101100001010010011101100011001100010001011110011010100001001000011001100001
171
1010100001100011110000100001000011101100001101000001100000000100000101001011001
176
1000100000010000101010100100111000010000101000000000000110111001100110010100101
143
11000110001000000010010111010000100000000111110011111000001111010100000010000100
12
10011101010101000001011111010111000000111010000111101101011100000111100001001110
97
10101011100001100011100011101110100000111010011100111110000101100001000000010
63
10110100010110111100101110010100000110110000000000000010001000001001010101011100
45
100000101010100100000100100000001000010101001100110000110100011101001100
191
10010100000100010011010010010000010111001010001000011000101000000100001000000010
165
11111000111010100001100101010100100100010111001000110110000011001011101001101110
44
10101000100011010001110010001011011001001001000000000001000000010000000011
54
10000011000011000110011110111101010001000111000000100010100010011111110110000000
76
10110100001000000100110001000000010100000110010101010001100000000011001001111101
200
1100001010011000001110110001110011010010100001000000100110000000111010101100011
89
100011001100000011000100011000110000011110000010011101000101000000010000101011
82
11100100000011111101111010000000000110100000100101100000100000010000010100100000
75
11010010000101000000100100110000001000000110000011010100100011011100010111000111
112
1011000010001011000100000001000011000100101010100000100000010100001001100000010
106
11100010011111000010000110000001000000001100010000000001110100110010111101101001
81
10000111100111011000001011010010001101000000011011011011010100001110010011101001
98
1001100000010000010101101101010100010100011010111100001110101100111100000000
82
11001100000000011011111001010011010000010110000011000000101001001000010011111011
50
100100100000011011110110000100001010111101000010100111100101010101100001000110
24
10110001000101110010001010001100001111110010010001110101110100000000100010000010
186
1010111100100001101000111000100100101010011100100110010111000010111110010001000
3
1010111000110000100000110000100110010111010011101010100110010000010001000011111
112
1010001101111011101110010001000100010001011110010111010110000101011011000011001
170
11000111010011001010001000011000100110000100100000101011010000010000000010100
35
110111010100101101010101110000010011010000011000010101010110110000111000010111
125
101001110100111011110010001110101101100010110000111110001000101101110000100001
13
11110001110010000010000001010101011011111010000000010100100000101100000001010011
197
110011011011010110011111100101010000101001000000001111001100100111000100
11
110101100100110000000101000100010101011010000000000111011110010101111010001000
172
1001000100101100000010101100010001000101010010111001100101011111110010110111001
22
1111010000000111000101010100011010110100000110100000110100000110101010001100101
192
10100101111010111000000000101011011001001000000000010101101011000000101000010001
171
1000000000111011000000011100100100001000010010000000010100010101001000000000
68
10011010101010011000110011100011000001001110100101100000010110000001000110001000
50
10000110100100010101100010010011000100010001110101111010000001011011000100100000
75
1111101000000110100111001101010010100001000011110101011001100111000010000001000
169
1011011010111110110010001011000011111001011100000111000001010010000011110110100
71
1010101000010010000100000010010011100111101000101111100011000001100100010001100
90
1111101111101001000100001000101001110011001100000000100100010000101100010100
95
111110001001110111000101010100001011001100110011000010010100111001100111011001
16
1100010000101100000011000010001101110000000100010011100100011001100011000
80
1000010000100010111111010000000001010010000001010011001100100010010001011001101
39
10100110000110000001010000000011011110101011001101011011111011010011011100101010
29
11100000110101010010111101010001000000011001000011100110101110100100011100
40
10101011110011100010000110000000100001001010000110110001110000100000111001001000
163
10001100100000010001001010010000011001101100100111001000010001000010000001011
77
100100000000001001111000001001010110110001001010111011100100110001000000001111
188
10110010010010100100000001000010010100000000111100001101000010000010000001001000
146
1010010010010001101100000001110011010010110001110111000000010010100000101100111
170
10010010001111001001010101011111000001011100100011110010010000010100000111001110
10
10111101000010001111010000001001011100100101101010110001011111100100000010000010
177
110011011000000100110011010101001100000000001001000111000001011010000110001000
132
10010111110110111101010000110010010110000101010110010101100000111110000100100
113
101011111010100000000000110100000000110110000010011000010010000000001010001001
107
101001011010010110111011101111100000011000001010001001110001100001001110001010
19
10011001100000000000100001001101100001111001001011101000000001011100001100001110
64
10000000100101111011101000001010100110010011010001100010011000000000010100
66
1000101110001110001011101110000001100001010010110110100000000011111101000101100
63
10001001011000100100110110101010011010011100001011011100101000010000000110011110
137
10101100010000110000010011100000010000011001011001000000101011000110000101
122
100001110001000000010000100101100000011100010011100011110100001110010000101000
191
10100000011010000000010010110011100000100010100111010110110000000000000011011001
45
1101000000001011011100010001010001001000101001110100100001010000011000110010001
110
1110110111011100000001011111000000010010000100110011111011001010000100001001
19
101011000100110100111010101011100011101000000101001100100000000100001000001001
42
10000010001010100011100110000100011010000010110000110000001011010000000010
45
111100111001110000010010010100100100111010100111110011000000011001001001000000
59
1100010011010100000101110000010000011100011001110000010011010100001100001010000
150
11110110000100110011111011001110110000000101100100101000001000011110011101111110
171
111000000001010100100110000001001011000011010011001001000001100011010001010
162
100111000100100011000110110011000001000011000111011000111001101110110000001010
50
101001001000101011001101101010111000110100111000010110100000001110000110111001
121
10000001101011000001101000100001110001000001000100011110001011100011000100001010
78
1001000000000100000110100001000100100110001000111101001000100010000001000011010
10
10000011110100101001000100000011110100001000001001011100000010100000011111101100
74
101100111000111010000111010000000001110000000000010101010110101110101111011100
47
10010000001110100100000001100000111001111110100011011010001100110011000001101
131
1000001001000101000001100011110010110010001000100000100101111111000011110101100
197
1100110010010100001000101110010101001110010000000101111101000010000011011011
92
101101000010000010000101000010001011000100100001000111010010111100100110100101
160
11010001000011001010000100100010110110100010000000100001001000000110000100001011
115
10011110110110000000010000110101101110000110001001010000110000100110011110011
85
1011110011001101000010011000101000000010000011001110101101010100010011110
24
100001010011110001011101000100000000001001001010100000100011011001011010000100
176
10110101001110100110011110010100000000110000011110100010010101101000001010001
89
1001011001010000001000111001101110000010000010101010010000110101010110000110
32
1101010100100110001010101001001001001110101101000001001111000001100100000100
38
10110100101110000001011100101001101110110010010010110010100110001000011100010000
155
1110111101110110110011111000100000110010100100100100110001101101000110011000001
13
1010010001001110101000000000000000110100011010100100100000111100011100011110011
188
1001100010011000010001001010010010011100001011011100000110100001000111000111100
119
10111100111101000100001010011010000011110010111010010111001000001000000010100001
102
100100110000111101001000100001111011101010000110101010001011110100001000001
59
100000100100100011000100000111010000000000011011100111101001000001011010011101
137
1000000110001001010011100001011011011011001100011001010011100110110101110101100
180
1100000011000111000010110010010000000110010111100010000101110111100010101010111
153
1000001010010001000101010010011010111110100000011100100110001000010000000001000
53
1111111000000011000101110000000111001111001110100110001111100000000001000011000
149
1010011000110011101110100101010000101000010100101111111010001000100000110011001
57
11001101100110011010100000101010010110010000100111000101011111011101011000011100
129
1000110111111100111010110000110110101100001000000011111100001000000111010100011
126
1000100000100011110011000101111110100000011100000011101000001010001010010000110
161
11010111110010100000010000100111001000001001000000111001100010011010101000000101
75
11100110010011011001000000000000001100111101010000110110100001100000010111010110
20
10001100101110010000010101000001001010011000000100100010111101101110001001110010
139
100010010000001101010010100110100101011111100001000011010010111001011100000
4
11001110000101010101001000011000001100100100011001000111001111111000101010000110
7
10110010011010110111001010000101011000101100001010001010100001001111000101010101
25
11000010001100010000010111000001010100000010001100110010101010010010100010001110
96
101011101101111010000010000001010001011001001111100110000011110101100001011001
24
10101101000001100001001001010101100001110010000100101011000011001001101010110000
136
11101111001010100110001000000011010101100011001011100010000001100000101110001000
12
110000101101110000100000111010001001101010000111001110100101010000000100000100
154
10010000110011000000000011110001001011100011001000100010010001001000000000101010
17
11000000111101101110110100111101001100101001000100101101000110101000010100000011
10
1001010000010101101110000000000100101000001000000000000000001001000000110101100
14
10100011011010011010001101110000111100001111100111011011101001110101001000110000
90
1000101001000101110100110100011010100111000010011010101110011100101011110110
94
1001101100100110111001011110110101010100000011001111001110100110001000001101000
131
1111000100110000000110001010000010111111001101110001101100000100101100000010011
173
11100100001110000001110000000001101000100110000010010010000000100011101100001110
74
1000000000100100001000011100111000101100000101011001110101011101011101001001100
139
100001101110000000010100001010000110100100000111001000001101100001000101000
192
1101001100100110101011001001110000111101100100101010100010010111101000011000101
23
11100000111111000000000010000000111100011110101100011001111010001110100000010000
66
10101000100010100100010010000100110111011000010001100000000011100100100100000100
23
11010001010110100011010000111000000110010101010000011011011000000000110101111001
116
10101101001011110111000100001101101000010000000011000000001011110000101010
45
10100001110011100000100000100110000011110010010001100100000000000000100000101010
68
11010000101100100100110110010010000000011001000110101111011000001110101000110101
66
1100010011000100011111100101111001101010000000010110000100100001000001001000011
141
110100101100010101000011010100111100001000110111001001000010100000100100110
175
10011001110000001000011110101010000010111000011101100111000011001111111111010101
101
10000010011001000111000000101010111111010011100110101001110100001101100110010000
177
1110011101011001001010000000101000011100101011000011100000110100010001100010010
47
1010100000010100000000110100001100010111000101110000001001001000100110
168
11010010111001010001100100000101010000000101111100001101000001011110000000100001
157
10111010001000001000000101100101110001100001001110100010111001011101000101100010
136
10001110001111000010101000011110100100000100100101011101110000100010000000011000
120
11010110000100010010100001111001101010110011000001101001100000001001010110
36
10011100011000001001000000000010010000011110001100001000001000000111000100011011
189
10000110111010110000110011000000000011001000110011010101001101010000001011110000
151
1101001100100010101100110000111000000100010110011000001000111010000000001011101
124
1000101110100000000001010100010100100010100100001000111000001010111100101000000
162
1101101000000111001101111000100010111100010100000010011001011110110000001111101
128
110111111110000000000101010011000100000110111000010101101110101000100001000101
36
1011001011000100001111001000000000100000110011111110110010101111000100101010001
175
11011000000110111100011000100001100101000110100111001110001100100011101100101101
151
1110100010011011100100000000010010100001001001001101000101011110101010100000011
160
1010101110000101111110010010011011011000001110000111010100110001100001011110011
87
11111101011111110000001011000001000010110111011100100100000100010011110000100110
2
10001010000110001000111100000010011100000010000010000010001001011011101101010
128
110000110001000110110001110110101001010111000101001100011110000010000010001001
131
1110001000100010100001100110010001010001110011100000001001111010001001001000100
9
11001010011000110010011000111010111011100010111001100001010011100111110000101010
120
1110001000011001010000000010100100000000100101000001010101011101100100100000010
65
1001110100100001101100001111100000000101110100001100101101001001011101001
103
10010101000100000100111100101011001101101011001101000000000001001101001110001000
91
10011010010010011000100001001111010110000000101101011000000101100000001101101110
99
10000000101100111000000011110110110110110001000001011000100100011000100100110
117
1110001000010001011001111000001000001100000010000011100010011110000001001000001
87
100000010101010011001101101010011000100101001001001101001000100000001000000001
188
11010010101010111000001000110100110001110000100001000110010001101101000000111011
123
11101110000000000111000001001100100000110111110010011101011011000100111000001100
58
10101010011101010100010011011010011100111110000000010001000001110000111110000000
60
11000010101001100001100000111110101001101010000111011101010000000001000000011
78
1110000101110010001110000100000011000101110010101000100000001010010000010000100
102
10010000001010010011010110000001000110001001111110100011001101100001100100001100
8
111100100110000000011110000000000101001000110010111000111010011110000001000110
165
11001101000011110110000100000111000010100111110100110011000000011001000001000000
197
1000010000000000000000101001111101010111010001101011011110111000110111001000101
192
10000010100100101110001000111000100110100010010000101011001010011001100101100001
45
1010101001000000110100001000100000000100100000100111010001101100100100000010100
150
11110011001100110010101000110110001000100000110010000010001001000100111001101010
177
10010011101011110110010110011110111000000100000000000111000001011011010010001110
156
11000001011000110101101100000001100011011001001010110001001000101010001100001
47
110100000101010010110011001100111100000111111001110000001110001000100111011101
163
10101100111001010000110100101010110100000000101100000000101011101100010011011000
104
1100000010101101001101110100001010001011110100001100110101000010101011001010
7
10000000100001111010101111010010110110010001100111101101000010001000000011010101
187
10111110101101110100110010011110001100000110111010010001010000100011011000101100
30
1110011010000010101010001100100001001010100100001010001011010110010111011100
20
1100001000010110000011000011001010011110110111000001100110101100001100100100100
43
1011001001010000001100000110100000100000011110101000100101100000111011000000111
135
10010010000001100001001000011111000101100000000011000110101000010000010010101010
77
11000010000011010011011010101000101010001000100010101111100011110000001100001
81
1011010101000111000011110000001011001100001000011010000001101000101100011011010
37
1000100110100000010110011101101100000001101101001000010100010000110011000110
49
11011111000010100000001101001110011100000011000000010111100011100001000010000100
43
1001100000010100100001100000001000010000011110001000100010000000000100000111000
58
1110010001011011000000011010101010110000001100000101001001111101110000000001
177
100110001100000000110010101001010010000001000001111101000000000100000111100010
181
10011101010011010100101001001000011100011011100101100100100011110000000110100
110
11000110110100001001100100011000010000010010001101001111011010010011100110001001
90
11000011001001100000100000110010010111100010100001000001000001001100100110010000
137
1010011000000110001010010010101001100101101000010001100110100110101010001000100
6
1101001000101001000110111001110010011111010111100010001101000001001000100100000
46
100110000001011100000100101011100110001010001100000000111011100001110000011101
58
11000100100101001010001001000000110001010000110101011010001101101100000010100110
136
11100100010101000000000010000000001111011100110101110001010101000101000101011100
72
10100010010111000011100111100001000100100100110111011001000100111111000100011000
115
10101110001110110000000000000011111111010000101001001001110010001010000000111000
48
11000111101010001111101011101010010011000100100110011101100110100010110011010
188
1110101101101000010000111011110000111110000001010000100010100100100000011000
142
1000010100110010001100110100001000011010111000111000011001000000110010001100110
77
10001001100100110101001000001100000000000110101000010000001001100111000100101100
64
100101100101000100010100001000101100101010110100010000001000000000101101100001
169
11100000110010011100111011001000101101001000101010011000010010010010111100001010
90
10110101111000000010111000001000100001001000111100011001101011100100111100001001
96
1110111010100001011100010000100001110000010111001011001110010011010010110100000
16
10010110111000000001000001100001010101100000000100100100110111010010010010010011
101
1010000101000111011101110111011000001001001111000111100110101110000111000
154
100001010011100100010001100011101010110100000000011000110000001100010100110001
100
10100000000000110010000100111100001001001101001110110010110100000110000000000000
189
1110001000010001111001000101000000011100001101000010010000111000101111001100101
155
1111110000001111110100000001101001000000100001111000000000001001000110001010010
153
1000000010101000100101000101101000011000010010100101100000000000100000000
131
1010000110101010010011001100110000010110100011010111001110110010001110000011
6
10000100011111101100001010001000110000101001111011001111100010100111000110100
170
10000110111000000101101000010001111010000010001001000100110000101000000001000000
164
10111100100101000110100000111001111100110010111010011010010010101000011000000010
9
10101100011101100101101101101100101101010011111010110001010010100001110111110101
127
10000100010000010001110100001011001011011001111000111001100110001001010101011000
32
1000001000100100010100110000110000000010010011010000001011010110000101100100001
78
10000101000010000000011101100111011100000011000000101000001010011001011110001000
108
11100001100100001110100100011001010100111001001111000101110100101011100110011010
181
11011100110100000100001110100101000001111001010000000100100001000010100
102
10110001000000101001110000101100010101000000000001100010010110110101000000011111
172
110110100000100010110110010001010000010001001001101000010001000101110110011000
110
1010000010010100000111001110110010010000011000010110100000000111100011000100010
133
1111011000000011011000101101101111001111010000011000001110100111111110100001000
146
11001010100000000111101011000100010100111100101110110010100011100100001000011001
56
10100010010010011010000101100010000001000010010101010100010100000110110001111011
43
11101110110100000000100111110100110110111000010011011010011010110111010100000
162
11110100010001100100100001001100100001000100100101100110011010001010100010101000
161
10010000000100110110000100000011100001101101010001100101000110101011000110111111
143
10001010110000001110100110000100000000101101100011000000100010110110001111011000
33
1110000111101010101001011110111000100010000100101010001001011111100110000011110
147
11001100110010101111001001100100000101010011111000110110110001000001100010001000
118
101000101110010001010110001001011001000000101100001100100010001011101000001001
163
11101100000100010000000000010111110000101000110011101011010011010000000100010
161
1100101001100001110010001110100000101000100001001100110111111000110000010111001
81
10101011010100011001110000010100111010111110000010100000000101100100000100110101
23
11001101101101001000001100001000110110100110000001010001010101110110100101010010
135
10101101101000010111000010001110101110010001101000001111110111001111010011010000
175
1100001001001101010100011011010100101011010001001101001001100101000000010010110
147
1010100000001001010011100100000001010110000011001001000001010100100111101010110
113
110011000110010111000010001001111001100100110111010001000010000101001000001
190
11101100100101001100111110000001011111110010000010100100001010001100000001000011
75
11101111100101000010100100000000100001001000011100011000100010000001011000000100
88
11000101111000000100111101110101000000111001110001101000100111010110111000101011
69
11011000001100100100000001110000101111001011000110011000000110010011101100000110
41
10110000111011010001100111101000100001110010000011000100010000110100001010010000
45
1000000100001000001000001110110110110010011110011000010101101100110001100001011
27
11001001101010100100000000101000100010010001011000100101001100001001100010110101
22
101100011000010011001111000000101011111111100011100010100111000100011000011010
178
1101111001110001000110010100101000010110011011110010011100001001100100000000000
26
1001101101000110001000000101001000111111011010100001101001010100000111111100110
1
11011110000110000101010001001100101000111111000110011110010101000001110001010011
46
1101010101001110100001010100000110011100100011001100010111101010001110001101001
44
1100000001000000001000100000100000110011000010010100110100001000110111011011101
73
110001010000110010101010110000011100001100011010111000010001010101110000001000
9
11101011001111110100000110010000100001011101000000110001111010000111101101111001
79
11100001110000111000010010011001001000011010011000001111100001011100001000111010
45
1101100001100011011001011000001001101010001001101100011000010011010001010000101
121
100110001101100000010100110001101000010110110001000001100011100000011001011110
21
1100010110101000100000110000000100010000110110001100110000001010010101000001011
52
100001010000000011100010100001100110000100101011100001111001000000000010001
4
100000000100000010100100010101110110001111110110100000100010100110000000011
80
100001100010010011100001100100111100001110111000100000101000000011100001010001
124
110001101011100110010010000010100101010000100100010001011110010111110001011000
135
1000111000011000010100011010101001001101100111000000000100000101000110100000000
7
1110101101010000100100011011001001111000111000100010010000000101101100001110101
2
100010100110000010000011000110001110101101000101110000000100110100001110100010
158
11100010000000010100100101101101000010110000011001001000000000000000100100
78
10010000001010001001101111011010001110000110110110000011010111100100010111000111
167
1001001001100010000010101001010000110010010100000101010011101111000010100011010
100
11010001000101010000001001000001100110111001011011111110001001100000011000100001
107
101001010001101101001001000001011101101001000010111100000011001000000010000100
199
1001000001011001000111011000001110010100000000100010001100110010000000001001110
170
11000001000001100100000110001101100101100000000000000100100001001010110000010001
147
1100100101101101110100000011011001100100111100010101100100000000000000101001110
180
111101010011000001110100010110010000101001110000001111101111011011110000010
69
10100100000110011000001100110101001100100001000110011011000100100011100000011001
37
1100000000110111011000000011001111101000001011010100000101110010001001100010011
63
11010101100011010001011011101010010011000011100111011010000110000111100100000011
53
10110110111000001000000100111001010010010100010110011011000010000011000100001
151
1000001010111000000011111001011101101111100000100110000011010100110101110101100
77
1010000011001000000100000000000111111101010110001100001101101100110000000111010
49
11010000101110101110011111111011000000000111100000011110001000101111000101
87
110010001000100000011000000010001000100001000100000001101000110001100001000000
8
1000001000111101110111000001000001000111101110010111000110100001010000001010
14
1000000010101011110011100101110001110100000000110110001111101100001110110001101
87
110001101000001101100110000000010000101000000001011011000111010000011100000010
148
100010111011001110110110001100000001100000000111111100000000001010010111101100
171
100111001010011100001000110110001000010111000010110000000000000100101110111001
199
101000111000011111111100011010000100101001111000010010101000111001000001110110
198
1100001010100100011101011101101100001001111011010010110110000100101101100001000
154
1010100011011011110000001011100001110001000011101101101000111010100000001101001
77
10110100101000010000100100011100001110100111100110000001000100000110011001000010
29
1101010010000000101001111010010111110001100001100010000110010000110010111001000
190
10010000010000000001101011100101101110000000000000000100010000101100000100000101
106
100010100010100010100011010001001111001111000100010000110001000001100001110111
63
1010100101000100101010000101000100110101011100100000100100001111000001010100001
41
10000101101101000000001001011001100110010100100110111011000101100001000000000000
74
10000100010100010000111000010100011110001000110101011110110000011000001111000011
83
1000101000000001101000101000011100010111110010100011111011001011111001010010010
14
11010000010010110000110010111011010001101000101001000110010000000000001000100101
36
1001100000001000010011101101110001001010000100001001000110011000010000001000000
100
10000010000100001000011110001011001101111010011010010011000000101011100010011
199
10000000111010100100110100100101011011100000000101100100111111110001010000000010
45
10110010000001000010111001100000000100000010011001000011000100100000011001001101
24
1010001000100100000000000010010000010111000011101000100110010101000100111000100
170
1001100011100010110110101100011001001010100011110100011000010011010110100110
6
1000000000100110000001100101100000011000100110010110011000100001111011110111
4
1000100011001000001001010010011101011010111100000000001011100010110010010011010
99
1000111010000011001010101010110010000001000001111010000100111010100000111000
144
11010100100000001000100000110010110000000100101101010010001011000100001010000011
190
101101000001100001111110000111100100111001000000001010011001101010011010110101
84
11100000011010101110010000111011001010001000001000001100101100000110110011101010
64
1010100001100011101010110111110000111010010000010000001100000001100001000100110
183
11000000001001100001011000000100100100000010100000001110100100000101101110100
160
11100000001000000000110010010110000011000000100010000010010111010001000000110
103
11100110000001110001011100010001010100010000000010100100001111011101001000100100
5
10000001100010110110010101100010011100000000000010010111000100010001001001101000
154
10001110100001010011001100000010101110000011010000011100000100001010100110000110
35
110011100010011101000010101100000001100000011001000000101010010110010010001011
76
1010000100101010000010110011011010100000001000000010101101001100001110001100100
81
11000010001011001010100110000110001100000001010011010111001000000101010010101010
150
1101000001101000011000100100110000101001011110001100101011111101100001100100001
54
10010100011101101001001000011101101010100001111011011011001101011110000000101000
55
11001010001101000101101000000010000100000011101001001101101000001010001110110100
97
1110011101000000100100001000000010100100100000100100101111100100000000000111100
199
10011110000111010110011000010110001010001000111011100010001010010000111100001100
85
11011000110000100010101000010010110010101010111111100000010001001100000010111010
148
1000000000111010010100111011110100011100000110010011010011000110101101110101010
101
11000000110011010001001110111000111001001001100100101001010011000000000101110000
77
110101110100010110111001100011100100101010001111000010110100100100100100000111
199
100011000011001100010010011010010000011010000010010001100100011101001001101010
110
10001010000000000001101011001100100001101001010100011000110111000000011010000
160
101000110011111100000000100001010010010001110101100010000100001011010110111010
50
11010000000000001110100101100001000110111100000000011110000000000001101011001
39
110111110000100010111100000001100100100010100001001110111000010000100100110001
87
10000111110110001100100010110010001000110010001000001110011000000100011000111100
90
11000010000100000100010000000111001001000101010101001011001000000110011101101100
41
111011000000010110100011100101001010100110000000100000000000001110010011001
48
110000011000001000000110000100001111010000011111100111100111001010001000010010
117
11011101001010100101000100001000000010011001000011000101100001100110000101110111
192
11101010000100010011000101101100011100011000001100100110001000000100010001010100
165
