80 700
11101101110111111101010111010111110111111110111011111011111011110111111111111101
188
11111101111111111101100111011000011111101001111100101100111010110011101110001111
66
11101011111100110101011101111111111111101101101010111111111010111111111111111110
171
11111001111010011001111111111001101111111001110111111101010111111101111110111011
76
111101111111101111111111011110011110111111110111111111101011111111110111111101
149
11111010111011111111101010111111101111001101111001111111011011111111110111111110
145
10111111111101111110101011111011111100011011101111011011110011111111101011111011
55
1101111101101111111010110101110101111110111110111011101111110110101101111110011
185
10011011111101101111011111110101101111111011110111111111110011101101100111100110
44
11111111111011110011110111111111111111111111011010101111111101101110111101101101
73
11010101100011100111111111111111111110101111111101011111111101111111110111111001
183
11011111011111100000111101011100111111111111111111101111110111110101111111111101
77
11111011011110011111011011110111110010111111011010111011111111011111010011111110
154
11111111111111111110111101010111100100101000101101111111100001110101111111011111
124
1101101111011101111111111111011110101011111111111111111111111111101110111111111
74
1011101011111111101110101101010111101111111111100010011111111101111011111110101
146
10111111001101111010100011101111011111111111101111111110111111111001111110111111
65
11011101010010111111110111110111101110101110111111111111011111010000101111111010
144
10111111011101111111111111010111111111111111111110111010111100111111110111111111
2
1111111111011011111111101010101011111111011101110111110001011110101110011111110
120
11001101111111101110100111110110111111111111110010011111111111101011010001111111
182
11001110100111110111110111101010011111111101111110111111111100111100110111101011
69
11111110010111111011110111010111111001101110110111110011001011101100011011110111
73
10111110111111011011110111111110111111110010111110010111111111011101011011111110
49
11111111011111110111111111111011111011110010101110100100001011111010011111101010
105
11111111110000111111010111111101010110101111111111110111111010111110111110011110
17
1111111110111111111111110111111111111111111010111111101111111000111110101110111
98
10111111101011111011111111011111111111011111110101111110111111111101111101111111
16
1111011110111101101111101111111111111111110110011000000111111011111101111110111
82
110011110101101001111111111100111111110101011101111111111111111111111111101010
96
1111111011010111111110100011001110110011111111111011101011101101111111111011111
100
11101111111110111111111111011111010101110111111111111101101110111111010100111111
45
1111110111111111111011100111111111110011111110111010111011110010101110101111111
164
11110111111111100111111110111111110111111111101011110111111101011110011110111110
61
1111111001111111011001011000111011111111111111111010110101111111111011101011111
23
11111011011101011111011101111111111110011011001111011011111110110111010101111101
186
10111111111111101111111111110111101101101101011110111001110111101010110001111010
28
1111111111110110011101101101110111111111011001111011111011011111101111111111101
185
11011111111111110011111111111110110111110110111101011110111111011111101111011101
22
11011101111001011111110111011100111111111111111111111110011111101110110101111
120
1101101111111011110111111111111100011010111111010101011101011111111010101101111
64
10101111111110101111111111101101111101111111101100011110111111101111011011011111
5
1111111100011110111111110000011111110111101110111011111000111111111111011111111
65
11111110111111111100111101110101111111101111011111111110111011111011111111111111
114
1101100111111100110111110111010110111111011111111011001111111111101100111101100
153
11111011101100101110011001111111110111111111111111111111111110001010011111100111
170
11111101111111110111101111111111010111101111111101010111111111111001111111001011
89
10111110111111111101111011110101100111110111011011011101111111111111111001111101
122
10100111111110111111110111111110110101111101111011101111111111111111100111110111
149
10011100101111111101011111001011101111111001011110111111111101111111111110111110
100
11111111110111110111111111111111010111110111111111111111101111111110110101111011
146
10111011010011111111011011101111110111111111110111110110111101110111111110111111
46
11011101111011111111101111111110111111011010101111101110111101101111110011000110
166
11101111111111111101110110110110111100011101111111011111110110111111111110101110
25
11111111111111011101111011110010111111110100111111111111111100111101111111111111
194
11111011110001101111111111011110111011100111011111111100110111110111111111111111
3
1111111110111011001111101001111111100101111011011101111111010110111101100111111
11
1101101111111111101111111111111011111011111110001111111111111111101111111111110
199
11111111011110111111111101110111111111111111101011111111101101111111011111111001
79
10011111111111001110111111110111011111100111001101100011111111111110101111101111
170
11111101011100111111111110111111111001011001111111111111110011101011001111111011
23
1111111110111100111111111110111111101111111110110111110111110111111111111111101
35
11111110111111111111111101111110011111111111111111111001011111111111111110110111
178
11110111111011111010111011111110110001111111011111111111010111011111111110111110
120
11011111111111111111101100111101011101111110101101111111011011110111101111111010
34
11111101111111111111110101111111111011111111111101111111000111111111110110101111
90
1010110111111111110111111111111111010111111111111111111111101111111101011111111
34
1101001011111011111110011011111111111111111101100011111111110011111001110111111
61
11111111010011111111111111111111111110111011111111100101111011010111110111101111
47
11111111110111111000101100111111111110110111111111111111111011001110111111011111
95
10111111111000111011111111111111011001110111111100111111111111101101111111111110
39
11111101110111001011111110110100111111100111111111111101110111111011111111110111
14
11111101111111101111111011111111101111111111111101011111101011101111111101111011
100
11001110001010101111111111111111111111100101111111011011111100111101111101100110
193
11110110110111001101011111110110111011011110101011110111100111111111111101011111
166
11111111111011111111110110110101111110111011011111111111111001111110111101010111
52
11111111110010111111111111111111111110111101111100000110111111010111011101111001
10
1111101111111111110010111111011111101111101110011111111000111111111111101111110
60
11110111111101111111111011011111111111101111111010001111111111111111111011101011
118
100111110110111101011101111111110111111111110011111100111111111111111111111111
138
111111111111111111111011011101001110001100011111101101111111110101010110110111
35
11101111110111011111111111111111111111111111111111010111111111011100110111111101
155
10111001110111001110111101101111100110111101111110110101111111111110100110111000
71
11111111111001111101110111011110110101011100101010111101001010111110110101111111
27
10011111110101011100111110001001000111111111101111101111111110010011111001111111
6
110111111110111011011111111111111111101111111111111110111111110001111100111101
84
10011011110101111110111110111000101101101011001110001111111111111111111111011111
68
10110111111111111111010111101111110111110101101111111111011111110111111110111111
4
10101111011101101100111011011111011111111001001011101111110111111110011011111011
200
1001111110111100101111111101110111111111011110110110111111011111100111111111110
120
11111110110111001111101110101111110101011111110111111111110111110100101011111111
69
11111111111001111110101111000010111111110111111101100111101011111111101111111110
186
110101111111110110011011101111110111111111110110011101110101110011111110110111
101
11111111110111101111111111001111110011010011101111010111111110111110110111011111
143
11101111010111110111111111111101111011111110111011010111111010110101101111111111
117
11101100011111111101110111110011111110110111111111111101110101111111111111111111
87
10011101101111011101111111101111111111111100110110111111001111110101110011011010
34
11111111111010011011101010110011010110111111011111011101010111011111111111111110
10
11111111100101111111111111111111111111111110001111011111111111111010111110110100
84
11011010110110111111111110101110111101011010111101011111110111011111111111011101
105
10111110110100111111111111011111101111111110111111111101111111111111101110010110
180
1110011101100111101111111111111111111111101001011110111101011001111111011011111
29
11111111111101111011101001111111111111111110110100110111101111110010111011000011
142
11111111111111011110110111111101111111111111111100011101000111110111111111111110
52
1101110111110111101001111101110111111110110111111111111011111011101110110110110
160
1111111111111111110110011011001111111111111111101111111101111101111111101111111
154
1111001010011111101000100111111111110111101101111110111000111111100111110110111
197
1111111111111111111101111111111111111010111111111011110000011111011110111111111
188
11111111101111001111111111111111111111111111111111101001111111111110101111110111
139
11011111100111111010111101111111111111111011101111011001111111100111101111001111
149
11111111110011111110111111101111111111111011110111111001110111100011101111111101
125
11111011111110111100111101101111111111100111001111111111011110100011011111111111
130
11111111011101111111011001101111111010111111111111111111011111111101111101111111
108
11111111111111110011111111100111011110010100011111011111111111111101110011111011
155
11111111111110111111111111111011111011111100111100101010111011001101010111111111
55
10111111100111111011111111111111111011101110011111111101111111111100111111101111
89
11111111111111011100010111110111110011101111111110111111001111101110011111111111
116
11111101011110111111111111101111111100111111111111101111011101101011111111011111
90
11111111111111111111110101010111111111011011101011001101011110011111110111111111
58
11011011111001111111111111101011111111110111111111100101011110101011111101111111
121
11111110111100010111101011111011011011011101101111111111111001111111110111111111
29
1111001110101111011001101110010111110111111111111111110101011111110111011111110
172
11110111111011011111111110111011011011011111111111010110111000011111001111110010
18
11101111111110110111111111111111111110111110111110111111111011100111111101111111
144
11111111011001111110011111111111101001101111001101100101101111111011101111011110
34
11010111111111111111111011011111011101101110101111111111011101111011011111111011
112
10011111111011111111101011111001110111111101111111111111111111111011111111111110
112
11011111111111110111101111111101011011111111111111111111000101000111111111011111
191
10011111111111110100111010111111111111111100111010111111111111111011110111000101
194
11011111111110111111101101110111011111111111110111011011110111111111100011011111
155
11010111011111101111111101111111111111110011111111111001110001111101111101011111
13
11111111101111111111111111100011111111011111111111111111111111110010111111111111
167
11110011110111111111101111011001111111111101100110011111101111001111111101111111
55
11011110010111111110111110111010111111011111111111111100111111011111111101011111
4
11001111111011111111011101100111111001110101111110101111111011011101110011111111
50
111111111001111111011111111111011111111101111111111011111111110110101101111111
167
11110111010111111110011011111111111011100111101011111111111101001111111111101111
174
11111101111111111111110110101011011111111111111110111110111111111001111110011111
196
10011111110110111101111011110111111111010111011110110111011111101111111111101111
184
10111111111011111011111111010111111011111110110111111110101110011111110110101111
10
10011111011111111111110111101111111111111111111101111111111000110111101110110111
178
11101111101111110101011000001011010111011111100110011111101011111101111111111101
183
1111011011111110101111111111111011001011111111111001111010111111111011010111111
110
11111001110011101010111110111110111011010010011111111110011111110111111011101111
119
10111111111100111101011011111111111101111111011111111111111111111111111010111011
10
10111111111111111111101111111101110011010111111111100101111111111111011111111111
2
101110111011111111111110111101111111111111011100111110111111111001111111111
103
11011111111110101111101111101011110111111111100011111111100110110111111111111111
18
11110011111111011111011011001111111011011011011011111111111011011101011111111011
89
11101101110111111111011111011110110111111011111111011110111111011111111111011011
24
11011111111101111101111111001111011010111011001111111111110111110111111101111111
83
11011111111110001011101101111111111111111011101111111110111111111111111111011011
88
11111101011101111110110100101111111110111011101111111110111110101101011111111100
110
11111111111111111101110111111111101111111111001101010111101111100111111011111011
134
10101110101111111101110101011100111111111111001011001110111111110101111111111111
107
10011111001111011111001111110110101111110100011111101101111111111111111111001011
60
11011011111011110111110111011111110111011111110111111110111110111111101011111111
36
11111001110111101111111111111111111111011110111011111111011111111111011011110111
132
1111101110100010111011111101111111011110101111010111101011111111010111111011111
165
10111110111111011111111111110101011111010101101111111111110111111111011111111110
92
11111111110110111111111110111110111111111110111110110011111111111111001111011111
37
10110111111101111110111111111111010000111101111111111011111110111001101110111111
78
11111111111111111111111111111111111101110001111111111111011001011111001111110011
12
11001111011110100111110101110111011100010011111111101011101111011000010111101111
173
1111111111111110111111000011111011011111110110011100111111111111011001111111001
96
11111111111101111010110111011111111111011111111110111000101011111100110010111110
75
1101110011101111111011011111110111111101110111111011101111111111110111110111
148
10110010111111111011011111111110110111111111111111110001011110101011111111110111
177
11001101101110111101111001011011011111010110111101101110111011001011111111111
17
11110111001111111111101111111101101011001111111111111110111111100001110101111111
168
1111111111001111111111111111111111110111111101111111110111111111101111011011111
161
1101011111111110010111111110101110101111110001011111010110111111110010110011100
58
11111101111101000101101111111111011001011110111111111111111111111110110101111111
115
1111101111111010111001010111110111111111110111110101101011111110111111111011111
199
1111110110010111101111011111111111011111101000111101111010111101101111111111011
129
11111011111111111101111011011111111111110110111101111011001011111100111101111011
179
1111111011011011010111011111111111011101111111011111111011010101011101111111111
121
101101111110011001010101100110011111011101110001011111111101110110001011011011
41
11111111111111110101111101111101111010111111101111101111111111111111110111110111
34
11110111111111011111111111111011110111111111010111111111111011101111111101101110
142
11010110111111111111101111111100110111100111101111011111110111111111111111111110
96
11111111111010101111111011111111101100101111011111101001101110111111111011011111
79
11101110010011111110111101011101111100111001111111110110010101111011111111110101
38
10111111101101110001110010110111001111111111111110111111111111101001111111010111
131
110011111111111111110111011101111111111111111111111111111011001111101111111110
134
10110110111011110011111111011111011101110111111101101111111010011110110111110111
174
11111101111111111111111111110110111111111100111111110010011111101111111101011101
37
11111111111101111101111111110111101101111111101111111000100001111110111011110011
30
10011111111111100011110010111111111111110111101111000111111101110111111111101011
140
11111111111111101111110101111001111111011111011111110110001011011100110101101110
189
11111111111110100111101011110111111100111111110110111011110111111011110011110101
77
11111010011111001111110110111101011111110101111111111000111011110111111111111010
185
11011010111111110101101011110111011000101110111111110111011110111111111111110111
145
10101111101110111110111111001101111110110110011111111111011111111111111111011111
63
10111101111111011111111111101111111111111111100111110101111101111101000111101101
30
10011111101111111111101110101011111011001111010111001111111110111111101011111110
189
11101110111110111111101110111101111111111111101111111111000111111111111101111110
9
11111101100111011111000111111100101001111001111001001111110111011111110111110111
2
11110110100111111111110110111111101111111111111001011111111101111110010101111111
60
11111111011011101111011110111111100101111011011101001111110111111111011001110101
14
10111111111111111010110111101111010101111111111110011110111111110100110011111111
64
11110111110101110111111111111001111111111101100111010111111110101111111111111011
150
1110111111111011111101111101111111111111111111111111111111111011110011110101111
89
11111111111110111111111101101111111111111111101110011101111111001111111111111111
28
11111001101000110111110111111011111111111111011101110111111101110110011001011101
122
1100111111100101011101011101111111110111111111111011111101111111111111111111111
27
11011111011100111101001111111111101111111111111100111111111111111111111100010111
182
11111101011111110101111101111111011111011011101111101011111111101111010111111111
111
11111110111011111111111110101011010110110111011101011111111111111110111101111101
16
11011111111111001111111000111011010100011111111111111101111111111111011011111111
49
10111111111110101110011011110110010101011111111110111110111111111011111111110101
29
11110111001011110110011111101111111100111110110010111110111111111101111001101111
105
10011111111111011101100111111111011101001111101111000111101110101111111111110111
27
11101110110011010101010111011010111111101111010111101111111111110011101111111111
124
11111111010011001110011101111110111110100111011101111111110001100110010100101111
101
11110111111100111101111101111111011111011111110111101111101101101111111001010110
10
11000011101011101001111011011111111111011011111010111011111111111111111011101111
149
11111111110111110111110011110111111111111110101111100011101111111111010101111001
163
10111110011101111011010001111111111111111011111101110111111111011110101111100111
110
10101111111111111011110011111111111111111001111110111111111110111111111110111100
68
10101111110111111110111100111011111011111101110101101111111100001101111111110111
158
10101111111101111111111111111100111111111111110111111111110100011111110111011111
5
11100011001111111111011111110111110010001111111111111111101111101111011111011111
135
11011001111110111011011111111110111111111110111111101111011011011111111101111111
83
11111111110111111111010111010111111111111101110111111111111011111111111111011011
158
10111111101111011111101111111010101011111001101111011111111000011111111110011001
138
11111111111111110111111101001101101101111111111111111011110111111111111111111111
46
11110101010111111111111110111110111111110110110011111111111111111011111111111111
42
11011111111011111011101101111101111110101111101110111111111110111100111111101010
59
11111111110101111111110111011111111111110111111111110100111110111111101111110111
159
11110110111111111011111110111101101101111111111011011011111011111111110111111100
118
11011110101111111111111111111111111111011111010111101011011011111111111011011101
185
11111011111110011111111111111111101111111111101111111101101110111011101101110001
17
11011111111111011100011111111111111111111111001111111101111011111101101111111101
64
11110101111111110111111111001111110001111111111101111111111101111111110111011111
98
11110110110011101010111111111101111111111110111111111011101111001111101111000101
178
11111101111110101110011111011111111111110011111111111111111111011110100110111100
3
11110111111100011101111101001101111111101111011111011101111001011000111111011111
51
11011111111111110111110111110111011111111111111101101111011111111111111110101111
165
1111111111111110111111101011001111110011111111111011111110111111101100101111111
126
10111011100111001111001110111100101111110111111110111111111111111111111111111110
103
10111111101101111110010101111101110111000100011110011100110111110111111111101010
39
11110111110111111111111011111101101111000101110101111111110110111111110111111111
38
11101011101101111011111001111110111111110010011001110101111111111100111110100110
107
10111100111101011101111111011011011111111101101011111111011111101101111110101111
65
10011101101111111101111101000111011101101111100011001111101111111111101111101111
187
1111111110111111111011111101011101101111101111101111111011010111111110101101110
31
11111101111111111111111110111111101100111110111111011111110110101101101101000111
41
11011111111011110111011111010111111101111111101111011111111011111111111111111111
179
11111011001111001101111010001111011111111111111110111110111111011111100110111111
33
11111110111100111111111001110111111111101011111110110110111101011111111101111110
97
11000111001111101110100010111100110110101110011111001001100011111111111111011111
162
11111111011111000110011111111111111111011111111111101111000101111110011110111111
12
1110111101110111010111111010111111101001111100011111111111011101110000111011101
174
10111111111111111010101111010010100101111010010111110111110111111101010101111111
32
10101011111111110111011111101111011101111111011010111111001101000011010111110111
195
11111110111111111111011111111111111111111111111001011111111100111111111100011111
121
11111111010111111101111110101111010011011111111110011110111111110111111111111111
142
1111111111101101111011011101111111110101110101110100010111111110011101111111111
158
11111101110001111111111111011100011111111111110110000111110111111001111111111111
166
11111111110011101111011110111110011111111111001111101100111111111111100110101111
165
11101111111101111010101111111011111011111111111110100110111111111011111011111101
150
11001111011110000111101110111101101101111111111110001101110111001111111111111111
15
1111110111111110111111101101011101111011010110111111011111111101111111011011011
16
10111111111111111101101010110111100111110110111110111110111011111100110011111111
5
11111111101111111010111111111111110011101101111100011110010111111111101011011111
36
11101101111111111110111111110111001100101110110110111111111101111011111110111111
76
10110111011011111101111111110111111111111110011100101111111110010001110110100111
177
11111111011011111101011111101111111001111111111011111111111111100111001111111101
114
11101111010011010111111111111111111111111001011010111111101111100111111111110110
154
11011111111111101111111111111111110101111111010011011111110110101111110111010110
192
11001010111111111110111101111110111011010100111101111101111111101111011011100111
144
11011001101011111111011111110111111111011110110111101010111100111111110111111011
76
11111111111110111011110001111110111111001001111111011101001111011010101101110111
36
11110111110111111111111111110011110111111111100101111101111101110100101001111111
84
11101001111111111111111101111111110111001111011101011111110110101110101001111111
171
11011101111011101110111010111011111111111111111111110111111111101110010101110111
115
11001011111111111101111111101111101110111111110011101111111110111111111001111111
115
11111111111101010110111011111011111111110111101100101111111011101111111111101011
87
111111100111101001111110111111111111101111101001111011011111111110111111001111
180
11111011110111100111101111101111110111110111111101111110011111111110111101111111
149
11111110110101111011111111111111011101110111111111111111111101011111111011100011
140
1111011101101111111001001101111011111111101000111110111111111111110111111111110
43
1111101110101111111111110100010111001110011111101111111111111111111011100110111
159
10100111111101111101111101101110111011111110001011101111011111110111111100011001
65
11110101111110111111011100111111111011111101110010101111111100111110111111100101
192
11010001111111111101110111111011101101111111011111111111011111111111111111010000
24
11111111111111111111111110011111111110111111111100101110111111111101101101110101
72
11111111010001111011110111011111110110011111111111010111111101010111011101111100
149
11110111111111001111011111111110010101011111010111111111011110111111111111110111
139
11000111111111011011111101101111111111110111111100111111110101110111011011010110
103
11101111001111101001111101101101111111111110111101101111110111111010111111111111
20
11111111111101111111111110111101111111010111001101111101111111110101111111101110
61
11111011011011111111111011110111111111101111101111110001101111101000100111110111
175
10011000101010101110111000111111111111111111111110001010111111110110111111111111
34
10111100101111111111010101111111011011101111011010111111111000010111111001001111
37
11111011111110011111111111101111110101101101101111000011110011111111101111111110
88
11111011111011111111111111111111111111010111111100111111111101110011101011111111
88
111111110100001110110011011111101101110011111111111111100110111111111001110111
41
11101100111111111110111101011101110111011111101111111111000111110011111011101111
146
11111001011111101001111011011101001110111101011010111101001111111110111111101011
102
11101111011110101011011100011110100111101111111110110110011000011100010111110100
18
11111011110101101110110111111111100111111111011111011011110111111111111111110111
151
11111111111011111111001000110110101111110111111111110111100111101101111101110111
139
10111011011011101111011111111110100010111011110111111110101111111110110111110101
194
10111111111111111111011111111101111011111011111101110111001011111101100111110101
28
11111111111101101111100110111111111110111111111111111110101111111011011001111011
96
11111011111111100111110011101101111011001111111011101111111001111110111110110011
139
10111111011111001000110111111111111111111101011101110111101010011111111111100111
34
11011111111111011011011111111110111010011100101111010110101111011111011111111111
156
11111000111101111010111110111111111111110010101101111011011110111011011111101011
103
10101001110111111110111011111111111011101011111101111110111110011101111111111111
165
1011111110101111111111111111011000110011000101111011011101101111100111111110011
40
11110011110111111111110111111011110011111100101011001110101001010011101111111111
170
10101111101111111011101111111011111111111001010100111011011101111110110111111101
101
11011111111111111111111110111111111111110111111100101011111110111101110011110111
23
10101101011111111111111111110001011000111111100111111001001100100111111111111010
180
10111101011100111111111110111111111111101111111111010111111101111101101011111011
15
10111111101111111111111111111111101111111101110011101111111001111110100111101011
99
11101111011100111101111111111111110011011111111111101001110110111111111111110111
127
1011101011110011101111011101111111101111111111111101111111111111111111011111101
43
11011111011111011111011111110111101111111111111110111111011111011111110111111111
46
11111111001110110110111111111111111101101111111111110111111111011110111111111011
67
11010111110011111111100111111110111101111111100111111101111111111111111111110101
133
11111111111111111111111011111110111101101111011111111000110000111111101010011111
106
10111101111101111111101110110001011101100110011111101110110111111111101101111111
140
11111011010111011111110111111110010011011111111110111111101010100101111111101101
199
11111000101110111101110001111111111111111011111011111111101011110111101111111110
114
11011101111001101101011101111111111111100111111011111111111111110010011111101111
177
11111101011101111111101110100011110011111011111101111111111110111111111101111110
90
11110111101110111111110011101011110111101111001101011111010111110101110101101010
131
11101111011111011011101110111110110111011111011000110010110100001111111111011101
154
11111110011111101101110110111011111101111011011100111100110111111011011111111111
165
10101111110110111111111111101001111111110000110111101111111111010111111111111100
9
11111001111001111111110111110101011111010111100111101011111111101011111110101101
180
11111110101101101011110111111101111110110111111111111111111110111111100111111111
38
11110110111111111111000110111100011111111111011111110111111111111111111010011111
114
11111101111011011111110101101111110101001111110111111111110101111110000111111000
166
10111111110111101011111111111110110111111001111111111111011011000110101110111111
162
11110110011111111011011101111111011111011111111111111111111111101101110111101111
42
10111111111111010111111010111111010111111111111111111110110111111101111111101011
174
11111101101111110111111111011101101111111111111110011111101110111010101010101111
82
11111111111110110011010111111111101110011010111111111111111111101111111111111001
74
11111111100011111011101111111111111111111111111101111011111011101111111111111111
44
11010111111111100111111111111101011111110111011110011111101101111111110111111011
13
10101101101110111111011101111001111011101101011110111111111111011101101111010111
61
10110101111111111110111111101111110011111100111111101101111100111111111111111101
25
11110101111101111111111111110111011111011101011111011111100111011101011011111011
171
11111110111111111110011101001101011111100011111101011101001111100001111111011111
176
11111110111111010111111111100111111010100111010101110110111111101111111111111111
143
11111110101111001011011111111111111100111111111011111110111111110110011111011101
12
11111101111101001111011111111111010111111011011111101111111101010111111111001111
97
1110111111101101111111110111111110101110111111111111111110011111101111111001111
63
10110111111111111110101111111111110111111111100011100111001110111101011111011111
45
11100011101101111011101111110101101111011011110111111100111010110101111111011101
191
11110110011101110111111011110100111111111111101111111111111011110101011100111011
165
11111011111111101011111111010110101111110111101110110111101011011111101011101110
44
11100110111001111011111001110110101111011011111001110100101101110011011011001111
54
11110111011111001110111111111111111101101111111011110110100111111111111111011001
76
10110111101110100111111011100001110101101111111111011011110010110011111111111111
200
11111101111111111001111111111111111111111111111101110101111010011111111101111111
89
1110011101110011111100111111111110100111111110011111111111111111111110011111011
82
11111101110111111101111111111111101110111111101111111001111111111110111111111011
75
11111110111111101011110111110011011111111111000011110111110011011101011111110111
112
11111101111001111111110011101101111011100111011111011101000111111011111111101011
106
11111111111111110111101111110111111111011111011110000111110100111011111111111101
81
10001111101111111111111111011111011101001111111111011111111101101111111111101111
98
11011011101000110110111111111111111101111111111111111100011111111111111111001001
82
11111111110111111011111001010111111011010111111111101110101111011111011111111011
50
10111111110011011111110110100111111011111111111111111111101111110111101101101110
24
10111011111111111111001110111111001111111011110011110101111110111010111110010110
186
11111111111100111111111111010110110101111011100101110111111101011111111111101101
3
11110111110110101111111110110101110110111111011101011110110011111010011100111111
112
11011111111111111101110111001101101110101111111111111111111011111111111011111111
170
1011101111111111101010101110011010110111111100101111101111111111011001011111111
35
11110111110110111111011111111111111111110101011001111111011111110111111111111111
125
10111011111100111011110111101111111101101111111111111111011000101111110111111011
13
11111011111110111111101101111111111111111111111010111110101001101101110011011011
197
11100111111111011111110111111111101111011111011001111001111011111110111000110
11
10110111110110110101110101111101111101111011100110010111011111011101111111111011
172
11111011111101110000111101111110011111111011111111101101111111111110111111111101
22
11111011101111111111111111100111011111111110110111111111111101110111110111101101
192
10100111111011111011011110111011011001101011011101111111111111111110111111111111
171
10011111101111111111011100111111111101111111010111010110110111010111011110010011
68
10011010101011111110110111111111011111011111110111111110111110010101101111111110
50
10101110110100110111111110111111100111010001111111111011001101011011000100101111
75
11111111111000110100111111101011111111101110011111111011101111111101111110111111
169
11011111111111111111011111111110111111111111111110111011111010011010011111110111
71
11010111100011111011101101111010111101111111111111111110111010011111111011111100
90
11111111111111101111111111111101101110111101101111110101101011101111101110101
95
10111111111111110111101101111111011111001100110111110111011111111111100111111101
16
10010101111111111101111011011111110111101111010001101111111111111111111101011101
80
11111111010111011111111111011111011110111011011111111011100111111010111011111111
39
11101110101110001111011111111011111111111111001101111011111011111011011101111111
29
1100111100001111111111011111101111111110110011111110111110110111111110111111101
40
11101111111111110010010111000111111111111111111111110101111100111111111001001100
163
11011011110110111010001011010111100111111101100111111011101111011010011100101111
77
11111101101011001111111110101111011111111111111111111111100101110111100011101111
188
11111011111011110111111111101111111111011011111111001101111011101011001111011101
146
11110111110111011111111001111110111010010111101111111100110010111110000101110111
170
11110010101111011111011111111111111111111111110111111111011101011101000111101110
10
11111111011111001111110111111011111111110111111011111111011111111100110011111111
177
11110011111010111111110111010111101101111111011101111111000111111111010110111111
132
11111111111110111111111110011110011111111001111111110110111111110111111110110111
113
10101011111111111111101110111110100010111111011111111000011011011111101010001101
107
10111111011011111111111111101111111110011111011111101111111111111011101111011011
19
10111011110111110101101101111111100011111111111111101111110101111110101111111110
64
11101010110010111101111111111010101011110111011111011101111111111100111001011101
66
1101101111101111101111101111110111111111110110111111111011110111111101111101110
63
11001111111011110100111111111111111111111111111011111100101101111011110110011111
137
10110111111111111011110101011111111011010010111111011111111110111011110111011111
122
10100011111101101101111111111111101101111111111011110111110110111111111011101101
191
11111111111110110110110111111111111111110011111111111111111010111110010011111101
45
11111111011001111111111110101111111111101101111111111100111111010111111111110111
110
10011111111111011100110101111111011101111011001111110111111111111110111100101001
19
11111111110110110111111111101111111111101110100111011111110101110111111111111111
42
11010101110011110111111111111111110011010110111111011111111001111110111110011
45
10111111111101110110011111110101101111111110111111111011110110111111011111110111
59
11111110011110101101111110110111010011110111111111011110011110111001111101111111
150
11111111000101111111111111111110111101011101110101111011011010011110111111111111
171
1111111111101101111100110111111101101011101011111111111111101111100111011111111
162
10111111110111100111010111111011011111111111110111111001111001111111111001111110
50
11101101011111111111011101111110111001111101111111111110100100101111110111111111
121
11111111101111100111111000110101111111111111000101111110111111111111010101001011
78
11011111111101110000111101101110101110111101101111111101111111111110111111111111
10
11011011110100111111111110111011110111111100111101011111111110111100011111101111
74
11111110111111111011111111110001110111111111110011011101110111111110101111111110
47
11011111010011111111101111011111010111111111111100111111011101111111111110111111
131
1111111111111111001101100111111111111111011101110111111111111111100111110101111
197
11001111110110010110111111111111010101111111110011111111111111101111010111011111
92
101101111111011011111111101111111111101111101011011111011011111111111111110111
160
11110111110111011110011101111110111111100110011011111011111111110110101111011111
115
11010011111111111100011111101111101111111100111101001110011111110110110111111011
85
11001111011111011111111111110111110111010111111001011011111101111010100010111110
24
101111111011111111011111101101010011111101111111110111111111111101111110011111
176
1111111111111110100111011111111111111110110011111110110111011111111111111111111
89
10101111111111111011101011111111111111010111101011101011011111111101010110111111
32
11011111110100111111011110111111111111111111111111101111111111010011110111111111
38
11111101111111110101111110101001111111110111110110111110100111111110111101011111
155
11111111111111110111111111001100101110111111110111111111101111101101111111000011
13
11010110001011110111011111111111101111100111011110110111110111100011110111111111
188
11101110011111111010101011011111111011101111011111111110111110111010111111111101
119
11111111111111111111111011111110010011111110111011110111101110101111100011101011
102
10101110101111000111111111101101111111111101111111111111011001111111111101100111
59
10101111111110110011001100111111110011001100111111111111101011101111111111111111
137
11011001110111101111111111111111111111011011110011111111111100110111101110111111
180
11111110111110111110111110011111010100111110111111111011111111111100111101111111
153
11111111111111111010111111011111110111111111100011101111111011000111100111111111
53
11111111111111111001111111111111111011111111111101111001111111011000111111111000
149
11111111011111011111110110111110111101110111101101111111111011000111100111011011
57
11111111111111011111101011111011111111111001101111101111111111111111011000111111
129
1110111111111110111011110101111111101110101101011011111111011100111111110110011
126
11101100011100111110011100111111111111111011111111011111011111011111111111110111
161
11010111110010101011011111110111111111101011111101111011101110111011101000010111
75
11111110111011111001111111111010011111111111111101110110111111110011110111011111
20
10111111111111011111111111001111101011111011001111110111111101111111011001111110
139
11111100111011101111111010011110111101111011111111111111111111111111111111101101
4
11111111011101111101111111111000111101101111011011010111111111111111111011111110
7
11111111111010111111111110001101011101111111111010011111101001111111010101011101
25
11111111101110110111111111111101011110011011011111111111101011110111110011101110
96
1101011111101111011111111011101111011111101111111111111101111111111111001011011
24
10111101111111110011111001110111111111111111000101111111100111111001111110110111
136
11111111101111101110111111101111110111101111111111110010100111111110111111111111
12
1111111101111110110111111111110101111111110111111111111111101111010111101011101
154
11110111111011011011010111110111111111100011111011111111110001111100001111111110
17
11101111111111101111110101111101111111111111011101101111011111101001111101011111
10
11111111010111111111111000011011111111111111111011110011011111101111000110101111
14
11100111011111111010011111111110111110101111110111111111101011110111111010110010
90
11111100111111111111110111111111011111110111111011111010101111011111111111111110
94
11011111101100111111111011111110111110111111011111111111111101110111100111101111
131
11111100110111100100110111111001110111111101111110101101111111111111101101110111
173
11111111101111101111111011111011111111110111111010011010111101100111111111011111
74
11011010001110111101000111111111111101101001111111101110101111111111111011101101
139
11110111111111111111101110111101011100111101110110111111110011111101101111101110
192
11111111111111110111011111111111011111111111111101111111110111111111001111101111
23
11111110111111110000110010111011111111011111111110111111111011111111111001011000
66
11111110100110110101010111011111111111111010111111111100111011100111110111111111
23
11011111110111110111010011111110101111111101010111011111111010111111111111111111
116
10000111101111111111111111001101111111111011110110101111101110101011110011111111
45
10111101111011111100101000111111011111111111111111110111101101111110111101111110
68
11011011111110111111111111011111111111111001111111111111111111111111111101110101
66
11110011111011101111111110111111111111111111111111111110111101111111111111110111
141
11100111101111101111111111111011111111101111011111111111011011010101001110110111
175
11111101111011111011111111111010100111111111011101110111011111111111111111111111
101
11110111111001011111100111101110111111011011111111101011111110111111111110111011
177
11111011111011111011110010111111110111111111111101111100011111111111101101111111
47
1001100111111101110111101001111111101011111010111111111111110011011111101101111
168
11111111111111011101101110001101111101111111111111101111111111111110011011101111
157
10111011111110011111111111110111110011111111101111111011111111111111100111111011
136
11111111011111101111111011011111101100111110110111011111111100100011110111111100
120
10001111110110110111111111110111111101101011111011111111111111111110111111110111
36
11011111011111101111110001101110011001011110001110101111111101111111110101111111
189
10111111111011110100111011011111100111111001111111011101111111111111111111111111
151
11111101110111011111111111100111101110111111111111101011111111111111011111111111
124
1101111110111111101111111100111101110010101111111111111101111111111101111110100
162
1101101110001111111101111100101010111110111111110110111111011111111110011111111
128
110111111111101111110101111111110111000111111110111111111111101101100111110111
36
1011011011111100111111111111111001110111111011111110110110101111000111111111011
175
11111111000111111110111111111011101111101111110111101111111111101111101111101101
151
11111101010011111110101000110110110111101001001011101010111111110111111111100011
160
11111111111001111111111111110111111111100111110101111111101111111111011111111111
87
11111101111111111011101011111101110011111111011111101101011101011111110001110111
2
11110111110011110011100111111111111111111100011101011110111001011111111111111010
128
11110100111111011110111001111111111111111111111111111111011111011111110111111111
131
11111011001101110110001101111111111111111111111111110111101111110001011101101111
9
11111111111011110111111011111110111011111011111001111001111111110111110111101110
120
1110101111111101111101111110110110001100100101010101110111011101111110111011011
65
10000111111111101110111111101101111111100111111111101111101111111101011111111101
103
11010111101111110101111111101111011101111111111111100111100111111111101110101011
91
11111011111111111100110111011111111110001011111111111100010101100011101111111110
99
11111111000111111111100011111111111111111110011101101011111101111111101101111111
117
1110001011110111111001111111011111111101011010101011111111011111101101111111011
87
11101011011111011011101111111011111110101111001111011111001111111000101110101001
188
11110010111111111111001111110110110111111100101111111110111101101111000001111111
123
11101111111100110111111001111111111101111111111111011101111011100110111011111111
58
10111111111111010111111111111011111101111111111110010111110111110011111110010101
60
111000110101111110101111100111111101111111111110111011111110111001011001111111
78
11110111111111011011110111110101111011101111011101001100110111111111011111101101
102
10110101111011011011011110011111011111011101111110101111011101111111101110111111
8
1111101111110111110111111000000111111011110110010111110111111011111100011111111
165
11101101001111111110111101101111000010110111111111110111111011111101111011011001
197
11101110111001000111110101011111101110111111111111011011111111110111111101101111
192
10111111111111111111111011111010101111101111111100101111011011111011111111101011
45
11011111111111011111110011101100010100101111111111111010001101110111111110111111
150
11110111111101111011111111110111111001101011111111111010011101010111111101101111
177
11110011111111111110111111011110111101110111100011001111011111011111111011011111
156
11111111001111111111101101110111111101011111111011110111111011111111111111111111
47
11111101101111011010111111111110111110110111111001111111001110111111110111111111
163
10111111111011111110111101111011110111010101101111001111101011111100110111111110
104
11011101111111111101111111110111101111011111111110111111110111101010111111111111
7
11010001101011111110111111110111110111111001111111111111110010001111010011110111
187
11111111111111110100110011011111111111111111111010011111110011110011011111111111
30
1111111111110111111101110111110111111111010111101011011001011111111111111111111
20
11101111000111111011011010111111111111111110111001011110111101100101111111101111
43
1011011011111101011111111110111101101010111110111111101101111111111011111101111
135
11010110101101100101111111011111001111111001001111111110101111110111011111111011
77
1111111010111111111111111011111110111111101001111111101111111111111011111110111
81
1011111111011111010111111111111011111101111111111011111111111010101111011011111
37
11101101111110110110111110111111101111011101111111101111110110010100111011011111
49
11011111100111111110111101101110011110011111110101111111111111100111110110111101
43
1101111101111110101001101101101111010111011111111011100011110010110111110111110
58
11111111110101111011101111011111111110111111111110110101101101111101111001101011
177
10111111101111100011111011101111010011001111110111111101110001001111100111101111
181
11011011111111011111110101111111111111101011111110101110111101011110100110111110
110
11100110111111111111110111111111110111111111111111101111111010111111110111101011
90
11101111111101101111110001111011111111100111111011010101011101111101111111111001
137
1111111100101110101110111110111101111111101010110111100111101110111011111111111
6
11101101100111111011111111011110011011111110111100011111101111001001111111111111
46
1100111011111111111101111111111110111011111111101101011111111100001111100111111
58
11000100110101111111111111111011111101111111111111111110101101111100001011111111
136
11111111111111011011110011001000001111011100110111110111010101000111111111011100
72
11111010010111011111111111101001110101101111110111111011101111111111101111111110
115
11111111111110110101110100110011111111010001101011111111110111001111110001111000
48
1111011111111110101111111111111110011111111110101110111101111110111111111011011
188
11111111101101111101111011111111110011111111100111010101101111111101101011011010
142
11101111111111011111111110101111111111110111001111111111011011110111111011110111
77
11101111110111111101101111101101101110100110101101111100111111101111111110111100
64
11111111101101111101010111011111111100111111110111110111111010011111111101100011
169
11100111111110111111111111011111101111111111111011111011011010111010111110011110
90
10111111111111110110111111111011110101011100111101111111111011110101111100111001
96
11111111011100001111111111001111001111110111111111111011111110011111111111111111
16
10010111111001001111100001101101011111110001011110111100111111110111110110111111
101
11110111011110111111111111111111111011111101011111111111111111111111110101111111
154
11110011111111111110010111110011111011111111111011011111110110001110111100111001
100
11100101001101110110010100111111101111111111111110110011111111111110101100110111
189
1111011010111111111111011101010011011110001101101111011110111111101111111111101
155
11111111011111111111110110101111111111110111001111110010010111111011111011110111
153
11101101000100111111001111111111111111111011111010111110111100111111111111011110
131
1011110011111111111011111111110111111011110111111111111011111111111011111111011
6
110111111111111101101111110101011111101111111111111001111110011111111101111110
170
11110111111011011111111111111111111111101110001011111111111101101001111011000111
164
11111111111101111110101011111111111110110111111111111011011010111000011011001111
9
11111111111111100111111111101111111111111111111111110101110110111101111111111111
127
10001101111001110111111101001011111111111111111001111101111111011001111101011111
32
11000011101111110011111110111111010101111110011011111111111111111101101111111111
78
10101111110111011010111111100111111100111011101011101110101111111111011111101001
108
11110011111111111111111111011111010101111111111111111101111111111111110110111111
181
110101011111110111111111101001111101111111001111001110100111110111111101111110
102
11111001010111101111111100101110011101101100011111110110111111111111011110011111
172
1111111111011101111111111011011111101110111011111111101111111010111110110011101
110
11010011011011101111111011111110111010011111111010111101100101111110011110111111
133
11111111010101111111111101111111111011111111101111000111110110111111111100101011
146
11101110111111101111111111110110110101111110111111111011101111111110111111111111
56
11110111111111011110001111111111111101000011110111010100111101111110110101111111
43
111101111111111111110111111111100111111111110011111111111111011111111111111110
162
11111101111111101111110111011110111111011110110101110111111010101010111010111010
161
11111101010101111111111111101011111011101101111101110111110111101111111110111111
143
11111111111111101111101110000111111100101111110011011011101011111110101111111100
33
11111010111101011111011111110111001111111101111111111111111111111110110001111110
147
11111111111111111111101001100110111111011111111110111111111011110111101111011010
118
11111010101111111111110111101111011101010101111101011100111111111111111110111111
163
11111111101111111111111101100110111111110101111111011111011110111011111101101011
161
1100111101101111111011111111111100111011101111111100111111111001111101111111111
81
10111111110110111011110100110111111011111111111110111111111101101100000100111111
23
11111111101101101111011111111011111111110111111111011101111101110110100111011111
135
10111111111111011111111111111111111110111011101100001111111111011111111111110111
175
1111111011111111111101111111010110101011111111111101111011111111010011011111111
147
11110110000011011111111110110011111111110101111111111111101110110111111101111111
113
10000111011101110011111110011101011111011100100110111011101011010100101011111111
190
11111110101111111100111111101111111111111111010110111110111111111111110111101011
75
11111111111111000111111110111110101101111111011110011001101110101011011110111111
88
11111101111101100110111101111101101111111111111111111111110111110111111111101111
69
11011011111111100101111011111110111111111111110111011010001111111111111100111110
41
10110101111111111001101111111101111111111111111111110111111011110111011110010001
45
11101001111111111101111011111111110110111111111111110010101111110111111111101111
27
11111011111110110111110101101101101111111111111101111101001100111111110111111111
22
11111111111101011011111111111111111111111111110011101111111111111111011111111011
178
1111111101111111110110110111111110011111111111110110111111011011101111101111011
26
11101101101101111101010111101101110111111111010111011101111010111111111111111111
1
11111110000111111111110111101101111110111111000111111111110111101111111111110011
46
11111011111101111111011010111101111111111110111111111011111111110111111011111101
44
11111110111000010111110111110111010111011011111111101110111111111110111111111111
73
1111101110001111010101011110001011110111110111011111001110001010111110000101111
9
11101111011111111111101110110111100111111111000011111011111111100111111101111101
79
11111101111011111011010111111011111001111111011001111111110101111101011001111111
45
11111100101110011111111111111101111111111111111101101011110110111111011110111101
121
110111001101110100111101110011101110111111111011111111100111111110111111011111
21
11111110111111111101111111110111111111100111111101110110010111111111101111111111
52
1111111011010100100111110111110101111111101110111111100001111111111101111110111
4
1110111001101100101111111101111111111110011111111110111111101111111111110101111
80
101011111010111111111011111101111100101111111011111010111110110011110011110111
124
11110101111111111111110110110011110101011111111110111011111110010111110101011001
135
11110111111111011011101011111101111101111111111001100011110110111000111111110110
7
1110111111111111111111111111001111111111111101111111111110111111101111101111111
2
1101111111110111011101111000111111111101111101101111010111111110111111111111110
158
1101011110011110111011111111101101111011010111011011011111011111011101111110110
78
10111111111111111011111111111111011110000111111111001111110111110111111111110111
167
11011101101111011101011101111110111111010010111011111111011111111010110111111010
100
11110111111111011110111001010111111110111011111011111110111111101101111101110111
107
10101111111111101101011101110111111111101001111110111111111111001101111110010101
199
1101100011111111001111011100111111111110111111110111111111110011111011011111111
170
11111011111111101101100110111101100101111011110100001100111011111111110111111011
147
11111101111111101110111100111111101100110111101111101111100001111111110111111111
180
1011111111111011101011111111110111110100101001111111111111111111111011110011110
69
10111111010111111100111111110101011111101111101111011011110110110111110101011111
37
11111110111111111111000011111011111111001101111110101101111111011011001101111111
63
11111111111111010101111111111111110011010111111111111111110110010111101111110011
53
1110110111111111111011010101111001111111110100011111111111101111111111011100001
151
11110101110111111101011111001011111111111111011101111000111011110111111110101110
77
11110101111111010101111011111111111111111111111011110101111111110110111110111111
49
10101111011111101110111110111111111011111101111111100101111110111100111111111111
87
11111111011011111111011111111111011001111111110111101011111111111111110111001001
8
11001011011111111111111111111111011111001111101111111111011111100111111000101110
14
1101101111111111111011111111111011111111100100111111111111111111101111111101101
87
11111111101001011111110110010011111011101001100111011111000111111111011110010011
148
11110110111111001110111111111101111111111111000111111110111011111110110111101101
171
11100111111111111111011100111111101111010111001011111111010110101111101111111111
199
11111011111101111111111111111110110111111101111011111010111111111111101101110111
198
1110011111111101111101111111111100011101111111111011111110011101111111101011101
154
1111111111111011111111111111111101111011111111111111101111111011111011111111001
77
11110101111010110001111101011111101110101111110110111101111111110111111111101111
29
11111111111111101111011111111010111110111101101111010011111010111111111111111101
190
11010111111011101111111011111101111110111110110011011101011111111101110110111111
106
111111111011101110110111011011111111101111110110011111111111101111101111111111
63
11111111101101110111011010101111111111101111111110110111111011111010111010101101
41
11001101101101111111011111111111111111011111111111111011111111111011011110011100
74
11110110111110010010111111011111011111101111110111111111111001011110111111101111
83
11111101011111111111111111101011111011111110111111011111111011011111111111011010
14
11110111010011110111110111111111110111111101111111101111011110010000111111101111
36
11101101011111000110111101101111011111110100111111101011110111111111011011011010
100
10111111010011101111010111111001011101101111011011010110111111011101111111111111
199
10100111111110101111111111111111011011110110111111111100111111111101011101100111
45
11111111111111111011111011111111101110101111011111110111111111100010111101011111
24
11010011010111111111101100011010101011111101111111101111111110101110111111000100
170
11011011101111110111110111101101111101101010111011111111111111011111011111111111
6
11011111011101100111001111110111111111011000101111110111011011101111111111111111
4
11101101111001111011111010111111101111111111101111101111111111010110111111111011
99
11101101111110110111101111101111111111111101111111111111100101111111111101111010
144
11110110111111111111101110111011111111011111111101011111011111101111101111110011
190
11111111001101101111111110111111110101111101111011001111111011101111111110111111
84
11110000111111101111111001111011001111101111111011111111111111010111111011111110
64
11010101111111111111111111111111111111111011101010011101101101101111101111111111
183
11011111101101011101111111111110111101101000010111111101111101111010111111110111
160
10111100100101111011111110110111111010111000101111111111011010111110111011110111
103
11111110111111110111011110011011111111010101100110100110011111111101111111111111
5
11011101101110111110110111111010011100111001100110111111010100110111111001111111
154
11111111101111110111111110101010111111010011111110111111011111101011100110010110
35
111111111111111111011110111111100111101110011101111111111110111111011010111111
76
11110111111111111111111111111111111111010111011111111111111001111111110111101111
81
11110110111011101111101111111110111100111101111011110111111001110101011111101111
150
1111011101101111111110101111111011111011011110111111101011111101101001111101101
54
10011100111111101111011111011101111111100101111011111111101101111111101000101101
55
11101111011101101111111111111011101110111011101101101111111110101111111111111100
97
11111011111011110101111101011111010111111111100110110101111111110001010011111111
199
11111111011111010111111011110111111111111110111111101110111011110111111111001100
85
11111111111010111011111111111111111111111111111111111110111111101111011111111111
148
11111011110111011010101111111110111111100111111011111111111111111101111111111011
101
11111100110111111011111111111011111011011111111110111111111111001011110101111011
77
10110111110111110111111011110011100101111010101111110011111100111111101100101111
199
11111011101111011100010011111111110100011010011111010111101110111101111111111111
110
11111101111111010011101111011111100100011111111011110111111111111101000111110100
160
111111111111111111111111101101010110111101110101111111111101111011110111111111
50
1011111000110111101111110111110001111111111111000011111111100110111011111111111
39
11111111110100100011111111011001111111111010100011011110111010111111111100110001
87
11011111111111111100110111110010111111111011001111111111111011011111011111111101
90
11000110101111111110110111111111011111111111111111101111111111100111011111101111
41
11011111111111100110110111011110101001010101111010111100110111110111110011111111
48
11111101111111011010111111110111101111010100111111110111111111111011101111111111
117
11111111111111101111101111101011011110011111111111110111111011111110011111111111
192
11111110110101111111100111111101111111111100111111111111101000110111111001011111
165
