90 100
10100000100100000000100000000000010010010000000000010001011101000010001010000010100
129
100000011000000000001000010001011110010000010000000100000000000100000001000000000000010
156
11100000001000000000100001000010000001000100000001010000000110100010000100000000001001010
44
110000000111001000000001000010000011011010110010000010000100010000101010000000100000000000
82
1000000000100000001000000010010000011110010010010000100000001000001010100000000000000100
200
100000001000000000011000000000000011000000000000000001001000000000000011001000001000000001
135
11000000000100010111000001000000000000000000011000010000010000100000000000010010101
188
100000110000000000100010101001001000000000000101000001000100000001000000000000000010000100
44
10010000001010110100001100100000000000000000100000001000000000000000000
152
101000011100101001001000000010000000010000000000010101010010110010000100011000000000111101
33
101010000001000001010000000000011000010000000100000001000000000001010000010101001001000010
135
10100100100000010000100010000000000000001000011001001001100010000010000000000000000
135
110000010011001000110000110000000000000000000100000100000000011110000100100000000000000000
189
10000000000000000000000000100000000000001000100110000000000000000100100000101010000100
166
100000100100100001101000001110100010001100000001000110000000010010100001000000
35
111101100000000010100010100000100000000000010000010000001010000000010000001001
62
10000010100000000111001000001000000000000010000001010000010100000000000010000110001
20
10000010000000000010000000000000000000000000001100101010101000100000100001000000
118
100000000001000000001100000010000000110001100000100010000100000000000000010000000001101100
172
1000011001100100000100000000010010000000010010010000010101000000000000000111000000101000
19
1000100001000000100001100100000010000100100000010001100000001100000000010000000010000010
86
1010000000000000000000000000100000011010000000000010000000000010010110001011000
112
11000000010101000001000000001000001000000000001000010000000000100000011010100001001001011
132
10000001110110000101001000100110000010001100010001000000000000001010001111101101100000
92
100010010000000011000100100000100000000010000000000000010000000000000010100000010000
93
1010100010000000100000011000010000001000101000010000001000000000000000001000000001010001
58
100000001000000100000010000000010000000000011101000000000010000000000000000110001000000
16
1010000001101000000000000100000000001111000000000001010000000000000000000000000001000000
105
1001001000000000000000000000010100000100000000001000000010110000000000000000001000
58
100010100000100100000000001100000001000000000001000000000000000001001010100000100000010000
28
100001001010100001001010100000010000000001100110000001000100000000000000001001
30
10000100000001000100000010011000000000000000000010000000000101000001000100011010101100001
73
10010000000010100000000010010000001100100000000001000000000111010010000010000011001001
54
1010100101000000001001001000101000001000000001000010000100000000010000100000010001000100
11
1010000010000101110000001000100001000000010000001000000000000000000001000011110
13
10000000011000010000010100000000100000000000010000010001100100000101000010101000101011
77
1001000000000000001010000101000110001000000000000000000010010000000110100100010000000010
7
11000000000010000001000001001010000000110000010000000101111000100000010000010
192
100000100010000000000010000010000001011000110101001001000000011000000000000000
166
100000011010010010001000010010100010001000000000001111000010010000000000000011010000
146
1110100111000000000000000001100001101111010000011101000001000000010000000000000100000
195
101000001000000000000100010100100000100000000000101000000000100000000010001001000001000
165
10000000000000010000001000000011000000000100110000001000000000000011000010
185
101000000101010000100000010000000000100010001100000001010110000000010001010010001100
11
1100000000100000011000000000000000000000000100000100001100100000100001001000100
68
100000100010001100100001000000000100000001000101000000110000000000001001000010110000000
107
10000010010000001100000000000000000000011000000000010000000000000010010000000010001000000
84
100100000001000100001001101000000000000000000100001101000000000100101000001000000100100100
73
1101000010100000000000000100001100000000010100000101000010000111000000000110000
122
110001000000001001000000100000000001100010000100000010000000110010000000000001001110100100
69
100110101101000000001010100001000000011001000100000000001001000001000000010000001000000010
55
110000000000000000001000000000100100000010000010100000100000000000000111000000000000
82
10100110001000100010100000000110000000000010010001100001010000010010000000001100001000000
55
100000000000000001000000000100000000000010000100000010001001000011000001000000100000100
113
10010000001001001001100000010001000001110000101000000001000111111001000000000010000
28
1000000001100010000100000000000110101000000000000000000100110001001000000000011000001
171
10000100000010000000100000000100000100000000001000100011000000001100000000011000100000011
28
10000000000000000000000011000000000011001000000000010001000001001001000010010001000
38
100000000100100100010100000000000101010000001000000000110000000001000010010000000000010000
27
100000101110010000100100010000100000001000000101001000000000100000000000001000
123
110000000000110000000000010010000010000000010000000000000000000110100001000010011011000010
125
1000001000011000011100001000000000000100001000000001000000010000000010000001000100101100
129
1010000001000000011000101001000000000010001000000100111001000111000001000001010000000
66
10001000000000100000000010100000010000010000000000011000000100010000000000001100000
26
100000000010010000000001000010000010000010000000001001000000010000000000000101010010
147
100000001000010100001000010100010000000110100101000111000010000100000001000000000011100000
98
100000010000000010010000000111000000001100000000000000001000100000001000000101010100000110
47
10000000000001010000001010000010000000000000001000000001000000000000011010010000000000001
163
1010100000001001001000000010000100000000100100000000000000000001000000100000101000000000
35
100010000000100000000000001000000101000000100000000000000001010010010000000000100000
49
10000000000010000000100011001000000010000000010000001100001000000011100001000011000000100
195
101010000011101000000000000010000010000100001000010000000100000000000001000000001100000001
101
11000001100100000000000000011000101001000100000000000011000000001000010000100100000001
182
100010100010001001000111001000010100000101000000010001000100000000000010100100100000000
146
1000100000010010001000100000000100000001010000000000000000001010100000100001000
15
1001100101100000010000000001000001100100000010000101000000010001000000000000000001011
11
100000000100000000111000000101010000001010000100010000010100000000011010000010001000100000
107
100100011101000100010010001000000000001000100000010000000001000000000001010000000000010000
132
1000000011000010000000001100001000010000100000000001001001100000101000000100000
52
100000000000100100000000110000100000000001011000001000000010010010010000000000101000
58
10000001000001000000001000001000000000010100000011001000000101000000000001110000001
41
11000010000000001000001000100001001000010000010100110010100000000100000000000001010000
100
1001100001010110000000000000110000101000000000001000101001000001001000101000001000000
118
10000000000010010100100110001000000000000010010000000010100000000000000000000100011010001
192
100010001001010000100000000110000010000100001000000010000000000001000000001100010011010010
159
100000001100001010001000000000000010000000000000000110100000000010000000000000000100111
141
10000001000010100000000010100010100010000010110000110010100000000000000010100101000011100
142
100001000100000000100011000001000110001000010000000000110000011000000100100011100000000000
51
1000000101100001000000000000000001000010100000101000000101000100101000000001000
71
10000100101001000100000010111000100000000001010000000100100100000001111010000000100000
4
11110000000000000000010000001010100001000000000100110001000000100000101001011000101000100
158
10100000000110100000011010001000001001000101110000000000000100000
73
100101000110000000110010000010000000000000110000111111000100000100010000000001010010000
72
100010100001011010010000000000000100110001000011011000010000001000001100100010100010010010
115
10000000000000000101010001000000000010001000000001000000101100001100011001000000000100100
41
110000000100100000001100000010001011110000001000000000000000001000000101000000001000001010
188
100010000000100001000000000001001000000000010010001000001100101000000100000011000
2
100010010100011000000000110100010000001001001100011010000000000000000000000100101000010000
106
100001000100001100100000000110001010100010011000101000000000001100000010000000
37
110000000000011010000000110000000100000100000001000000000000001101000000010001110110000
83
