90 100
111000111111111111111111111101110111111111111111111111111111111111111011110111111111111101
129
111111111111111111111111111011111111111111011110110011111111111011111111111011110111111111
156
111111111111111110111111011111111101011111110110101111101111111111111101111111111111111111
44
111111101111111111111111111111101111111011111111011110110110011111111111011011111111011111
82
111111111101111111011111111111111111111111111111110001111101111111101111111111111111011110
200
111111111011111101011011111111111111110111111111111111111011011111010111011111111111111111
135
111111111111111011111110111111011111111101111111111011011111111111101111011111111110111111
188
111111111111111011111111111101111111111111111101111111111100111011111101111101110111111110
44
111111011111111111111011110111110111111111111111111111111010101111111101101110111111101111
152
111111111111111111011111111111101110011111111111111111111111111111110111111111110111111111
33
111011111111011111111111111111111011111111111111011111101111111111111111111111111111111111
135
110111111111111110010111111111111111111101111101111111101111111101111011111111011111101101
135
111111110111111111111111111111111111111101111111111111111111111111111101111110111111001111
189
111111110101111011111111111101101111111111111111111111101111111111011110111111111111111111
166
111111101100111011111111111111111111111111101111111111011111101111110110111011111111111011
35
11101111110111111110111110111111111101110111111111111011111010111111111111111111111111101
62
111111111111111111111111111111111101111111111111111111111011111111111011111111011111111111
20
110111101011111111011111111110110111111111111111110111111111111111101111110111111111011111
118
111111111111110111011110111111111101111111101110100111111111111111111111111110011111111111
172
11111111101100111110111001101111111111101111011011111011111011111111101111111111111111111
19
111111110101111110111111111111111111111111111111111111100111111110111111110101111111111111
86
111111111111011111010111110100111001111111010011111101010110111111111111111111111111111110
112
11111101111111111101011111111111111111011111101011111111111011111011111111101111111111111
132
111111111111111111111101111111111111111111101111111111111111101111111011111111111111111111
92
110111110111111111111111111111111111111111111011111111101111111111111111111111101111111101
93
111111111110101011111111111111110110111110111111111111111111111101110111011111111111110111
58
10111011011111111111111111001111111101111011111111111111011111111101010111011111111111111
16
111111111111111110111111010101111111111111111111011111111110110111111111111011111111111111
105
111001111111011101111111111011011111111111111111110111111111111111111111101111111011111111
58
111111111111111111111101111110111111101011111011111111111111111111111111111110111001111111
28
111111110111110111101111111111111111101111110111111111111110101111111111111111111111011111
30
110111111110111111111111111111111101111110011111111111111101101111101011111111011111110011
73
111110111111111111111111111111111111011110110110110111111111111111011110111011000111101111
54
11111101111111111011111111111111111111111011011101111111111110011110111111110111111111111
11
111111011111111111011111111111111111111111111011111111111111011111111011111110111111011111
13
111110111111111110111111111111011011111111111111111111110111111111111111001111111111111111
77
111111111111101101011111111111101111011011011111101111111111111011110111111111111111111011
7
111011111111111011111111011111111110111111111111111111111111011111111111010111111111111110
192
111111011111111010111111110111111111111111011111111111111111111111110111111111111111111111
166
110111111110111011111011111011011111101111111111111111111111111110011110110111111111111111
146
1111111110111111011011101110011111111101111111111111111111111111100011110111111011110011
195
111111101111101111111111111111111111111111111111111111101111111101110111111111111111111111
165
111111111111101111111111111111111111111111101111011111101110111110111011011011101111111111
185
111111111111101111111111111111111010100111111111111111110111111111111101111101111111101111
11
111011111111111111110111111111111110111101111011111110111111110111111101101110111111110111
68
11111101111111111111111111101111111101111111101111110111111111101111101111111111111110101
107
111101111111111111111011011111111101110111101111111110111101110111111011110011111111011111
84
111111111111111111111101101111100111111111111111111111111111111111111111101111111111111111
73
111111111111111111011101111011111110111111110101111111111111111110111101111111111111111101
122
111011011111111111111111100111011111111110111101110111111111111111111001101111101111111111
69
111111111101111111111111101111111111111111111111111111111111111101111111011111111111011110
55
111111111111011011111110111111111110111111111111111110111111111111101111101111111101111111
82
111100111101111100111111111111111111111111111111111111111111111111111101110111111111111111
55
101111111111110111111111111111111111111110110111111110111001111111111111111111111111111101
113
100111111111110111111101111111110111111110111111111111111111111111111111101011100111111111
28
111011111111111111111111111001111111111111111111111111111111111111111111111111111111111011
171
111111111111111110111110101110111111111111011111111111111111110111110111111111101111101111
28
111111110101111111011111111111111111111100111111111101111111111111111111111111110111111111
38
111111111111110101111111111111110111111111111111111111111111111111111111110111111100111111
27
11010111111111110111110111111111111011101111111111111111111111111111110101111111111111111
123
111111111111111110111111111110111111111111111101111001011111111111110111011111111111111111
125
11111111111011111111111111111111101101111011111101111111111111101111111111111111111111111
129
110111111111111111110011111111111001111111111111011011111111111111111111111111111111011011
66
101111111111111111111110110111111111111111111111101111111111011111111110111110111111111010
26
111111111110111111111111111111111111111111111111111111111111110101110111111110111101111111
147
111111101111111111111101110111011111111111111111111111101111111110111111111011111111111111
98
111110011111101111111111111111111011111100110101111111011111111101111111111111011110011111
47
111101011111111111011111111111111111111111111111011111111111110110111111110111011011111111
163
101111111110111111111110111111111111111111110111111111110011111111111111111111111111111111
35
111111111111111111111111110111111111111111111101111101111111111111111111111111111111101111
49
111110111011111111111111111111111111111101111111111111111111111111111101111111111111111110
195
111111111111111110110111010111110011110111111111011111111101111101101111111001111111101101
101
111011111111110111011111111111111111111111111111111111010111111111111100111111111111101111
182
110101111111110111111111111101111111111111111101110111101111110111101111111111110100111111
146
111001001111101111111111111111111101111110111011101111011011111110011101011111110101111111
15
111111111111111110111111011111011110111111111011111111111110010111001111111111011111111111
11
111111101110001111111111111111111111011111110110111111111111111011111111111111111111111111
107
111111011111110111111111111111111111111111111011111111101111111011111111011111111110011111
132
101111111111111111111111011111111011111111111111100110111110111101101111111111111111101111
52
111111110110111111111111111111111111111111011111111101111111111111111111110111111111111101
58
101111111111111110011111111101011111111010111111101111111111101111101111010111111111010111
41
111111011111111111111111011111111111111100110111111110111111101111111111011111111111111111
100
111101111111111111111111001111111111111101101111111011111101111111111111100111011101111101
118
111110111111110111101101111111111111111111111111111111111111101111111011010111111111011111
192
110111111111111111110101111111111111111111111101111111111110111111111111111111111111111111
159
111111111111111011011111111101111111011111111111111111111110101111111110111011111001111111
141
111110111110110101101111111111110111011101111111111111111111101101111011011110111111111111
142
111111111111111111111111111111111110001111111111111111111010111110110100111111111111111011
51
11101111111111011111111111111111111110111101011111101111111111101111111111111110111111111
71
111011011111111111111101101111111111111111111011111111111111111111011111111111111111110101
4
111111011111101100111110111011111111111110111111111111111111111110101111111111111111100111
158
1111010001111111111111111111101111111111111111110111111111111111111111111111111011101111
73
110111111111111111011111111111110111110111111111111111111011110111111111111111111111111111
72
111111111111111111111111111111111111111111110111111101111111011111111110111111110111011111
115
11001011111111111111111011111111111111101111111011111111111110111111111111111111101101110
41
111111111111111111111111111111101111111111101111101101111101111011111111101111111110111111
188
111111111111111110011111111111111111111111111111111111011111111111111111111111101110111111
2
111111111111011011111110111111011111111111111111111111011111111011101111111110111111111001
106
111110111101111111111111111111111011111111011111111111111111111101111111111110111011110101
37
111111111111111111111111011111111111111111111101111111111011011111111111111110111111111110
83
