90 100
110000110100001100100010010100000111000011110011011010001010101011101011010001011000011101
129
101111000111000011101111101011111011111011001110000000100000010000101001001001000000100111
156
111110000001110010011110001001010100011010100100101011100111111111110000101001000011101110
44
110000001111011001010001111011001111011011111010010110100100010110101010010011100010001101
82
111100111000101111001101111010011000111110110111110000101100101101001011101111011000011100
200
101000001010111000011001001111010011110000100011000011011010001111010011001011001000010001
135
100011000001000111010111110011000010101110111111011000110011110000110010010001010111111
188
100000111011011010110110101001011001010110010101110101110100000001001000110000100110100100
44
1010000111100010111011000001110111100011111110100111001010001111100001101100101000100101
152
101000011101111111011001000010000010011111000111011101111010111011100101011110110000111111
33
111010000101000011010001001000111010010000111100000011000000100101110110110111011101001010
135
100000110111100100000010000110110100001001110001001111001111101100111011111000001000001100
135
110001010011101011111111110001000101010101011110100100000101011111000100111010001101000000
189
100011000101010000101101101000100011110111011100110110001001001011001100100010101110111100
166
11100000000101010100110110011101011011110101111001100010111101110010010111010111111000001
35
10001000010111101100000100010100110101110100011100011011101010000001010101010110101111001
62
101101010010011101110001111001111001000010000100111010101010001010110010010000011000111001
20
10100100011111110010011110010110110101001000000010101011110101010101001100010110101001100
118
101001010011110000011110100110001100111101101000100110110110001111001110110010010001111110
172
1000011001100100000110001001010010010100010010010111010101001100001001100111100010101011
19
1101100101111000101001100110100010110101111101110111100100111100100000010101100110000010
86
10010010001011110000101100000000000010100000011010000010110110000011011011011110111011100
112
11100101010111010101000000001110011011010011101010110000110001110001111011101001011011011
132
1111001111111111110101011110110111111110101100010011011110001110101010001111101111111100
92
100011110110110000000111001101100010110110011011110110101111010000000000101011101001010000
93
11011100010001000101000011000110100101110101100111111111010010000000000011111100111110111
58
10100010001011100110100010001000010001000000011111101001000010101101000011000111111001110
16
101010000101101110101000010100001001001111100000010001011110100011000000110011011101001010
105
110000001001001101011100000000000000010101010111000110001010001010111011101010100000011000
58
110111111100100101101100011100011101100001010001110111110000010101101010111000111000011000
28
1000001100001001010111101101110100010010000110101101110000011111111000000001100001001
30
10110110000001010111011010111110000000010010010110000110001101010001001110011011101100011
73
111010010011110010111110000011110001001110110110100001111011100111011110000010000011001011
54
11011100101010001001001111100101100101010001011000111010100000000110011100100110111000101
11
110111001111110001010000111110001111010111001001110111111101010011111001001000001101011110
13
11110100000111000010011010101010001110000000101010110010011111101010101001111111100111011
77
111101001010101000011010001101000110011001000010100000000111010011000111110110111100011010
7
11000001010011000100000011001101100001011011110100110110010000111111111000100000111110010
192
111110001010111000100011110000000111000010001001111000111101111011010110111110000110000010
166
100011101000011010010010001000010110101011001001100001111111100110010000010000111011010000
146
1011110110111001000001000110001101011101111111101011111101111001000010100001010000110010
195
111101000111101000111100110011110100100110011110010111000001001101010011011101001001111001
165
110111110100111100001010111110110101000101011000100101100111000101001001000000011100011
185
110110111100101111111100100110010010000001101010001111010111010110100001011001011010101101
11
111000010011101111010111011111011010011101101001100000111100110001101100001110111001100100
68
11111001111111101101111101100010000101110011100101000001111001000000001011101011110100100
107
10101111010110011111011010001010000100011100000100010011000000110010011010011111101010001
84
100100100011010100101001101111000010011110100110001101001110101101101010001000000110101110
73
100000110001111011011101110010110010101011110000110110101001111100110001111100111100110001
122
111011001110111001000001100000000011110010010101100010000110110011111001000111001110111111
69
101111101101100101101010100011100110111011001111000001101111100001001010010100011001000110
55
10100110110010001110000001101100010110110000110100110100011101100001011001111001000001110
82
10100110001000100011111000011110001111101010111001100011110011011111001100011111001011111
55
101101101000000000001101111111111000000000010011101100110001001101011100001001001110000100
113
111111111000111111001111101110010011110011110000101011010011101111111001010000111010011
28
111011101110111101010111100000000001110111100101100100110001100110011011011110101111110011
171
10000101101110010111110100010110110101100000001100111011000100001100001011111001100001011
28
10000110000110110000000010011011011100000111101001000010010001100111011011001110110001001
38
101010100101110101110110000111000111011010011101000010110110100101000110010111001000010110
27
1000000100100000101110011100101101010100100000011110000101011000000100101101101101101000
123
110000000000111000001101010010101010000000111101101001011000011110100001000110011111111010
125
1001101111011011011111111100101100100110001001100111111110111100000111100111011101101110
129
110101011101011110100011001111111000000101010111000001111111101100111101111001001110001010
66
101100011001010000110110000001010100101011001011101110001011000011101010101100100001100000
26
1100010101111110000010001110011000010010110010000001011100101110011011000001101010010
147
100101001000110110011000010101011000101110110111010111000010110100110001111000111011101010
98
101100011000001111010101101111000011011100000001000110001011101000011010000111010100011111
47
10000000010101110000001010101110000100011011111010011101010110100001111110110001001101011
163
1011100010001011101000010110100110001011110100011001000010011111100000110101111110010001
35
1100110010000111101101000000001110101101000001110100110111110101110111110000011010101100
49
110000101010011000101110011001100011110001011011101011111111101000011101001110011100001100
195
111011100011111100100011010011000011000110011011011100101100000001000101110000001110001001
101
11101011110101011001011011111011111101000100011011000011000011001000010010100100100001
182
100101110100110001001000111001110110101101101000110110001000110010101001111111100100000010
146
11001000101000100001110110111110100011010110001001111011000001010000001011110100100001011
15
10001001101101100001010001010001100101110101000011000101100000010001111100011001100001011
11
101010000100000011111111010111010100011011000110111101010110011010011110001011001101100001
107
101101011101000110011010101000111000011000111010011111001001111010000111011011000000010100
132
110010101110010111010010000111011110101110010100100001100101101101111110111101010100101
52
100010111010110100001101110000101001010011011101111010000010110011010100011010101101
58
1110010000101110001011001101011001100010111011101110111011101001101000000011001110000011
41
101011010010100000001010001100110101001000010111110110111010101100110101010111011101010010
100
110001101100001010110110001001010110110101100110101001001101001100111001000111000101011000
118
11000100100010110100101111111001010101101110111101110011111001100100000010000100011010111
192
110011001111111101100001101110100111011100011101100010010000100011101100101110010011110111
159
1111100011110011010001001000100111010110000101100000110100000101011100111011001000101111
141
11010001100110100000111010111010111010101110111010110010101101000111010011110101000111101
142
100001000101100001111111010101101110001111011001100010110010011000100100110111100000000001
51
1000001001011010101110001010110010000000001001110101100111000101111110101101000000111001
71
111010000101101101001100000110111100100001000001011111101101110110000101111110111011100001
4
111110000001101100000010100001110110001010111010111111111111000100100101111011010101000101
158
10010001011100111100111110100100111100101011010001000011001100101111100101000001100000
73
110100101100111000000110010001010110010110111110101111111000100110100111001101001011111111
72
100010101111111011110110110010001100111101100011011100110010011010011110100011100011010011
115
10001001101010101101110011001011100110001000001001010100101100001100111001000001000100100
41
111001110111110110011100111010001011111010101110000001101100101010110101100011001000011111
188
10111011110011000000100001000100100101101000110101111010001110111111101001000100100011111
2
101110011100011001101100111111010011101011101110111010001100001011000100101100101101110001
106
10000001110111000101001100101001111110011110110110011010101000001011111100111010110001
37
1110010101011011010101001111100000110011111001011001001010010001101011000110001111111010
83
