90 100
10100000000000000000100000000000000000010000000000010001011100000010001000000000000
129
10000000000000000000001010010000000010000000100000000000100000001000000000000010
156
1000000000000000000100001000000000000000100000001010000000000100010000100000000001001010
44
111000000000000000000000010001010100000000000000000000000001000000000000000000000
82
1000000000100000000000000000000000011000000010000000000000001000000000000000000000000000
200
100000001000000000000000000000000001000000000000000001000000000000000011001000001000000000
135
1000000000000010010000000000000000000000000011000010000000000000000000000000000000
188
100000000000000000000010000000001000000000000100000001000000000001000000000000000010000000
44
1010110000000000000000000000000000000000001000000000000000000
152
100000001100100000000000000010000000010000000000010000010010110000000100011000000000111000
33
101000000000000000010000000000010000000000000100000000000000000000000000010100000001000010
135
100100100000000000100000000000000000001000000000000000100000000010000000000000000
135
10000010001000000010000000000000000000000000100000000000000010010000100100000000000000000
189
10000000000000000000000000100000000000000000100100000000000000000000000000000010000000
166
100000000101000000000100000000100000000000110000000000010000000000000
35
11100100000000010000010100000000000000000000000010000000000000000010000000001
62
10000010000000000010001000000000000000000000000001000000000100000000000010000100000
20
10000000000000000000000000000000000000001100100000100000000000100001000000
118
1000000000100000000000000000001100000000010000000000000000000000000000001100000
172
1000001001000100000000000000010010000000000000010000010100000000000000000100000000101000
19
1000000000000000100001100100000000000100000000000000000000000100000000000000000010000000
86
1010000000000000000000000000000000001010000000000000000000000010000110001011000
112
1000000000001000000000000001000001000000000001000000000000000100000000000100001001001001
132
10000000010100000001001000000100000000001000010001000000000000001010001110101100100000
92
100010000000000011000000000000000000000000000000000000010000000000000000000000000000
93
1000000000000000000000011000010000000000001000010000000000000000000000000000000000010001
58
100000001000000000000010000000010000000000010001000000000000000000000000000010001000000
16
1000000000101000000000000100000000000001000000000000010000000000000000000000000000000000
105
1001001000000000000000000000000000000000000000001000000010000000000000000000000000
58
10100000100000000000000100000001000000000000000000000000000000000010000000000000010000
28
10100001000000100000010000000001100100000001000000000000000000000000
30
100000001000000000000001000000000000000000010000000000101000001000000010000000000000
73
10000000000000100000000010000000001100000000000000000000000010010010000000000000001001
54
10000101000000001000000000001000000000000000000010000100000000000000000000000001000100
11
1000000010000000000000000000100000000000000000001000000000000000000000000010010
13
10000000010000010000010100000000000000000000010000000001000100000101000010000000001011
77
1000000000000001000000001000100000000000000000000000000000000000100100100000000000010
7
1000000000010000001000001001000000000110000010000000101110000000000000000000
192
10000000000000000000000001011000000100000001000000001000000000000000
166
100000011000000010001000010010100000000000000000001010000010000000000000000010010000
146
1100000110000000000000000001000001001000010000000100000001000000000000000000000100000
195
101000001000000000000000000000000000100000000000100000000000100000000000000001000000000
165
10000000000000010000000000000001000000000100010000000000000000000010000000
185
100000000001010000000000000000000000100000001100000001010100000000010000010010000100
11
1100000000100000001000000000000000000000000000000100001100100000000000001000100
68
10001100000001000000000000000000000100000000000000000000001001000000010000000
107
10000010010000000000000000000000000000011000000000000000000000000000000000000000000000000
84
100000000001000000000001100000000000000000000100000000000000000100101000001000000100100000
73
101000010000000000000000000001100000000000100000100000010000111000000000010000
122
10001000000001000000000000000000000000000000000000000000000000000000000000001000110100100
69
100000100000000001010100000000000010001000100000000001001000000000000000000001000000000
55
1000000000100000000010000000000000100000000000000010000000000000
82
100000001000100010100000000100000000000010010001000000010000000010000000000000001000000
55
100000000000000000000000000100000000000000000000000000000000000010000000000000100000100
113
10000000000001001001100000010000000001100000000000000001000001100000000000000010000
28
1000000001000000000100000000000100001000000000000000000100100000000000000000000000001
171
10000100000010000000000000000000000100000000001000100001000000001000000000001000000000010
28
10000000000000000000000001000000000001000000000000000000000000001001000010010000000
38
100000000000100000010000000000000100010000001000000000000000000001000000010000000000000000
27
10000000000000000000000000000000001000000000000100000000000001000
123
110000000000000000000000000010000010000000010000000000000000000110000001000010011001000000
125
1000001000000000011100001000000000000100000000000000000000010000000010000000000000001000
129
100111001000110000000000000010000000
66
10001000000000000000000010000000000000000000000000011000000000010000000000000000000
26
100000000000010000000001000000000000000000000000001000000000010000000000000000010000
147
10100001000000000010000000100000100000010000000000000000000000000000001000000
98
100000010000000010000000000100000000001000000000000000001000000000001000000000000100000010
47
1000000000000000010000000000000001000000000000000000000010010010000000000001
163
1010000000000000000000000000000100000000000100000000000000000001000000100000000000000000
35
100010000000000000000000001000000001000000100000000000000001000010010000000000100000
49
10000000100000001000000010000000000000000100000000000011100001000010000000100
195
101010000001101000000000000000000010000000001000000000000100000000000001000000001000000000
101
1000001000100000000000000001000101000000100000000000011000000001000000000100000000000
182
100000000010000001000011001000000100000000000000010001000000000000000000100000000000000
146
1000000000000000001000000000000000000001000000000000000000000000000000000000000
15
100000000000000000000001000000000000000000000000000000000000000000000000000001011
11
100000000010000000101010000000010000100010000010000000000011010000000000000100000
107
11001000100000000000000000000001000100000010000000000000000000000000000000000010000
132
1000000001000010000000000000001000010000000000000001001001000000000000000000000
52
100000000110000100000000001001000000000000000010010010000000000100000
58
1000000000000001000000000000000010000000010000000000100000000000000010000000
41
11000010000000001000001000000001001000010000000100110010000000000000000000000000000000
100
1000100001000000000000000000100000101000000000001000001000000001000000101000001000000
118
10010100100010001000000000000000000000000010100000000000000000000000000000001
192
100010001000000000100000000100000010000000001000000000000000000000000000001100000001010010
159
10001000000000000000000000000000000010100000000000000000000000000000101
141
10000001000000100000000000000000100000000010110000100010100000000000000010000100000001100
142
100000000000000000100000000001000010000000010000000000000000011000000100100000000000000000
51
100100000000000000000000000000010100000000000000001000000100000000001000
71
10000000101001000000000000110000100000000001010000000100100100000000100010000000100000
4
100000000000000000000000001010100000000000000000000000000000000000101001010000100000100
158
10000000000110100000000000000000000000000000010000000000000000000
73
100100000000000000100010000000000000000000110000111110000100000100000000000001010010000
72
10000000000000000010000000010001000010000001000001100100000100010010010
115
1010000000000000000001000000000000000101100000100001000000000000000000
41
10001011010000000000000000000000001000000101000000000000001000
188
10000000100001000000000000001000000000000010000000001100001000000000000010000
2
100000000100011000000000110100000000001001001000011000000000000000000000000100100000010000
106
1000100001100100000000000001000100010011000000000000000001000000000000000
37
110000000000000000000000100000000100000100000000000000000000001000000000000000110000000
83
