90 100
110000110101001100110110010100000111000111110011011110001010101011111011010001011000011101
129
101111010111001011101111111011111011111011001110010000110100010010101001001001010100100111
156
111110001001110110111110011001010100011110100100101011100111111111110100101001000011101110
44
110100101111111101010001111011001111011011111010011110100100011110101110010011111110011101
82
111100111001101111001111111011011001111110110111110000111101111101101011111111011100011100
200
101001001010111000011001101111011011110010100111001011011010001111010111001011101000010001
135
100110011101001010111010111110011001010101110111111011000110011110000110010110001010111111
188
100010111111011010110110111001011001010110011101110101110100100001011000110000100110100100
44
11010000111100010111011100001110111101011111110110111001010001111101001101110101000101101
152
111100011101111111011001000110000110011111100111011101111010111011100101011110110010111111
33
111010100101011111010011111010111011011001111100000011000011100101110111110111111101001010
135
100010110111101100000010000110110101001001110101001111001111101100111011111001001011101100
135
111001010011101011111111110001010101010101111110110100101101011111001100111010001101000000
189
101011000101110010101101101000100011110111011100111110101001001011001100100010101110111100
166
11100000000101011110111111011111011111111101111111100011111101111010010111010111111100011
35
10101010010111101100001100010100110101110100011111011011101010000101110101010110101111001
62
111101010010011101110001111001111001000010100111111010101011001011110010111000011101111101
20
10100100011111110010111111110110111101001000001010101011110101010101001100010110101001100
118
101001010011110000011110100110001100111111101010100110110110011111101110110010010001111110
172
11011111001100100010110001101010010110100010010010111010111011110001001100111110010101011
19
11101100101111000101011110110111010110101111101110111100100111110111001010101111110010010
86
11010011001011110000101100000000000010111000011011000010110110110011011011011110111011110
112
11110101010111010101010010011110011111010011101010110000111001111001111111101111011011111
132
111111001111111111110101111110111111111110101101110011011110001110101011101111101111111100
92
100111110110111101011111001111101010110111111011110110101111110001110011101011101101010000
93
111111101010101010101100111001110110101110111110111111111011010000000000011111101111110111
58
10100011011011110110101111001000010001010000011111101001001011111101000111000111111001111
16
101011010101101110111000010100001001001111110000010001111110100011000000110011111111001010
105
110001111011011101011100010001010011010101010111100110001011011010111011101111100000011010
58
110111111100100111111100011100011111101011010001110111110010011101101110111010111001011001
28
10001000001100001001010111111101111101010010101110101101110000011111111010001101100001101
30
10110111010001010111011110111110000000110010010110001110001101010001001110011011111110011
73
111010010011111011111110110011110001001110110110100101111011100111011110100010000111001011
54
11011100101010001001001111101101100111010001011000111010100000010110011110100110111000101
11
111111001111110001010000111111001111010111011001110111111101011011111011011110001111011111
13
11110100000111000010111110101010001110000000111010110010111111101010101001111111101111011
77
111101001010101100011110101101000111011001001010100100001111010011000111110110111100011010
7
11000001010011010100000011001101100001111011110100111111011000111111111000100010111110110
192
111110011010111010101111110000100111001110011001111000111101111011010110111110001110000110
166
100011101100011010010010101010011110101111001001100001111111100110011010010000111111011000
146
1011110110111011000011000110001111011101111111101011111101111001000010100001110000110010
195
111111000111101111111100110011110100100111011111010111000101101101010111111101011001111001
165
111111110100111110101010111110110101000101011000100101100111100101011001010101011111011
185
110110111100101111111100100110110010000011101010001111010111011110100101111101011011101101
11
111010110011101111010111111111011010111101101001110000111100110001101100001110111101100100
68
11111001111111111101111101100010011101110011100101000111111001001000001111101011110110100
107
10101111010110011111011010001011100100111101000110010011000000110111011010011111101010001
84
110100101111010100101101101111000011011110100111001101001110101111101010001001000110101110
73
110100110001111111011101111010110010111011110000110110101101111100111001111111111100111101
122
111011001110111101100101100001010111110010011101110010001110111111111001000111001110111111
69
101111101101100101111010101011111110111011001111000001111111100101001010010101011001000110
55
10101110110010001111010001101100010110110100110100110110011101100001011001111001000001111
82
10100110001000100011111011011110101111101110111111100011110011011111001100011111001011111
55
101101101000000000001101111111111000100000010011111110111001101111011100001001001111000101
113
111111111000111111101111101110110011110011110100111011111011101111111001011000111110011
28
111011111110111111010111110000000101111111101101100100111001100110011011011110101111111011
171
10000101101110010111110100010111110101100000101100111011111110001110001011111101100001111
28
10100110000110110011000011111111011100100111101001100011010001100111111011011110110001001
38
101110100111110101111111010111010111011011011101000011110111100101000111010111001100011110
27
1000000100100100111110011100101101010100100100011111000111111001000100101111101111101100
123
110000001001111100001101011010101010001000111101101001011100011110100001000111111111111110
125
1101101111011011011111111111101100100111011001100111111110111100000111110111011101111111
129
110101011101011110110011101111111001000111111111010001111111111101111101111101001110001011
66
101100011001011000110110000101010100101011111111101110001011010111111010111110100011100000
26
11001111010111111110010110101110011000011110110110110101011110101110011011110011101010010
147
100111001001110110011100010101011000101110110111011111001010110100110001111000111011101010
98
101100011101101111010101111111001011011100010001001110001011101100011010000111010100011111
47
11000000010101110000001010101111000100111011111010111101010110110001111110110001001101111
163
1111100010001011101000010111110110001111110110011111000010111111100010110101111110011101
35
1100110010100111101101000111001111101101011001110100110111110101110111110000011011101100
49
110000101011011011101111011011100011111001111011101011111111101000011101011111011101101100
195
111011101011111100110011010011100011000110011011011110101101010101000101110000001110001001
101
11101011110101011101011111111111111101111110011111000011100011011000010010101100100111
182
100101111101110001001010111001110111101101111000110110001100110010101001111111110100000010
146
11001000101000100101110111111110100011010111001001111011000001010000101011110100100011011
15
10001101101101100001010001010011100101110101000111000101100000010001111101011001110011011
11
101010000100000111111111111111010100011011100110111101010110011010011110001011001101100001
107
111101011101010110111111101101111100011000111011011111001101111010001111011011000100010100
132
1110010111110010111010010010111011110101110011100100111100101101101111110111111010100101
52
1110010111011110100001111110000101001011011011101111010000010110111010101011011101101
58
1111110000101110011011011101011011101010111011101111111011101001101000010011001110000011
41
101011011010110000101110001101110101001000010111111110111011101100110101011111011101010010
100
110101101101001010111110001001010110110101100110101001111101101110111001000111000101011000
118
11000101100010110100101111111101011101101110111101110011111001100100000010010100011010111
192
110011101111111101100101101111100111111111011101100010010000100011101111101110011111110111
159
101111110111110011010001001100100111010111000101101010110110001111011110111011011000111111
141
11010101100110101001111110111010111010101110111010110011111101000111010011110101000111111
142
100001110101110001111111010101101110001111011001100111111010011000110100111111101000010011
51
1001001001011010101110101010111010010000001011110101100111010101111110111101000110111111
71
111010011101101101001100000110111101110111111001011111101101110110000101111110111011100101
4
111110001001101100001110100001110110011010111110111111111111110100100101111011010101000101
158
111010001011100111101111111100110111110101011110101000011011110101111110101000001101100
73
110100101110111011010110010001110110110110111110111111111000100110111111101101011011111111
72
100110111111111011110110111010011100111101100011011100110010011110011110100011100011010011
115
10001001111110101101110011011011100110001000101001010100101110001100111101000001000100100
41
111111111111110110011100111010001011111010101110000001101101101011111111100011001000011111
188
10111011110011000000110101000111100101101101111111111010001110111111101011100101100111111
2
101110011101011001111100111111010011101111101111111010001100001011000110101100101101110001
106
11010000101111111010101011100101001111111011110110110111010111000101011111100111011110001
37
11110010101011111010101001111100010110011111001011001101011010101101011001110001111111010
83
