90 100
110000010100001100100010000100000000000010110010000000000010001011101000010001010000010101
129
100000011000000100111001010001011110011001010000000100000000000100001001000000000000010
156
111100000001000010001100001000010000001000100100001011000100110101010000100000000011101010
44
110000000111001000000001101011000011011010110010000010000100010110101010010000100000000001
82
1100010000101010001001111010011000011110010010010000100000101000001010100000010000000100
200
101000001000011000011001000000010011000000000000000011001010000011010011001001001000000001
135
11000000000110010111000001000010000000101000011000010000010000100010010000010110101
188
100000110000000000110110101001001001000100000101100101000100000001000000100000000010000100
44
100000011010000001010111100001100100000111000010001100000001000000001000000000
152
101000011100111101001000000010000010010000000001010101011010110011000101011110000000111101
33
111010000001000011010000000000011010010000010100000011000000000001010010010101001001001010
135
10100100100000010000100010000000000000001001011001001001100111000111000000000000000
135
110000010011101010110101110000000000000001001110100100000000011110000100101010001000000000
189
100011000101000000000000001000100000110000001000100110000000000010001100100000101010100100
166
100010100100100011101000001110101011001100000001000110000000011010100111000000
35
10111101100000000010100110100010100011000001011100010000001010100000010000011001
62
1100010000010101100001111001110001000000000000010010001010001010110000000000010000111001
20
10000000010001110000000010010100010000001000000010100001100101010101000100000100001001100
118
100000000011000000001100100010000000111101100000100010000100001001000010010010010001111100
172
1000011001100100000100001000010010000000010010010011010101000000000001000111000000101011
19
1000100101001000101001100110000010000100100000110011100000001100000000010101000110000010
86
10000000001010000000000100000000000000100000011010000000010010000000000011010110011011000
112
11000000010101000001000000001110001001000000001000010000000001100000111010100001001001011
132
10000001110111000101001010110110100110101100010001001000000000001010001111101101101100
92
100010110000000011001101100010100010000011110110100101010000000000000010101000010000
93
11010100010000000101000011000010100001000101100110110001000010000000000001011000011010001
58
100010001011000100000010001000010001000000011101001000000010101000000000000110101000000
16
1010000001101100100000000100001001001111000000010001011000000010000000000011011001000010
105
1001001000001000000000000000010101010110000000001000001010111000001010100000011000
58
100010100000100100100100011100000101100001010001110110000000010101101010100000100000011000
28
1100001001010101101101010100010010000010001101110000001001100000000001000001001
30
10000110000001010110000010111000000000010000010010000000000101000001000100011010101100001
73
10010010000010100110000010110000001100100010000001001010000111011010000010000011001001
54
1010100101000001001001101000101000101000000001000011010100000000110000100000010011000101
11
1010001010000101110000001000110001001100011010001000000000000001000001000011110
13
10000000111000010001010100010001100000000000010000010011110101000101001010101000101011
77
1001000000101000001010000101000110011000000000000000000110010001000111100110010100000010
7
1000001010011000000000010000001100001011010110000110000010000100101111000100000110010010
192
110010000000111000100011100000000010000010000001011000111101101011000010011000000000000000
166
100001101000011010010010001000010010101010001000000000011111100110010000000000010011010000
146
1110100111001000001000100001101001101111010001011101000101000000010100001010000100000
195
1101000001100000001000110010100100100100000000000101000001000100010000010101001001001000
165
10001000000010000001000010010000101000001011000000001100110000001000000000000011000010
185
100010101000001101010000100010010000000000100010001110000011010110000000011001010010001101
11
11100000000110010011000000001000000000000000101000110001100100001100101001000100
68
10110001111010001100110001100010000100110001000101000001110000000000001001000010110100100
107
10000010010000001100010000000010000100011100000000010010000000100010010010000110001010000
84
100100000011010100101001101000000000000100000100001101000110101100101000001000000110101100
73
100001111000011101100010110000101011100000000010100001101000010001111000001000110000
122
110011000010001001000000100000000001100010010101100010000000110011010000000101001110100101
69
100110101101000000001010100001100000111011000101000000001001100001000010010000011000000110
55
110000000000000000001100000000110110000110000010100000100000001000000111000000000000
82
10100110001000100010101000011110000100000010010001100011110000011010000000011110001000110
55
100100100000000000001100101101111000000000010000101100010001001001011000001000001100000100
113
11010110000001011001101101000010011000011110000101010000001001111111001010000010010010
28
100001000000001100010100100000000000110101000001000000010000100110001001001010000011010001
171
10000101100110010000110000010100000101000000001000100011000000001100001001011000100001011
28
10000010000000110000000000000011011100000011101000000010010001100011001011000010010001000
38
101000000100100100010100000000000101010000001101000010110010100001000010010000001000010010
27
1000000000100000101110011000101101010000100000001010000101001000000000100000100101001000
123
110000000000110000001000010010000010000000010001101001001000001110100001000110011111010010
125
1001101101011000011100011000100100100100001001000101010010010000000010100011010101101100
129
101010100011000000011000101001000000001010101000000100111101100111000101000001010001000
66
1100010001000000000110000001010100100010000010100000001011000001100010000100000001100000
26
1100010000010110000000001010010000010010010000000001001100100010001000000000101010010
147
100000001000110110001000010100010000101110110101000111000010000100000001000000000011100000
98
101100010000000011010100000111000000001100000000000110001000101000011000000101010100000110
47
10000000000001010000001010100010000000000000001000000101010110100001011010110000000000001
163
1011100000001011001000000010100100001001100100000000000000011001000000100000101000010000
35
100110010000000100100000000001100101101000000100000000011010001110010110000010000100000
49
10000100010011000001100011001000000010000001010000001100001100000011100001110011000000100
195
101011000011101100000011000010000010000110001000010000001100000000000001010000001110001001
101
11000011110101001000010001111000111101000100010011000011000000001000010000100100100001
182
101110100010001001000111001110110101000101000100010001000110000001001010100100100000000
146
11000000001000100000110010001010100000000100001001010001000000000000001010100100100001010
15
10001001100101100000010001000001000001100100000011000101000000010001010000000000100001011
11
101000000100000001111101000101010000011010000100010101010100001010011010000010001100100000
107
100101011101000100010010001000100000011000100010011100000001000010000101011010000000010000
132
10101000010111000010000001001100001100010000100001000001001001100110111101000100101
52
100000010000100100000000110000101000000001011000101000000010010010010000011000101000
58
10010000001100001000001001000001000010110010100110011011000000101000000000001110000011
41
1011000010100000001000001100100001001000010001110100110010101000000100010000000101010000
100
10001001100001010110000001000010110000101100110000001000101001000011001000101000101001000
118
10000000100010110100100110101000010000101110111000010010110000000000000010000100011010011
192
100011001001010100100000100110000010000100011100000010000000100001000000001100010011010010
159
1101000001110001010001000000000001010110000000000000110100000001010000000010000000100111
141
11000001100010100000001010101010110010000110110010110010101101000100000010110101000111100
142
100001000100100001100011000001000110001101010001100010110000011000000100100011100000000001
51
1000000001011010101110001000100000000000001000010100100101000100101000100101000000001000
71
10010000100101001000100000010111100100001000001011010001100110100000101111010010000100000
4
11110000000001000000010000001010110001000110000110110101001000100000101011011010101000101
158
10000001001100010000110110000000111100000011010001000011001000101111000000000001100000
73
10100101100111000000110010001010100000010000110000111111000100100100011001001001011110100
72
100010101001011010110010000010001100111001100011011000110000001000001100100010100011010010
115
10000001000000100101010011001000100110001000000001000100101100001100111001000000000100100
41
111000100100110000001100000010001011111010001100000000000000101000110101100010001000011010
188
100010100010000000100001000000000101001000000001010010001100001111101000000100000011000
2
100110010100011001101000111101010000001011001100011010000000001000000000000100101000010000
106
1100011000100001100101000100110001010110010011000101000000000001100000010100000
37
110000000001011010000001110000000100001101000001000000010010001101011000110001111110000
83
