90 100
111000111111101101110111111101010111010111110111111110111011111011111011110111111111111101
129
101111111111111111101111111011111111111011001110110000111111010011111001011001110101100111
156
111110101011111110111111011101111101011111100110101011101111111111111101101101010111111111
44
111111101111111111010111111111101111111011111110011110100110011111111110011011111110011101
82
111101111001101111001111111011011111111110111111110000111101111111101111111111011110011110
200
101011111011111100011011101111011011110011111111101011111011011111010111011111111101010111
135
110111111101011010111010111111011111011101110111111011010110111111001111011111111110111111
188
100110111111011011110111111101011011111110111101111111111100111011011001111001100110111110
44
111111001111111111111011110011110111111111111111111111011010101111111101101110111101101101
152
111101011111111111011101010110001110011111111111111111111010111111110101111111110111111111
33
111011111111011111010011111110111011111011111100000111101011100111111111111111111101111110
135
100010110111111110000111010111111101111101111101101111001111101101111011111001011111101101
135
111101010111111111111111111111111111011101111111111111111111111111111101111010101111001001
189
101011010101111011111111111000100111111111011110111111101011011011011110111011111111111110
166
11110101000111011110111111111111011111111101111111110011111101111110010111010111111111011
35
11101010010111111110111110111101110101110111111111111011111010000101111111010110111111001
62
111111011011111101110111111111111101011111111111111111111011101011110011111111011111111101
20
10110100011111111011111111110110111111111010101010111111110111011101111100010111101011100
118
111111110011110011011110101111001101111111101110100111110110111111111111110010011111111111
172
11011111001100101110110001101111011111100111010011111011111011110101001111111110111111011
19
111111100101111100101111111110111010110111111101111111100101111110111101110101111110011011
86
111111011111011110010101110100100001011111010011111101010110111110111111011011110111111110
112
11111101011111110101011010111111111111011111101011111011111001111011111111101111111011111
132
111111101111111111111101111111111111111110101111111011111110001111101011101111111111111100
92
110111110111111101011111011111111011111111111011111110101111110111111111101111101111111101
93
111111111110101010111101111011110110111110111111111111111111011001100000011111101111110111
58
10111011011111111110111111001100111101011010011111111111001111111101010111011111111111111
16
111111111101101110111111010100111111101111111011010111111110100011001110110011111111111011
105
111001111111011101011101111001010111010111111111110111111111011111111111101111101010111011
58
110111111110111111111101011110111111101011110011110111110011111101111111111110111001111111
28
111101100101100011101111111111111111101011010111111111101110101111111111011111111110011111
30
110110111010111110111011111111111100110110011110110111111101101110101011111011011111110011
73
111110111011111111111110111111111111011110110110110101111011100111011110101011000111101011
54
11111101111011101011111111111101100111011011011101111111110110011110111110110111111011111
11
111111001111110111011010111111101111111111111001111111111111011011111011011110101111011111
13
111110101010111010111111110101011011111000110111011110010111111101110111001111111111111111
77
111101111111101100011110111111101111011011011111101101101111111011110111111111111100011010
7
111000001111111011110111011101111100011111111111101111111111010111111111010111111111110110
192
111110011110111010111111110111101111111111011101111101111111111111110111111110001111011111
166
110011111110011011111011101011011111101111111101100111111111110110011110110011111111011111
146
1011111110111011001011100110011111111101111111111111111111111111100010100111111001110011
195
111111001111101111111101111111110111101111111111010111101111111101010111111111111001111111
165
111111111111100111110111110111110111111111101111011110101100111110111011011011101111111111
185
110111111111101111111111110111110010100111111110111111110111111110110101111101111011101111
11
111011111111111111110111111111011010111101111001110010111111110101111100101110111111100101
68
11111101111111111101111101101111011101111111101111110111111111101111101111111111111110101
107
111101111111110111111011010101111101110111101101111110011000110110111011010011111111011011
84
111111111111011101101101101111000111011111110111111101101111111111101011101101110111101111
73
111111111111111111011101111011110010111111110100111111111111111100111101111111111111111101
122
111011001111111111110111100011011111111110111101110111001110111111111001101111101111111111
69
111111111101111111111110101111111110111011001111101001111111100101111011011101111111010110
55
10111111111011011111110111111110010110110111111111110111111111111101111101111111000111111
82
111100111001101100011111111111110101111101111111111111011110111111111101110111111111111111
55
101111111110010110011111111111111100111010110011111110111001111111111100111011111111011101
113
100111111111110111111101111111110110111110111110111111111111111101111111101011100111111111
28
111011111111111111110111111001111111111111111111100101111111111111111011011110111111111011
171
110101111101111110111110101110111111101100011111110111111111110101110111111111101111101111
28
111110110101111111011111111111111111101100111101011101111110101101111111011011110111101111
38
111110111111110101111111111111110111111111111111010111111111101111111111110111111100011111
27
11000111111111100111110011101111111010101101111111111101111111111111110101111111111111111
123
110111011111111100101111011010111110111101111101101001011111011111110011011111111111111111
125
11111111111011011111111111111111101100111011111101111111111111101001111111111111111111111
129
110111111111111110110011101111111001111111111111011011111111111101111111111101111110001011
66
101110111001011111110110100111111100111111111111101110111111011111111110111110111111111000
26
11011111110111111110111111101111111110111111111111110101111110101110111111110111101111111
147
111111101011111110011100010101011111111111111111111111001011111110110111111001111011111011
98
111110011111101111010101111111011011011100110101111111011011101101111010101111011110011111
47
111100000110111111010111011101111001111111111111011111111110110110101111110111011011111111
163
101111101110011111111000111111111111101111110111111111110010111111111111111111111110111101
35
101111111111110111111101000111111111111111111101110101110111110111111111111001011111101111
49
111010111011111111101111111111100111111001111111111111111111111111111101111111011111111110
195
111111111111111110110111010011100011000111111011011111111101010101101101110001001111101101
101
11101111110111011111111111111111111111111111111111010111111111011100110111111101100111
182
110101111111110111001110111001110111101101111100110111101111110110101111111111110100110111
146
111001001111100111111111111111111100111110111011101111011010101110010101011110100101011111
15
111111101111111100011111001111011100111111101010111001111100010010001111111111011111011111
11
101011001110001111111111111111111111011111100110111111110111011011111111111111111101111111
107
111111011111010110111111111101111111011111111011111111001101111010111111011111011100010110
132
1110110111110111111110010010111011111101111111100110111110111101101111111111111110101111
52
111011110010111111110111011111111101111011011011111101111110011111111111010101111011101101
58
101111111101101110011111011101011111101010111111101111111111101111101001010111111111010011
41
111111011011111111111111001111110101111000010111111110111111101100111101011111111101111111
100
111101111101101110111111001101011111111101100110111011111101111111111101100111011101011100
118
11010111111010110101101111111111011111111110111101111111111001111110011010011101111010111
192
110111111111111101110101111111111111111111111101111010111110111111111111101111011111110111
159
111111111111110011011011111100111111010111001101101011110110001111111110111011111001111111
141
111010101100110101101111110111110111010101110111111111111111101100111011011110111011111111
142
100101111111111111111111111111111110001111011111111111111010111110110100111111111111010011
51
11101101011011011111111111010111011110101101011110101111111011101111111111101110111111111
71
111011011111101111101101001111111111110111111011111111101111111111011111111111111011100101
4
111111001011101100001110111001110110011110111111111111111111111110100101111011110101100111
158
111010001111101111111111111100111111111111011110111010011111111111111111101101001101111
73
110110111111111111011111011101110110110110111111111111111011110110111111101111111111111111
72
100111111111111111110111111110111110111111110111111100110111011111011110100111110111011111
115
10001001111111111101111011011111101110001111111001111101101110011111111111111111101100110
41
111111111111110111111111111111101011111111101111000001111101111011111111101111001010011111
188
110111111111011110011111111111111111111111111111111111010011111111111101011111101110111111
2
101111111101011011111100111111010111101111111111111111011101111011001111111100111101111001
106
111010001101111111111111111111111001111111011111110111111111111101111011111100111011110001
37
111111110111111111011111011111110111110111111101111001111011011111111111001110011111111110
83
