90 300
110000010100001100100010010100000001000010110010011010001010101011101010010001011000010101
129
100101000011000000100111001010101011110011001110000000100000010000101001001000000000100111
156
111110000001010010011100001000010100011010100100101011000100110111010000101001000011101110
44
110000000111011000000001111011001111011010110010000010100100010110101010010010100000000101
82
11100011000101110001001111010011000011110010111110000101000101001001010101101010000010100
200
101000001010011000011001000001010011100000100011000011011010000011010011001001001000000001
135
11000000000110010111010011000010000010101101011000110010010000110010010001010110101
188
100000110011010000110110101001001001000100000101100101010100000001001000100000100010100100
44
10000011100010111010000001110111100011101110000111000010001110100001100100001000100000
152
101000011101111101001001000010000010011100000101011101011010110011000101011110100000111111
33
111010000001000011010000000000011010010000110100000011000000100101010010010101001001001010
135
10101100100000010000110010100001001100001001111001011001100111010111000000000001000
135
110001010011101010111111110001000000000001001110100100000000011110000100101010001000000000
189
100011000101010000100000001000100010110100011000100110001000000011001100100000101110100100
166
1000000000100010100100110011101001001110101011001100000011100110000010111010110111000001
35
10000000010111101100000000010100110100010100011000011011100010000001010100000010001111001
62
101101010010010101100001111001110001000010000100111010101010001010110010000000010000111001
20
10100100011101110000000010010100010001001000000010100001110101010101001100010110101001100
118
100000010011010000011100100110001100111101100000100010100100001011001010110010010001111110
172
1000011001100100000100001000010010000000010010010011010101001100001001100111100010101011
19
1100100101111000101001100110000010100100111000110011100000011100000000010101100110000010
86
10010010001010000000000100000000000010100000011010000000110110000010011011011110011011100
112
11100001010101000001000000001110001001010011101010110000000001110000111011100001001001011
132
1011000011111111110101001110110110111110101100010011011100000010101010001111101111101100
92
100001110010110000000111001101100010100010010011110110100101010000000000000011101001010000
93
11010100010000000101000011000110100101110101100111111101010010000000000001111000111110011
58
10100010001011100100100010001000010001000000011111101001000010101000000001000110101000000
16
1010000101101100100000010100001001001111100000010001011010000010000000100011011001001010
105
10000001001001101011100000000000000010101010110000000001000001010111011101010100000011000
58
110010111100100100101100011100011101100001010001110111100000010101101010101000111000011000
28
1000001100001001010101101101110100010010000110001101110000011111111000000001000001001
30
10010110000001010110000010111010000000010000010010000010000101000001000110011011101100011
73
10010010110010111110000011110000001100110010000001111011000111011110000010000011001001
54
1011100101010001001001101000101000101000000011000011010100000000110011100100010111000101
11
1011110001010000111110000101010111001001110011111001000000111001001000001000011110
13
1110000000111000010011010101010001100000000000010100010011111101010101001111111000111011
77
1001001000101000001010001101000110011001000000100000000111010011000111100110111100010010
7
1000001010011000000000011000101100001011011110100110110010000100101111000100000110110010
192
110110001010111000100011100000000110000010001001011000111101111011000010011010000100000000
166
100001101000011010010010001000010010101011001000000001011111100110010000000000111011010000
146
1110100111001000001000110001101001101111111101011101000101000000010100001010000100000
195
11101000011100000011100110011100100100100011110000101000001001101010010010101001001011000
165
10001000000010100001000010010010101000101011000000101100110000101000000000000011100011
185
110010101000001101010100100110010010000001100010001110010011010110100001011001010010101101
11
1000000011100100010111010111011000001000100001000000111100110001101100001110101001000100
68
11110001111011001100111101100010000101110011100101000001110001000000001001001010110100100
107
10100011010010011101011000001010000100011100000100010011000000100010010010011111101010001
84
100100100011010100101001101011000000011110100110001101000110101101101010001000000110101110
73
100001111000011101110010110010101011100000110010100001111000010001111100101000110001
122
110011000110011001000001100000000001110010010101100010000110110011110001000111001110110101
69
101111101101000000001010100001100100111011001111000001101111100001001010010000011001000110
55
10000110000000001010000001100000010110110000110100110100000101100001001000111001000000010
82
10100110001000100010101000011110000100100010010001100011110000011010000100011111001010111
55
100101100000000000001101111101111000000000010001101100110001001101011000001000001110000100
113
111110111000011011001101101000010011110011110000101011000011001111111001010000011010011
28
100011100010111101010101100000000001110111100101100100110000100110011001001010001011010011
171
10000101100110010010110000010110100101100000001000100011000000001100001011111001100001011
28
10000010000000110000000000000011011100000111101000000010010001100011011011000010010001000
38
101000000100100101010100000010000111010000011101000010110110100001000010010100001000010110
27
1000000000100000101110011100101101010000100000001110000101011000000000101100101101101000
123
110000000000110000001001010010001010000000111101101001001000011110100001000110011111010010
125
1001101111011010011110111000100100100110001001000101011110011000000011100011011101101110
129
10101011101011000100011000111111000000101010111000000110111101100111000101001001110001000
66
1100010001000000110110000001010100101011001010100010001011000011100010100100100001100000
26
1100010100111110000010001010010000010010110010000001011100101110011010000001101010010
147
100100001000110110011000010100010000101110110111010111000010110100000001011000100011100000
98
101100011000000011010101101111000011011100000000000110001001101000011000000111010100010110
47
10000000010101110000001010101110000100010010111010000101010110100001011110110001001101001
163
1011100010001011101000010110100100001011110100010000000000011101100000100100111110010000
35
100110010000001101101000000001100101101000001110100010011010001110011110000010010101100
49
10000101010011000001100011001100001010000001010000011110011101000011101001110011000001100
195
111011100011111100100011010010000011000110001000011000101100000000000001110000001110001001
101
11100011110101001001011011111000111101000100011011000011000010001000010010100100100001
182
100101110100010001001000111001110110101000101000100110001000110010101001111110100100000000
146
11000000101000100001110010101010100011000100001001010001000000000000001010100100100001011
15
10001001100101100000010001010001000001110101000011000101100000010001010000011001100001011
11
101010000100000001111111010101010000011010000100010101010100011010011010001011001101100000
107
101101011101000100011010101000100000011000101010011101001001010010000101011011000000010100
132
10010101110010111010010000111011110001110010100100001000101101101101110111101000100101
52
100000011000110100001100110000101001000011011000111010000010110011010000011000101100
58
10010000001100001011001101001001100010110011100110111011000001101000000010001110000011
41
101011000010100000001000001100110101001000010111110110110010101100010101010100000101010010
100
10001001100001010110010001000010110110101100110000001001101001100111001000111000101011000
118
10000100100010110100101110111001010001101110111000110010111001100000000010000100011010011
192
110011001111111101100001100110000010010100011101100010010000100011000100001100010011010010
159
1101000011110001010001000000000011010110000000100000110100000001011100000010001000101111
141
11000001100010100000111010101010110010001110110010110010101101000111010010110101000111101
142
100001000101100001111111010001001110001111011001100010110000011000100100110111100000000001
51
1000001001011010101110001000110000000000001001110101100101000100101100101101000000111000
71
110010000100101101000100000110111100100001000001011111101100110110000101111010110000100001
4
11110000000001000000010100001010110001010111000111110111111000100100101111011010101000101
158
10000001011100111000111110100000111100101011010001000011001000101111000001000001100000
73
10100101100111000000110010001010110010110101110101111111000100100100011001101001011110111
72
100010101101011011110010000010001100111001100011011000110010011000011100100011100011010010
115
10001001000000100101010011001010100110001000001001000100101100001100111001000000000100100
41
111001100110110110001100000010001011111010101110000000001100101010110101100011001000011110
188
101010110010000000100001000100100101101000010101111010001100111111101000000100100011101
2
100110011100011001101100111101010011001011101110111010001100001000000000101100101000010001
106
1110011000100001100101001100110001110110110011000101000001011101100100010110000
37
1110010000011011010001001111100000110011101001001001001010010001101011000110001111111010
83
100011010010000110011110001110011101010000101011000001110001000001001101010000000110000
168
11110011101100001100001010111010000000010101100011011001101111011100010110000100110010000
86
111110101001001001110100001010101010101000011010000000010100111100001101100001100111110001
104
1100001000000110100000100010010110001100101000000100001000101011000000001111100000111100
195
1100010000100000101101010001110101000101010110100011110011010000011001110101000000110011
90
1110010110011010111000000000000100111001010010100010000000011010011000010111111000
199
111101110000100010000010010010000001100010001100010101101100110101011100000011000100000010
34
100000000001100011100111111010101111011100001001010101110001101001001000110101011000110100
191
101000100101101110000001110010000100100010100100000000101000000000001011001001100110110000
33
100010101110110000110111100010100001011001111010100000010010000000001001110110011011010001
101
10101010110100110001100010100000110111111101010111100010001110100100100010001100100111111
37
10110100110010001100001011000101010101101000101000010100011110110101010011000010011110000
14
10110101011111101101010111001010101110000100101010010100011111001000001101000001000101111
141
110001000000011111101011010110111110010100101110111110101010011100000000011001001000110100
80
11011110001101100000011001000010110000101010010100000100101000111000101101011110100001000
106
11100010010010000010001100000101111011001000011011011001010011000001000100100000100000
86
111101000010001001000000100101111001101010011001101001111000001000000001011100010000011
81
10000010101010001000000010000000011110001011001110000001000010100101000110100001101101000
134
111100000000111110000111011010001000110000000101000100011111110100010010010011010100100011
191
11011011011100000001010001000000110100100100101010010100100000010101100000110010001111110
94
10100010100100111101010011000101100101010000100000100110011100010010110111010011100100111
130
1000101100101000000010100011001111110010011000000100011001111110000000010011000100101
176
1100101111000100101000100011110110001010000001100111100110000111010010001110101100100
168
100100100010111100100100011100000011001101011001110101101100001000001110011100000100001
103
101100110001101000011000010001011010010010111010101101101110011101000110101110010000001
55
1010110001110100000010111100010000001110011011000100110100001011111101000000001010101001
17
100110000000000001100110010011100101100101100110101110111000011110010001010100100000
13
10001101010111010100000011010010010001111010010011101100010100011001000000100000001110110
60
10010100100000001110001001100111111000010000001011010011101110111100101001011001100011000
57
110110101001010100010100111101011101011010000100101000001001001011101000111100010000010
139
10110011110010111110000000000100101000011000100110000101011100010110001000000110101100111
132
111100000100100100100101101110001110111101000001110010010100011011001011010000011101100
44
11101100111000011100010101101010010000001100101111110011110000010011101100100100010010
53
1010000101010001101101000000100100000001000001101100001001110111011101010001000010100001
88
110100110101010000000110000011010000111011100111111101101000100001111000101100111001100
23
11010010001001000011010100101000011011100111100010001011000010111001000000101001000100010
140
11011000110110111101110011111110101111001111001101010000000101100010011010110000001100100
12
111000000001010101010110110000000000101010000111111110100001000100011010010010111001111101
22
1011000000110110101000011100010000000010010001000100010010100000101100011010101110111011
116
11111011111000001011011110011101000001100000100100000001010010010100001100010010100100000
82
10000001010100000011101101000000000001001011000111010110010111111010010001011000010000101
102
1000000010001001110010001110001011010001010110000011000011101000100110110001010010110011
147
1001001100000001000110001001010001000111000001100111101000100000001011110101101000100111
185
11001011101100101100000010110010011111001011110000100110000000110111111000000001010001
115
101011001001101000011010100001110001010000010100000000000000010000110001110100000000000101
12
100110100000001001011100100100110100110100010100010010100011100001101101001000010011100111
174
101100011001010001000011011001101110010001000000001000000001010011001010011010001011101000
22
10010010011110110101010101000001100111101011000101000100001001001000010001100100100001010
170
101101111100000100000000000101100100000000011011000000010111100000001011100111110011100111
28
100011100010001010100010010001000101111011101100000010100111011010010001101100000100010
183
1010000001000100001011001000010110100000111000111000110000000000000010011100001000000
130
1010001100101001100011100011011001010011110111010011000011001000010111001110001010010011
125
10010111011001100000010000100011100000011000000011010101101010011100001000111000101110110
58
101011110001111101000100000000000001101011010000010110111011101001011101010010100101110010
178
110100000101111001101100101110010000010000010101010000011000000101000100101000011110010010
119
1101001110010100100011100001100001000000010110111101000010101000001010001010001
33
111011001101110101101010000000110000100110001000000010010001101000000000100011110100000001
138
100010010101000000010001011001010100100010010000100001001110100000010000100111110010100110
59
101000100100011000011111000001101010000010001110100011000111100100100101100000000010100100
34
1001001011000000000110011000110000010110110011101000001111000100000011110111101100001000
173
11101011001010011010100010010000000000100001101001001011110001001001010001000011010
110
10000000010010010000100000001110110111011001000001010110011010000010100110010010000100110
55
101000111001000010100101110010011011110101100010100010100110000000000100010000100101011100
104
1001001000111000011111110001000100010100000000100001010011100011100110101100010110111100
178
1000000110010100000010010010011011100001000011100111111010001001000010010110001010101001
100
100101010000010000000010010101101001010101000101100100101110111100010101010110010111010100
141
111011001110010000011110111011100000000111011011000001000111101010000001001110001010010000
173
1111000010101001111000011100001100000110110000010110001000101110100101110100101110000
25
111001001011000101000001100011010110101000011001100000010100011000001001011000100111101000
120
1001000111110010010000001010101111010111000010110011010000001110000111101110001110000001
182
101010000000111001101000001100110000001011000100011010000111111111000011000100010010100
11
101011101010000011100010000010000000000111110101000011110001001000101000111101100101010010
33
100001001000001010101110000011010110110010110110110010001001110100000100001000011001101101
8
110011010100010001111011001000010010110110001101000011000010011101100111011101110001010
200
11101110010111100100011010101000000000010100101010110000111101001100000100010100000011
119
101010000000111110010000000100101100100001010000101000010000000010110110010010011000001000
18
100000000001111001000111100010011100011000010101010000011010100101000010001001111000000
80
101111111111101000011001110001010111011100101000000000001000101100011101000001001100001100
73
101100110011000110000010000101100101011000010010001010111010011010001001001111001000000000
143
100010110101100000101011110110100011101011000010111000010001011110110010001100001000110101
14
10001101111010000100111000100001001110100101010001110000100101010110011011101000110111
187
111001000000101010010110000010100001001000101111000011000010010001111000100101100111000101
177
100110000100000101110011000010101110000100000101111101000111000100000110101010111100010011
34
10000101100101000010000000001010010100010100110001100110000011010000010111100010001000001
103
101000110000000110000010100000100001000100101000001101011101011010001001001010100100010001
89
111010000001001101100110111010000001000011001100100000011110010101101011010110110101100
162
100100011010111101101001001000010111000001001001010000010111001101110010001000100100101001
44
110101010010100001011011101000011100000000000010101000000101000110110001101101001110110010
33
1000011000000000100010000000101011000000000010000010010100000101111000101100000000011100
100
100000010100010100010111001110110111011011001011100011100010000000101000101010100010010
36
1000101100000010010010001011000010000100001000010010000000101100100001010101110100100101
28
1010101001011000000000110100111100011101000001100011000000010011100111000010001110000000
7
10000010000011001101111011000000000101001010000101110001100010001100100011000010110110010
189
10001000001101000101000110001000000110010010010000000000011001001000010000100000000001
67
111000100000000000010011100010010000001011000011011011001101100000110011111011000101100100
35
100000000100000111000000000101100110000001110000110001101010111100000111011000111000001010
18
111100110001000010001001000101100001001001101010110100001001110001010010101001100000001111
32
11101011011001000000000100011101011110100100011000001101000111001111000011010101000010
137
11010001111110001110010011100101101001010100110100001110001000101100101000111101000011000
47
110100010001100010000101011001001010100000100010011111110000000000010010101101100010011101
10
111011110100110011010000010001001101100011010111000001000111000011000001101100010001001
14
111001010010110001000010110100000010010000001110010111100101001101111111000001101100000111
118
1010101110101010001011101111110101001100011110101100100111111111011110000100011011011
169
110101010100001001000010010010100100001000011010011010001010000011001100111000101100000
90
10001100010111010000001101000000011101000101111000100000011100101100110000111000010000000
116
1000011110101100101011111100100100110100001011000101100000010101000000000100000110100101
200
1010011101101001100010001011001010110000000100010001011000000110001110001001010001100000
75
11101001110000011111110000100001101101000111000001010111100101000011101110000010100100101
153
111101011111101000011100000111111110000110001101010100110001000100101110000011111011001110
37
10101000000001000100001110110000100011100001111100010111001100001001011010001000111100001
178
101011111111001001000100000110001000010011000110010001000001101100001000000100100010010000
62
110001011101000110011100011001000000000010000000110101100000011001101001100000000001100001
100
101101000001010110000100110110001000111001001001010011100110010000001011110101
184
1100000010001100001100011001001000000001110101100111000000000101000000110010000101111000
134
11000100010001101001000011001011010011011000100000011000010011000110100011000110010110100
139
100111100011000110001011101000111111100001110011101001100111001110001000011101000000000110
41
1101001111000110110010111100010011000000100111010101000001110000000110100011100100010111
84
11110000010101110000100101100000111011010000100101111000100100000100101010101001000001000
47
1000100000000011011001011001011010001100111000000000000100000010011110010100001100010000
155
10000010110010011101011111000101101010101010100011010101000011101101100001111000
120
11000010111101011111001000101101000001101111010001011100011010001000100001100110110110001
135
100111001010011000100101010100010011100101001100100010100010000000010010010101011011000001
17
1011011010101000100000000101010110011000010011001001000000010010001010010100010000011111
161
101001001101000001000010100000000000111111101011110100000000111001010000000001110011000
24
10100000001110101001000101000101101001000010100010010000001000000101101000000000101100110
45
10100010001000100101110000001110110010001001000001110100100011011000000100101001101000000
174
11110110100011100101011100010100011000000100000000000010000100111010010101001000101111011
137
101110101000100010010100101111110001101010000111000110110010101100010101000100000001101
51
1010001101100011011001111100010100100010010001110000010011110011011000010001001000110110
144
1010001010001000001010001110101111110100111110100011010010001100010101100000000011101110
154
11111001101001000000001101000100011101011111110001011110011000001000010001000111010000
78
1101010000001010111010100011010110011001110111010010010011011011000000001001110000001011
103
100000001000101100111000001011111000010100000110010000110010100011010001001011100000011010
88
111100001001001000001000101010010010000000001011101000000001000100010111111110001101000010
83
110010001011001000011001000100000001000110001010110001100111110000101101001010000100010
172
1001100010100010111101110100001011010010000000100100000010000000000100001101100010110000
75
101011011000001000111010001010110100011100000011000010101010001000000001101100100001100000
131
10001000010100010111000000010001010010001100110110111110010010110010000000010000000010010
3
111000000001101011000000000011000100010001111010101101000000100000101011100011000010101010
42
110001000100011011100000101000010011000110110011110100000010000110101101100010000000010110
47
10001010110011011111101100010001010100100011100100100000000101100100000100001100000000100
89
100000011000001001001110010011001100100010000000101000100101100100000101010011001011100
117
10000010000000010010100011000101011000001100100101100000000000100110000110000100000010
35
100100100101001101111110101000011100000011000001011100010011000001100100010100000011011000
170
100110100001010100000000111011000001110110010011101101000001110110101010000000110001010
63
11101111111100100011011010100101010001010100100110101111000110100011001001010100100001010
4
100001010011111010000001100001100001001011000110011010010100111001001010111010010011101111
28
101011101010110100000010000000001010000000010000001110101101000101100111101100011111010
178
11000100110001001001011000100100110100001000100000000001000000100111100010100010000000011
148
1111000000100100000000100001011110101000100111100001010010011011110011101011101000010011
80
110100111000010110000010010001010101101101001010000001010111010101111100100110110001100000
25
1011000011000000111011000001011011110100000011000110011000100000000111001110011000000000
86
100000010010110101110000011001000110001000000011000011100000000011001110000000101000100101
58
10101001000000111100000001011110010010100010000111110011000101010000000011100010101000101
71
10100001001011000011101111011111000011111101000000100101000000001011000000000101111100101
53
100011001010110000000101101100000111010001110100010110100000111100000000001111000010001001
86
100001100101100100001101000100101110001000100010100000000110100001010000101001111000101000
137
100010100100000010010110010100010100011101000101011000010000101010000111110101001000100
155
111010000001100011001011000100001100010110101101111011110010000101101010011000101101101010
116
110001010001100010001011001010010111010011110001000011100001100001101011011101101111000001
38
100000100011101000100100100111111100011011000011011001110100001000110000111000001100100001
97
11000000010101011110100101001100100101110000100101101110101101011000101001110010000001
59
110011000001011000000011001110000000000010000000011110001000100010000100100000110001001111
183
101110101001010101101001101101000001100010110101100100111000100001000100001100000000001100
94
100110101101011101011100100100001101000000011100110101000100001011110101100100011010001010
54
1101111001000000001000110100001001010000000110110011110001000011001000010100000101010111
41
111001001000000000101000011100110101010000000111000111101110110011000111000010010000001001
28
10000011110000000110100000101100100000101101000000001001010001001001000000000101000011
154
110011100000001111110111000101101001000010100010010010000001001000110001011010101001000100
157
110010010000101000110001000110000100010010101001000100100100110101110000100001101010001011
150
1001001011011111101010010001011010000100010000111010010101011111000000000011010101001
47
111000001111011110010000000100010001000111100100011000100001010000110110011000101010000
38
100110110010011100011010001101101001010101000000111001001000101101010000111101100111101
11
111010101110101001110000010010010100110001001000001010111110001111101010101000000001111100
139
101000010110011100000001001000110111010010000110001101010001110101001010010101111001100101
188
110001000110101011000000111011101011001010111000010001000001000000110010000100011001100000
159
100010000001100000100000101000111100000100001101000000000000100100011000010100010100101000
173
10010000110001000111000011001000001000100101011011000010000010001010101000001100010010
157
100010111100000011001000101001010010000111111011101011110000101000101111001110000000000010
8
110010000000011100010001001110110010010101100100100111000101000111011100011000011111101
100
11110110111110011101011101000100111000100011100000111100110000010011000100010100010101000
23
10100000110000000101010010000001000000001100000000000000010000011011110011001010100111010
187
100000011000101010011001001100101001101110101010010101010100100001110000000001010000010111
69
11001111110100011010011110100111001100111011101100001100111101010011001001110001011010100
146
11110100000001110101010110001110011000110001110100100101011100001101100001010010100101010
134
1100101000001000100010000010000001000001010001100101010000111000001010011011111000011
65
101001000100111000110010000100000000000001101010111001001000011010110011000110011101000000
115
10111001001000000110110011100110001100000110111100111010101110000000111001000000101011110
145
10010100000101110101100000001100010011000001000000110101010100011110010001010000011101111
107
10001100101011110000000100000011100100100000011100000000101010000001000111000010111001000
157
10101100111101001000001100010001000110001001101010111001001011010000000000011101110100100
52
110010001001000011010010000000000000101000000100101100011111010011011100000100010000010000
116
11011000100000110101010110001101100010000010000100110110011111010000001100100011111101010
48
11001001000110010101010100100001101010011111001001101111100101110000011110001010000000101
48
11001010000000011000011010000011110001100000100000011100001010010110001110101111011110
55
1010100110011110010001000110000000001110000110100010010111001100110000100010000001010
52
10010011001100110000111101010000010000100110010010100010100101101110011011000010011001000
69
1100000010010001100001000000010001000100111000100010010000100000001011101011001001000101
180
10011100000000101001100000100000110000100100110011101100011011001110010010100101101010
95
101101000000100000001010000000000100110000011000100001000001000101000011011001110111001011
129
