90 300
111000110101101100110111110101000111010111110111011110001011111011111011010111011100011101
129
101111111111001011101111111011111011111011001110010000111101010010111001011001010101100111
156
111110001011111110111111011001110101011111100100101011101111111111111101101001010011111111
44
111110101111111101010111111011101111111011111010011110100110011111111110010011111110011101
82
111101111001101111001111111011011001111110111111110000111101111111101011111111011100011100
200
101011101011111100011001101111011011110011100111001011011011011111010111011011111000010101
135
110110011101011010111010111111011101010101110111111011000110111111001110010111111010111111
188
100010111111011011110110111101011001010110111101111111110100111011011000111000100110111100
44
11011000111110011111011100001110111101111111111110111001010001111111101101110101101101101
152
111100011111111111011101010110001110011111110111011111111010111011110101111111110110111111
33
111011100101011111010011111110111011111011111100000011001011100111111111111111111101011010
135
100010110111101110000110010111110101011001110101101111001111101101111011111001001111101100
135
111101010111111011111111111101011111011101111111110101101101111111111101111010001101001001
189
101011000101110010101101111000100111111111011100111110101001011011011100110010111110111110
166
11110100000111011110111111111111011111111101111111110011111101111110010111010111111100011
35
10101010010111101100111110110101110101110110111111011011101010000101111101010110111111001
62
111111011011011101110101111111111001010110100111111111101011001011110010111111011111111101
20
10110100011111110011111111110110111101111010001010111011110101011101011100010111101011100
118
101111110011110001011110101111001101111111101010100110110110011111111111110010011111111111
172
11011111001100101110110001101110010111100111010010111010111011110101001101111110110101011
19
11101100101111100101111110110111010110101111101111111100101111110111101110101111110010010
86
111010011001011110010101100000000000011111010011011001010110111110011011011011110111011110
112
11111101010111110101010010111110011111011111101011110011111001111011111111101111111011111
132
111111101111111111110101111110111111111110101111110011111110001110101011101111111111111100
92
110111110111111101011111001111101011110111111011110110101111110011110111101111101101111100
93
111111111010101010101100111001110110101110111110111111111111010000100000011111101111110111
58
10100011011011110110101111001000111001010000011111101011001111111101000111011111111101111
16
101111010101101110111100010100001101101111110000010111111110100011000010110011111111011010
105
111001111111011101011101010001010011010101010111110110011111011011111011101111100010111010
58
110111111100101111111100011100011111101011110001110111110011111101111111111110111001111111
28
10101100101100001101010111111111111101010010111111111101110000111111111011111111100001111
30
10110111010001010111011110111110100110110010010110001110001101110101001111011011111110011
73
111010011011111011111110111111111101011110110110110101111011100111011110100010000111101011
54
11011101111010101001111111101101100111011001011101111111110110010110011110110110111001111
11
111111001111110101010000111111001111110111111001111111111101011011111011011110001111011111
13
111110101010111000111111110101011001110000110111011110010111111101010101001111111101111011
77
111101101011101100011110101101001111011011011110101100001111110011010111111110111100011010
7
111000001111011010110111011001111100001111111111100111111011000111111111000100110111110110
192
111110011010111010111111110111100111111110011001111000111111111011010111111110001111010110
166
110011111110011011110011101010011111101111011101100101111111100110011010110001111111011011
146
1011110110111011001011000110011111111101111111101011111111111011100010100101111001110010
195
111111000111101111111100111111110101100111111111010111001111101101010111111111011001111101
165
1111111110100111110111010111110110111010101111011100101100111100111011011011101111111111
185
110110111110101111111111100111110010000111111110101111110111011110110101111101111011101111
11
111011111011111111110111111111011010111101111001110000111111110101111100101110111111100101
68
11111101111111111101111101100110011101111011101111110111111111001111001111101011111110100
107
11101111110110111111011010001011100100111101100111110011000100110111011010011111101010011
84
111101101111011100101101101111000011011110110111011101101110101111101011101101000111101111
73
110111111101111111011101111011110010111011110100111111101111111100111001111111111110111101
122
111011001111111101100111100011011111111010011101110110001110111111111001101111001110111111
69
101111111101101111111010101111111110111011001111101001111111100101011011011101011101000110
55
10101110111010001111110101101100010110110111111110110110011101101101111001111101000001111
82
11100111001001100011111011111110101111101110111111110011110111111111101110011111111111111
55
101111101010010110001101111111111000110000010011111110111001101111111100011011001111001101
113
111111111000111111101111101110110011110111110101111111111111101111111101011000111110111
28
111011111111111111110111110000001111111111101111100100111001101111011011011110111111111011
171
110000111101111010111110101110111111101100001101100111111111110001110111111111101100101111
28
10100110001110111011001111111111111100100111101001101011110001101111111011011110111101011
38
101110101111110101111111011111110111111011111101000011111111100111010111010111111100011110
27
1000101101111100111110011101111111010100100100011111001111111111000100101111101111101101
123
110100011011111100001111011010111110101000111101101001011110011111110011001111111111111111
125
1101111111011011011111111111111100100111011101101111111110111100000111110111011101111111
129
110111111101111110110011101111111001010111111111010001111111111101111111111101001110001011
66
101110111001011100110110100111111100111111111111101110001011010111111110111110110011110000
26
11011111010111111110010111101110011110011110111111110101111110101110111111110111101011011
147
101111001011111110011100010101011010101110110111011111001010111100110111111001111011101011
98
111100011111101111010101111111011011011100110001011110001011101100011010001111011110011111
47
111000000110111110010111011101111000110111111111010111101010110110101111110111011011111111
163
1111100010011111101000111111111111001111110111011111100010111111110111110111111110111101
35
101111110010100111111101000111001111101111111101110100110111110111111111111000011011101110
49
111010101011011111101111111011100011111001111011101111111111111100011101011111011101101110
195
111111111111111100110111010011100011000110011011011110111101010101001101110000001110101001
101
11101111110101011111011111111111111111111111011111010111110111011100110110101101100111
182
110101111101110001001010111001110111101101111000110110001101110010101111111111110100000011
146
111001001111000110101111111111111100111110111001101111011000001010000101011110100100011011
15
110011101111111100011010001111011100101110101010111000101100000010001111101111001110011011
11
101011001100000111111111111111110101011011100110111101110111011011011111111011101101101111
107
111101011111010110111111111101111101011001111011011111001101111010001111011111011100010110
132
1110110111110011111010010010111011110101110111100110111110101101101111111111111010100111
52
1011110010111111110100001111111101101001011011111101111010001011110111010101111011101101
58
1111111101101110011111011101011011101010111111101111111111101101101001010011111110000011
41
101111011011110001101111001111110101011000010111111110111011101100111101011111111101010110
100
110101101101101010111111001001011110111101100110111011111101111111111101100111001101011000
118
11000111110010110101101111111111011111111110111101110011111001100110000010011101111010111
192
110011111111111101110101111111101111111111011101111010011010101111101111101110011111110111
159
101111110111110011011001001100111111010111001101101011110110001111111110111011111001111111
141
11010101100110101001111110111010111010101110111110110011111101100111010011110111000111111
142
100001111111110011111111011111101110001111011011101111111010111110110100111111111001010011
51
11101101011011011101111101010111010110101101011110101100111011101111111111101000111111111
71
111011011111101101101101001110111101110111111011111111101101111111000101111110111011100101
4
111111001001101100001110110001110110011110111110111111111111110110100101111011010101100101
158
111010001011101111111111111100111111110101011110101000011111110101111111101100001101111
73
110100111110111111010110010001110110110110111110111111111010100110111111101111011111111111
72
100110111111111111110110111010011100111101100011111100110011011111011110100111110011010011
115
10001001111111101101110011011011101110001110111001110100101110011110111111110011000100110
41
111111111111110111111101111010001011111110101110000001101101111011111111101111001000011111
188
110111011110011000010110101100111111101101111111111111010011111111111101011100101110111111
2
101110011101011011111100111111010111101111101111111110011100111011000111101100111101110001
106
11010001101111111110101111101101001111111011111110110111010111001101011111100111011110001
37
111111110111111111011101001111110011110011111001011001111011011101101111001110001111111110
83
10100011011011101111111111001110011101011110111111000101111111001001101111111010111111011
168
11110011111100011100101010111011000101010101111011011111111111111110011111111100111011100
86
111111101111111101110110001110111110111111111110001111010101111111111111111011101111111011
104
1110011000101111100111100111011110011100111110011111011100111011111111101111111001111100
195
111111010111100001111101111011110111001101111111101011110111011010111111110101110111111111
90
101111111111111111111111011110100000111111111011011100011001101011110011111010111111001
199
111111110110111111010011011111001011111010111101011111111110111101111100100011110101000011
34
110010100101100011101111111011111111011110001011110101110101101001101110110111111001111100
191
111110110101101110000111110011100100100110100111010111101100110101001011101011101111110001
33
101010101110111110111111111011100111111101111111111110011111000000011111110110011011010011
101
10111010110100110111100110110010110111111101110111101011001110101111101011011101111111111
37
11111100110110011110011011011101011101111110111011110110011111110111110011110110011111100
14
11111101011111101101011111001110111111100111111111010111011111011101111111110111010111111
141
110001001000111111111011011110111111110101101110111110111111111100010100011111101100111111
80
111111110001101111110011111101110110100111010111111111101111100111010111101111111100011010
106
100011100011111011011010111110110101111111101101011011011101110111010111101101110010110101
86
111111111100110001111010010110101111111101010111011111101111010101100111011111110011101111
81
11110111111011001100101111011110011111111011111110110111110111111111010111110001101111101
134
111110011010111111011111111111011100111000001101110101011111111110011110010111111101110011
191
11111111011101000111111001110101110100101111111011011101110011111111110000110010111111110
94
10110111100111111101111011111101111111110110110011101111111101010010110111110011100101111
130
100001110111110101010001111110011011111111010011100101100011101111111001000111111111101111
176
11011111101111010101111110110011111111111011010001101111111111111111010111011111111100101
168
110110101110011111100110101111100101011101101111011110101101101011100001110111100101110101
103
111111110111101111100011010010111011010111010111111101101101111111101001111101111111011001
55
11010111011110100110010111101011111101111111111101100111100111111111111101111011110111011
17
111111111010100010111111111110011110101101111110110101110111110111110110111010101100000
13
10001101010111010111110111011010010011111111110011111110111111011001111101111011001110110
60
111011110110010011110101101111111111010111111101011010011111111111111111101011001101111000
57
11111111111001111111110101111111011111111011100100101111111011001011111110111110110110111
139
110110111111111111111100000101100111001111111111110110101111111111111001000111110101110111
132
110111100101101110100101111101111101111111101000011110010110101011011111111110001111111110
44
110111111110111001111110111111111110110101111100111111110111110110010011111110110110110110
53
111011010111011001111111111100111110111011101111111111101001110111111101010111011110100011
88
110110111111101011011101110111011111011111111111111111101101011101111111000111110111111100
23
111011111101101001011111101101110011011110111101111101011000110111111001100111011110100010
140
11011111111111111101110111111110101111111111001101010111100101100011111011111010111111100
12
111100001111010101010111111110001010101110011111111110100101100111011111111010111011111101
22
101111110010111111111100011110011110111010011011101100011111100000101101011011111111111011
116
11111011111111001011011110011111000011101011110101110011011111110111011111010111111100111
82
10011101011100101111111101010110101111101011100111010110111111111111111111111101110011101
102
101000111010101101111111011110011111111011110111100011111011101000101110111111011011110111
147
111101001110011001110111011101010001010111000111100111101010111001111011110101111111111111
185
110111101011101110111101000010110111111111101011111011100110111010111111111111010001011111
115
111011111001111111011011111101110111011100011101100011110100010100110011111100011101101111
12
101111100111001111011100100101110101110111010100010011111011100011101101011000010111101111
174
111110011001011111010111111111101111011101000000011101001111111011001010011011111011101100
22
110110010011110111101111101111111111111111011000101101100111111101110011101111101100001010
170
111111111100010111001010110111111101110000011011100011011111110110111111100111110011101111
28
100101011101011011110110011011101000101111111111110110010111111011011011111111110110111011
183
101111110110101100111111111111001011111100000111010111111110001000110110011011100111100101
130
1011111100101111111111110111111101111111110111111111001111001000111111101110001110111011
125
10010111111111100101011100101011101010111100000111110101101111111100101100111000101111111
58
111011111011111101111101000001101101111111010001011110111111111011111111110010110101111110
178
110100101111111101101111101110110010110000010111110110111011110101110101101011111110111111
119
10110010101111001111010110110011100101100101111011010111111111110111111010001111011110101
33
111111101111111101101010100010111111110111111010111111111101101000001101111111110110111101
138
100111110111001000010101111111011101100010110110110011001110110010110001110111111010110111
59
111101101101111000011111100101101111111110101111110111110111100101101111100011001010101100
34
11101111111011101101111011111111001011110111111101110011111110110111011111111111111111000
173
1001011101011011110111111110011011100011100110101111111001111111111011011111001101011011
110
10101011111011011100100000111110110111011011000011110110111010011011101111111110100101111
55
101001111101000111111101110010011111110111100011100110100111001110111110110010101101011111
104
111011101100111110111111110001011111110100111000101001011011100111111110101111011111111111
178
11110000111111101001111011010111011100011001011111111111111001101110010111110111011111101
100
110101111100111111110010011101101111110101001101101100101110111100110101110111110111011101
141
111011011110110111011110111111100010000111111011101111000111111110111101111111111010011011
173
110001111000011111111111111011110011100010111110110011111111110101111100111110110111110111
25
111111101111011111100011100011011110111100111011101100010110111001101011011100100111101110
120
1101011111111111111010011110101111011111100011111111011001101111010111101111001110000111
182
111101111011101111111101001101100110101011011100101111111010111111111100011101110010111101
11
101011111111011111111011011011011000100111110101000011110111011000101110111101110111010110
33
110001111010111110111110100011110110111010110110111011001011111100110111011011011001111111
8
110110011110100110001111111001111111010110110101101001011011110111111111111011111111111011
200
111101111111111111101111110111000100111110111101011110000111111011111010111011101010111
119
101111100011111110010100001100111100100111111001101111111001010010110110110011011011101110
18
100101001111111111001100111111011111111111110010111011101011111100101011011111001111011000
80
101111111111111011011101111001110111111100101110011011101001101110111111101011001110101111
73
111111111011100111000111111101111101011010110011101010111111111011001111011111111000000000
143
100011110111100110101011110111101011101011101111111101110001111110111011001110101001111101
14
101110011101111111001111111101110011101110101101110011111101110101110110111111101011111111
187
111101110011101110111111101110110011001010101111001111111110010011111101101101111111111111
177
101111011110111111111011011111101111010111101111111111001111000101000110111010111110010111
34
110100111111111110110011111111010011111010110111111101110001011010000011111110010101010101
103
101010111010100110101111101011111011001100111100011111111101111010111111101110101100010001
89
111111110011001101111110110111010101101011011011100100001011111110111101011010110110111111
162
110110111010111101111111111100111111100011101101010001110111111111110111111111111100101111
44
110111110011110001011111101110011111000011100110111101000101000111111111101111101110111110
33
101000111001010101111010110100111111100101001010110110011101101111111100111110100010011110
100
10101101011110010111111111001110111111011011001111110111101110110011111111101110100111110
36
111000111101001110110011111011000010001100101001011110111011101100100001010101110110101111
28
101111101111011010011011111100111101111101101001111111001010110111111111010010001110001101
7
110101010000111001101111111100001100101001011100111111111111010001110111111100011111110010
189
111111111010011111011111001110011111101111111010011110000110111011111100010011100101100001
67
111110111100110111110011101111011010001011111111111111001111100100110011111011110101101100
35
110000100111110111011111010111111111101001111001111111111111111100111111011111111111011111
18
111111111101000111111101110111110101011011101111111101011001110111110111111011101001011111
32
111111011111001101110101111011111011111110101111111101111100111011111100111011111011110
137
11011011111111011110010111101101101111111110110110101110001100111111111100111111010111000
47
110101110101110011011101011101001111100110101111111111110110011110010011111101110010111111
10
100111011111101111111010101011011001101111011110111000001110111100011001011111111110101111
14
111011111110111111001111110100010110010111101111111111100111011101111111111111111101000111
118
111011010101111101010101011111111110101111101011110101101100111111111111111010110011111111
169
100111101011101001111100111111110101110111011011111011111101010001011101111111111101101001
90
11011110010111111110011111000001111111100101111110110100011110111111110111111111010100011
116
101101011110101100101111111101101101110101111011011111100100110111001110110110000110111101
200
1010111111111001101110001011101010111011011100011101011010111110111111111001111101111001
75
11111111111111111111111001111101101111010111101101111111101111111011111110001111101110111
153
111111011111101000011111000111111110110110011111110111110101011101101111001111111111001110
37
10101101000111010101111111111001111111111101111110010111001110011011011110001001111101001
178
111011111111011101011110101110011111011111110110110001111111111101111011011110100110111000
62
110001011111010110111100011101110001010111000000110111111110111101111001110011100101100011
100
111110101111101100101010110000110111111011001111101011101110011100111111101001011110111
184
111110110110111111111100111101111011100001111111111111110011101101010000111110010111111011
134
111001100010001111001110011011111011111111010101011011101110011000110100011011110010111111
139
100111111011001110001011101010111111100001111111101011110111101111011011011111100101011111
41
101111011111000111110011111110010011001000101111110111100001110100110111110011110110111111
84
11110011110101110111101101101100111111110100101111111101111110110111111010101011110101110
47
101001110100111011011101011011111010001110111011011011000110011110011111110101011111011011
155
10110100110000010110110111101011111101101101110101010110111010111100111111101100011111111
120
111101110111111111111111111111111111001101111011111111101111111011001111101100110111111101
135
111111111011111010111101110110011011101111011111100010110011011110010111111101011011100111
17
111011111010111111101101101111010111011101011111101111110110011010011010110100011110111111
161
101111001101101001100110110010001000111111111111110111011110111101111000101011110011101
24
110100010001110111111010111100101111101100011100010111111001011001111101000111001111101110
45
10101011001101110101111010101111111010011101000111111111110011011100001110101011111100110
174
11110110100111111111111111010101011010010100101111010010011110111010111111001010101111111
137
1111110101000111110010100111111111011101111000111101110111110101101011111100110100001101
51
11010011111100111111111111111011111110111110111111010110111111111011111111011001011111111
144
11010101010001011101011001110101111110101111111101011011010101101010111101001101011111111
154
111111111111101100000011101111110011111111111110011111110011010011010110001001111111101
78
101111010100001011111011100111110110011111111111110011010111111111001110001001111111111011
103
111100111010101100111011101011111111111100100110110011110011111011110101111111111000111011
88
111100101101111000011010111010010110110101111111111000100111001100111111111111111101100111
83
111110111011111101111101101111111001000111011110110101101111110001101111001111010110110
172
101011101010100111111101111101111111111011010101101111001111001101111101111101110110110001
75
111111111101111001111110111011111111111100111011010011101111111110000001101111100011110010
131
111001110010101010111000000111011010011111110110111111111111011110011010100110010001011011
3
111110001111111111011010111011111100111001111011101101101100110011101011111111101111111111
42
111011111111111111111100101101011111110110110011111110111011001111111101101111110100011110
47
111011010111011111111111101011101110100110111111101100011011101100101000100011110100110101
89
101100100011011111111011110010011011101101010011000111110111111110111100101010011011011111
117
11101111100010010010111111100111111100001111110111101001101010101111001111111100101110
35
101110100101001111111111111111011110111011110001011110111111001001111111011101001011011010
170
10111110110001010101000111111111110111110110111111111111100001110111111111100101111101110
63
11111111111101111111011010100101011101111100100111101111110111110111111111011100111001110
4
110001010111111110011101110111110101101111001111111011011101111001101110111010111011111111
28
1101011101111111111011110100000111111101110111011011110101101100101111111111110111111110
178
11110100111111011011111101110111110100011101100101011101011011100111110111110111010001011
148
11111011100111100111100110101011110111110111111100001110010111011110011101111101000110111
80
111111111000111110001010011101011111111111001110111011011111010111111100101111111101100001
25
101111110111000001111011110111011011111110010011001110011001110010001111101111111011101101
86
101010011111110111111100011001001111101110000011111111100100010111001110011111101110101111
58
110111001010111111110011111011111010010111010010111110011110111110010100011101110101000101
71
11101101011111011111111111011111101111111111010000110101011100101111100110001111111110111
53
111111001110111110011111111100010111011001111110110110110000111100000011111111110110011101
86
100011110111101100101111101100111111011000100110111010101110111011111001111111111110111111
137
11110111110101000111011111110100010101011101000111011111010010111111111111110111001100111
155
111011111011100011011111001101001110110110111101111011111010011101111010111011101101101011
116
111101011111101011101111011110010111010011110011001011111111110101111011011111101111010101
38
110001101111101000100110100111111111111111101111011111110111101101111010111001101110101111
97
111011111100010101011111101101101111111101111100101101111111111101011011111111110010110011
59
111011010001011011010011101111000010101111001000111110011000100010001110111000111101111111
183
101111101111110101101001101111000001110010111111101111111110110111100100111111001010101110
94
101110111111111111111111111101011101010011011111110111001110001111111111111100111110001011
54
1111111101000011101100110100101011011100110111110111111001101111111110011101011111110111
41
111101011011100100111011111100111101011101010111011111101111111011000111010010111011101111
28
1110001011111000011111100100111110100000101101100000111001110101101001110100101101011011
154
110111101111111111111111100111111011010110101010110111000111001001110001111110101101100110
157
111011111110111100111101101111001110011010111011110101101100110101111111100011111010011111
150
1001101111011111111010111101111011011110010101111110010101111111100000011011010111111
47
11111110101111011111011111101110110001000111101100011100101001110110110111011010101111111
38
110110110110010011111011111001111111101111111010110111001101100111101111011111101111111111
11
111010111111111001111100111011010110110011101100111010111110011111101111101100111111111111
139
101111111110011111011011001000110111011110010111011101011101110101101010011101111101100111
188
111001011110101011011000111011101011011010111111110111010011000001111010110101011011110010
159
111010101001110110111010101011111100011100111101010101011111111111011001010100111101101110
173
1010010110110011011111000111111100111010100111011011111011101110111111101110101111110111
157
110011111100001011001010101001010010101111111111101011111110101110111111101111001000100011
8
11111110111001011110010001001110110111011111100101101111000101001111011110111111011111101
100
111111111111110111101111111110111111100101011111110111100110011110111110101111101111111011
23
10110101110111111111011010000101100010111110010111100000110010011111111011101011101111111
187
110000111001101010011001111110111101101111101111011111111110101111111011111011010101110111
69
111111111111110111110111111101111111111111111111110001110111101110011101111111001111110100
146
111110111111101110101111110101110111001110011110111111111111111001101111101110110100111011
134
111111100111110101010111110100111110111010111010011100111011110111011111111011111111111111
65
111001001111111101110111110111010110011111111010111011111011111010111011110110111101111011
115
11111111011110110110110011110110111111111111111101111010111111101100111011011010111011111
145
10111111110111111101111011011110111111110001000001111111010100111110110101111100111101111
107
110101111101111111101110110000011101100100011111101110100111111101101101111111110111111111
157
111111100111101101011101111111001111111001001101111111101011111110101010010111111110110101
52
110010011111101111010110000101110110101010000111101111111111011011011111111101011110111101
116
111011111100111111101010111101101110011000110110101110110111111010110001111100011111111111
48
11001101010110010111110101110001101010111111001011101111100101110100011110011111011111101
48
10011101011100000011000011010000111111111100110101111011100111011110110001110101111011110
55
100101110110111011110110011001111001000101110110110111111110111011110110100100111011101111
52
11010111111111110000111101011000010011110110111111100011111101111110011111100011111001100
69
111100011110011011101001111101010111110100111001111010111011101010111111101011011001011101
180
10011011101100100101101101011110101111101111110110111111110111111101110111111100111111110
95
111111000001100100001111001010101111111100011001110001111111111101111111011111111111111111
129
