90 400
10100000000000000000100000000000000000010000000000010001011100000010001000000000000
129
10000000000000000000001010010000000010000000100000000000100000001000000000000010
156
1000000000000000000100001000000000000000100000001010000000000100010000100000000001001010
44
111000000000000000000000010001010100000000000000000000000001000000000000000000000
82
1000000000100000000000000000000000011000000010000000000000001000000000000000000000000000
200
100000001000000000000000000000000001000000000000000001000000000000000011001000001000000000
135
1000000000000010010000000000000000000000000011000010000000000000000000000000000000
188
100000000000000000000010000000001000000000000100000001000000000001000000000000000010000000
44
1010110000000000000000000000000000000000001000000000000000000
152
100000001100100000000000000010000000010000000000010000010010110000000100011000000000111000
33
101000000000000000010000000000010000000000000100000000000000000000000000010100000001000010
135
100100100000000000100000000000000000001000000000000000100000000010000000000000000
135
10000010001000000010000000000000000000000000100000000000000010010000100100000000000000000
189
10000000000000000000000000100000000000000000100100000000000000000000000000000010000000
166
100000000101000000000100000000100000000000110000000000010000000000000
35
11100100000000010000010100000000000000000000000010000000000000000010000000001
62
10000010000000000010001000000000000000000000000001000000000100000000000010000100000
20
10000000000000000000000000000000000000001100100000100000000000100001000000
118
1000000000100000000000000000001100000000010000000000000000000000000000001100000
172
1000001001000100000000000000010010000000000000010000010100000000000000000100000000101000
19
1000000000000000100001100100000000000100000000000000000000000100000000000000000010000000
86
1010000000000000000000000000000000001010000000000000000000000010000110001011000
112
1000000000001000000000000001000001000000000001000000000000000100000000000100001001001001
132
10000000010100000001001000000100000000001000010001000000000000001010001110101100100000
92
100010000000000011000000000000000000000000000000000000010000000000000000000000000000
93
1000000000000000000000011000010000000000001000010000000000000000000000000000000000010001
58
100000001000000000000010000000010000000000010001000000000000000000000000000010001000000
16
1000000000101000000000000100000000000001000000000000010000000000000000000000000000000000
105
1001001000000000000000000000000000000000000000001000000010000000000000000000000000
58
10100000100000000000000100000001000000000000000000000000000000000010000000000000010000
28
10100001000000100000010000000001100100000001000000000000000000000000
30
100000001000000000000001000000000000000000010000000000101000001000000010000000000000
73
10000000000000100000000010000000001100000000000000000000000010010010000000000000001001
54
10000101000000001000000000001000000000000000000010000100000000000000000000000001000100
11
1000000010000000000000000000100000000000000000001000000000000000000000000010010
13
10000000010000010000010100000000000000000000010000000001000100000101000010000000001011
77
1000000000000001000000001000100000000000000000000000000000000000100100100000000000010
7
1000000000010000001000001001000000000110000010000000101110000000000000000000
192
10000000000000000000000001011000000100000001000000001000000000000000
166
100000011000000010001000010010100000000000000000001010000010000000000000000010010000
146
1100000110000000000000000001000001001000010000000100000001000000000000000000000100000
195
101000001000000000000000000000000000100000000000100000000000100000000000000001000000000
165
10000000000000010000000000000001000000000100010000000000000000000010000000
185
100000000001010000000000000000000000100000001100000001010100000000010000010010000100
11
1100000000100000001000000000000000000000000000000100001100100000000000001000100
68
10001100000001000000000000000000000100000000000000000000001001000000010000000
107
10000010010000000000000000000000000000011000000000000000000000000000000000000000000000000
84
100000000001000000000001100000000000000000000100000000000000000100101000001000000100100000
73
101000010000000000000000000001100000000000100000100000010000111000000000010000
122
10001000000001000000000000000000000000000000000000000000000000000000000000001000110100100
69
100000100000000001010100000000000010001000100000000001001000000000000000000001000000000
55
1000000000100000000010000000000000100000000000000010000000000000
82
100000001000100010100000000100000000000010010001000000010000000010000000000000001000000
55
100000000000000000000000000100000000000000000000000000000000000010000000000000100000100
113
10000000000001001001100000010000000001100000000000000001000001100000000000000010000
28
1000000001000000000100000000000100001000000000000000000100100000000000000000000000001
171
10000100000010000000000000000000000100000000001000100001000000001000000000001000000000010
28
10000000000000000000000001000000000001000000000000000000000000001001000010010000000
38
100000000000100000010000000000000100010000001000000000000000000001000000010000000000000000
27
10000000000000000000000000000000001000000000000100000000000001000
123
110000000000000000000000000010000010000000010000000000000000000110000001000010011001000000
125
1000001000000000011100001000000000000100000000000000000000010000000010000000000000001000
129
100111001000110000000000000010000000
66
10001000000000000000000010000000000000000000000000011000000000010000000000000000000
26
100000000000010000000001000000000000000000000000001000000000010000000000000000010000
147
10100001000000000010000000100000100000010000000000000000000000000000001000000
98
100000010000000010000000000100000000001000000000000000001000000000001000000000000100000010
47
1000000000000000010000000000000001000000000000000000000010010010000000000001
163
1010000000000000000000000000000100000000000100000000000000000001000000100000000000000000
35
100010000000000000000000001000000001000000100000000000000001000010010000000000100000
49
10000000100000001000000010000000000000000100000000000011100001000010000000100
195
101010000001101000000000000000000010000000001000000000000100000000000001000000001000000000
101
1000001000100000000000000001000101000000100000000000011000000001000000000100000000000
182
100000000010000001000011001000000100000000000000010001000000000000000000100000000000000
146
1000000000000000001000000000000000000001000000000000000000000000000000000000000
15
100000000000000000000001000000000000000000000000000000000000000000000000000001011
11
100000000010000000101010000000010000100010000010000000000011010000000000000100000
107
11001000100000000000000000000001000100000010000000000000000000000000000000000010000
132
1000000001000010000000000000001000010000000000000001001001000000000000000000000
52
100000000110000100000000001001000000000000000010010010000000000100000
58
1000000000000001000000000000000010000000010000000000100000000000000010000000
41
11000010000000001000001000000001001000010000000100110010000000000000000000000000000000
100
1000100001000000000000000000100000101000000000001000001000000001000000101000001000000
118
10010100100010001000000000000000000000000010100000000000000000000000000000001
192
100010001000000000100000000100000010000000001000000000000000000000000000001100000001010010
159
10001000000000000000000000000000000010100000000000000000000000000000101
141
10000001000000100000000000000000100000000010110000100010100000000000000010000100000001100
142
100000000000000000100000000001000010000000010000000000000000011000000100100000000000000000
51
100100000000000000000000000000010100000000000000001000000100000000001000
71
10000000101001000000000000110000100000000001010000000100100100000000100010000000100000
4
100000000000000000000000001010100000000000000000000000000000000000101001010000100000100
158
10000000000110100000000000000000000000000000010000000000000000000
73
100100000000000000100010000000000000000000110000111110000100000100000000000001010010000
72
10000000000000000010000000010001000010000001000001100100000100010010010
115
1010000000000000000001000000000000000101100000100001000000000000000000
41
10001011010000000000000000000000001000000101000000000000001000
188
10000000100001000000000000001000000000000010000000001100001000000000000010000
2
100000000100011000000000110100000000001001001000011000000000000000000000000100100000010000
106
1000100001100100000000000001000100010011000000000000000001000000000000000
37
110000000000000000000000100000000100000100000000000000000000001000000000000000110000000
83
10000000010000001000011000000000001000000000010000000000000100010000000000000
168
10000000000000001000001000010000000000000000000001001000100000000000000000000000000000000
86
100010101001000000000100000010101000000000010010000000010000000100000000000000100101000000
104
100001000000000000000000000000110000000000000000000000000100000000000000000000000000000
195
1000000000100000000000000000100000000000000000000000000000000000000011
90
10000000011000010000000000000100111000000000000000000000000000000000000100000000
199
100000000000000000000000000000001000000001100000000000000000001000100000000000000000010
34
100010000001100000100000011000000001000101000000100000000000000000010000000100
191
1000000100000000000000000000000000000000000000000000000000000000001000000000100000010000
33
100001000000000000000000001000000000000000000000000001000000010000000000
101
100000000000000000000000000000000000001000010000000000001000100100000000001000000010011
37
1000100000000001000001000000000000010110000000011000000000100000
14
10000001000011000101000010000000100100000000000000000100001010000000001100000000000000010
141
11000101001000100100100000000000000001010000010000000000000010000000000010100
80
1000000000000000000011000000000000000000000000000000000000000000000100100000000000001000
106
10010000000000000000000001110010000000010000001000000000000000000000000000100000
86
1000010000001000000000001000000100000001000000000000000000000000000000100010000000
81
100010001000000010000000001000000011000000000000000000100100000000000000000000000
134
1100000000001010000100010010000000100000000001000000000001000000000000000001000100100000
191
100000000000000000000001100000000000001011000
94
10100000100100100000000011000000000000000000000000000100000000010000000011000000000000000
130
1000101100100000000000000000000100000000000000000100000001001000000000000000000000001
176
1000000100001000100000000000000000000000000101000000000000000000000100000000000
168
1000000000000000001001000000001000000000000100001000000000000
103
100000100000001000000000000000000010010000001010100000000000000100000000001100010000001
55
1000100001000000000000110000000000000100000001000100000100000010001001000000001010100001
17
110000000000000000000000000100101000000000010000010100000001000010000010000100000
13
1000000000000000010000010010000100000010010000000000100001001000000100000000100000
60
10000100000000000000001000000000001000010000000000000000000000000000000001010000000000000
57
10000001000000100000000000001001000000000000000000000000001000010000000010000000000010
139
11100000010000000000000000000000010000000000000000001000000000000000000000000000000
132
1000001100100001000000110000010000011000001000000000000000000
44
10000000100000000000000000000000000001000100011000000010010100100000000010000
53
10000001000000000001000000000000000000000000100000000001000000010000000000000010000000
88
1000000000000000000000000100000000011010000001000000001001000101000001001100
23
1000000000000100000001010000100000000001000000000100000000000001000000000000
140
1001000010000000001010010000010000001000010000001000000000001000010000010000000000000000
12
111000000001010000000000100000000000000000000001011000000000000000001000000010110001100000
22
10000000000000000000000000010000000000000010000000000001000000000000000000000
116
10000001001000000011010010010000000000100000100000000000000010000000001100000010000000000
82
100000000000000000000000000001001000100000100000010000000000001000000000000000
102
1000010001010000000011000000001000000000110000000010000000
147
1000000001000000000000100000000000000000000000000001000000000000000000100
185
100000000010000010010001000000000000100000000000100101110000000000010000
115
100000000000100000000000000000000001000000000000000000000000000000000000000000000000000001
12
110100000001000000000000000010100100000000000000000100000000000000000000000010000000011
174
100000000010000000001000001000010000000000000000000000000010010000000000000001000100000
22
10000000010100010001000100000001000000000000000101000000000001001000000000000100000000000
170
1000000000000110000000000011000010000010000000
28
100010000010000010000000000001000100000010000000000000000000000000000000000000000000000
183
1000000000000000000000000000000000000000000000010000000000000000000000001000001000000
130
1000100000000000010001000001000100000011000010000000010000000000001000010000
125
10010010000001100000000000000000000000001000000000000000000010000000001000101000001010000
58
1000000000010100000000000000000000001010000000000010100000001000000001000000000001000000
178
1001000000000000000000000000000000001000000000000000000000100000000010000010000
119
10000000010100000100001000000000000010000000000101000001000001000000
33
101001000000100000001000000000000000100000000000000000000000000000000000100010100000000000
138
10000001000000000000000000000100000000000000100000000100000000000000000110000000000000
59
100000100000000000000000000001000000000000000000000010000010000000000000000000000010000000
34
1011000000000000000000100000000000000000000000000000000000000000000011000000001000
173
1000000010000000000000000000000000001000000000000000010000000000000
110
10000000000100000000000000010000000000000010100000000000000000000000010000000000
55
1000000000000010010001000010000000000000000000100000000000100000000000000000000
104
1000000101000010100000001000100000000000000100000000000100000000000000000000010000000
178
10010000000000000001000010000000100000000000000010000000001000000000
100
100000000000000000000010001000000000000000101000000100000000000000001010100000010000000
141
10000000010000000000000000000100000000000000000000000000000100010000000000110001000000000
173
100000000000001101000001000000000000000000000000100000000001100000000000100100010000
25
10010000100000001000100000010000010000001001000000100110101000
120
100010000000000000000010000000000000010001000000000100000100100010000000000000
182
100000000000100000001000000000000000000010000000001010000000001100000010000000010000000
11
1000000000010000000000011000100000000000000000000101000100001100000000000
33
1000000000000110000010010000000000100000000000000000010000000000001000001000001001
8
100000000000000000001010000000000000000000000001000010000010000100000000001000000000000
200
10010000000000000100000000000000000000000010000100000001000000000010000000001
119
100000000000000110000000000100000000000001000000101000000000000010010100000010000000001000
18
1010000000010000000001000000000000001010000001010000001000000001000000000000
80
100100000000000000000000010000010000000000000000000000100100001100000000000000001000
73
100100000000000000000010000000100000000000000000000010101000001000000000000000000000000000
143
100010010000000000000000010010000010000010000000001000000001000000100000000000000000000000
14
100001010000000100000000000000100000001000000000000000001000010010000101000000010
187
10000000000001000000110000000000000000000101000000001000010000000100000000100000111000100
177
10000000000001010000000000100001000000001000000000100000010110000000000
34
1000001000000000000000000010000000000000001000000000000000000000010000000000000000
103
1000010000000000000000000000100000000100100000000000000100001000000000000000000100000001
89
10000000000000101000010000010000001000001000000000000000000000000001010000000000001000
162
1010100000000000000000010100000000000001000000000010000100100010001000100000100000
44
100000000000000001000000000010100000000000000001000000100000000100000001000000010000000
33
1000000000000000000000000000000000000000000000000000000000000000011000000000000000000000
100
1000000000001000000000000000010000000000000100000101000100000010
36
1000000000010000000000000000000000000000000000000000000000000000000000100000000000
28
100001000000000000000000010100000100000000000000000000000000100000000000000000000000
7
10000000001000110011000000000100000000000000110001000010000000000010000000000000000
189
1000001000000000000100000000000100000010000000000000000000000000000000000000000001
67
1000000000000000010000100000000000001000000000010000000001000000100001000000000000000000
35
11000000000100000010000000010000000000000000110000000010000000000000001000
18
10010000001000000000000010000000000000000100
32
1000000010000000000000000010000001000100000000000001000000000000000000000010100000000
137
10000110100001000000000000001001000000000110100000000000000000000000000101001000000000
47
100000000001000010000000000000000000000000000000011100000000000000000000100000000000000100
10
10010000000100000000000000000001000000000000010000000000001000001000000001000000001000
14
1000000100001000000000100000000000000000010000000000000001000110011000000000000000000
118
1000000000000000000000000000000000000000010100000000000100111000000000000000011001000
169
100000000000000000000000000000100000000000010000010000010000000000100000000000100000
90
1000000000000000001100000000001000000000000000000000000100000000000000000000010000000
116
10000000000101000000000000100010000000000000000000000010000000000000000000100000000
200
10001001001010000000000000000001000000000000000000000000000000000000
75
10100000000000010011000000100000000001000001000000000100000000000010100000000000000000000
153
100001001000000000000000000000000010000010000000010000010000000000001000000000110000000000
37
101000000001000000000000000000000001000000100100000000000000000000001000000000000000000
178
10000100000000000000000110000000000000000000000001000000000000001000000000000000000000
62
101000000000000010000000000000000000000000100000000000000001000000000000001000000
100
100000100000000000000001000000010000000000000001000100001
184
100000010000000000100000001000000000000100000000010000000000000000000000010000000000000
134
10000000000000001000000001000000000010010000100000010000000000000000000001000010010100100
139
10000000000000000101000000000011000001100000000010000000001100000000000000
41
100000000010000011000000000000000000010000001000000010000000000100001100000000000
84
10000000100010000100001100000000000000000000001000000000000000000000000100001000000000
47
10000000000000000100000000000000000000000001010000000000000000000
155
100010010001000001000001000010000000100001000001000010001000000000100000
120
100000010000000000100101000001001000000000000000000000001000100001000000100010000
135
100000100010011000000000000000010000010000000000000000001010010000000
17
100000000000000000000000000000000001000001000000010000000000000000010000000001
161
1000000000001000000100000000000000110100000010000000000001000000000000001000001000
24
100000001000000000000000000001000001000000000000000000000000000000100000000000001000100
45
10000000000000000000110000000000000000000000000000000000000010000000000000000001001000000
174
11010000000000000000010000010000000000000000000000000000000000000000010000000000100001001
137
100000000000100010010000001000000000000010000101000010100000000100010001000100000000000
51
101100010000000010000000000000000000000000000000010000010001000010000001000010000
144
1000001000000000000000000000101000010100000000100000000000000000000000000000000000000100
154
10010000100000000000000100000100000000011100000000010100001000001000000000000100010000
78
111000000000010010001000000100010000000000000000000000000000110000000010
103
100000000000100100000000000001000000000000000000000000100000000010000001001000000000000000
88
111000000001000000000000000000000000000000001000000000000000000000000100010000000001000000
83
10010001000000000000000000100000000000000000010100000000000010000001000000000000000000
172
100000101101000100001011000010000000000100000000000000000000001101000000000000
75
10000000000000000000000000000001000000000000000000000000000000000000000100000100000
131
10000000000000001000010000100000000000000000000000000
3
1000000000000000000000000000001101000000000000000000000000010000001000000000000
42
100000000100000010000000000000010000000010000000000000000000000000100001000000000000000010
47
1000100000001010001000000000000000000000000100000000000100000000000000000000000000000
89
10000000000000010000000000000000000000000101000000100000000000000010000000000100
117
10000000000000010010100000000000000000000000000000000000000000000100000000000000000000
35
100100001000000010000100000000000000010000000000000000000000000000000010000000000010000
170
10000000000010011000000010000000000000000000000000100000000000000000001000
63
10001000110100000000001000000000000000010000000000000100000100000000000000010000000000000
4
10100000000000000001100000000001000000001000000000101000000000000000010001000000
28
100000000000010000000000000000000000000000010000001110000100000001000001101000010011000
178
10000000100000000000001000000000100000000000000000000000000000000000100000000000000000011
148
1010100000100001100001000010000011000000000010100000000000
80
10000011000000000000000000001000000000100000000000001000010000100001000100000000001000000
25
10000010000000000010000000010010010000000000000000001000000000000100000000000000000000
86
10000000000000000000000100000000000010000001000000000000000000000000000000000000
58
1000000100000000000000100000010000000000101000000000000000000000010100010000000101
71
1000100000000001000000000000000000000000001000000000100000100101
53
1000000000000000101000000001000000000000000100000000000000000000000010000000001000
86
1000000000100000000000000100100000000100000000000000100100001000000000000001000000000
137
100100000000000000000000000000010000000000000000000000000000000001010001000000000
155
101000000000000000000000000000000000000000000000000000000000000100001000011000000101001000
116
10000000001000000000000001000010001000010010000000001000001000000000000000001100010000000
38
10000000100000000010010000001001000001000001000000000000110000000000000000000001
97
10000000010001000100000000000000000101010000100000000000000000000000000000000000000000
59
1000000000001000000000000010000000001010000000000010000000100000100000000101
183
100000001000000100100001001000000000000000000000000000000000000000000000000000000000000000
94
100110000100000000000000100000000000000000010000000001000000000000000000100000001010000000
54
10000000100110000000000000001000000000000000000000000
41
100100000000000101000010101000000010000010000000000000000000
28
1000000000010000000100000000000000000000000000000000000001000000000000000000000
154
10000000000000000000110000100001000000000000010000010000000000000010001000010000000000000
157
10000000000000100000000000000000000010000000000100000100100000000000000000001000000000
150
1000000000100000010000001001010000000010000010010000000000000000000000000010000000
47
1000000000000000100000000000000000000001000000001000000000000001000000000000
38
10000000010000000001000000000100000000000000000000000100000000010000000110000
11
100000000000000000000000100001000000000000000000000000100010001000000001001000
139
1000000001001000000000000010000000001101000000100000000010010001011001000000
188
10001011000000001000000010000000000000000001000000000000000000000100010000000000
159
10000000100000000000000000000000000000000000000000000000000000011000000000000000000000
173
10010000100001000000000000000000001000000000000001000000000000000010001000001000010000
157
10100100000000001000000001010000000001000011000000110000000000001010000100000000000000
8
1100000000000000000000000000000010000000000001
100
100000000000001000000000010001000000000100000100000
23
100000000000000101010000000001000000000000000000000000000000000001000000000000000001000
187
11000000000000001001000000001000010000000000000000000100000000000000000000000000011
69
1000011100100000010000100000010001000000000001000000000000000010000001000100001000000100
146
100000000000100001000100000000010000000001000000000000000000000100000000000000100000000
134
100000000000000010000000000000000000000001100000000000001000001000010000101000010
65
100000000000010000000000000000001101000000001001000000000000000000100000100000000
115
1000000110000001000000001000000000000000110010000100000000010000000000100010000
145
1100000000000000010000000000000010000010000000110000000000000010100000
107
10001100001001100000000000000000100000000000010100000000100010000000000000000000000000000
157
100000000000001000000000000000000000000000000000000000001000000000000000010000000000000
52
100000000000000000000000000000000000000000000000000000000000010001000000000100000000000000
116
10000010010000000000000000000000000010000000000000000000000000000100100010
48
1000000100000100000010000001000000110000100000000000100000000000000000
48
1001000000000001000001010000000000000000000100000001000000000010110001000000010010010
55
10000000000100000001000000000000000010000000000010010100000000000000100000000001000
52
10000000000000110000001000000000000000000000010000000000000000000000001000000000000001000
69
1000000000010000000000000000010000000000100000000000000000000000001011100010001000000000
180
10000000000000000000000000000000110000000000110000001000011000001000010000100001000000
95
100100000000000000000000000000000000000000000000100001000000000000000011000000000100000001
129
100001000000000000000000100101100011000000000000000000000000000000001000000000000000000
56
1000000000100000010000000000000000000000000101000000000000000001000000000000000000000000
154
100010000001000100000000000000000000000000101100000000100000000010000001000000110010010000
179
10000000000000000000001000000000000010000000000000000001000000000010110000000001000000
9
100001000000000001000011001000010000100010100000100100000000000000000000000000000010000000
125
1011000100000001010000000001000000000100001000000010000001000
95
100100010110000000000000100010000000000000000000110000000000000010010000000000000000000000
143
10000000000000001011011000001000000000100000000000010000000000000000000000000000
5
10000001000000000001000000000000100100110000000000000001000000000000100100001000000001
72
10000000000000000001000001000000000000000000000000000001000100000001100000000000001000
165
10000000000100000000000000010100001000000000100000000000000000000010000001000000000010000
142
1000000000010000000000000000001100000010000010000001000010000000010000000000000000000010
5
100000000000100000000010000001000100001100000010000000001010000000000001000001100010000000
177
1000100000010000010000000010000000000000100000001100000001010000000000000000100000000
63
10100000000110000100000010100000100000000000000000000000000000000000000000100
25
10000000000000000000000000000000100000000000000010000000000001
141
1000000000000100010000000001000000000000100010000000000000000000000000010000000010000000
93
10010000000000000000000000000000000000001000001010100000010000010000000000000100000000
140
1000001000000000010100000001000000000000000000000000000000000001010000000000000000
43
10000010001000000000000000000000000000001000000000001000000000011001010010
103
10000000000000100000010000010000000001000000000100000000001000000000011000000000000000000
60
10000000100000000100010000000100000001000100000000000000000000000001000000000
98
1000000000000000000001001110000000000001001000000000000000000000000000000000001000
135
10000001001000000000000000000000100000000000000000000000000000000000000000000000000011000
158
1000001000010100100000000100000000000000000010000000000000000000000000000000000000
116
100100000011000000000010010000000000110000000000000000000000000000001000000
134
100000010001100000000000000101000000000010000111100000000000000011000000000001
7
100001000000000001000000000000000000000000000000000110000000000100000000000000000000010
26
100001000100000000010000000000000100000010000010000000000000000000110000000000000010
8
10000000000100000010000000000000000000000010000001100100010000000000000000000010000100000
159
1000000000000000010010000000000000000000100011001001000101110000000011000000010
139
1001000000000000000000011000100000000000000000000010000110000000100000000000010000000
122
110000000000000000001000000000000000000000111001000000000000000100000000000000001
8
10000000000010000000010000000100000000000000000000101000000000010001000000000000010000000
32
10010010000000000000000010000100000000000000000000000000000000010000000001000000000001000
138
100000010100000010100100000000000000000000001010000000000000001000000010001000010100000000
191
100000000010000010001001000101000000000000000000000101001000000011000000110000000000000000
140
10000001000000000000000001010101100000000000000000000000000100000000000010000000
69
100000000001000000100000000010000000000001000000010000001000000000011100100000100001
21
100000000000000000010000000000000000100000001010001000000000000010010000010000000000000
53
1010001000000000000000000000000001000000000000000000011010000000000000000000000
174
110000000010000000001000000000000000000000000000000000001000000000000000000000000100001
172
110010010001000000001100000010000000001001000010000000100001001000000100000
20
100001010010000000010000000000010000000000000001000001000000100
37
1000000000000000000000010000100000000010000000100000000000101000010000000001000000010
163
100000000000000000000000000000000100001000000000100010001100000000000001000000000001001
138
1000000000000000000000001000000000000000000100
61
100000011000000000000100010000000000000000000000000100000000000000010001000000010000001000
27
100110000000000000000000110000000000100000000000000000000000000000110000000000000000000
165
1000000001001111000101001000010000100000000000000000000000000101000000000000000000000000
79
10000000011000000000000000000001000100000000001000000000000000000010000001
183
1100000000000000000100000100000000000000000000110000000000000000000000000001000000000110
131
1000000000000100000010000100000000000001000000001000001000010010000010
77
1000000000010001000000000010001100000000000001010100000000000000000000010100000000000
188
100000001010000000000010000000000000000010010100000000000000000001000000000000000000000000
166
110001000000010000000100100000001000000010000000000000011000000010010000000
180
1000000000000000000000010000000000001100100100000000010000000001000000000001000000000
36
1000000000000000000101000000000000000000000000000011000000001000000
70
1000000000000000000000000000000001000010000000010001000000000000000000001010000000000
52
1000000000100100000000000000000010100010000000100100000000000010000000000
119
10000100110010000010000000001000000010000000010000000001000010000010000000001001010000000
7
10000000000000000100000100000010000000100000000000000000000000000000000000000100100
57
1000000000000100000000000000000001000000000100000000100000000011000000010000000000000000
110
100000000000000001000000000101110000000000000000000100010000000000000000100
101
100000000000001000000000000000000000000000000000000000000000000100000000000100001000010000
46
100000000000000000000000100000000000000000000000000000000000000000000000000000000000000
41
1000000000000000000000001000000000000000001000000000000000000000000001
10
100010000001000000000001000000000000010000000000000000000000010100000000000101000
25
10001000000000000000000000000000010001010000000000001000100000000001000000
109
10000000000000010010000000000000000000000000000000000010000000000000000000000000000100000
118
10000000000000000000000000000000000000000001000000000000000000000100000000100000000000100
187
1000010100000000000001001000001010000001100100010000000000010000
45
11100000000000000000000010000010100000001100000000000000000000000000000000000000
28
100110000000000001000110000000000000000000000000000000001000011010000000000000000000
71
100000001000000010000000000000000000100000000001000000000000000000000000
23
1010000001000000001000000000000000000000010100001000010000000001000000000000000000000100
154
10000000100000100000000000000000000100000000000010000010000000000000000000000001000100000
39
100100000000000000000010000100000000001000000000000000000000000000000000000001000000000110
84
100100000000000110100000000010000000000000100000000000010010000000000100000000001000000001
53
100001000001000000001000100000000000000010000000000000100000000000000000000110001000000
64
10010001100000000001000000000000000000000001010000000000100000000100110000010001000000000
88
1000000000000000000000010000000010010000010000000000100000000000000000000000
4
10000000000000100000000100010000010010000000010000000000010000000000000001000000
177
10010001000000000000100000000001000000000000000010100000000000000000010100000
73
100010010000001000000000000001000000000000010000010100100000000000000000
19
1001000000010000000000000000000000010000110000101000000000000000000010000010
181
100000000000001000000000001000100000000000000000000000000000000100001001000000000000000000
94
100000100000000000000000000001000001100000000000000000000000000000000000000010000
18
1010000000100000000000000000000000000010000000000000000000010000000000000000010000000
86
1000000010000000000000000000000000100101000010010000001000000000000000001000100100
2
100001000000001001100000000000000000100000000000101000000000000010000000010001000000100
114
110000000000100000000000000000001000001100010100010100101010000110010000000000
90
100000000010000000000000000000000000000001010000110000001001000000010000000
123
100001000000000000000000000000001100000110000000100000000000000000000000000001000000000
108
100000000000000000000000000000000010000100100000001000001000000000001000010000100000000
61
100010000000000001000000000000000000001010000000000000000101000000010000000000100
29
101000000001000000000000000000010000000010000000001001000000000001000000000010000100
21
1000000010000000000000000000000000000000000100000100000000100000001000000100000
22
1010000000000000000000000001000001000000000001010000001000100010000001000100000
87
10000001000000100000000000000000100000000010000011000000000101001100000000000010000000000
11
