90 500
110000110100001100100010010100000111000011110011011010001010101011101011010001011000011101
129
101111000111000011101111101011111011111011001110000000100000010000101001001001000000100111
156
111110000001110010011110001001010100011010100100101011100111111111110000101001000011101110
44
110000001111011001010001111011001111011011111010010110100100010110101010010011100010001101
82
111100111000101111001101111010011000111110110111110000101100101101001011101111011000011100
200
101000001010111000011001001111010011110000100011000011011010001111010011001011001000010001
135
100011000001000111010111110011000010101110111111011000110011110000110010010001010111111
188
100000111011011010110110101001011001010110010101110101110100000001001000110000100110100100
44
1010000111100010111011000001110111100011111110100111001010001111100001101100101000100101
152
101000011101111111011001000010000010011111000111011101111010111011100101011110110000111111
33
111010000101000011010001001000111010010000111100000011000000100101110110110111011101001010
135
100000110111100100000010000110110100001001110001001111001111101100111011111000001000001100
135
110001010011101011111111110001000101010101011110100100000101011111000100111010001101000000
189
100011000101010000101101101000100011110111011100110110001001001011001100100010101110111100
166
11100000000101010100110110011101011011110101111001100010111101110010010111010111111000001
35
10001000010111101100000100010100110101110100011100011011101010000001010101010110101111001
62
101101010010011101110001111001111001000010000100111010101010001010110010010000011000111001
20
10100100011111110010011110010110110101001000000010101011110101010101001100010110101001100
118
101001010011110000011110100110001100111101101000100110110110001111001110110010010001111110
172
1000011001100100000110001001010010010100010010010111010101001100001001100111100010101011
19
1101100101111000101001100110100010110101111101110111100100111100100000010101100110000010
86
10010010001011110000101100000000000010100000011010000010110110000011011011011110111011100
112
11100101010111010101000000001110011011010011101010110000110001110001111011101001011011011
132
1111001111111111110101011110110111111110101100010011011110001110101010001111101111111100
92
100011110110110000000111001101100010110110011011110110101111010000000000101011101001010000
93
11011100010001000101000011000110100101110101100111111111010010000000000011111100111110111
58
10100010001011100110100010001000010001000000011111101001000010101101000011000111111001110
16
101010000101101110101000010100001001001111100000010001011110100011000000110011011101001010
105
110000001001001101011100000000000000010101010111000110001010001010111011101010100000011000
58
110111111100100101101100011100011101100001010001110111110000010101101010111000111000011000
28
1000001100001001010111101101110100010010000110101101110000011111111000000001100001001
30
10110110000001010111011010111110000000010010010110000110001101010001001110011011101100011
73
111010010011110010111110000011110001001110110110100001111011100111011110000010000011001011
54
11011100101010001001001111100101100101010001011000111010100000000110011100100110111000101
11
110111001111110001010000111110001111010111001001110111111101010011111001001000001101011110
13
11110100000111000010011010101010001110000000101010110010011111101010101001111111100111011
77
111101001010101000011010001101000110011001000010100000000111010011000111110110111100011010
7
11000001010011000100000011001101100001011011110100110110010000111111111000100000111110010
192
111110001010111000100011110000000111000010001001111000111101111011010110111110000110000010
166
100011101000011010010010001000010110101011001001100001111111100110010000010000111011010000
146
1011110110111001000001000110001101011101111111101011111101111001000010100001010000110010
195
111101000111101000111100110011110100100110011110010111000001001101010011011101001001111001
165
110111110100111100001010111110110101000101011000100101100111000101001001000000011100011
185
110110111100101111111100100110010010000001101010001111010111010110100001011001011010101101
11
111000010011101111010111011111011010011101101001100000111100110001101100001110111001100100
68
11111001111111101101111101100010000101110011100101000001111001000000001011101011110100100
107
10101111010110011111011010001010000100011100000100010011000000110010011010011111101010001
84
100100100011010100101001101111000010011110100110001101001110101101101010001000000110101110
73
100000110001111011011101110010110010101011110000110110101001111100110001111100111100110001
122
111011001110111001000001100000000011110010010101100010000110110011111001000111001110111111
69
101111101101100101101010100011100110111011001111000001101111100001001010010100011001000110
55
10100110110010001110000001101100010110110000110100110100011101100001011001111001000001110
82
10100110001000100011111000011110001111101010111001100011110011011111001100011111001011111
55
101101101000000000001101111111111000000000010011101100110001001101011100001001001110000100
113
111111111000111111001111101110010011110011110000101011010011101111111001010000111010011
28
111011101110111101010111100000000001110111100101100100110001100110011011011110101111110011
171
10000101101110010111110100010110110101100000001100111011000100001100001011111001100001011
28
10000110000110110000000010011011011100000111101001000010010001100111011011001110110001001
38
101010100101110101110110000111000111011010011101000010110110100101000110010111001000010110
27
1000000100100000101110011100101101010100100000011110000101011000000100101101101101101000
123
110000000000111000001101010010101010000000111101101001011000011110100001000110011111111010
125
1001101111011011011111111100101100100110001001100111111110111100000111100111011101101110
129
110101011101011110100011001111111000000101010111000001111111101100111101111001001110001010
66
101100011001010000110110000001010100101011001011101110001011000011101010101100100001100000
26
1100010101111110000010001110011000010010110010000001011100101110011011000001101010010
147
100101001000110110011000010101011000101110110111010111000010110100110001111000111011101010
98
101100011000001111010101101111000011011100000001000110001011101000011010000111010100011111
47
10000000010101110000001010101110000100011011111010011101010110100001111110110001001101011
163
1011100010001011101000010110100110001011110100011001000010011111100000110101111110010001
35
1100110010000111101101000000001110101101000001110100110111110101110111110000011010101100
49
110000101010011000101110011001100011110001011011101011111111101000011101001110011100001100
195
111011100011111100100011010011000011000110011011011100101100000001000101110000001110001001
101
11101011110101011001011011111011111101000100011011000011000011001000010010100100100001
182
100101110100110001001000111001110110101101101000110110001000110010101001111111100100000010
146
11001000101000100001110110111110100011010110001001111011000001010000001011110100100001011
15
10001001101101100001010001010001100101110101000011000101100000010001111100011001100001011
11
101010000100000011111111010111010100011011000110111101010110011010011110001011001101100001
107
101101011101000110011010101000111000011000111010011111001001111010000111011011000000010100
132
110010101110010111010010000111011110101110010100100001100101101101111110111101010100101
52
100010111010110100001101110000101001010011011101111010000010110011010100011010101101
58
1110010000101110001011001101011001100010111011101110111011101001101000000011001110000011
41
101011010010100000001010001100110101001000010111110110111010101100110101010111011101010010
100
110001101100001010110110001001010110110101100110101001001101001100111001000111000101011000
118
11000100100010110100101111111001010101101110111101110011111001100100000010000100011010111
192
110011001111111101100001101110100111011100011101100010010000100011101100101110010011110111
159
1111100011110011010001001000100111010110000101100000110100000101011100111011001000101111
141
11010001100110100000111010111010111010101110111010110010101101000111010011110101000111101
142
100001000101100001111111010101101110001111011001100010110010011000100100110111100000000001
51
1000001001011010101110001010110010000000001001110101100111000101111110101101000000111001
71
111010000101101101001100000110111100100001000001011111101101110110000101111110111011100001
4
111110000001101100000010100001110110001010111010111111111111000100100101111011010101000101
158
10010001011100111100111110100100111100101011010001000011001100101111100101000001100000
73
110100101100111000000110010001010110010110111110101111111000100110100111001101001011111111
72
100010101111111011110110110010001100111101100011011100110010011010011110100011100011010011
115
10001001101010101101110011001011100110001000001001010100101100001100111001000001000100100
41
111001110111110110011100111010001011111010101110000001101100101010110101100011001000011111
188
10111011110011000000100001000100100101101000110101111010001110111111101001000100100011111
2
101110011100011001101100111111010011101011101110111010001100001011000100101100101101110001
106
10000001110111000101001100101001111110011110110110011010101000001011111100111010110001
37
1110010101011011010101001111100000110011111001011001001010010001101011000110001111111010
83
10100011011010000111111110001110011101011010101011000001110001001001001101010000000110010
168
11110011101100001100101010111011000001010101110011011001111111111100010110010100111011100
86
111110101101011001110110001010101110111000011110000000010100111100101111100011101111111001
104
1100011000000111100000100110011110001100101010000101001000111011001000101111100000111100
195
1100010010100000101101111011110111000101010110100011110111010000011001110101000000110011
90
1011110110110011010111010000100000100111101010010100010000001011110011110010111111000
199
111101110100100010010010010011000001110010111100011101101100110101011100000011000100000011
34
100000000101100011100111111011101111011110001001110101110001101001001110110101011000110100
191
101000100101101110000001110010000100100010100110000110101000110100001011001011100110110000
33
101010101110110000110111100010100011011001111111100100010011000000001101110110011011010001
101
10101010110100110001100010100010110111111101010111101011001110100111100010011100100111111
37
10110100110110001100011011000101010101111100101000110110011111110101010011100110011110000
14
10110101011111101101011111001010111110000100101011010100011111001100101101100001000101111
141
110001001000011111101011011110111111010100101110111110101110111100000000011101101000110100
80
11011110001101101000011101001110110100111010010111000100101000111000101101011110100011000
106
100011100010111010000010111100000101111111001000011011011001010011000101100100100000100100
86
1111101000010001011010010110101111001101010011001101001111010101000000011011100010000011
81
11010010111011001000001111000000011110001011011110110011100110111101000111100001101101101
134
111100000000111110010111011010001000110000000101100100011111110100010010010011010100110011
191
11111111011101000011110001000101110100100100101010010101100010111111100000110010001111110
94
10100010100110111101010011001101110111010010110010100111011100010010110111010011100100111
130
100001000101100101000000010100011001111110010011100000100011001111110000000010111000100101
176
11110101111000100101000100011111111011011000001100111111111001111010011001110101100100
168
100110100100010111100100101011100001011001101011001110101101100001000001110011100001100001
103
100101100110001101000011000010001011010111010111010101101101110011101000111101111010001001
55
1010111011110100110010111101010010001110111011000100110100011011111101100101001010111001
17
110111010100000011101110110011100101100111110110101110111100011110010001010100100000
13
10001101010111010100000111010010010011111110110011101100010110011001000000110000001110110
60
11010100100000001110001001101111111000010000001011010011101110111100111001011001100011000
57
111110111001110110010101111101011111011010100100101011011011001011111000111110010100010
139
10110111110110111110000000001100101000011010100110000101011101011111001000000110101110111
132
111100101100100100101101101110101110111101000011110010010101011011001011110000111111100
44
100011111100111001011100010101101010110000001100111111110011110000010011101110100110010110
53
11010010101010001101111001100100100100001101111101110001001110111011101010001000110100011
88
110100110101011000000110001011010000111011100111111101101000100101111000111110111101100
23
11010010101001001011010100101000011011100111100010101011000010111001000100101011100100010
140
11011110110110111101110011111110101111011111001101010100100101100010011010111000001100100
12
111100000001010101010110110010001010101110010111111110100101000100011011111010111001111101
22
101011100000110111101000011100010000001010010011100100011011100000101100011010111111111011
116
11111011111000001011011110011111000001100000100101000001011011010100011110010110100100011
82
10010001010100100011101101010000000001001011100111010110011111111010010101011101010000101
102
1000000010001001110010001110001011110011010110000011000011101000100110111001011010110011
147
101001001100001001110111001101010001000111000001100111101000100000001011110101101001100111
185
111001011101100101101000010110011011111001011110000100110000000111111111101000001010011
115
101011011001101100011010101001110001011000010101100011000000010000110011110100001000100101
12
100110100100001111011100100100110101110100010100010011110011100001101101011000010111101111
174
101100011001010011000011011101101110011101000000011100000001011011001010011010001011101000
22
10010010011110111101111101011101110111101011000101000100001011001100010001100100100001010
170
101101111100000101000000000111101100100000011011100001011111100110011011100111110011101111
28
101011100011001010100010010101000101111111101110000010110111011010010001101100010100010
183
101101010000001000100101011101000011110100000111010111010110001000100110011011100111000000
130
1010101100101101110111100011111001110011110111011011001011001000010111001110001010010011
125
10010111011001100100010000100011100000011100000111010101101010111100001000111000101110110
58
101011110001111101000101000001101001111111010000010110111111111001011101010010100101110110
178
110100000101111001101110101110110010110000010101110100011001100101000101101001011110110010
119
10100000001101001110010100100011100001100001000010010110111101000011111010001010011010101
33
111111101111110101101010000000110100100110001010110011011001101000000001110011110110000101
138
100010010101000000010101011001011101100010110100100001001110100010010001110111110010110111
59
101001100101011000011111000101101010010010001110100011010111100101100101100000000010101100
34
1101001111000001101110011111111001010110111111101000001111000100000011111111101100001000
173
11101011001010111010110010010000001100100001101101001011111101011011111001100011010
110
10000011010011010100100000111110110111011001000011010110011010001010101110010010000100110
55
101000111101000010101101110010011111110111100010100010100111001110000100110000101101011101
104
111001101000111110011111110001000110110100000000100001011011100011100110101100011110111100
178
11000000110010101000011010010011011100011000011100111111011001001100010010110011010111001
100
110101010000111001010010011101101001110101000101100100101110111100110101010111110111010100
141
111011011110010001011110111011100000000111011011000111000111111110100001101111101010011010
173
1111000010101011111000011100011100000110110110011110001000101110100101110100111110110
25
111001101011010101100001100011011110101000011001100000010100011000101001011100100111101010
120
1001011111110010011000011110101111011111000010110011010000001111000111101110001110000001
182
111101010000001111101101001101100110101001011000100011111000111111111000011000100010011100
11
101011101010010011100011000011001000100111110101000011110001001000101110111101100111010010
33
110001001010011010111110000011110110110010110110110010001011110100100100001010011001111101
8
100110011110100110001111011001000110010110110101101000011011010011101101111011101111001011
200
11101110010111100100011010101000000100010101101010110000111111001100000100010100010111
119
101011000000111110010000000100101100100001011001101100010001000010110110110011011000001100
18
101000000001111001000111100011011111111000010101010100011010100101000010001001111001000
80
101111111111111001011101111001110111011100101000001000101001101100011101001001001110001101
73
101100111011100110000010010101100101011000010010001010111110011010001001011111101000000000
143
100010110111100100101011110111101011101011000111111000010001111110110010001100001000110101
14
100010001101111010001100111000100001001110101101110001110000100101010110011111101001110111
187
111101110000101010011110001010100001001010101111000011000010010011111000100101100111000111
177
100110010100100101110011010010101110000101100111111101000111000101000110101010111110010111
34
10100101111111000110001000111010010100010100111011101110000011010000010111100010101000001
103
101000110000000110000110100000111001001100101000001101011101011010001001001010101100010001
89
111010010001001101100110111010001001000011001100100001011110110101101011010110110101110
162
100100011010111101101001101000010111000011101101010000010111101101110111001100110100101001
44
110101010011100001011011101100011100000001000010111000000101000110111011101111001110110010
33
101000011001000100110010010000111011100100000010100010011101101101111000101100100010011100
100
100000010100010111110111001110111111011011001011100011100010000000101001101110100110110
36
11000101100000110110011001011000010000100101000010110000000101100100001010101110110100111
28
1011101001011000010000110100111100011101000001100011000000010011100111000010001110001000
7
10001010000111001101111011000000000101001011000111110001101010001110101011000010110110010
189
111101000011101000101000110011001000111010010011010000010011001101100010010100000000001
67
111000100000000001010011100110010000001011010011011111001111100100110011111011000101100100
35
100000000110110111001010000111100110000001111001110001101110111100001111011010111100001011
18
111100111001000010011101010101100101001011101110111101011001110001110110101001100000001111
32
111101011011001000000000100011111011110100100011100101101000111011111100111010101010110
137
11011011111110011110010011101101101011110100110110001110001000101101101000111111010111000
47
110100010001100010011101011001001010100100100010011111110000010010010010101101110010011101
10
111011110101110011010000011011001101110011010111000001000111100011000001101100010001011
14
111011110010110001000010110100010110010100001110111111100101001101111111001101101100000111
118
1010101111101010001011111111110101001101011110101100100111111111011111010110011011111
169
100110101011100001101000111010110101100011000011010011011001010000011101110111011101100000
90
10011100010111010010001101000000111111000101111010100000011100101110110011111100010000000
116
1100011110101100101111111101100100110101101011001101100100010111001110000100000110101101
200
1010011101101001100010001011001010110000000100010001011010010110101110101001011001110000
75
11111001111100011111111001111001101101000111100001011111100111100011111110001111100100101
153
111101011111101000011100000111111110000110001101010101110001000100101110000011111111001110
37
10101000000001000100101110110000110111100101111110010111001100001001011010001000111100001
178
101011111111011001001110100110001000010111010110010001100011101100001000001100100010010000
62
110001011111000110011100011001000001000110000000110101101000111001111001110010000001100001
100
10010101101101000001010110000100110110001001111101011001010011100110011001001011110101
184
101100000010001100101100011001001000000001110111100111100011000101010000111010000101111000
134
11000100010001111001000011011011010011111000100001011000110011000110100011010110010110100
139
100111110011000110001011101000111111100001111011101001100111001111001011011111100000001110
41
101111011111000110110011111100010011001000100111110101100001110100000110110011100100110111
84
11110010010101110000100101100000111011010100101101111000110100000110101010101001000101010
47
101000110000000011011001011001111010001100111000000011000110000010011111010100001110011001
155
110000110000010110110011101011111001101101010101010100111010101100011111101100011111010
120
11001110111111011111001010101101001001101111011111011101011010001000100001100110111110001
135
110111101010011010100101010100010011101111001100100010110011011110010010011101011011000001
17
1011011010111000101100001111010111011100011111001001100000011010001010110100010010111111
161
101111001101001001000010100010001000111111101111110111010000111101010000100011110011001
24
110100000001110101111010101100101101101100011100010010100001000001101101000000001101100110
45
10100011001000100101110000001110111010001101000101111110100011011000000100101001111000000
174
11110110100011110101011110010100011000000100000100000010000110111010010111001010101111011
137
111110101000100110010100101111110001101010000111100110110010101100010111000100000001101
51
11010001101100011111111111100011100110011010101110000010011111111011000111011001010110110
144
1010001010001000101011001110101111110100111110100011010010101100010111100000100011101111
154
111111001101001100000001101100100011101111111110001111110011000001000110001001111110000
78
1101010000001010111010100011110110011011110111110010010111111011001000001001111100101011
103
100000001010101100111000001011111010010100000110010000110010110011010001001011101000111010
88
111100001001001000001000111010010010010000001111101000100001000100011111111110001101100111
83
110010101011001000111101100110001001000110001010110001101111110000101101001111000100010
172
101001100010100111111101110100111011011010000000100101001011001000010101011101110010110000
75
101011011000101000111010111010110100011100100011010010101011101100000001101110100011110010
131
10001100010101010111000000010011010010111100110110111111011011110010000000110000000011011
3
111100000001101111000000100011001100011001111011101101101000110001101011101011000110101011
42
110001100111011011100000101100011011000110110011110110000010000110111101100010000000011110
47
111001010110011011111101100010101010100110111100100100011011101100100000100001100000100100
89
100000011011001011001110010011001100100010001000111100101111110101100101010011011011100
117
10000111000000010010100111000101011100001100100111100001001010101111001111101100000010
35
100100100101001101111110111000011110010011110001011100010111001001100101011100000011011000
170
100110110001010101000110111011000011110110011011101111000001110110101011000000110101110
63
11101111111100110011011010100101011001010100100111101111010111110011001001010100101001010
4
100001010111111010000101110101100001001011001111011011010101111001001010111010011011101111
28
1101011101011110101000010000000101010101000010010001110101101100101100111111100011111110
178
11000100111101011011011101110110110100001000100101001001000011100111100110110010000000011
148
11111001000111100100000110101011110101000101111100001110010111011110011101011101000110011
80
111110111000011110001010010001010111101111001110000001011111010111111100100110110001100000
25
101111110011000001111011110001011011111100000011000110011000100000000111001110011001100100
86
101010011010110111110000011001000110001000000011001011100000010011001110000110101000100101
58
110101001010100111110000001011110010010110010010111110011000101110000000011100010101000101
71
10100101011011000111111111011111000011111101000000110101001000001011000100001101111100101
53
100011001110110000011111101100000111010001111100110110100000111100000000101111100110001001
86
100001110101101100001101000100101110001000100110100000001110110001010001101001111000101010
137
1100010100101000010010110110100010100011101000101011100010010111110100111110101001000100
155
111010000001100011001011000100001100010110101101111011110010010101101010111011101101101010
116
111001010001100010001111011010010111010011110001000011100001110001111011011101101111000001
38
100000101011101000100100100111111111111011000111011001110110101000110000111000001110100001
97
101011010100010101011111100101001100110101110100100101111110111101011010101001110010000001
59
110011000001011001010011001110000000100011001000111110011000100010000100101000111001101111
183
101111101111010101101001101101000001100010111101100110111000100001000100001100001000101110
94
100110101101011101111110110101001101010000011100110111000100001011111101100100111110001011
54
1101111001000000001100110100001011010000010110110111110001000011001000011101000101010111
41
111001011000000100101000011100110101010000010111000111101110110011000111000010010000001101
28
110000011111000000110100000111100100000101101100000001001010001001001000100001101000011
154
110111101100011111110111100111101001000110100010010011000011001000110001111110101101100100
157
111010110000101100111001000110000100011010101011000100101100110101111010100001111010001011
150
1001001011011111111010011001011010011100010000111110010101011111100000001011010101001
47
11111010101111011110010111001110010001000111100100011000100001010010110110011000101010101
38
100110110010011111011010001111101001110101010000111001101100101101010000111101110111111
11
111010101110101001110000010010010100110001101000111010111110001111101010101100000011111100
139
101000110110011101001001001000110111011010010111001101010001110101001010011101111001100101
188
110001010110101011010000111011101011001010111101010001000001000001110010010100011001100000
159
100010000001100000110010101001111100001100111101000000000100111110011000010100111101101000
173
10010010110011000111000011101100101010100101011011101010100010001110101000101101010010
157
100010111100000011001010101001010010000111111111101011110000101100101111101111000000000010
8
110010100000011100010001001110110010011101100100101111000101001111011100011000011111101
100
111111110111110011101111101100101111000100011100110111100110001010111010101010100111111001
23
10100001110000100101010010000001000000101110010010100000010000011111111011001011101111111
187
100000011000101010011001001110101001101110101010010101111110100001111001100011010100010111
69
11101111110100011010111110100111101101111011101100001100111101110011001001110001011010100
146
11110100000001110101010110001110111001110011110100110111011110001101101001010110100101011
134
100001100101000101000110110000110010101010001010011100111011110111000101111011011111000011
65
101001001110111000110011000111000010001101101010111001001011011010110011110110011101000011
115
11111001011000000110110011100110011100001111111101111010111110101100111001010010101011110
145
10011101000111110101101010001100011111000001000001110111010100011110110001010100011101111
107
10001110101011110000010100000011100100100000011100010100101010000001001111000010111111000
157
10101100111101001000101110110001100110001001101010111101001011110001010010111111110100101
52
110010001111101011010010000000100000101010000101101110111111010011011101011101010110110101
116
11011001100000110101010111001101100010000110100101110110011111010010001110100011111101011
48
11001001000110010111110100100001101010011111001011101111100101110000011110001110000100101
48
11001010100000011000011010000011110011100000100000011100011011010110001110101111011110
55
1010110110011110110011000110000000001110000110100010010111011100110000100110011001010
52
10010011011101110000111101011000010010100110110010100010100101111110011011000010011001000
69
11100001010011001101001011100010001010100111001100010010010100000011111101011001001010101
180
10011100000100101001100000100001110000110100110011101100111011001110010010100111101110
95
111101000000100100001011001000000110111000011000100001010001100101100111011001110111001011
129
100011001000110100000011110101110011000110000101001001000011001000011111000011101010001
56
111001101011111110110000001001100111000100000101000011000001000101111111010001111100010011
154
110010101101101111101101110100111111101001111100011111100100010110001001001101111110010110
179
110111001100110100111000111111001100010111000101010000000001100111111111111010111011010010
9
101001000000001111110111011100010001110110101101101100000100111111100000101100010010101101
125
100010100100001011001000010101011110110011101010101101001110000001100111001100110100101111
95
111100010111101001101000100010010011001100100011111010101101001110010000010010111011011101
143
1101101011000100001000001011011100011110111011100000010101011010001000001111111010111000
5
11011100001001000011001111001110010100110110111010111111101101010010000100100111001001111
72
11010000111000001011000001010010110010010010110100101111001111111001100110001000101111
165
111100010100111000000000000110111001100110110100101010101000011111111100001010010010111011
142
1011101000010000000011111001111100011111111010000001000110000100010000101000010101010110
5
101010000010111111101110000111110110011111011011111000001111000010011111110101100010100000
177
101110111000011000111101111011101010001110100111001111100001011010010000000100110111010
63
101001100110110110010111111110101111011101100111111000000000000010001100101101010101011110
25
1101000010000100100000000010000010101010111000010010100000100001010100110011101011010001
141
11011010001100101110100110111011010100000100110011010010110000010111001011001010011100101
93
110010110010001000010011000000100000000111111110011111101000111001110101001001000101110010
140
101011101001111000000100010100010011111110111010000111000110111000110011010001110110001011
43
111001100000001010010011001010101000110001000001100101111110111010001100011100011001111011
103
10011100001110111011110011110111101001000000100110000010111110101110011101101011010100001
60
100110001100111000011100010001101111000001111100001001110100010110000001000010101101110000
98
101111001111111001000001111111011110100001000001101000001001111000001101110100000111001110
135
10101001011100101010011110010010111001010110100110000011000010110000011110101100011011101
158
111010011001111110110110100101110001100101110110000010100001100110010101010000010000
116
110110110111110111000011100100111011010111000101111110100100001100000010000010011010100
134
111110100011100011010111100001110101100111100000000010000111100111011000001011011010001101
7
111100101001101000001011010111100111010111101111001001111101100000100110000001001001010110
26
10111111101101001001110111111011010111111111001010101111000010011101110011010000011110
8
110110011001111110010001010101100001111111010110001110101111100000010110010000010100110101
159
10000111111011101111001000111110001110001001101010100111001001100111110000101111110100010
139
101111011000011101001010111000110001100000110000101110010111011011101010100110010000010
122
1010110110000110000001111010101010110111101110111011000100010101010111111001111101111
8
10001011000010101010111110000111000010111100011000111110111001010001000011000100110000100
32
111010110110101111000011111001100010110111011111000100011011111010010110101110111011101001
138
110000010111010110111110111010000101001010011011000000110100111001110011101001110111100100
191
110111011011010110011111110101011010101001001001001111001100110111000110111100011101101000
140
10011011110011011000100010100010001010101101000000001011101111001110111111001101010001010
69
110001100101101001010100101100000111101101010001000111010110111101100101011111110010110111
21
11110010001011000111010111101000010011101010101010001101011110010011010011011010000111011
53
1000000001010001010101101000000010100101111011111000000110101011011001001000000000010101
174
100111010010110000001011000000100011000110010000100100011111101100000011110111010101100101
172
1100010101000111010111101000100101101100010010011011001101010101101100011001110111101000
20
1110011010100101000010100111101010110011001110000101000110001101001101101000101111010100
37
101011111011001000101101001111110111111000011101000101001001001111111010001111111000000110
163
101010100001011001010110001001011110011110100010111110001100000110010001100110010101101
138
1110110010000111111111111011010111010011001011011100110011000011101001010100001011010101
61
100110111101100011000100111110011011110111000101110110001011001100110111010010010100111011
27
111100110011011001000101110111110000000110001100110110100001110011001110111001000110001001
165
111100110101101111101101101101110010101110100001000010001011111101100000000101011100000101
79
10100110100000110010000111001101111101001100111001101001101001100000010100011000110111101
183
1100000001001010010101101111101011101001000011110010010001000001111000011101010110101111
131
10000101000100101001000001101110110010011101100001100100001000000101110101011110011110010
77
1001001000000010011110100010010101101110011010101110111001011101010000001011111000110011
188
101100111011110010010010100111010101101010010100000000111111001101010010100010001011011000
166
1010000011100111011010110010011001111101000001110011010010111001111111100100010010100000
180
101111111010000001010001011001001000111100100101010111111101011101110011001111001101100
36
10011001000111000001111110000110001110101111110100100011110100100010010111001001011010101
70
1001011100010101011001011111011011111011010011000111001101101000110011001101010100110001
52
1101100000101101100000100110000100100100000010100011010011110101111101111111011100101
119
10111110111011101111111000011100001010101001110001100001101110001011000101011111011111100
7
1100110010100010010100101110110000111110110111110100000000101111000110010111010010101101
57
11011101010000100100001011011111111010000010101101100100110101011010101111001000000111011
110
11001000110011110101001101111001110001011101110000011101101010010111110110000000111111101
101
101100111010101100011100011101000100101100010010011011010111001101001110000101101110010100
46
100111001111101000011110100001010010000000101111000100001100000100111000000100000111110
41
111001011001010011101011011000000001001001101100110100001111101000000010001100101101000011
10
100010101010010001010011101001000010100001111001100100011101000000111101100101100101100
25
111011100000001111111000000010010001100110111111111111110001100001001001101100000001011011
109
10111100010011010011111110101110101110110000010100110110000101010000110001100110000111011
118
110100001000000100010100111101000111001110001000110101001111100001100000011110100001000111
187
10011000010100001101111001110011101100101100101001011001111101001111100111001000110110011
45
10001010011110011111111111011101010011010100000101110000010000011100011001110001010011010
28
111100110010010001011001110111011101111011000010011001111111100111011000000110111010010
71
101001101001100011101100011100110111011100000111001001111011101101110100100111000001001011
23
11011011101110001101001110010101101000000011101001101110011001001111001101000110001101100
154
11100011101000100101111101101011000101011110001011100011000100001010000101001001100101011
39
100100000010110000011010000110010110011010100111110110110010001011000100101101011010000110
84
111111001100000111101001110110001000110111101110010000010010111000000101000000111111011011
53
110110111000001101101101100111000111010000111110000110001110000010011010101110110101110101
64
10011111111110001111010110100001101000000111010010001000110000011100111111110001111101000
88
110010000010101111111000010010011011011010001010110001010000011000111101111100100010011000
4
100101100010010000100111101001011110010111110011100000111011001001010000100011111001010100
177
10111001011011110011000000110100101100000011010011000101100010110100001001101000011100011
73
101100000001100011101011111100001100010010100001100001101100111110110110100010101110110100
19
1011110011101101001010011000101010001010000011001110101101010100010011110010010011110
181
111001100100101011011110011011101001100000010001101001010100000101111111001011010001100110
94
101010101101001110001101101011011101001100111100111000000001100000111101000100101011010001
18
1101111000001110100010110100001001011101010010001000111101111110000010100010101010010100
86
1001011011010011110101001110001000010000111111010010011001101010110100111100111010110100
2
1101101001001001001100011011011001100110000010101111001111100101010111001010011111101100
114
1111000100110100111010100100100010111100011100011110011101110111101111110110011111000100
90
110000100010110110100110111000010110111100101101001010001110111111010101001000100111010100
123
111110111111010100011010011010000011110110111010010111001000001101000010100011011001100010
108
101110110000010010111000011110100100010010111101110101001111011101000101111010110100000101
61
101101011101111000001000001101001100110011000101110100000010000110111001111010010000010110
29
10111011110001010111111111000000110001001011011100011011011111011001100011011110111100
21
10000111011001110110000110000100011000111100000110001111100101100100100000001100101111000
22
111001111011110101110001111101000000001000011000101100101010010001000101011010011010111110
87
10010101000010100001110010111111101001100010000011101100100111111100000101100010111101000
11
110110101000001010100101100100001011110001010111110111010110000111011110100110001110111011
40
110111111100111010110000110110101100101000011011111101011000001111010100011011011101111
44
1011110010000010001111001110010111111011100001110110101111100100101000101001100011000
148
100010010111011110111010111110010100010010000100111101000001001000001111001100010011011101
61
11111110110111101100111001011110111001001111100101010000000000110011110101000111011011111
102
111111011110011110111101110011111000000100011101011100100100101110000010010100110000011001
151
1100100100011001000111001111111001111010100110110010100010010000001101010010100110101101
137
111000010101100010110000101000101010100101111101010101010111110111100110101010100100011100
114
100001111111100010111000000100011001100101010101100101000100011101101100100110101111111
3
101011101101111010110110010001110011111101101111110110000011110111100001011001011001010001
186
101000010111101000001100001001001010101100001110110000100101011000011001001101010110100100
97
10010101010011110111100101010011000100100011101010110011110111110001000000110000010111
55
101100010010000000001011100001101101011011100001001101110100010011010101001110011101001010
123
1100101111000111101001111100001111110010001110011000000000011110001011011100011001010110
10
110100000100000000001001000100100100011010110011100000011110110111011010111110100110010100
125
111100001111100011111001110110111010011101010010101100001010110100000101011011110000000001
3
10101110101110101011010100111000011111010101110011111101011111110010100011011011011010001
16
110110010011011100101111011010111010000001100111100111110011000100001110100001000100010100
199
11111111100011011000010011000101000001011111100110111000110110000110010110000001001100100
171
111010110011001111101100011101000011110001000011010001001100100100110100000001000111011010
69
10001111100001010101000001000010001100100001000011100111010101100001101111001110101011101
178
110101111101011011111100111100010100000101101111110000000010110001011000110100100010111001
90
111101111000110011110111111111000000110001111010011101101101010111010011100001111111101
10
101111111011000011001100000010011100101100101001100111100000111111000000000010100000111
67
1101001011101000011001010101000001101101100000001011010111100111010101010001010010101001
86
101011010110111111110011001111011110010100000000111010000010111100001010100110100011101111
96
101110111001111011111000100000110110000111110110010001100100000000000000100000101110100000
158
101101001111101100111110011011111111001001001110001100100011010111101100000111010100011
115
10100101000001001101100011000110110101000111111001111110111010100000000101111001001010010
140
110110011101001100111111111101010100000110100101100010101010011010111111100001000111111111
18
110100111001101010011101001011011001100100000111110011100000010100111101110100001101110010
47
11110001111111101100001110000011010011000110001001110000011011001001111000110101010111
104
1111010000001101000011000101110011111101000010011011001001111011100111010110010010100
35
1011100101000110010000010101000001110111110000110100100101111000001010000100000100001010
59
111000101110100010000010000001011001011100011100011011101010101110010111110001111010100110
123
11101010110011001111001111000010101000011110100100000100100101011101110000100011000000
85
11100100111100010001101110000001101011011010011101110010111110110101111001110001110100110
103
110011010101011101010100001011110110100111100110110010011000000011100110000111100011001010
102
101010011011001100000100011101011000001101110101000111011101111010011001100010100001100100
141
111001101001000101001000110101110010111111111001010000000011110011001000111011001100001111
196
111001101111000100010111100010100100010011001011110110100011111101010001011101000011000110
65
11111111000000000010101101101010000011011110001011110111010110110000100011100110110110000
27
101101010110010110111001011111010100010001000001100111111101101101011110001111110100011001
90
11101010100001101101100000011011110001101010100110010100011010011100111000110010101110110
5
101011110011000111111110110011111000100110111001000000000101101000010010010011010001110111
98
11110101100000100010011110001110110001010101110000101111110010110011111111000011110001111
46
101111100001100001110001000101101101110110101011111110101111111000010101100000100001011011
170
111111010111111011110011100110001111000001100001010110100001010111000011000100011110100001
175
10000110011001100101100111111111000000100111101000100110100010000011000011111100011011000
42
100110011101100110001111101110111000101110011100010100111001111101001011101111100010001010
68
1101110001010011001011100010010100100000000100101010001010101011101100110100000010011101
45
110111000100001000001101111110011001110110000111110100000010111010000110111111110100101111
164
10110000000110110111001001010100010100010011110010101101110110101100110100001000010100110
87
10110011001001110011001001100100110100110101110001100010011111111100000001011010111000
94
100000010100011100010011111000001101100011010010100000111111111000010011110110111110110011
41
101001100010010100110100111100101010000000100000100100111000100101010111100111100101100000
110
100001000110110110001110100100001000110011001101111000000111011001000010101010100110011011
25
1011110000110111010000011111111001001110101101100010011100001111101101001010101111
14
111101110100111010101001101110110110111001111110000000100010000011100001111100000001111011
120
10000100100111000010101001100001100100111110101111101011000111011101010001001001000000
80
110111000110011001111001111000110111001100111000010000011100010111001010100110000001101001
90
101110001111100111100000010001101101100001010100100110111100000010011110011011111101000110
143
10011111110111011100100101100101000101000000111100100110000000011110000000110101011100110
21
11111101010111010101101011011111111000110111101100101110011010000111101100001010001110000
54
11100010101110001001101010100100001010110010101110011001111000010100101010000000010010010
196
10010000011101100010001000000001011000001111110100011011001001011000101101100000101001001
161
110111100110011001100101111001101100010001000011110100000100011010101101110011010100010101
9
101100110001101011001111111111111001111001111011100000011010001000011100001101101101001101
111
11100010101001111111011001110000011111001101011011000000011010110110010010101100010110101
152
110000100110101110110001011101110000110100100101010010110011001100111100100111111001111110
138
100010111101000011001101110000101110110111100101111011110110100001111001010101101010000001
99
10010110111111001100111101101010010001000010011010101101001100000010101101011101110101001
60
101001100100111101011000101101110100100110100001000110110011011001000000010001111111010111
30
110011010100010101010001110100001001010100101001011001011110111010111011111110111111111101
42
111110110000100011011000101100001100101011111011011100000110011010110000110011010010110001
142
100101010100010110110010100000011001101101001001000000111101011001011011100001110111000
112
111100111110000011110001110010110000001100001001000011111000101101000000011000110101000110
15
1101110010111101010111001101111000001100001000001111011101101010100010101000100011101010
81
100000011111010010000101000100001100110111101010110111110001110000111100101010110111000110
36
1110011110010011010001011111100011100011010010000101110001000110110100000110110011101101
49
10000110000100101001011001111000100010001010000010010000011100011101111100001010100000110
109
100100011110110000010110101010101100000011000001010010011111011100001010111010011000010101
188
110000101111001100000000110011101001010010000001000111111101100000000101000111100010100111
55
111001110010010100100111011100110101001011010010011111000110111001011101001010111100000001
87
1001100110110110000011000110110100001101100110011000010101010010111111001111011010010
1
11010110011010011010101010100010101100101100100110000110000011001101011110011010000101000
123
111110101111000100111010000010010011111000001010100110001011100011100110101110011001011010
131
111011100111001010001101000010111011100001111000011101111101001100101011000110111001110011
79
101000101111100011000101100011011101111000110110110000001110111110010011001000101110110010
87
10101010110010100100010000011110111001101011101010101010001110001010111000110001001001010
20
11100010010111000011111111101001000100101110110111011001001110111111000111011010111110
6
1011001101111010111110111011010100000000001111111101000110100100100111001000101001000111
115
100011110100100001011000000110001111010100011111011111011100110110011101001100111011101101
97
11100001100101010011111000110011000100111110110110100011100111101111001011111000000101000
142
1101011010100000010011001110111101011001010000101001100101011011101000011000110101110
91
1100111100101110110100010100001000001000101101100011110101001100110110101001000101100000
97
111001110110010001011010010001010100110000110100100101111100010100010010110110100010001010
192
11110000000101111000010011000010010001111000110011010111101001111001010010111000011100101
8
11101110111010100001011110110001101001110000010111001011001110010011010110110100100010110
79
111000011100001001011011100000000100000110100101011111000000010011010011011111001101001001
173
