90 700
111000111111111111111111111101110111111111111111111111111111111111111011110111111111111101
129
111111111111111111111111111011111111111111011110110011111111111011111111111011110111111111
156
111111111111111110111111011111111101011111110110101111101111111111111101111111111111111111
44
111111101111111111111111111111101111111011111111011110110110011111111111011011111111011111
82
111111111101111111011111111111111111111111111111110001111101111111101111111111111111011110
200
111111111011111101011011111111111111110111111111111111111011011111010111011111111111111111
135
111111111111111011111110111111011111111101111111111011011111111111101111011111111110111111
188
111111111111111011111111111101111111111111111101111111111100111011111101111101110111111110
44
111111011111111111111011110111110111111111111111111111111010101111111101101110111111101111
152
111111111111111111011111111111101110011111111111111111111111111111110111111111110111111111
33
111011111111011111111111111111111011111111111111011111101111111111111111111111111111111111
135
110111111111111110010111111111111111111101111101111111101111111101111011111111011111101101
135
111111110111111111111111111111111111111101111111111111111111111111111101111110111111001111
189
111111110101111011111111111101101111111111111111111111101111111111011110111111111111111111
166
111111101100111011111111111111111111111111101111111111011111101111110110111011111111111011
35
11101111110111111110111110111111111101110111111111111011111010111111111111111111111111101
62
111111111111111111111111111111111101111111111111111111111011111111111011111111011111111111
20
110111101011111111011111111110110111111111111111110111111111111111101111110111111111011111
118
111111111111110111011110111111111101111111101110100111111111111111111111111110011111111111
172
11111111101100111110111001101111111111101111011011111011111011111111101111111111111111111
19
111111110101111110111111111111111111111111111111111111100111111110111111110101111111111111
86
111111111111011111010111110100111001111111010011111101010110111111111111111111111111111110
112
11111101111111111101011111111111111111011111101011111111111011111011111111101111111111111
132
111111111111111111111101111111111111111111101111111111111111101111111011111111111111111111
92
110111110111111111111111111111111111111111111011111111101111111111111111111111101111111101
93
111111111110101011111111111111110110111110111111111111111111111101110111011111111111110111
58
10111011011111111111111111001111111101111011111111111111011111111101010111011111111111111
16
111111111111111110111111010101111111111111111111011111111110110111111111111011111111111111
105
111001111111011101111111111011011111111111111111110111111111111111111111101111111011111111
58
111111111111111111111101111110111111101011111011111111111111111111111111111110111001111111
28
111111110111110111101111111111111111101111110111111111111110101111111111111111111111011111
30
110111111110111111111111111111111101111110011111111111111101101111101011111111011111110011
73
111110111111111111111111111111111111011110110110110111111111111111011110111011000111101111
54
11111101111111111011111111111111111111111011011101111111111110011110111111110111111111111
11
111111011111111111011111111111111111111111111011111111111111011111111011111110111111011111
13
111110111111111110111111111111011011111111111111111111110111111111111111001111111111111111
77
111111111111101101011111111111101111011011011111101111111111111011110111111111111111111011
7
111011111111111011111111011111111110111111111111111111111111011111111111010111111111111110
192
111111011111111010111111110111111111111111011111111111111111111111110111111111111111111111
166
110111111110111011111011111011011111101111111111111111111111111110011110110111111111111111
146
1111111110111111011011101110011111111101111111111111111111111111100011110111111011110011
195
111111101111101111111111111111111111111111111111111111101111111101110111111111111111111111
165
111111111111101111111111111111111111111111101111011111101110111110111011011011101111111111
185
111111111111101111111111111111111010100111111111111111110111111111111101111101111111101111
11
111011111111111111110111111111111110111101111011111110111111110111111101101110111111110111
68
11111101111111111111111111101111111101111111101111110111111111101111101111111111111110101
107
111101111111111111111011011111111101110111101111111110111101110111111011110011111111011111
84
111111111111111111111101101111100111111111111111111111111111111111111111101111111111111111
73
111111111111111111011101111011111110111111110101111111111111111110111101111111111111111101
122
111011011111111111111111100111011111111110111101110111111111111111111001101111101111111111
69
111111111101111111111111101111111111111111111111111111111111111101111111011111111111011110
55
111111111111011011111110111111111110111111111111111110111111111111101111101111111101111111
82
111100111101111100111111111111111111111111111111111111111111111111111101110111111111111111
55
101111111111110111111111111111111111111110110111111110111001111111111111111111111111111101
113
100111111111110111111101111111110111111110111111111111111111111111111111101011100111111111
28
111011111111111111111111111001111111111111111111111111111111111111111111111111111111111011
171
111111111111111110111110101110111111111111011111111111111111110111110111111111101111101111
28
111111110101111111011111111111111111111100111111111101111111111111111111111111110111111111
38
111111111111110101111111111111110111111111111111111111111111111111111111110111111100111111
27
11010111111111110111110111111111111011101111111111111111111111111111110101111111111111111
123
111111111111111110111111111110111111111111111101111001011111111111110111011111111111111111
125
11111111111011111111111111111111101101111011111101111111111111101111111111111111111111111
129
110111111111111111110011111111111001111111111111011011111111111111111111111111111111011011
66
101111111111111111111110110111111111111111111111101111111111011111111110111110111111111010
26
111111111110111111111111111111111111111111111111111111111111110101110111111110111101111111
147
111111101111111111111101110111011111111111111111111111101111111110111111111011111111111111
98
111110011111101111111111111111111011111100110101111111011111111101111111111111011110011111
47
111101011111111111011111111111111111111111111111011111111111110110111111110111011011111111
163
101111111110111111111110111111111111111111110111111111110011111111111111111111111111111111
35
111111111111111111111111110111111111111111111101111101111111111111111111111111111111101111
49
111110111011111111111111111111111111111101111111111111111111111111111101111111111111111110
195
111111111111111110110111010111110011110111111111011111111101111101101111111001111111101101
101
111011111111110111011111111111111111111111111111111111010111111111111100111111111111101111
182
110101111111110111111111111101111111111111111101110111101111110111101111111111110100111111
146
111001001111101111111111111111111101111110111011101111011011111110011101011111110101111111
15
111111111111111110111111011111011110111111111011111111111110010111001111111111011111111111
11
111111101110001111111111111111111111011111110110111111111111111011111111111111111111111111
107
111111011111110111111111111111111111111111111011111111101111111011111111011111111110011111
132
101111111111111111111111011111111011111111111111100110111110111101101111111111111111101111
52
111111110110111111111111111111111111111111011111111101111111111111111111110111111111111101
58
101111111111111110011111111101011111111010111111101111111111101111101111010111111111010111
41
111111011111111111111111011111111111111100110111111110111111101111111111011111111111111111
100
111101111111111111111111001111111111111101101111111011111101111111111111100111011101111101
118
111110111111110111101101111111111111111111111111111111111111101111111011010111111111011111
192
110111111111111111110101111111111111111111111101111111111110111111111111111111111111111111
159
111111111111111011011111111101111111011111111111111111111110101111111110111011111001111111
141
111110111110110101101111111111110111011101111111111111111111101101111011011110111111111111
142
111111111111111111111111111111111110001111111111111111111010111110110100111111111111111011
51
11101111111111011111111111111111111110111101011111101111111111101111111111111110111111111
71
111011011111111111111101101111111111111111111011111111111111111111011111111111111111110101
4
111111011111101100111110111011111111111110111111111111111111111110101111111111111111100111
158
1111010001111111111111111111101111111111111111110111111111111111111111111111111011101111
73
110111111111111111011111111111110111110111111111111111111011110111111111111111111111111111
72
111111111111111111111111111111111111111111110111111101111111011111111110111111110111011111
115
11001011111111111111111011111111111111101111111011111111111110111111111111111111101101110
41
111111111111111111111111111111101111111111101111101101111101111011111111101111111110111111
188
111111111111111110011111111111111111111111111111111111011111111111111111111111101110111111
2
111111111111011011111110111111011111111111111111111111011111111011101111111110111111111001
106
111110111101111111111111111111111011111111011111111111111111111101111111111110111011110101
37
111111111111111111111111011111111111111111111101111111111011011111111111111110111111111110
83
11100011111111111111111111101110111111111111111111111101111111111011101111111110111111111
168
111111011111101111111111011111111001111010111111111011111111111111111111111111101111111110
86
111111111111111101110111011111111110111111111110011111110111111111111111111011111111111111
104
111111111100101111101111101111111111111101111111111111011101111111111111101111111001111110
195
111111010111111111111111111111111111001111111111111011111111111010111111111111111111111111
90
101111111111111111111111111111111111011111111111111111111111101111011111011111110111111111
199
111111111111111111111111011111011111111111111101111111111111111111111110111011110101111111
34
111010111111111111101111111011111111011110011111111101111111111101101111110111111111111111
191
111111110111101111111111111111111101101111100111010111111111111111011011111111111111111111
33
111111111110111110111111111011110111111101111111111110111111011011111111111111011011111111
101
111111111111110111111100110110110111111111111110111111111111110111111111111011111111111111
37
111111111110110111110111111011101011111111111111011111110111111110111111111110110011111111
14
111111111111111111111011111011110111111101111111111111111111111011111111111110111110111111
141
110111111101111111111111111110111111110101101111111111111111111100011111011111111101111111
80
111111110001101111110111111111111110111111010111111111111111110111011111111111111111011111
106
110111101111111011111011111110110111111111101111111011111111110111111111111101110111111111
86
111111111111111111111110010111111111111111110111111111111111111101111111111111111011111111
81
111111111111111011100111111111111111111111111111111111111110111111111111111111111111111111
134
111110111010111111111111111111111111111111111111111101111111111111011111111111111111111111
191
11111111111111101111111011110101111111101111111011011111110011111111111011111110111111110
94
111111111100111111111111111111101111111111111111111111111111111011010111111111111101111111
130
111001111111111111011111111110011111111111111011100111101011111111111111001111111111111111
176
111111111111111111111111110111111111111111011010101111111111111111111111111011111111100111
168
111111101110011111111111111111111111111101101111111110111111111111110101110111111101111111
103
111111110111111111100011011110111111011111111111111101111101111111111011111111111111011111
55
111110111111111110111111111101111111101111111111111100111110111111111111111111111111111111
17
111111111111111110011111111111111111111101111111110110111111111111111111111111111111100000
13
111011111110111110111110111011111110111111111111111111111111111011101111111111111011111111
60
111111111111111011110101101111111111111111111111111111111111111111111111101011101111111111
57
111111111111101111111111111111111011111111111101110111111111111111111111111111110111111111
139
111111111111111111111110001111110111011111111111111111101111111111111011110111111111111111
132
111111111101101111101111111111111111111111111110111111111111111111011111111111101111111110
44
111111111111111101111111111111111111111111111100111111110111110111111011111111111111111110
53
111011110111011011111111111111111111111111111111111111111101111111111111111111011110111111
88
110110111111111111111101110111111111111111111111111111101101111111111111110111110111111101
23
111111111111101011111111111111110111011111111101111111111010111111111001110111111111100010
140
111111111111111111101111111111111101111111111111111111111101111110111111111111011111111111
12
111100111111010111110111111110111110111111111111111111101111111111111111111011111111111111
22
111111111110111111111101111110111110111110011111101111011111101111111111011111111111111111
116
111111011111111111011111111111111111011111111111111111111111111110111111111111111111111111
82
110111101011111101111111111111111101111111111111111011110111111111111111111111111111111101
102
101011111111101101111111111110111111111111111111110111111111111101101111111111011111110111
147
111111111111111111111111011111011001111111111111100111111111111111111111111101111111111111
185
110111111111111111111101010111110111111111101111111111100111111011111111111111111111011111
115
111111111111111111111111111111111111111111111111111111111111110111111111111100111101111111
12
111111111111011111111111101111110101110111111111111011111111101011101111011111010111101111
174
111110011011011111010111111111111111111111100011111101101111111011101110111111111111101100
22
111111011111111111101111111111111111111111011111111111111111111111111111111111111110101111
170
111111111100011111101110111111111111110100111111110111011111111111111111101111111111101111
28
111101111101111111111110111111111111111111111111110111111111111111111111111111110111111111
183
111111111110101110111111111111111011111110011111111111111110111110110110111011111111111111
130
11111111111111111111111111111111111111111111111111111111111111111111111101110111111111111
125
111110111111111110101111111101111101011111100111111110111111111111110101110111101111111111
58
111011111111111101111111010101101111111111011111011111111111111111111111111111111101111111
178
110110111111111111111111111111111111111011010111110111111111110111111101111011111111111111
119
111110111111111101111111111111011111101101101111111110111111111110111111110011111111110101
33
111111101111111111101111101111111111111111111011111111111111111111111111111111111111111111
138
110111111111011101010111111111111101111010111111111011111111111110110101111111111111110111
59
111101111111111011111111101111111111111111111111111111110111101111111111111011101010111110
34
111111111111111111101111011111111101011111111111111111111111110111111111111111111111111011
173
111011011111111111110111111110111011111011111111111111111011111111111111111111011111011111
110
111101111111111111110101011111111111111111111011111110111111010111111111111111111111111111
55
101101111111010111111111111110011111110111111011111111110111101111111111110110111111011111
104
111111111100111110111111111011111111111111111010111111011111111111111111111111111111111111
178
111110111111111101011111111011111111110111011111111111111111011111111111111111111111111111
100
111111111100111111111011011111111111111101011111101101111111111101111111110111111111011101
141
111111111110111111111111111111100010001111111011101111001111111111111111111111111111111111
173
111011111001111111111111111011111111110011111111111111111111110101111111111111110111110111
25
111111111111011111101111111111111110111110111111101110011111111101111111011101110111111111
120
111111111111111111111010011111101111011111111111111111111011101111111111101111111111010111
182
111111111111101111111111001111100111111011111110111111111011111111111110111111111011111111
11
111011111111111111111111111011011010111111111111101011111111011000111111111111111111111110
33
111011111011111111111111100111110111111010111110111011111111111101110111111011011011111111
8
111111111111111111011111111111111111110111111111111111011111111111111111111011111111111111
200
110111111111111111111101111111111010111111111111101111110101111111011111111111111101011111
119
111111110111111110111111111110111111110111111111111111111111111111111110111011111111111110
18
101101101111111111101111111111111111111111110110111111111011111100101111111111111111011111
80
111111111111111111111101111111111111111101101111111011101001111110111111111111111110101111
73
111111111111111111011111111111111111011011111111111010111111111111001111111111111010111101
143
111111111111110111111111110111111111101111111111111111111111111111111111011111101111111111
14
111111111101111111011111111111111111101110111111111111111111111111111111111111111111111111
187
111111111011101111111111101111111111111011111111111111111110111111111101101111111111111111
177
101111111110111111111111011111111111111111111111111111111111101101111111111110111111011111
34
111101111111111110111111111111110011111111111111111111111101111110110011111111110111110101
103
101111111110101111101111111111111111111111111111111111111111111111111111111110111111111101
89
111111111111111101111111111111011101111011011011111111101111111111111111011111111110111111
162
111111111111111111111111111101111111111011111111011101111111111111111111111111111101111111
44
111111111111110111111111101111111111101111110110111101101111010111111111111111101111111110
33
111010111101110101111111111111111111111111101011111110111111111111111100111111111110111111
100
110111101111111111111111111111111111111111111001111111111111110111011111111101111100111111
36
111111111111111110111011111111111111001110111111011111111011101110110101010111110111111111
28
111111101111111011111111111111111101111101101111111111101010111111111111110011101111011111
7
111111110111111111111111111111111111111111111101111111111111111111111111111111111111111011
189
111111111111111111011111101111011111111111111111111111011111111111111101111111101101111011
67
111110111101111111110011111111111110111111111111111111111111101110111111111111110111111101
35
110010111111111111011111011111111111111111111111111111111111111100111111111111111111011111
18
111111111101001111111101111111110111011111111111111101111001111111111111111111101111011111
32
11111111111111111111111111111011111111111111101111111101111111111111111101111111111111111
137
111011111111111011111111111111111111111111110111111111110101111111111111111111111111111001
47
110101110101111111111111111101111111111110111111111111111110111111110111111101110110111111
10
111111111111101111111110101111111001111111011111111001111111111111111101011111111110111111
14
111111111111111111111111110100110111111111111111111111111111011111111111111111111111111111
118
111111010111111101110101111111111111111111111111111101101100111111111111111110111111111111
169
101111111011111101111111111111111111110111111111111111111101011111111101111111111111111111
90
111111111011111111110111111100011111111111111111111111111011111111111111111111111111111111
116
111101111110101111111111111111101111110111111111011111111101111111011110110110111111111111
200
111111111111111011111111011011101110111011011101011111111111111111111111111111111111111111
75
111111111111111111111111101111111111111011111101101111111111111111111111110011111111111111
153
111111011111111101111111101111111111110111111111110111111111111111111111101111111111111110
37
111111101100111010101111111111111111111111111111111111111111111111111111111011111111101111
178
111111111111111101111110101110011111011111111111111011111111111111111111011110101110111100
62
111111111111111111111111111111110111111111110111111111111111111111111101111111101111100011
100
11111111111111111111101111111110111111111111101111111111101110111111111111111011011110111
184
111111111111111111111111111111111111110101111111111111110111111111111111111110111111111111
134
111111111011111111111111011011111111111111110101111111111111111101111101111011111011111111
139
111111111111111110101111111011111111111111111111101111111111111111111011011111110101111111
41
111111011111001111111111111111110111001111111111111111101111110111110111111111111111111111
84
111110111111111110111111101101101111111110111111111111111111110110111111111111111110101111
47
101111110110111111011111111111111111111110111111011111010111111111011111111111011111111111
155
110111110111111111110111111111011111111101111111111110111111110111110111111111111011111111
120
111111110111111111111111111111111111111111111111111111101111111011001111111111110111111111
135
111111111111111011111101111110111011111111011111111011111111111111011111111111111111111111
17
111111111111111111111111101111111111111111011111111111110111111110011111111111011110111111
161
11111111011111101111100111110010111000111111111111110111111111111101111001111111111111101
24
111111011001111111111111111101111111111110111101111111111101111111111111111111001111101111
45
11101111111111110101111110101111111111111111110111111111110111111110011110111111111111111
174
111111111110111111111111111010111111111011110111111011011111111111110111111111111111111111
137
111111111111000111111011111111111111011101111110111111111111111101101011111100111110001101
51
11111111111110111111111111111111111110111111111111011111111111111111111111111001111111111
144
111011111111001111111111001111111111111111111111101011111111111111110111101011101111111111
154
111111111111111111110001111111111111111111111111110011111111111011111110111111011111111111
78
101111111111101111111111110111110111011111111111111111011111111111111111101111111111111111
103
111101111010111111111011111011111111111111101111111111111111111111111111111111111111111111
88
111101111111111000011110111111110110110111111111111001111111011111111111111111111101111111
83
100111111111011111111111111101111111111010111011111111111111111111111111111111111110110110
172
111111111010110111111101111111111111111111010101111111011111101101111101111111111111111111
75
111111111111111111111110111111111111111101111111110111111111111111111101111111110111111010
131
111111110010111111111001011111111110111111110111111111111111111111111011111111111111011111
3
111111001111111111111111111111111110111111111111101101111110111111111111111111111111111111
42
111111111111111111111111111101011111111111111111111111111011011111111111111111111101111111
47
111111011111111111111111111011111110111110111111111101111111101110111110111111111101111111
89
111100111011111111111111110111111111101101010011110111111111111110111101111110111111011111
117
11111101111110110011111111111111111111101111111111111111111111011101111101111111111111110
35
111111110111111111111111111111111111111111111111111110111111101011111111011101011111011110
170
111111111111101111101011111111111110111110111111111111111110011110111111111100111111111111
63
111111111111101111111111111100111111111111111111111111111111111110111111111111100111111110
4
111101110111111111011101111111110111111111001111111111011101111011101110111111111111111111
28
111101111101111111111011111111011111111111111111111111111111111111111111111111110111111111
178
111111110111111111111111111110111111111111111111111111111111111110111111111111111110111111
148
11111011111111100111101111111111110111111111111111111110011111111111111111111111001111111
80
111111111111111111011011111111111111111111111110111011111111111111111110101111111111110101
25
111111111111001111111111110111111011111111011111011111111111111110001111101111111111111111
86
111111011111110111111110111011001111111110111111111111110111011111001110011111101111111111
58
110111101010111111110111111011111110010111110111111111111110111110110111011101111111010101
71
111111101111111011111111111111111111111111111110010111111111111101111111111001111111111111
53
111111111111111111111111111111111111011111111111111111111110111111010111111111111111111111
86
100111110111101111111111101111111111111110111111111011111110111011111101111111111111111111
137
111111111111111001111011111111111110111111111011111111111111110111111111111110111011111111
155
111111111111100111111111111101111110110111111111111111111111011111111110111111101101101111
116
111111011111111011111111011110011111010011111011111011111111111101111011011111111111110101
38
110001101111111000110111111111111111111111101111111111111111111111111011111011101111111111
97
111111111101111111111111101101111111111111111101111101111111111101111111111111111111110111
59
111011011111111111111111111111111111111111101001111110111001111111101111111011111111111111
183
111111111111110111101111101111100111111011111111111111111111110111111111111111111010101111
94
111111111111111111111111111101111111111011111111110111011110111111111111111111111111001111
54
101111111101011111101101111111111011011101111111111111111001101111111111011111111111110111
41
111111011011101110111111111110111101111101111111111111111111111111101111110111111011101111
28
1110011011111011111111101101111110101111101101111100111011110101111011111110111111111011
154
110111111111111111111111101111111011111111111111110111100111101011111111111111111111110111
157
111111111111111111111111101111111110111011111011111111111111111111111111100111111111111111
150
111111111111111111111111010111111111111011111110111111111111111111111111101111111010111111
47
11111111111111111111011111111111111111111111111110111111111111111111110111011111111111111
38
111111111110111111111111111111111111111111111111111111111111100111111111011111111111111111
11
111111111111111111111110111011111110110111111111111111111111111111111111111100111111111111
139
111111111111111111011111111010110111111111111111111101011111110111101011111111111111110111
188
111111011111101111011111111111111111011011111111111111011111101101111110110111111011111011
159
111111111101111111111111111111111111011110111101111111111111111111111011010110111111111111
173
111111110110111111011111001111111100111010111111011111111111111111111111101111101111111111
157
111011111101101111111111101011111011111111111111111111111110101111111111111111111111111011
8
11111111111111111110110101101110110111011111101111111111011111101111011111111111111111111
100
111111111111111111111111111111111111110101011111111111111110111111111111111111111111111011
23
111111101111111111111111111101111110011111111011111110111110110011111111111101111111111111
187
111111111111111010111001111111111101111111111111011111111111111111111011111011111111110111
69
111111111111111111111111111101111111111111111111111101111111101110011111111111111111111100
146
111111111111111111111111111111111111101111111110111111111111111111111111111111110111111111
134
111111101111111111110111111101111111111010111111111111111111110111111111111011111111111111
65
111101101111111111111111111111011110111111111011111111111011111011111111111110111111111111
115
11111111011110111111110011111110111111111111111111111110111111111100111111011111111111111
145
111111111111111111101111111011111111111111001100101111111110110111111110111111100111111111
107
111111111111111111101111111101111101101110011111111110111111111111101111111111111111111111
157
111111101111111101011111111111111111111101011111111111111011111111111011110111111110110111
52
111010111111101111111111110101110111101111111111111111111111011111111111111111011110111111
116
111111111111111111111011111101101111111101110111111110111111111111110111111101111111111111
48
111111101011111010111110111111111101111111111101011111111111101110110011111111111011111101
48
111111111111101111111011011110101111111111111110111111111110111111111111111110101111011110
55
111101110111111111111111111001111111101111111110111111111110111111111111111111111111101111
52
111011111111111110110111111111111111111111111111111101011111111111111011111111011111101111
69
111111111111111111111101111101011111110111111111111010111111111111111111101111111101011111
180
111111111111111111111111101011111111111101111111111111111111111111111111111111100111111111
95
111111001111111101111111111011111111111110111011110111111111111111111111011111111111111111
129
111111011011001111101110111111111111111110111111111101111111111111011111111101111111111101
56
111111111111111111111111011011111111111111011111111111111111111111111111111111111100111111
154
111011111111111111111111110111111111111111111111011111111111011111111011011101111111011111
179
111111111111110111111111111111011111110111011101110101110111110111111111111110111111110111
9
111101110111101111111111011110111111111111111111111111011111111111111011111111111111111111
125
111111111100111111111111111111111111111111111111111111111111111101111111111111111111111111
95
111101111111101011111111111111111111111110101111111111111111111111110111111111111011111111
143
11111111111111111011111111111011101111111111011111111110111111110111101111111111110111111
5
111111101111111111111011111011110110111111111111110111111101111110011111111111111101101111
72
10111111110111110111111111011111111111111111011111111111111111111111011111111111111101111
165
111111010101111011101110110111111101111111111111111111111101111111111101111010011110111111
142
111111111111111111011111111101111111111111111111101111101111111111111011111111111111111110
5
111110111111111111111110111111110111111111111111111011111111111110111111111111111011111111
177
111101111111011111111111111111111111111111111111111111111111111111111111111111111111111011
63
111111111111110111111111111111111111111111111111111111101011101111111110111111011111011111
25
111111010111101110111111011110110111101111111111111110111111111111011111111011111011010111
141
11011111111111111110101110111011110110011111110111111111111110111111111111111111111111111
93
110111111011111101111011111110111111111111111110111111111110111111111101101011111111111111
140
111111101101111111011110110101111111111111111111101111111111111001111111111101111110111111
43
111101111101111011110111111111111101111001011111111111111111111111111111111111111111111111
103
111111111011111111111111111111111111111101110111111010011111111111111111101111111011101111
60
110111001110111101111111011111111111110111111111011111111111111111111111111111101111111110
98
111111111111111111111101111111111111111111111011111111111011111110111111111111101111111111
135
111111111111111101111111111110111111101011110111111011011111111111100111110111111111111111
158
111111111111011111111111111110111111111111111111111111101110111111111110111101111111110101
116
11111111110111111111111011111111111111111111111111111111101111111111101111111110111110111
134
111111111111111111111111110111111111111111111101101111001111101111111111111111011111111101
7
111100111011111101101111111111110111010111111111101111111111111111101111110111011111111111
26
111111111111101101101111110111111111111111111111111111101111111111011111111111111101111111
8
111111111111111111111101111111111001111111011111011111111111110111111111110111110110111111
159
111101111111111111111111011111111111110111101101011111111101011111111111111111111111111011
139
111111111111111111111111110111110111101111111111111111110110111111011111111110111011111111
122
11111111111111110111111111111111101111111111111111111011110111110111011111111111111111111
8
111101011001111111111111111111111111111111111111111111111111101010111111111010111111111101
32
111111111111111111111111111101110110111111011111101111111111111011111111101111111111111111
138
111111011111111111111111111110101111101011111011011100110110111101110111111011111111101111
191
111111111111111111111111111111111011111011101111001111111111111111000111111110111111111111
140
111111111111011011011111111111110111110111101111011101011101111101111111111111101111101111
69
110111111111111111011111101111010111111111111111111111011111111101111111111111110111111111
21
111111111101111111111111111101110111111111111111111111111111111111011111111111111111111111
53
11101111011111111011111111011011111110111111111111011011110111111011001101011111101111111
174
101111111011111111011111001110111111111111111011111111111111111101111011111111111111111111
172
111110111111001111111111111111111111111111011010111111101111010111111111111111111111101111
20
1111111010111111111011100111111110111011111111111111111111111101111101111101111111111111
37
111111111111111111111111111111111111111111111101111111001111111111111111111111111111110110
163
111101011110001111101110110111111111111111111111111111111011101001111111101111110011101111
138
101111111111001111111111111111111111111111111011111101111011111111111111111111111111111101
61
111111111111101111111111111111111111111111111101111111011111111100111111110111011111111111
27
111101110111111101011101111111111101010111111111110111111111111111011111111111000110111111
165
111110111111111111111111101101110111111111111111101011101111111111111111101111111101111111
79
11111111101101111111101111111111111111111111111111111011111011111111110111111110111111111
183
101110111111111111111111111111111011111111111111110110111111111101111011111111111111111111
131
11111101001101111111111111111110111111111101110111101111101111111111111111111111111111110
77
111111011010110111111111111111110111111111111111111111111001111111111111111011111110110111
188
111111111011111111111011111111111111111111111111011111111111101111111111101011001111111101
166
111110110111110111011111111110111111111111011111110111011111111111111111111111110111111000
180
111111111111111111101111111111111111110111101111111111111111111111111111111111111111101110
36
111011111111111110111111111011111111111111111110111110011111111111110111111111111111110111
70
111111111111111111111111111111111111111111111111111111011111101011111111111111111110110111
52
11111111111011101111111111111110001111111111111110111011111111111111111101111111111100111
119
11111111111111101111111111111111111111101111111111111011101111011011111101111111111111111
7
11101111011111010111110111111110101111111111111110111111010111111110111111111011111111101
57
111011101111111101111111111011111111110101011111101110111111111011111111111101111110111011
110
111011111110011111111111111111101111101111111111111111111111111110111111111011110111111111
101
111111111011111111011111111111110111111101111110111111111111111111111111111101111111010110
46
111110111101111111101111111111111111111111111111111111111111111010111111111111101101111110
41
111111111011111111111111111111111111111111111111110100011111111111111111111111111101111111
10
111101111111111111111111111111111111111111111111111111101111111111111111111111101101111111
25
111111100111101111111111111111011001111110111111111111111111101101101111111111011001111111
109
111111111111011011111111110111111111111111110111101111111011111111111111111111111101111111
118
111111111100110101111101111101111111111111111100111111111111111111111111011111111111111111
187
111011111011111111101111111111011101101111111101011111111111111111111110111101111111110111
45
111111111011111111111111111011111111011111111111111110110111011111110111111111011110111110
28
10111111111111111111111011111111111111111111110110111111111111111111111110111111111111111
71
111111111111111111111110111100111111111110111111001111111111111111111111111111111101101111
23
111011111101110111111111111111111111001101011111101111111111111111111111111111111101111110
154
111101111111111111111111111111111001111111110111111111111010101111111111111101011111111111
39
111111111111111110111111111111010111111110110111111110111111111111111111111111111111111111
84
111111101110111111111111111111111101110111101111111001111110111111111111111111111111011111
53
111111111110111111111111111111111111011111111111011111111111111110011111101110111111110101
64
111111111111111111111010111111101111111101111111110111101111101011111111111111111111101111
88
111110011111111111111111111011111111111011111111111111111111111001111111111111111111011111
4
111111110111111101111111111111111111111111111011111110111111011101111111111111111101111111
177
111111111111111111111111111111101111111111011010111101111100011110111111101111111111110111
73
111111010111111011111111111111001111110011110111111101111111111111111111111111111111111101
19
11111011111011111111111110111110111110111111101011011111101111011110010111110111111011111
181
111111100101111111011111111011111101101011111111111111111110111111111111111111111011111111
94
111111111101111111011111111111111111111111111111111111111111111111111111101110111111111111
18
111111111111011110111111111111101111111111111011101111111111111111110111111111101011011111
86
111111111111011111111111111111111111111101111111011011111101111111111111111111111111111111
2
11101111111101111111111011111011011111111101110111111111111111111111111111110111111111111
114
111111111101111101111111110110111111111111011110111111111111111111111111110111111111111110
90
111111101011110111111111111111110111111111101111101111111111111111111111011010111111111101
123
111111111111111111111011111111011111111111111011111111101110111111100111111111111101110111
108
111111111110111010111111111111111111110111111111111111111111111101110111111111111110011111
61
111111011111111111101111111111111101111011001111111111110111111111111111111011111011111111
29
111111111111110111111111111111111011110111111111111111111111111111011011111111111111111100
21
111011111011111110111011111111111111110111111111111101111111111100111111101111111111111111
22
111111111111111111111011111111011101111111111001111111111111111111011111111111111111111111
87
11011111011110111011111110111111111101111111111111111111101111111111111111101111111111111
11
111111111011111111111111111111011111111111111111111111110111011111111111111110111111111111
40
110111111111110111111111101111111101111101101011011111111011111111111110110111111111111111
44
1111111111111001111011111111110011111111111111111111111101111111111101111111111111111110
148
111011110111111111111010111110010101011111111110111111111101111111101111111101111111111101
61
111111111111111101100111111111111111111111111101111111111101001111111111111111111111011111
102
111111111111111111111111111111111011011101111111111110111111111111111111111111111111111111
151
111101111111111111010111111111111111111011111110111111110111011101111111010011111111111111
137
111011111101111111111111111001111110101111111101011111111111111111111110111111111111111100
114
111111111111111111011111100110110111111111111111111111111100111111101111111111110111111111
3
101111111101111111111111111101111111111111111111111111111111111111111111011111111111111111
186
111111111111101111111110111111011111111111111111111001101111111110111111011111110110111101
97
111111110111111111111111110111111111011111110111111111110111111111111101011111111111011111
55
111110111111001111111111100011111111111111111111111111111111011111111101111111111111111011
123
111101101111011111111101111111111111111110111111011111011011111110111111111111111111011111
10
111111111111101111011101111111111111111011111111111111111111110111111110111111111111111111
125
111111101111101111111101111111111110111111111111111100111111111110111111111111111001111111
3
111111110111111111011111110111111011111111111111111111111111111110111110111111111111010011
16
111110111111111111101111111011111011111111111111111111110111011110011110111111111111011111
199
111111111110111111110010011111111110111011111111111111111111111111111111111110111011111101
171
111110111011011111111111111111111111110111111111111111101111110101110111111011011111111111
69
111111111101101111111111111011010011111111111001111111111111101111011111111111110101111111
178
111111111111111111111101111110111111110111111111111111101110111101011101111101111110111111
90
111111111111111111111110111111111111110110101111111111111111111110111111111110111111111111
10
11111111111111011111111111100111011111111111111111111111111111111111110101110110111011111
67
11101011111111010111111110101011101111111111011111111111111111111111111011111011011101111
86
111011111111111111110011111111111111111101111111111011101110111101111111111111111111101111
96
111110111111111011111111111101111111111111111111111111111111101101111110111111111110110101
158
111111111111111101111111111011111111111101111111111111101111111111111111111111111111110111
115
111110111011111111111111111111111111111011111111101111111111111111111111111111101111111111
140
110111011111111111111111111111111111111111101111101111111111111011111111111111011111111111
18
110110111111111010111111111111111111111110111111111111110111110111111111110101101111111110
47
11111111011111111111111111110111111111111111111111111111111111111001111111110111111110111
104
111111111110011111111111111111111111111111111111111111111011011111111111111111111110111101
35
111111111111110111111011111111110111111111111110111111111111111011111111111111001100111111
59
111111101110111111111111111111111101111100111111111011111111111111111111111111111111110111
123
110111111111111111111111011111101111111011011111111111111110111111111111111111100011110111
85
111110111111111111111111111000111111011011111111111111011111111111111111111111111111111111
103
111111111101111111111111111111111111111111111111111111111100111111111110110111111011111011
102
111111111111111110111111111111111111111111111101111111111101111110011111101111111111111101
141
111101111011110111011111111111111111111111111011111101101111111111101111111111111111101111
196
111111111111101101010111110111111111111111111111111111111111111111111011111111111111011111
65
11111111110111111110111111111111111111111111011111111111110110110111111011111111110111010
27
111101110110111111111111111111111111110111111111110111111111101111011110111111111110111101
90
111111111110011101111111101011111111011111111111111111110111111111111111111111111111111111
5
111011111111110111111111110111111011100111111111010111111111101111010011110111111101111111
98
111111111111011101111111111111111111111111111111101111111111111110111111111111111111111111
46
111111111001111111111011101101111111111111101011111110111111111111111101111110111111111111
170
111111111111111111111111111111101111101111111011111111111111011111011111001111011111111111
175
11010110111111111111111111111111111011111111111011101110111111111111010011111101111111101
42
111110111111111111111111111110111110111111111111111111111111111101111011101111110110011111
68
111111110111111111111111101111110111111101100111111011101111111111111111110111011111111111
45
111111011111111100111111111110111111111110110111111111111111111110111110111111111101111111
164
11110101110111111111111101011110111111011111111110111111111111111111111111011110111111111
87
11110111111011111111011011111111111110111111111111001101110111111111100010111111111111001
94
111011111101111111111111111111111111111111111111111111111111111100011111111111111111110111
41
101111111011111110111101111100111111101010111010100111111111111111111111100111111111111111
110
111011111111111111111111110101111111110111111101111100001111111111110110111110110111011111
25
111111111011111101111111111110111111111111101111111101110111111101111111111111111111111111
14
111101111111111111111111111111110111111111111111111101111111101111110111111101101011111111
120
111111111101111111000111111111111101111100111111111111111111111111111111110111011111001111
80
111111111110111111111111111111111111111111111111111011111111111111101110101110111011111111
90
111111101111110111111010111111111111111011110111110111111101111110111111111011111101111110
143
111111111111111111111101111110111111111111111111101111110111110111111110001111111011111110
21
11111101111111111111111111011111111111111111111101111111011010111111111101111011011110100
54
111111111111111111011111111111111001011110111111110111111111011111111111111101100011111011
196
111111110111111111111011010101101111111111111111111111011101111111101111111111111111111111
161
111111111111111011111111111111111111111111110111111111110110111010111111111111011110110111
9
111111111111101111111111111111111011111101111111110111111110011100111111111111111111101101
111
111101111111111111111111111111111011111111111111011101111111011111111111111101111110111111
152
111100111111111111111011011111111111111111111111111011111111111110111111110111111011111111
138
110111111111101111111111111111101111111111111111111111111111111111111111110111111111101111
99
110111111111111111111111111111110010111111110111111111111111101111111111101111111111111111
60
111111111110111111111111111111111101111111100111101110111111111111101110111111111111111111
30
111111111111111111111111111111111111011111111011011001011111111111111111111111111111111111
42
111111111111100011111111111111011111111111111111011111101111111111111011111111111111111111
142
111111111111111010110110111111011111111111111111011011111111101111111111111111111110111111
112
111111111111111111110111111111111101111101101111111111111001111111011001111111111101111111
15
111111111111111101011111101101111110111111101111111111111111101111111011111111100111111111
81
110111011111111011111101100111001111111111111010111111111111111111111111111111111111111111
36
111110011110111111110111111111111111111111111111111111111111111111111110111111111111111111
49
110110111110111111111011101111111101111001111001111011111011111011101111110111111111011110
109
111111011111111111110111111111111111111111111101111111011111011111011110111011111111111111
188
111111111111111111100011111011101111111011001111111111111111110111111111110111111111111111
55
111101111111111110110111111111111111111011111111111111110111111101011111111010111111111101
87
11101111111111111111111111101110111111111111111111111111110111111111111111101111111010111
1
11111111011111111011101111111111111111111111110110111111100111101111111110011111101101010
123
111111101111101111111011110111011111111111111111111111111111111011101111111111111111111011
131
111111111111111111111111111011111111110011111111111111111101111101111111111111111111110111
79
111111111111111111111111111111111111111111110111111001111111111111111011101111111111110111
87
111111111111111101110111000011110111101111111111111111111001111111111111101110101001101011
20
100111111110110111111111111111111111110101101111111111111111111111111111101111111110111111
6
111111101111111111111111111011111111010111111111111101010110101111111111011111111111010111
115
111111111111101011111010111110111111111101011111111111111111111111111101011101111011111111
97
111111111111101111111111111111011111111111111111111110111111111111111111111111110111101011
142
101011101011111111101111111011111111111111111111111111111111111111111111111111111111111111
91
11111111110111111110111110111111111011111111101110011111111111111111111111111111101111111
97
111111111110111111011111111111111111111111110101111111111110111111111111111111111110101011
192
111111111101111111111111111101011111111111111111111111111111011111101111111111111111111101
8
111111111111111100011111111111001111011111111111111111111111111111011111111111111111111111
79
111011111111111111111111101111111111000110110101111111000101111111110111111111011111111011
173
11101111011111011111101111111101111011111111111111111111101111111111111111111111111111111
190
111001111111111111011111011011111111111111111111111101011111001111111111111111111101111111
50
110111111111111111110111111101111111111101111111111011111101101101101111111111111111111111
15
111111111111011110111111001011111111111111101111111100111111111011111111111101110101111111
140
110011111111111111111110111111111111101111111111111111111111110111111110111111111111111111
3
111111111111111111111110111111111111111111111111011111111111011111111011111101111000111111
129
111111111111111111110111111111011111111110111111111111101111111101111111111111111111101111
77
11111110111111111111111011011111111111111111111111101110101111111111111111101011111111100
149
111101111111111111111111111111111111011111101110111111111111101101111111111110110111111111
178
11111111111111110011111010111111111111111111111111111111111011111111111111111111111101011
134
111111111011111111111111111111101111111111110011101111001110111111111111011111111111111111
128
111111110111111110111110111110111111111101111111111111101011111111111101111111011111101011
192
111111111111111011111111111111111111111111111111111011111111111011111111111111101011111111
14
11111110111111111111011111101111111111111111111110111110111111101111111111101111111111111
111
11111100111011110111111111010111111110111110011111111011011111111111101111101111110011110
93
11111111111111111111111011101111111111111111111101110111011111111111111111110111111111011
159
11111111111111111101111111011101101111111111111111111011101001111111111111110110010111111
11
111111111011111111111111111111110111111111101011111111111011111111111111111111011110111111
56
110111111111111110111101111111111101111111111111111111111101111111111111111111111111110111
63
111110011111111111001111111111111111111111111111111111111011111111111111100111111111111110
60
111111111111110111111011110111101111111111110111010111010111011101111111111111111111111111
110
11111111111111111111011111111111011011111011101111111111011111111111111111111110111111110
92
111111111111111111111111111111010111111110111111110111111111111111111111101111111110111111
1
110111111111101111111111111101111101111111111101111111111111111111111111111111111111011111
195
111111111111111111111111111111111111111111110101110111011111111111111111111111111101111111
91
111111111011111111111111101111111111111111111111111111111111111110111111111111111111111111
69
111111111111111001111111110111111111111111111111111111111111111111110110111011111111011111
8
110111111111111111111110111111111111111110011100111111101111111101111111111111111111111101
146
111111111111111111111111011111111101110111111111111011011101111111011111111011011101111110
141
111111110111111111111111111111101110111111100111111111111111111111111101111111111111111111
61
111100111111111111111111110111111111111111101111111111110111111111111101111101111111110111
62
111011111111111111111100000110111111111101111111111111101111111111111111011111101111111011
67
11111111111111011110101110101111111101111111111111111101011111111111100110111011111011011
178
111101110111111011111111111111111111111111111111111110011111110111111111111111111111111111
189
111111111111111111111111111111111111110111111111111111111100011111111011111110111111111111
77
111111111111111111111111110101111111111111111111111111111111111111011101111111011111011011
2
101111111111111111111111111111111111111111111111111011110010101111011011111111101101111011
75
111111111111111111111111111111111111111111111001111111111111111111111111111111111111111111
130
111111111111111111101111101111011011111111111111111111111011111111111111101111111111111010
144
111110111101111111111111111011111111111111111111111111111110111111111111111111111111111111
135
110111111111111111111111011111111111111111111111101111111101111111111111101101111111110111
103
111111111111111111111111111111111111111111101111111111011111101101111111111111010111011101
135
111111111111111111111111111011111111111110111111111110011111111111111110110111111011111100
13
101111111110110111111111011101111111111111111111111111111111111111111111110111111111011111
123
11101011110001011110111110111011111101111101110111111001111111111111110111000111111110111
67
101111111111111111011011111111111111101001111111111111111011111111111111111111110111110111
47
111111111111110111110110101111110111110011111111111011111111111111111111110111111111111011
21
111111011111111111111111111011111111111111111111111111111111111111111110111111111011110111
157
11111111111111111111110111011111110111110111110111001110111111111111111111111110111111111
112
111111101011111111111011111111111111111111111111111011111111101111111111001111111011101111
50
111111111111111111111101111111111111111111101111111011110110101111111111110111111111101110
109
110111111111111111101111101111111011111111101111111111111111111111110011111111111111111111
183
111111011111111011111111111111011101111111001111111111101110111011111111101011111111101111
192
111101111110101111110111111111111111101110111111011111100011111111011111111011111111111111
109
111101111111111111111111111110111111111111111111111111111111111111111111111111111111101111
2
111110110011101111111110111011101111111111111111101111101101111111111111110111111111111111
89
111111111111111111111110101111101111011111111111111111111101111011111111111111101111111111
5
111111111111111011110111111010111111111111111111111111111111111111101001111111110111111111
188
11111111111111111111101101111111111111111111111111111111101111101111111111111111110111011
1
111111111100111111011111111111101111111111011011111111111111111101111011100101111111111011
82
111111100111111111111111111111111111111110111111111111111111111011111111111011110111111111
81
111111011011001101111111101111111111101111111011110111111111101111110111111110011111111100
104
11111111111111111111111111111111111101111111101111101111100011111111110111111111011111111
16
101010111111011111111111111111010111111111111111111111010011111111111111111111110111110111
48
111011111001111111111110111111110111111110111111111111011111101111101111111011110111111111
1
111111111011001111110111111001111111111011111111111100001111101111111111111111111111110111
30
111111000111111111111111111111111111010111111111111111111101111111111111111101111111111111
114
111111111111111111101111010111111110111111111111111011111110111111111111011010101111001111
167
111111111111111111111111111111111111111111111111111111111111111110101110111111101111111001
92
111111111111111011111111111111110111111111110111111111110111111111111111111111111111111111
24
111111111111111111111111111111111110111111111101111011111111111111111111110010111111011110
8
111111111111001011111111111111111111111111111111011111111111111111011111101111111010101110
95
111111111111111011111110111111111111111111111111111101111111111110111111111111111111111111
62
111101110111111101101111111010111111111010010111111101111100111111111110111011111111111101
49
111111101111111111011110111110111111111111111110111111011111111111111111111111111111101111
35
110111111111111111011111110111111111111101111110111111011111111111111111111101111111111110
55
111011111111111111111011111111111111111111111111111111111111011111111111110111111111111111
107
111111011111111111111111111111111111111111111111111111111111111111111011001110111111111101
77
111111011111111111010111111111111111111010111111111011111111111111111111111111111110111111
151
111110111111111111111111111011111111111110111111111111011011110110111111101111111111111111
123
111111111111111111111111111111111111111111111101111111111111111111011011111111111111111111
199
11011111111111101111101010110110111111111101110111111111101101111111110111111111011111111
122
111111111111111111111111111111111100111011111111111011011111111110101111111111111011111111
180
111111111111111101111111111110110111101111111011111110011111011011111111111111111111111110
45
111111101111111011111110111111111111111111111111111111011110111111111111110010110111111011
188
11111111111111111111111111111101111111101111011110010011111111101111111111101011111111111
158
110110111111101011111111111111111111111010011111110111111111111111101111101111011111111101
87
111101111111111110101111111110101111111111111111111111110110101111111110111111111111111111
112
111111011111101111111111111111111110111111111111111111101111011011111111110011111111111111
98
11111111101111111111111101001111111111111111111111110111111111011111011111111111111111111
66
101011101111111111111111111101111111111111010011111111111111101100011011111111111101111111
145
111111110110111011111101111111111011111111111111111110111111011111101111101111111111111111
186
110101111111111111111111011111111111111110101101111111111111110111110111111011110111111111
123
111111111101111101111111111111101111111111111100101111111111101111111111111101111001111111
8
111111111111111111110111011111111111111111111111101111101111110111110111111011111111111111
64
11111110111111111111101101111111111111111110111111101111011101111111111111111111110111111
83
111111111111111111111111011111111111111111111111111100111110111111111111111111111111011111
146
111101111111111010111111111111111111011111111111111111111111111111111110111011101111011111
112
101010111111111101101011111111111111011101111111110110101110111111111111111110111110101011
11
111111110111011011101011110111111111111111111111111111111101111111110111111101101111110101
184
101111110101111001111011011101111111101001111111110111111111111111101111111111111111110111
73
111110111111111101110111111111111111111111111111111111011111110011110011111111101110111110
87
11111111111111111111111111111110111110111001111111111111111011111101111011111111111111110
166
111111111111011111111111111111111111111111111111011101111111111111110111111111011111111110
7
11111011111111110111111111110111011111111111111111111011111111111111111111110011101010111
168
111011111111111111101111011111110111011111111111101111111111111111111111111111111110111111
125
111111101111111111111111111111111110110011100111111101111011111011101111111110111111011111
19
111111111111011011010111111111010111101111111111111111111110110111111111111101111111111111
46
11111111111111111110111111101111111011110111111111111101111110111111111101011111010111110
10
11101111111111111111111111111111111111111011111110111111111111111111111111111111111011111
74
111111111111110111111111111101111111001111110111111111111111111111111111110110111111111111
85
111111111111100110111111011111111111111111011011111111110111111111111011011110111111011111
134
111011111111111111111111111011111011111111111001110010111101011111111111111110011111110110
72
111111111111111011111111100111111111111111011101110011111111110101111111111111111111111111
155
111110111111111111111101111011111111101111110111111101101110111101111111111111111111101111
136
11111111111111000111111111001111111111111111111101111111111111111111111111011110111111111
129
111011001111111111110100111111111111010111111111100111011111011111110110111111111110111111
42
111110111111111001011111111101100111111111111111111111111111111110111111111111010110111111
54
11111111111111101101111111111111111111111111111111111111111111110111111011111111111111111
137
111111111011111111111111111111111011111101111111111111010111101110111111111111011111111111
72
111011111111111111111110111111101101011111111111111111101110111111111011111111111101111111
101
111101000110111111001011111111111111111111111111011111011111111101111111111111111111111111
196
111111111111110111011110111111111111111111111111111111111111111111111111111111101111111111
142
111111111111111111101111111111010111111111111111111111011111011011111111111110111111111111
16
11011110111111111111111111010110111111111111111111011111111101111111011111110011111101111
145
111011111111111111010111111111111111011111111011101111111110111100111101011111111111111111
151
111111111111111111111111111111101111111111111111111011111101111111111111111011111111101111
164
111111111111111111111111111111011111111111111111111111111111111111111111111111110111111111
176
111111111111111111011101110111111111111111111111111110110111111111111101111101111111101111
39
111111111011111111110111101111111111111110111111111111111110110111111111111110111110111111
55
110111111111011111111111111111101111111111111111111111110111111111111110111111111111111111
6
111111111111111111111111111100111001111011011111101101111111111111111111111101111010111111
130
111111111101111111110111111011111111111010111111111111011111111111111111110111111111111111
100
110110011111111101110011111111011011111111100101111111111111111101001011111111111111111101
91
111111111111111111111111111101111111011111111111001110111111111111011011101101111001111101
192
111111111111111111111111111111111111110111111111111111111111111111111111010111111101110110
177
111111011110111111111111111111111011111111111111111111111111111111101111111011111101111011
14
111111111110110111111111111101111110111110111111011111111111111111111110101110111111111111
20
101111110111111110111110011111111111111111111111111111110111111110111111010111111111101111
49
11101111111111111011111111111111111100111111111111111111111111111111111111111111111111111
117
11011111111111111111111111111111111111111111101111111110111111111011111111011111111111110
41
110111111111111101011111001111111111101111111111111111111111011111111111110111111011111111
46
110111111111111111110111111111111111111111111111010110111011111110111111111111111011111111
22
11110111111111111101111111011011101011111110111111111111011110111111011111111111111111111
158
111111111111011111011111101111111111111101111111111111111111111111110111101010111101111111
25
111111111111111111111111101111111111111111111111111111111111111111111011111111101111111111
182
111111111111111111111111111101111111100111111111111111111111111111111111111111110111111111
86
111111111101100111110111111111111001111111111111010111111111111100111111011111111111111111
127
110111111011101101111111111111111111111111111111111101111111001111111101111111110111111111
148
100111101101111110111111110111111101111111111111111111111110111111111111111111111110111111
141
111111111111110011011111011110100011011110111111111111111111111111111101111111111111011111
190
111111111111101111111100111111111110111111111111111111111111111111111111110111111111111111
7
111111111100111111111111111111111111011011111111111110111111111111011111111111111111111111
189
111111111011111111111110111111111111110101111110111111111101111101011111111111111101101111
186
11111111101111111011111101101011111111101111111111111111111111110111111111111101111111111
104
111111110111111101111111111010111111111111111111111111111111111111110001111111011011111110
32
111111110111111111111111111111111111101111111111111101011111111110111111011111111111111011
160
111111011111011111111111111111011111111111111111101111001111111111110011111111111111111111
86
111111111111111111101111111111111111111110111011111101101111111011011010011111111100111111
89
111111001111111111111101111111111111111111111110010111111010111111111000111110110111111110
167
111111111011011001111111011110101111111111101111110111111111111101011101111011111101111101
82
111111110110111011111111111111111111111111111111111111111111011101101111001111111111111111
191
101111111111110011111111111111100111111111111101111111111111111111111101111011111101111111
83
11111111111111111011111111111111111101111111111111111111111111111111111111111111011111111
82
111100111111111111111111111111111101011111111111111111111111111111111111111101111111111111
139
111111111111111111111101111110111111111011111111111011111111111110111111111110101111011011
104
111111111111111111111111111111101101111101111111111111111101101111110111111111101111101111
86
111111110011111111111111010001111111111101111111111110111111111111110111111011111111111101
65
11110111111111111111111111101101110100111111111111111111111111111111111111111111111111111
65
11111111111111111111111111011111011111111111011011111111111111111111110111111011111111011
127
111111111111111111101111101111111110111111111111111111111011011110111111111111110011111111
132
111111111101111011111111111011111111111111111111111111111111111111111111101111101111011111
19
111101111111111111111011111111111111111111111111111101111110111111111111111111110111111111
3
111111110101111011110111111111111010111111111111111011111111111111111111011011111111111111
138
101111111011111111111111111111111111111111111111101011111111111111111011111110011111111100
188
111111111110111111111111011111111001011111111111111111111111011111111111111111110111011111
81
111111111111111110111111111111100111110111011111111111110111111111111111111111111111110111
136
111111110111111101011111111011111111111111111111111110111011110111111111111111111111111111
118
111101111011111111111111111110011111101111011111111111011011111111111011010111111111111111
189
111111111010111111111111111111111111110111111111110111111111111111111111101111111111011110
193
111111101111111111111101111111011111111111101111111111111111111111111111111101101111110111
9
111111111110111111111111111111101111100111111111111111110111110111100111111111111111111111
33
110110111111011111111101101111111111111111111111111110111111111111101110111110111111111111
146
111111101111111111101111111111111011011111111111111111110011101111011111111111111111111101
65
111111111111111111110111111111111111111111011010101011101011111011111010111111111110011011
52
111011111111001111111111111011111111111111111110101011111011111111111111111011111111110110
93
101111111111111011011111111111101111111111111111111111111101111111111111111111111111111011
20
11111110110111111111111111011111101111111111111111111111111111011110110111111111111111111
131
111101111101110111111111111111111011111111111111111111110111111111111111110111111101110111
43
111111111111111111111111111111111101011111111001101101111111111111111111101110111101111101
140
111111111110111111111111111111111111111111111111111111111110111111111111111110111111111011
107
111111111111110111111111111110111011101011111111111011111110111111111111111010111111101111
73
111111111011111111111111111111101111110101011110010011111111111111111110101111101111100101
60
111111111111111101110111111111110111111111101111110111111111111111110111111111111111111111
176
111111111111111011111101111111111111111111110111111111111111111111111110011111111111111111
46
111111111111111111101111111111111011111111111111111111101111111011111111111111111111110011
120
111111110111111111111111101111111111111111111101111111111111111111101111111011111110111111
42
11111111111011111111101011111011110110111110110101111111111111011111111111011011111011001
149
111111101111011111111101111111111111001101011111111111111011111111111111111101111111111111
50
110111111111111001111111111111011101111111111111111111111111111111111111111111111111101111
146
