90 700
110000010100001100100010000100000000000010110010000000000010001011101000010001010000010101
129
100000011000000100111001010001011110011001010000000100000000000100001001000000000000010
156
111100000001000010001100001000010000001000100100001011000100110101010000100000000011101010
44
110000000111001000000001101011000011011010110010000010000100010110101010010000100000000001
82
1100010000101010001001111010011000011110010010010000100000101000001010100000010000000100
200
101000001000011000011001000000010011000000000000000011001010000011010011001001001000000001
135
11000000000110010111000001000010000000101000011000010000010000100010010000010110101
188
100000110000000000110110101001001001000100000101100101000100000001000000100000000010000100
44
100000011010000001010111100001100100000111000010001100000001000000001000000000
152
101000011100111101001000000010000010010000000001010101011010110011000101011110000000111101
33
111010000001000011010000000000011010010000010100000011000000000001010010010101001001001010
135
10100100100000010000100010000000000000001001011001001001100111000111000000000000000
135
110000010011101010110101110000000000000001001110100100000000011110000100101010001000000000
189
100011000101000000000000001000100000110000001000100110000000000010001100100000101010100100
166
100010100100100011101000001110101011001100000001000110000000011010100111000000
35
10111101100000000010100110100010100011000001011100010000001010100000010000011001
62
1100010000010101100001111001110001000000000000010010001010001010110000000000010000111001
20
10000000010001110000000010010100010000001000000010100001100101010101000100000100001001100
118
100000000011000000001100100010000000111101100000100010000100001001000010010010010001111100
172
1000011001100100000100001000010010000000010010010011010101000000000001000111000000101011
19
1000100101001000101001100110000010000100100000110011100000001100000000010101000110000010
86
10000000001010000000000100000000000000100000011010000000010010000000000011010110011011000
112
11000000010101000001000000001110001001000000001000010000000001100000111010100001001001011
132
10000001110111000101001010110110100110101100010001001000000000001010001111101101101100
92
100010110000000011001101100010100010000011110110100101010000000000000010101000010000
93
11010100010000000101000011000010100001000101100110110001000010000000000001011000011010001
58
100010001011000100000010001000010001000000011101001000000010101000000000000110101000000
16
1010000001101100100000000100001001001111000000010001011000000010000000000011011001000010
105
1001001000001000000000000000010101010110000000001000001010111000001010100000011000
58
100010100000100100100100011100000101100001010001110110000000010101101010100000100000011000
28
1100001001010101101101010100010010000010001101110000001001100000000001000001001
30
10000110000001010110000010111000000000010000010010000000000101000001000100011010101100001
73
10010010000010100110000010110000001100100010000001001010000111011010000010000011001001
54
1010100101000001001001101000101000101000000001000011010100000000110000100000010011000101
11
1010001010000101110000001000110001001100011010001000000000000001000001000011110
13
10000000111000010001010100010001100000000000010000010011110101000101001010101000101011
77
1001000000101000001010000101000110011000000000000000000110010001000111100110010100000010
7
1000001010011000000000010000001100001011010110000110000010000100101111000100000110010010
192
110010000000111000100011100000000010000010000001011000111101101011000010011000000000000000
166
100001101000011010010010001000010010101010001000000000011111100110010000000000010011010000
146
1110100111001000001000100001101001101111010001011101000101000000010100001010000100000
195
1101000001100000001000110010100100100100000000000101000001000100010000010101001001001000
165
10001000000010000001000010010000101000001011000000001100110000001000000000000011000010
185
100010101000001101010000100010010000000000100010001110000011010110000000011001010010001101
11
11100000000110010011000000001000000000000000101000110001100100001100101001000100
68
10110001111010001100110001100010000100110001000101000001110000000000001001000010110100100
107
10000010010000001100010000000010000100011100000000010010000000100010010010000110001010000
84
100100000011010100101001101000000000000100000100001101000110101100101000001000000110101100
73
100001111000011101100010110000101011100000000010100001101000010001111000001000110000
122
110011000010001001000000100000000001100010010101100010000000110011010000000101001110100101
69
100110101101000000001010100001100000111011000101000000001001100001000010010000011000000110
55
110000000000000000001100000000110110000110000010100000100000001000000111000000000000
82
10100110001000100010101000011110000100000010010001100011110000011010000000011110001000110
55
100100100000000000001100101101111000000000010000101100010001001001011000001000001100000100
113
11010110000001011001101101000010011000011110000101010000001001111111001010000010010010
28
100001000000001100010100100000000000110101000001000000010000100110001001001010000011010001
171
10000101100110010000110000010100000101000000001000100011000000001100001001011000100001011
28
10000010000000110000000000000011011100000011101000000010010001100011001011000010010001000
38
101000000100100100010100000000000101010000001101000010110010100001000010010000001000010010
27
1000000000100000101110011000101101010000100000001010000101001000000000100000100101001000
123
110000000000110000001000010010000010000000010001101001001000001110100001000110011111010010
125
1001101101011000011100011000100100100100001001000101010010010000000010100011010101101100
129
101010100011000000011000101001000000001010101000000100111101100111000101000001010001000
66
1100010001000000000110000001010100100010000010100000001011000001100010000100000001100000
26
1100010000010110000000001010010000010010010000000001001100100010001000000000101010010
147
100000001000110110001000010100010000101110110101000111000010000100000001000000000011100000
98
101100010000000011010100000111000000001100000000000110001000101000011000000101010100000110
47
10000000000001010000001010100010000000000000001000000101010110100001011010110000000000001
163
1011100000001011001000000010100100001001100100000000000000011001000000100000101000010000
35
100110010000000100100000000001100101101000000100000000011010001110010110000010000100000
49
10000100010011000001100011001000000010000001010000001100001100000011100001110011000000100
195
101011000011101100000011000010000010000110001000010000001100000000000001010000001110001001
101
11000011110101001000010001111000111101000100010011000011000000001000010000100100100001
182
101110100010001001000111001110110101000101000100010001000110000001001010100100100000000
146
11000000001000100000110010001010100000000100001001010001000000000000001010100100100001010
15
10001001100101100000010001000001000001100100000011000101000000010001010000000000100001011
11
101000000100000001111101000101010000011010000100010101010100001010011010000010001100100000
107
100101011101000100010010001000100000011000100010011100000001000010000101011010000000010000
132
10101000010111000010000001001100001100010000100001000001001001100110111101000100101
52
100000010000100100000000110000101000000001011000101000000010010010010000011000101000
58
10010000001100001000001001000001000010110010100110011011000000101000000000001110000011
41
1011000010100000001000001100100001001000010001110100110010101000000100010000000101010000
100
10001001100001010110000001000010110000101100110000001000101001000011001000101000101001000
118
10000000100010110100100110101000010000101110111000010010110000000000000010000100011010011
192
100011001001010100100000100110000010000100011100000010000000100001000000001100010011010010
159
1101000001110001010001000000000001010110000000000000110100000001010000000010000000100111
141
11000001100010100000001010101010110010000110110010110010101101000100000010110101000111100
142
100001000100100001100011000001000110001101010001100010110000011000000100100011100000000001
51
1000000001011010101110001000100000000000001000010100100101000100101000100101000000001000
71
10010000100101001000100000010111100100001000001011010001100110100000101111010010000100000
4
11110000000001000000010000001010110001000110000110110101001000100000101011011010101000101
158
10000001001100010000110110000000111100000011010001000011001000101111000000000001100000
73
10100101100111000000110010001010100000010000110000111111000100100100011001001001011110100
72
100010101001011010110010000010001100111001100011011000110000001000001100100010100011010010
115
10000001000000100101010011001000100110001000000001000100101100001100111001000000000100100
41
111000100100110000001100000010001011111010001100000000000000101000110101100010001000011010
188
100010100010000000100001000000000101001000000001010010001100001111101000000100000011000
2
100110010100011001101000111101010000001011001100011010000000001000000000000100101000010000
106
1100011000100001100101000100110001010110010011000101000000000001100000010100000
37
110000000001011010000001110000000100001101000001000000010010001101011000110001111110000
83
10010010000110011000001000011100010000001010000001110001000001000101010000000110000
168
10100010100100001100001010111010000000000001000011011001101011010000010100000100110010000
86
101110101001000001000100000010101010001000011010000000010000101100001000000001100111110000
104
1100001000000000100000100010010110000000001000000000000000100010000000001100100000001100
195
1100010000000000101000010001110100000001010100100001100001010000010001100101000000010011
90
10000100011010111000000000000100111001010000000010000000010010001000010110100000
199
11101010000100000000010010000000001100010001100000000101000110101010100000011000000000010
34
1100011000101101010101100011100001001010101010000101001001000110101011000110100
191
101000000100000110000001000010000100100010100000000000000000000000001011000001100100010000
33
10000010110000110011000010100001001001111010100000010010000000000001110110011011010000
101
10101000100100110001100010000000000010101101010110100010001000100100100000001100100011111
37
10010000110000001100001011000101000100101000101000000100001010110001010011000000001110000
14
10100001000011101101010110000000101100000100001000010100011111001000001100000001000001111
141
1000000011111101011010100111110010000101110111110100010011100000000011001000000010100
80
1001110001101100000011001000000000000101010010000000100100000010000101100011110000001000
106
11000010010010000010001100000001111010001000010011011001000001000001000100100000100000
86
111001000010001001000000000101011000101010001001101001111000001000000000001100010000011
81
10000000100010001000000010000000001100001011000000000000000010100100000110000001101001000
134
111100000000001110000100011010001000110000000101000100001111010100010010000001010100100010
191
11000010000000000010000000000110000100100100010010000100000000001100000000000001111110
94
10100010100100111100010011000000100001000000100000100110010000010010010011010000100100110
130
1000101100101000000010000001001111100000001000000100001001101110000000000011000100101
176
1000101111000100001000100001100110000010000001100111000100000110000000000100101100100
168
100100100000000100100100011000000011001001001001100101101000000000001110001100000000001
103
100100100000101000011000010001010010010000111010100001100010000101000100001100010000001
55
1010110001100100000010111100010000000110011011000100110100000011101001000000001010100001
17
100110000000000001100110010011100101100101000110100010101000011110010001010100100000
13
10000001000011010000000010010010010001111010010011100100010100011001000000100000001100000
60
10000100100000001110001000000111111000010000001011010001101100111000101001011001000011000
57
110110101001010100010100010101011101011010000100000000001001000011101000011100000000010
139
11110010110010000000000000101000011000100000000001001100010010001000000110000000011
132
111100000000100100100001101010001110110001000001110010010000011001001001010000010101000
44
1101000111000010100000101000000000000001000001111110011110000010011101100100100010010
53
10000101010000001101000000100000000001000001100100000001100111011101010001000010000001
88
110100110101010000000010000011010000100000100011110001101000000001001000101100111001100
23
1000000001001000010010100100000011011100111000000001010000010110001000000101001000100000
140
11001000110010011101010011000110100111001111001101000000000001100010011010010000000100100
12
111000000001010101010110100000000000101000000011111110100001000100011010010010111001111001
22
1001000000010110100000010000010000000010010001000100010000000000001000011010101010110001
116
10001011101000001011011110010101000001100000100000000001000010010100001100010010000000000
82
10000000010100000001101101000000000001001011000101000100010010011010010001010000000000100
102
10001000100010001010001011010001010010000011000000001000100010110000010010000010
147
1001100000001000110001001010000000101000001000101100000000000001001110100001000000110
185
1001011100000101000000010000010011111000010000000100100000000110111111000000001010001
115
101010001000101000011000100001110001010000000000000000000000010000110001110100000000000101
12
100110100000001001011000000100110100100100010100010000100011100000001101001000010010100111
174
100010001010001000001011001000110010000000000001000000001010010001010011010001010100000
22
10010000010100110001010101000001100010101001000101000100001001001000010001100100100000000
170
100001111100000000000000000100100000000000001001000000010110100000001011100111110011000011
28
100010100010000010000010000001000101011011001100000010100101011010010001101000000100000
183
1010000000000000000011001000000010100000111000011000110000000000000010001000001000000
130
1010001000101001100010000010011001010011100111010011000011001000010011000010001000010011
125
10010111001001100000010000100001100000011000000001010000101010000100001000101000101010110
58
1010100001111101000100000000000000101011000000010010111010101001010101010000000101110010
178
100000001111001101100001110000000000000010101010000010000000101000100101000011010010010
119
1100001100010100100011100001100001000000010000111000000000101000001010001000001
33
101011001100110000001010000000010000100110000000000010010001001000000000100011100100000000
138
100010010101000000010000001001000100000010000000100000000110100000010000100111110010000110
59
100000100100011000010100000001100010000000001100100010000110100100100101100000000010100100
34
1001001011000000000110010000110000010110000011100000000111000100000010010111101100001000
173
11100011001010001000100010010000000000100001100001001010100001001001010000000011010
110
10000010000100000001110010111011001000001010110001010000010000110010010000100010
55
101000110001000000100000110010011011110101100010100010100110000000000100010000100101001000
104
1001001000111000011110010001000100000100000000100000010010100011000100101100010110111100
178
1000000110010100000010010010011001100001000010000101100010001000000010010000001000000001
100
100101000000010000000010010101100001010101000101100100101110111100010101010100000111010100
141
111011000010010000001010111000100000000011011011000001000111101010000000000110001000000000
173
1101000010001001111000001000000100000010110000010110001000101110100101010100100110000
25
1001001000100000001100011010100101000011000100000010100010000001001010000100111101000
120
1001000110110010010000000000100111010101000010010011010000000100000101100110001100000000
182
100010000000101001101000000100100000001011000100011010000101111101000011000100010010000
11
101011100000000011100000000010000000000111100101000011010001000000101000111101100100000000
33
100001001000000010101110000011010010000000100010000000001001010100000100001000011000101001
8
110011000100000001101010001000000010100110001001000011000010000101100101011101010000010
200
11101110010111000100010000101000000000010000101010010000111001001100000100010100000011
119
101010000000100110010000000100101100100001000000101000010000000010010110010010011000001000
18
100000000001111000000111100010011000011000010101010000011010100001000010001001010000000
80
100100110110000000011000110001010011010000000000000000001000101100001101000000001100001000
73
101100110011000000000010000101100101010000000000001010101010011010001000001111001000000000
143
100010110101100000100011110010100011100010000010101000000001000110110010000100001000100100
14
10001100111010000100110000100001000110000101010001100000100101010010011001101000110111
187
11001000000101010010110000000100001000000101100000011000010010001111000100101100111000101
177
100000101110011000010101110000100000101011000000111000000000100001010111100010011
34
10000101100101000010000000001010010100010000100001000100000001010000010110100000000000001
103
101000110000000010000000000000100000000100100000000001001101001010001000001010100100010001
89
110010000001000101100010101010000001000011001100100000011100010000101011010100010101000
162
100000011010101000100001000000010100000001000001010000010010001100110010001000100100101001
44
10101010000100000011011000000010100000000000010101000000101000000110000101000000110110000
33
1000010000000000100010000000101010000000000010000010010000000000111000100000000000010000
100
100000010100010100010111000110110001011011001011000011100000000000100000101010100010010
36
1000101000000010010010001000000010000000001000010010000000000100100000010100110100100001
28
1010100001011000000000010100010100001101000000100001000000000011100110000010000110000000
7
10000010000010001101111011000000000101001000000100110001100010001000000011000010110110010
189
10001000001100000100000110001000000100000010010000000000011001000000010000100000000001
67
11000100000000000010001100010010000001011000011011010000101100000110011110001000100100000
35
100000000000000111000000000101100110000001010000110001100010111000000111010000011000001010
18
111100010001000010000001000000100000001000001010110100001001010001000010100001100000001111
32
1101011010000000000000100011101001110100100010000001101000110001010000011010101000010
137
11010001111100001110000011000101101000010100110100000110000000000000101000111001000001000
47
110100010001000010000101011001000010000000100000011110110000000000010010100000100000011101
10
111011110100100011000000010001001101100010010110000000000101000001000000101000010001001
14
111001010010100001000010110100000010010000000110000011000101001101110111000001100100000011
118
1010101110101010000000101101010001001000010110001100100111111110010110000100011001000
169
110101000000000000000010010010100100000000010010011010001010000001001100111000001100000
90
1000010001000000001100000000011101000101001000000000001100101000110000011000010000000
116
1000010010101100101011011000100100010000000011000101000000010101000000000100000110000100
200
10011001101001100010001011001010100000000000000001001000000000001110000001010001100000
75
11101000110000011111110000100000101001000011000001000111100101000011101000000010100100001
153
101101001111100000011100000001100110000010001100010100110001000000101100000000111000001100
37
101000000001000000001000110000100011100001101100000010001100000001011010001000111000000
178
101010111101000001000100000110001000010011000110010001000000100000001000000000100000000000
62
100001010101000100000100011001000000000010000000000100100000001000101000100000000001100001
100
1000000010110000100110110000000101000001001000010100110000000001011110101
184
1100000010001100000100001001000000000001100000000111000000000001000000100010000000100000
134
11000100010001001001000011000011010011011000100000011000000000000100100011000110010100100
139
100100011000010001001001000111101100001110011100001100001001110000000011100000000000110
41
101001111000000010000011000000000000000100111010001000001010000000110100011100100000111
84
1110000010101110000100101100000000010010000000101110000000100000100000010101001000001000
47
100000000011001001011001001000000000111000000000000100000010011110010100001100010000
155
10000010110010010101011111000101101010101010100001000001000011001100100000101000
120
111101011011001000101101000001001100010001010100001010001000100001100110100110001
135
100111001000010000100101010100010011000101001000100010000010000000000010010001010010000000
17
10010010100000100000000101010100010000010011001001000000010010001010000000010000011111
161
101001001101000001000000100000000000100111100001010100000000001001010000000001100011000
24
100000001100101000000100000001101001000010100010010000001000000100101000000000101000110
45
10000000001000100000110000001110010010001001000001100000100011011000000100000001001000000
174
11110100100011100001010100010100011000000000000000000010000100000010010100000000101111011
137
101010000000100010010000101111100000001010000111000110110000101100010101000100000001101
51
1101100010011001110000010100000000010001110000010011000011001000010001001000110110
144
1010001010001000001010001110101110110100011010100001010010000100010001100000000011001110
154
11111001101000000000001101000100011001011111110001011110001000001000000001000101010000
78
101000000001010111000000010010110001000010101010010010011011011000000001001110000001011
103
100000000000101100110000001011111000010100000000000000110000000010010001001010100000011000
88
111100000001000000001000100000010000000000001011100000000001000100000111111000001101000010
83
10010001010000000010001000100000000000010001010110001100001010000101101001010000000010
172
1000000100010101101010100001011010010000000000100000000000000000100001101100010100000
75
100011010000001000110000001000110100011100000010000000000010001000000001100100100001100000
131
10001000010100000111000000010001010010001100000000111010010010110010000000010000000000010
3
110000000001101001000000000011000100010001111010001100000000100000001010100011000010101000
42
100001000100001010100000001000010011000110000000100100000010000010101001100010000000010110
47
10001000110010011110101100010001010000100011000100100000000101100000000000000000000000100
89
100000011000000001001010010001000100100010000000101000100101100100000100010011001011100
117
10000010000000010010100010000100011000001100000101100000000000100110000010000000000010
35
100100100101001101010110101000010000000010000000010000010011000000000000010100000011011000
170
100110000001010100000000111011000000110110010001100100000001010100100010000000010001000
63
10101110111100000011011000000000010001010100100110001101000100000001001000010000100001000
4
1000010111010000000100001100001001001000100001010000100101000000010111000010011101010
28
100010101010010100000010000000001000000000010000001110101101000101100001101000011111010
178
11000100110000000001011000000000110000000000000000000001000000000011100000000010000000011
148
1101000000100100000000100001011110100000100001100001000010011011110000100011100000000011
80
10100111000010000000010010001010100001101001000000001000011010101011100100110110001000000
25
1010000010000000111011000000010011110100000011000110001000000000000110001110011000000000
86
10010010101110000001001000100001000000011000001000000000001001110000000001000100001
58
101001000000110100000001010100000010100000000111110011000100000000000011100010001000101
71
10100000000000000011100101001111000010011100000000100000000000000011000000000101111100101
53
100010001000110000000101101000000001010001110100010100100000110100000000000111000010001001
86
100001000101000100001001000100101110001000100000100000000100100001010000101000001000000000
137
100100000000010110010100010000011101000101001000010000100010000111110001001000000
155
111010000000100011001001000100001100010110100001100010010010000101001010011000100101101010
116
10000010001100010001011001010010011010010110000000011000001100001000001001101101110000000
38
100000100011100000100100000111011100011011000011011001110100001000110000111000001000000001
97
11000000010101011110100101001100100101110000100001000110101100011000001001100010000001
59
110000000000011000000010001010000000000010000000001110000000100010000000100000110001001111
183
101100101000010101101001101001000001100010110100000000011000100001000100001000000000000000
94
100110001100011100011000100100001101000000010100110001000100001011110101100100011010001000
54
100110000000000001000100100001001010000000110110010110001000011000000010100000101010011
41
110001001000000000001000011100110101000000000101000111101100110011000111000010000000000001
28
10000011010000000110100000101100000000001101000000000001000000001001000000000101000010
154
110001000000001100110111000101101001000010100010010010000001001000110001011010100001000000
157
110010010000101000110001000110000100000010000000000100100100110100100000100001101010001011
150
1000010011101100010000001011010000100010000011010000101011101000000000010010101001
47
11000000011001010010000000100010001000011100100011000100001000000010110011000100010000
38
100010110010010100010010000101101000010101000000111001000000000101010000111001000111001
11
11010100110100001110000000000010100110001001000000010111000001111101010101000000001101100
139
1000010100001100000001001000110001000010000010001101000001110101001010010001111001000001
188
110001000010001011000000111010100011000010111000000001000001000000010010000100011001100000
159
10000001100000100000000000011100000100000001000000000000000100011000000100010100101000
173
10010000110001000101000011001000001000100101011011000010000010001010101000001100010000
157
100010111100000010001000100001010010000101110011101010110000101000001111001110000000000010
8
110010000000001100010001000110100010010001100000000111000101000011011100011000011111101
100
100100010100010101001001000100110000100011100000111100100000010011000100010100000100000
23
10100000100000000101010000000001000000000100000000000000010000001011110011001010100001010
187
100000011000101010011001001100000001001110001010010101010100100001100000000001010000000111
69
11000111110100011010011110100111001000111001101100000100110101010001001001100001011000100
146
10110100000000110001000110001010011000110001100100100000010000000100100001000010100001010
134
1100101000000000100010000010000001000001000001100001000000001000001010010000111000010
65
101000000100110000000010000100000000000001101010101001001000010010100011000110011101000000
115
10111001001000000110010011100100001000000110110100111010000110000000110001000000100011110
145
10010000000001000101100000001000010010000000000000110101010100011110000001010000010101110
107
10001100101011100000000000000010100000000000011100000000101010000001000001000010101001000
157
10101000010101001000000100010001000110001001101010111001001011000000000000011100110100100
52
100010001001000010010000000000000000101000000100100100001110010011011000000100010000000000
116
1001000000000010101010010000100100000000010000100110110010101000000001100100000101100010
48
11001001000110010101000000100001101010011111001000101110100101110000011110001000000000101
48
11001010000000011000001010000011110001100000100000011100001010010110001010101011010010
55
1010100100010110010001000110000000001110000100000010010110001000110000100010000001010
52
10010011001100110000101101010000010000100110010000000000100101001110011010000010010001000
69
1100000010010001100001000000010000000100111000100000000000100000001011101010001001000001
180
10000100000000000000000000100000110000100100110011101000011010001110010010100101101010
95
100101000000100000000010000000000100010000001000100001000000000101000011011000110101001001
129
100001001000000000000011100101110011000110000101000001000001000000011110000001001010001
56
111001101010101010010000001001000011000000000101000000000001000001010111000000111100010001
154
110010100001100101000000110000101111001001111100000110100100010010001001001001110010010110
179
100010001000100000011000001100000100000010000100000000000001000101010111110000111001010010
9
100001000000001011010011001000010001110110101001100100000000110010100000101100010010100000
125
100010000000001011000000000101011000100001101010001100001000000001100101000000110000101000
95
100100010110100000100000100010010011000000100001111000001001000010010000010000001011000001
143
1101001010000100000000001011011100001100000001100000010101010010001000000001011010110000
5
11010100001001000011001100001110000100110110011000000101101101010010000100100011001000101
72
10010000011000000001000001000010000010000000010000101001001110110001100110001000101101
165
111000010000100000000000000110110001100110000100101000101000010000010100001000010000110011
142
1011000000010000000001110001111100000111101010000001000010000100010000001000010001000010
5
101010000010111110000010000001100100001110001010101000001111000010011101010001100010000000
177
1000111000011000111000110010101000001010100111001101100001011000000000000000100001010
63
101001100100110100010010111100101110010100000110110000000000000010000000000000010101011100
25
10000000100000000010000010101010010000010010000000100000010100110011000011010001
141
11001000001000101010100000001010000000000100010001010010010000010111000010000000011000001
93
110010010010000000000010000000000000000111101110001110100000011001010100001001000101110010
140
1000111000000100010100010011011010110000000000000010101000100001010001100000000011
43
1010000011001000100000010000000001000100111010000000001000000000011001111011
103
10011000001100100000110001010010000001000000100110000000111010100100011101101000010000001
60
1100110000000100010001100010000000100000001001110100010100000001000010101100010000
98
1110001100010000000000101011001110000000000001001000000000011000001000000100000100001000
135
10100001001100000010011010010000101000000000100110000001000000110000011000000100010011100
158
1000011001010110110100100100100001000100100010000000100000100010010100000000010000
116
10010000110101000011100000011010010110000100111110000000000100000010000000011000100
134
101000000000100011010111100001000001000111100000000010000111100111000000001011010000001101
7
11100001001101000001010000001100000000000100100000001111101000000100000000001000001010110
26
100111101100001000010000111000000101001110000010101000000010001100110011000000000110
8
10110001000100100010001010000100000010010010000001100100110100000000100010000010100100000
159
101111000000000001000010010001000001001001000100111001001000101110000101011100000010
139
101001010000001000000010111000110000100000010000000110010111010011101010100110010000000
122
10110000000000000000101000100000010100001010111001000000010001000100111001010100011
8
10000011000010001010110000000110000000111100011000111000010001010001000001000000110000100
32
110010110010001011000001111000100010110111000010000100000011100010000010001000101000001001
138
100000010101010010100100100000000001001000001011000000000100111000010011001001110111100000
191
110010001010010110001001100101000000000001000000001111001100100011000100111000011100000000
140
10001000110010011000000010000010001010101100000000000010101011001010101100000000010000000
69
10000100000100001000100101000000010101000010001000100010010111001100001011111100000110111
21
10110000000000000000010110000000000011100010101010001101011010000011010000011010000011000
53
1010001010100100000000010000001101010011000000000000011011001001000000000010101
174
111010010110000001011000000100001000100000000100000000011101100000001100010000000100001
172
1100010000000110010010001000000101100100010000000001001100010100000100011001100000100000
20
110011010100001000010000110001010010010001110000100000010000000000101001000101011000100
37
100011111011001000101100001011100100110000011100000101000000001111001010001001101000000110
163
100010100001000000010000000000001110011010100000101110001100000110000001000010000101001
138
1110110010000011011010111010000001000010001010001100110000000000001000000100001010000100
61
100100011001100011000100111000000001110010000100010100001000001000010011000010010100101000
27
1100110010001001000101100110000000000100000000000100000001100001000110011000000010000000
165
1100110101001111100101001101110010101010100000000000001011111101000000000101001000000101
79
100000000000110010000111000001011001001000011001101001100001100000010100000000110110101
183
1100000001000010000100001101100001000001000001110010010001000000110000001001000000100111
131
10000001000100101001000001000010110010010100100001000000001000000101110001011110011100010
77
1001000000000010011110000000010001100000010010101110111001000100000000000011100000100011
188
101100111010100000010010000100000001000010010100000000110100001101000000000000000001001000
166
1010000011100111001000000010010001100100000001100000010010100001010111000000010010100000
180
1110100010000001000001011001001000011100100100000100110100000101010000001111001001000
36
1000111000001011010000110001000000101000000100001110100000010000011001000001010000
70
1001000000010101010000010010000011111000010010000010001000100000010001000001010100100000
52
1001000000001101100000100100000100000000000010100010010000100101011101101010010100001
119
10010110111010000111100000001000000010001001110000000001001110000010000100011011010100000
7
1100010000000000010000100100110000011000100100110000000000000000000010000110010010100100
57
1011000000000100000000000011100001000000010101001100100100100011000100110000000000101000
110
10000000000000110000000001110001110000001101110000000000000010010110110100000000011111101
101
100100000010101000011000010100000000101100000000000011000100001101000100000101101110010100
46
100111000110101000001100100001010000000000101010000100001100000100011000000100000110010
41
110000010000010011101011011000000000000000001100100100001110001000000010000100100000000001
10
10100010010001010001001001000010100000010001100000011100000000010100000000100101100
25
10011100000001010001000000000000000100100011001011001010000000001001001101000000001001000
109
10101000010010010011101010100110001110000000010100110010000000000000100000100010000100011
118
10000001000000100000000000101000100000100001000010100000001000000100000010110100000000101
187
11000010100000001001001110011100000100100001001001001010101001110100110000000110010010
45
1000011110001001111110001000010001010100000101100000010000010100011001000000000011010
28
100100110010000000011000110100000100010011000000011000110101100111011000000000010010000
71
100000100001000001100100011100110111001000000001000000110000000001010100000110000001001011
23
1011010001100000001000110000101101000000011100001101010000001001110000000000100000100100
154
10000000101000100000110001000000000100001110001010100011000100000010000101001001000101001
39
100100000000000000010010000100010010001000100011010100100000001000000100001001001000000110
84
100111000000000110101000010010000000000001100000010000010010111000000100000000111011010001
53
100100011000001000100101100111000011000000010010000000001100000000000010101010110101110101
64
10010101101100001101000100000000001000000111010010000000110000010100111111010001000101000
88
10000000000101001101000010000001010011010000010010000010000010000101000001100100010000000
4
101000010000000000001101000011110010001010010000000110001001000010000100010111001010000
177
10000000011011010001000000000000100100000011000010000101000010110000000000001000010100000
73
1101011010100001000010000100001100000000100111100010110100010000010010100
19
11100011001000000010011000100000000000000011000110101101000000010000000000010000110
181
100000100100001010001110001010101000000000000001001000010100000100011001001011000000100100
94
1000101100001100000101101000011101001000111100100000000001100000111101000100101011010000
18
1001011000001100100000100100000001000001010000001000111001101110000000000010101010010000
86
1001001010010000100001110000000010000110101010010011000101010000000100100111010110100
2
100101000001001001100001011010001000100000000101101001011000000010011000010011011001100
114
110000001010100100100000100100011000001110011101010111101110110110011110000100
90
10000000000010100100100111000000110100000001101000010001110000111000101001000100011010100
123
1100101101000100000010011010000011100010111010010110001000001000000010000001001001000010
108
110100000010000010000011010100000010000110101110101000011010100000101001010000100000000
61
100100010100010000001000001001000000110001000001010000000000000010111000100010010000010100
29
10111011110001010000011100000000110001001010010100001011010011010001000011000010011100
21
11001000100010000100000000000000000000000110001110000101100100100000001100100111000
22
101001111001010000100000111100000000001000011000001000001010010001000100010010011010101110
87
10000101000010100000010000011001101000000010000011000100100101011100000000100010100000000
11
100000100000001010100101100100001001000001010111100011010110000011000010100110001100011011
40
10101101100110010110000110010101000001000000001111100001000000111010100011001001100100
44
1000100010000010001110001100010100111010000001110000001110100000101000100001000010000
148
11010010011010111110010100000010000000101001000000001000000010000100000011010100
61
1000110110010000100101001011110010001001101100100000000000000110011010101000011011000000
102
1111000000000110000101110010111000000100011000011100100000100000000010000100010000001000
151
100100100001001000111001111110000100000000010100000100010010000001001010010100100100101
137
100000000100100000100000101000101010000100110100010001000010100101000000101010100100001000
114
100000101000000010100000000000001000100100000100100001000100010101101100100110101001010
3
100011101100111010000010000001010001011001001111100110000001110001100001001001011000010000
186
1000010101101000001100000001001010101100001110010000100100011000000001000000000010000100
97
10000010010100100100100000010000100000001101010110000000001110001000000110000000111
55
100000010010000000001010100001100001011011000000000001110100010001010100001000001100001010
123
100101101000000101000010100000011100010000110011000000000011110001001011100011001000000
10
100000100000000000000000100000000011010110011100000011010110011011010010110100010010100
125
11000001111000011011001010110101010011100000000001100001010010100000101010011000000000001
3
101100100110100011010100111000010011010101100011100101011110110000100010011010011010001
16
100100010001010100100011011010101010000001100100100111010010000100000110100000000000010100
199
1000001100010000000000010000000000001001111100110010000110110000000010010000000000100100
171
111010010011000111000000010100000010100000000011000001001100000100000000000001000011000000
69
1101100001000101000001000000000100000000000011000110000001100000101011001010100001101
178
10100010001001011110100001000010100000100001100110000000010100001010000110100100000101000
90
111101011000010010100100011001000000100001011000011000000101000010010011100001111011000
10
100110110001000010001100000000011100000000000000000011000000010111000000000010000000111
67
101000010100000010001010100000001001101100000000010000001100011000000010001000010001001
86
101010000000001001110001000001011000000100000000010000000000101100001010100100100010000101
96
101010100001010001100000000000100000000011110010010001100100000000000000000000101010100000
158
100100000100101000010110010000011011001001000000000100100011010110101000000110000100010
115
10000101000001001001100011000100110000000111111001010110011000100000000000100001000000000
140
110010010100001100111110100101010100000100100101100010101000001010100001000000000110010001
18
110000111001001010011101000010011001100000000100100000100000000000011001010100000001000000
47
10000001110010101100001110000011010001000110000001000000010000001000110000000101010111
104
1000000001101000011000100110001010100000010010010001000101011100111010110010000100
35
1011100101000110010000000101000000010110110000110100000101110000000010000000000000001010
59
110000000000100010000000000001001000011100001000010000100000101000010100000001001000100000
123
1010100010001100001011000010101000011110100000000000100101010001110000100010000000
85
100000011100010001101110000000101001000010001001010000100000110001001001100000100100100
103
100011010100001001010000000011100000100111000010000000010000000000100000000011100001000010
102
10001001001100000100011001000000000001110101000010011101000000001001100000000001000000
141
101000101001000100001000010000010000010001110001010000000001010011001000001000001100001110
196
11001001111000100010110000010100000000010001001100110000001110100010001001101000000000010
65
1111110000000000000101001000010000011001100001000110010010100000000000010100010110100000
27
100101010000010110001000011110010000000001000001100101111000100101011110001001010100011000
90
10001010000001101001100000011011110001000010000010010100011010011000111000100000001010110
5
101001000000000010011100010011101000100100001001000000000100101000000010010011010001000110
98
100100000000100010010000000100110001000101100000101111000010010001010001000001110000111
46
1110000001000001000001000100101101110010100011111110001011101000000101100000100000011011
170
111011010100101010100010100110001101000001000001000100100001000101000011000000010100000000
175
10000110010001000101000000001110000000000111101000100100100010000010000011000100011001000
42
100100001100100010001110101010010000101110010000010100011001101100001010101001100010000000
68
1010000000001001010000000010100000000000100101000001010101011101000100100000010011000
45
100010000100000000000000110010010000110110000011100000000010110010000110010110100100001100
164
10110000000100110011001001010100010000010010110010101100110010101100000100000000000100110
87
10110001001000110001001001100100110000100100110001000000011110101000000001011000110000
94
10000011000010010110000001001000001000010000000101000110000000011100110100100110001
41
100001100010000100000100110100100010000000000000000000001000100001000101100111100000100000
110
110100110001110000000000000110010000100101000000101010001000000101010100110011011
25
11100000100110010000001011111001000000001001100000011000000110001101001000101010
14
110101010100110010001000100110110100111001111100000000100000000010100000011100000000010011
120
10000100000010000000101001100001100000111010101001101010000111000101010000000000000000
80
10110000110000000110000010000010011001000111000000000001100010111001000000010000000001001
90
100000000110000011100000000001101100100000010100100110101000000010001000000011111101000010
143
10011111010010001000000000100100000100000000110000100010000000011100000000000100001000100
21
1010100000111010000100011011110010000000111001000100110011000000110101100001000001100000
54
11100010001100001001101000100100001010110010100100011000011000000000000000000000000000010
196
10010000001000000010000000000001001000001001110100011010001001000000000001100000101001001
161
10111100110011001100101010001100000010000000001100100000000010010000001110011010100010101
9
1000110000101000001110101101011000011001011010000000000000000000011000000101001100001000
111
1000010000001010110011000100000010110000000000010000000001000110110000000100100010010000
152
110000000000100110010000001101100000110100000000010000110011001100011100000011110000010000
138
11101000001001101010000101010110010100101011001110010000001100000010101101000000001
99
100100010001100111101001000010001000000001010100100000100000000001001000100110100001
60
1001100100110100011000001101100000100010100001000110100001011001000000010000111001010110
30
110011010000010100010001100000000001010100100001010000011000110010110001100110111110101001
42
11010100000100001000000000100001100101000111011000100000110001010110000110000010010010000
142
101000100010010010010000000000000001000000001000000011101010001001010000001110110000
112
11100001110000001000001010010000000000000000000000011110000101000000000001000110100000010
15
1001000000100100000110001101000000001100001000001100000101101010100000001000000000001010
81
11001010010000101000000001100010001101010110101000001110000111100000010110011000010
36
1110001100000011000000000111100011100001000010000000000000000100100000000000110011101101
49
10000110000000100000000001111000000010000000000000010000011100011101101100001010000000000
109
100010100010000000110101010101000000011000000010010001101010100000000010010011000000000
188
10000100100001100000000110010100000010010000001000001011001000000000100000111100010000011
55
110001100010010000100101000100110001001010000000000001000110110001001001000000011000000001
87
1001100100010010000011000110110100001001100100011000000000000010000101001101011010010
1
110011000011010101000100010001100001100100100000000000010000000011100000010000100000
123
111010001001000100011010000000010001001000001000000110000001100010100000101010010001011010
131
101011100110001010001100000000101011100001100000000001101001001000100000000000110001010010
79
101000100000000011000001000011010101001000100010110000001010011000010011000000001110000010
87
101010000000000100000000011100111000101011100010101000001010001000111000110001000000010
20
100010010111000011100110100001000000000100000101010001000100110010000100011000011100
6
1010001101011010110000111011000000000000001011111101000000100000000111000000001000000001
115
100000100000100000011000000110000011010100011001010110010000100110001001001100101001001001
97
11000000000000000001001000010000000000101010110100100001000011100111000011111000000101000
142
1100010000100000010011001000001001001000010000101001100100011001101000010000110101100
91
101100101010110000000000001000000000101101100001000001001100100110001000000001100000
97
11001110010010001011010010000010100110000100100100101111000010000010010110000000010001010
192
10110000000100110000010001000010010001011000110000010111001001111000010000111000001100100
8
11101100111010100001000000000000100001110000010111001011000010010011010010010100000000110
79
111000011100001001011011100000000100000100000001010110000000000010010010011101001001000001
173
10001000011000100000000101000000100011100110111000101100000100100011100010110011010
190
10001010000000011000000000000000010000101000010000001000110001110101011010000000001000011
50
100001101000000010000111000000100001000100100000000000001000100000001111000010000011010011
15
100100100000010000111100000000000000000011000001001000111000000001000111100100010100000001
140
10001001000001011010000100000100100001001000000000001000000000011110100000011101101000000
3
10101000010011000100100000000110100011010101000110100010001110000011000000001000000000
129
1000000001111110110000101000100010000010100111101100111000000010001100010010010000001
77
1100000000000000110111000000101101000010000011010000010000000000000110000101000000001000
149
100101000011001111101011100100001001000001101000001110001111001000101010000000000000100000
178
100011001100010000101000100000101010000111001000011011011001001011010100111110101100010
134
10010011010000000011000100000100000100000110000100010000000001110100001011001011011000101
128
1100110000001100000010100000100001100100101000000000100000100010010001010011000011000000
192
10000100001000011100000111000010011010010101000011001101001000010100000000000001110110
14
10011100110100000000000110100101000001111001010000000100100000000010100111000011000000001
111
1011000000000010100100000010110000010100000000000100001000011011010100000001111100000000
93
11000100000000110110000000100010000100010001000000010001000001101000010001000101010010001
159
10011011110010000100000100000000000010000000000110011001001000001100001010010000000011000
11
101100001000111001000010000010010001000110000000110000001001011011110010110100000010000011
56
100000100000100000010010001111011011001000100000000111001011000100000100101100001
63
101010011011011000001001101101001100010011100010000011010001001001001001000010010000000000
60
100001001100100001000100100100100110001010001010100010100000000110011101100000000001000
110
1001100000000000000100000011011000000001001010001101010110000101011001101000001000110
92
110110000010110000001110100110000000000000000101100000000000100010110010001111011000010000
1
110000000100000111000001110101010000001111001100010001000000010100000100101110000001000001
195
1000101110100000100101100110011001000111100000110000000010100001111100001010011000100000
91
11101001000010000000000100010000010001011100000010001100010000110010000001001000010001
69
10000000010011001100011000001100000101100010001010100000010001000000000001010110000010100
8
100111010110100000010100000000101100100000000110100001100100001100001010000001110100000
146
10000100010011000011000000100000101010010001000010101001010000000101010001100111000
141
1000000101100000100011101011100100010010000011111000000011100100110100000010011001011010
61
10000000100110101000001101100010010101100000100000100100110010100000001001011010001
62
10010000010010100000000010010100101001000000010101100000100010010000010001001001111000
67
110000000100001000000110011000100000011000010001000110001100000010010000001000010
178
110000100000001000000101100000010001110110010010100110000101000000101111011001000001010010
189
1100011000110100010001101001001100000101101110111100010000000010000000000010000100000001
77
100001011010010010001100000000001100100111000000000000110001001100000000001011011001010000
2
1100101101000100000110000000011000100010000110000001010010000111011000001100100100000001
75
10000100000000000110010010011001001111001100001010110010011000010000101011011000011001101
130
101110010011010001000000000000000001000100100010010001001010001000010011000000100011010000
144
10000000000000101000011000000011001010000000101010010111100011100010100111000100011000001
135
101000001011111001101010011100011100010001100101001010000100000110100100100100000000001
103
100000010000001000000010001000011101001101101000010001000000001001000010101011010100001100
135
110010001100100001011110101000110000000100111001111000011000000001000100110010100011110100
13
1000001100110000100101000101000010000101010110111001000010100010011101000010001000001000
123
1010010000011100001000000010101000000001000101100000001000001000000001000000000000000
67
100111111010000010001000010000101100100000001000111101000011110100111100010011000101000001
47
1101000011000001110000100100100000010000110000010000011110000010100000010000110100111000
21
11001011110001101100001100001011001011000001001100010001000101100011000010010010001010000
157
101001010100000100110010011000100010000001000010000110100001011001000100000110000110000
112
10110000011000010000000000000010011000101101000000000001000000001000100000101000011001000
50
100001100110000100000100010100100000000001100000000001010000000011100010000000100110000100
109
10011100000101011100010000010100000001000000101000100000010000000010000001010010001010111
183
1000000001010010000000010010001000001010001011111000101100000010000110001000001110000110
192
1000001010001001010100100100110011100000000010000010100001000000000000011000110101010010
109
10101011010000001001000110110010011010000110001000100100000000011010000011101011010000010
2
100100000100010100110000000000011000110001010100000000101110000000100110100001110100010
89
1011000011100000001110001000000001010000000110000100001011000000100100100000000000
5
100010011100111000010100011010100100000010100010011011110110000000000001000101100000110101
188
11011101010001001100000010000100000000000001000100010000010101001010000110010000100000
1
101010110100100001001100000001000000000001000000001101000100010101000000100100000110011010
82
111011000001110010100000000100010001100100010000000001001110000010010000010011010010000000
81
1000001000011011001011000000000000001001000010000101100000100010100100000101000000
104
1000100000001001110100000011011000100100111100010001100100000000000000000000110000000001
16
100010000001011010100110000011100000101100100000010011000000000110011100100100100000
48
110010001000000010010100100100000110001000001000110101000100100001000110010011000100100011
1
100001000010000011000010000001100010000000011011101100000000100010110100000101101000000010
30
1000100100010110000100000110000000000110001000000000100000010011010100100010000111001
114
100101011100000100000000001010100000001100000100000000110110111000001000000100010000010
167
100011100010110001100001101101100110000000111010001000001010111000000010110001
92
10010001001110101101000000000001110000001111000000000110000010000101000001100100000
24
1100100000001000000100000000100010001000010001000000011010001100010000000000000000000110
8
100001100100001000000000111101110000000001000000000100101110010101000100100001010000000010
95
100000001110000001000100000000000101011000100010010000111000000000011001000111110110000011
62
101000000000010100101010011000001100011000000010010001100000000100001010000000010110110001
49
11000001011000000000000010010011010100100100010111010001110110110001100000000100000000111
35
10000100100001111000010010101000111001000001110010001001110010000000000010001001000010000
55
111010111011011000010001110110000101101100000001011010000010000000000011100001111111110001
107
11000010100000001011100001110001000011101101101000111010100000001001001001100000010100100
77
11011000000100001000010010001110000110010000100010000000100010000001001100100001000101010
151
1011010000100000001010010110000001100000001000010000100001100000000000101110010
123
100000110000111010100001000001000000000100101110000110111000000000000000010001000010110
199
10010000111100000101010000100010001010001000001000000101000000111000111100000001000000
122
101001001101000110000011000010000000000001000001000010000000010100001010001000001010111000
180
10100000001100010111001100000010000001000000010100001001010010000000010010110011001100
45
101000011000000101100000000000101011000011101001010010010000000100010100000000101000010
188
10110000010010110001000001001000101001000110010000000000001000100101101000001000000000101
158
100000000100001001110110011000000101000010000100100011000100001000000100000011101000001
87
10000100000100001000010000101000010010011011100000010100000010000001000100000100100
112
1100100100110000000001101010010011010010010001001010000000010010010001011111000101
98
1000100101000001000010001001001100100000000000100010000000000001000000000110000000110001
66
11010001100001001101011010011001010001000100100000000000000010000010011000001101
145
11000000110001000000001000010000000001010111100111000010001000100000101101100011000000010
186
10000100111000100000011000000000000111000101100100000010101000000000000001001000000000001
123
11000010101010110010000001000000010000000100100000000000110000000000100011001000001
8
101010010000000100010000011000011000000010010000100001000101100010000100000001100000100011
64
11000010000001100000001100001101000000010100100101001000000001000011001001010011010110001
83
110000100010010000110000001101000111001000010100100000000000000100000010010010000010001
146
1110000000000101101110100000101000011000010000101101101000001100000100000100000001000
112
100000010001000001001010001000100000000000000100000000100100000001100000010010010000001010
11
10101000000000000101001000011110110000010001001000000001000000010000000001100100101100000
184
101001000100110000000000000100101010001000100010010011010001110001100000010100010110000100
73
10001001100000010101010000000000000010000000100000010100110000000010000001000010110110
87
10000010000001100100001010110000000110000001100000000010101000011000001000101111000111010
166
101000000000010010101000001010001101001010000000000000001010110000110000101000110000000
7
10000011001000010110000100010010010000001100000100011000000010100100001110010000000010100
168
110011010111100000001010000000000000011010000110000001000100000010010110100011001000111111
125
100001001101100000001010001110010100010010000010101101001001000011000100010100001110010011
19
10010000010010010110110010000000000001110001100101000100100010000100000001000010000001
46
10110001010001000111010100010000010010000111000000100010000110010000001000000010000000
10
1000100000001011001000100011111000000001000100110000000011001000001111000001101011000
74
1010100101000110011100000111000001000000010100100001001011000101010100110110000000
85
111010000000100000010000001100111000111001001001100100001001010000000000000101100000000
134
101000010000010000001000001010001011010100010001110010010100000110000001011010010000010010
72
10101000000011000000000100011000011001000010010001010000000001010000000000001100000
155
111010110001000010000001101000010100000001000100000000000000100101100110010000100000101000
136
10001001011000000000011000000000000011000000000001000001000111111000000001000000100100000
129
100000001100100000000100000001100011000010000100100100001100001010000000000001110100101100
42
100010000010001000000001000000100000110001100000010000000011100000011001111000010001011
54
100001000000000000000001110010010001010000010010010010000000100010011011000100001001101
137
10010100000110011000000010110100011100101000010000110000000100000000000001110010001000111
72
1000010111001100011000001000000100000001000010000111001000001110100001110010100001000100
101
100001000000100010001010100100111010000001001010001000010000000100100000000110001011000001
196
11010000010001010000000001111110011001000000000010000000101101000011000011000001100000
142
100010110010110000000000111100000001010000000000000011000011001010100101010100110010000000
16
110100010101100001000000100010001000010100101001100011000100101001101100010000001001
145
100000001000000000000000110100100000000100000001001000000010010000011000000100100010000101
151
110000010001001001101011100101000011000100101011011000000100100010000100110010001011101000
164
100001000010101000000000000010000011000010100000100000011000000101010000000000100010110101
176
110001000101011000100011111010000101100111000100010001011010100100001000010010001100
39
10000010010000010000000001000011001100000100100100110010000010011100010010000010010000100
55
100111100010010010111001010010100000000100001100110011100000010001010010100100100101011010
6
100100111000000100110010011000111001011000010010001001011101110000111100000100000000000001
130
110010001010000110000010001010111101010010101101100001011010000001111000011101100000110
100
10000000010101000110000000100000000000101000000000011010101101000000001001110110101011100
91
11000101011000010010101000000111011001100000010001100001011011100010000001001000000000000
192
10011000000001101011000100000101100100001011011001100110000100010000011000000101100100110
177
111001110000000000010100000001011000000100100101000100100001000101000011000000100101001
14
10100010000000010010000000000000100000000101110001010010001000000100000001000011101000000
20
1010100111000000100000010100001001010000001100000101000010000000010010000000000001101000
49
1000010010100011010000000001000001100110100001100101000100000001100000001000010001000100
117
1010110000111100000001110010010000001100000001110000100000001010010011110001110000000000
41
10001101010100000010100000001000001000000011010011110001100011000010110000001000001010110
46
101000000001100110110011010001000100001000010000000100000000000100000000100010000010100
22
11000001000100010100100100000011100000000000000010000001010000010011000010011100001010100
158
10000000110001000011000101001001011010001010100010001001101100011010110100000010100000000
25
101001001000000110010001100110010110001000000000010100000010100000100000001101001100010100
182
111110010100000000100001100001100010000100001100001010000010011110011000000100000100000001
86
1001101101100010010001001000100000011010110000010110110101010100010100000011001100000000
127
100110000000100100001001000110001010001000010011001100010101000000001000110101110001010000
148
1000001100000011010100001000000000001000001000010000010001000010110101000000000010101
141
100001100010100010000001000010000011000000000100010001000010010000000000111101001011001100
190
10011010000000101101100101000000010101011111000000100001010000100010101100000100001100000
7
1100100000001001110001001000011101010000000001000100100000010110000100000000101100100000
189
110111100010010000101100110010001000000000000000010101000100000000011100011011000101100010
186
11000001000000010011010101000010101000101010010001101010001110000000100010010001001011101
104
100000000000110000101000010010011000001011000001101110011000101011110001010000010000000100
32
1010100000000000000100101010010110100000100001100000010001000000101001010000010111000010
160
100010000010000010101001001001000000000111000001110000010110011000010001010001000011100
86
1101001000011100001100011001010010000001010100000100000110001001010011010100000100001
89
110100001100011011110001100101000000000000110010010111011010001110001000001010000001111100
167
1100011011000000010001001000000010100000101011010010000000000001011001000011101000100000
82
10100000100011011000010010011010000000010000100100100111010011000001000000000001110110000
191
100100010000010000011100100001000000100101011001000000100010100100100000101000000100010000
83
1100010111011000101001000110001000001110000000100010100001010010111010001000000111
82
1010100110000001110000000111000010010101000010100011100001011001001110000100
139
1011000010111100001000001010000001001000001000000000100100100000011000000000000100000001
104
111100010010000000000100010001001000010000000010101000001001000100010111111001000100000000
86
100010000001000000100010000000111001110001001010001100011010010011000001010000110000101001
65
10000000100011100010010000101100100100100100000100000101100000000001001010100000101100
65
11010000000001100101100110010010000000100000001000010000011000010100110110101000011001010
127
10001011000000001011101011001000000010001011101001001010010110000101000000100000000001
132
10000000100001001100000001000000101001010000001100000000010001000111000010101010010110
19
100000010001100001100011000100100100010101100000000000111000100011001010000000000010010101
3
11000000100000000110111000110000010100000000000000000010100001011010000001000001000000010
138
101111000110111010011010000100001000000001000000000010001000100000000100000000001011100
188
110000000100000010110001000001011001000010001000000100010010010000000101101001000001000001
81
101100010010100000100000000001000111000100000001110000000111100101100100101000110000000001
136
10000110000000100001001011000000110000110000100100001010010101010101011100000000111
118
1000000010000100010010001100000000100000001001000110010000001000010010000010000100011000
189
11001000000000000000011000001000101010110010001010010000000110000000010000101001001010000
193
10010000111001001000100000000001000100011000010000000000000010100000001010001001010110010
9
1000001110000000100010001001100100000010100111111010100011010000000000000000000010000011
33
110000100000001100010001001110000000010000011010101000101001000001000000010000101100000001
146
100001001010001011000010000100111000000100100001000001000000000101011100001101
65
10000000000000100000001100100100000010001010010101001000000100010000010001000000000000011
52
100010101000000000000010100010000100101010100100100011000001000000100110110010010100000000
93
100010111101000000100011110100000100010101100010000010100100011100100100110100000000000
20
110000100100000000001000001110001001000010001101001010001110000100000000000000100001011
131
110000001000000100110010000100000010100001000001101101100110010000100111000010000100110000
43
111101000001100000100001000000100000000101000001100001000100001100111001000010000000000
140
10001001000100010010010010010000011010000011011110001101010001001110100101010000011001001
107
1100000100110001101011010010000000001011111000001010001010100110100000000000001010000001
73
110000110000000000000101010100100010000000010010000000010011010001010100100011001011000000
60
110100100110000100000100111000110110100100110100101110000001000000100000000110110100100
176
101000011000000000000001000010010100100001100011100101010010000011111000000000001000010000
46
1100110000011001100000000010010000000000000001001000101100011010100011000010110000100001
120
10100011010000101010100001110001001000000100100111010000001000100011010001010100001000
42
10110010010001100110001000000010100110001000000001000001100000000001000001000000011001000
149
100001000000000001101010000010010000000011100101110100000110001000010110001100010000011
50
101010100001000000100001000000000000000010000110001001000000010100000000000000010000100
146
