90 700
110000110101001100110110010100000111000111110011011110001010101011111011010001011000011101
129
101111010111001011101111111011111011111011001110010000110100010010101001001001010100100111
156
111110001001110110111110011001010100011110100100101011100111111111110100101001000011101110
44
110100101111111101010001111011001111011011111010011110100100011110101110010011111110011101
82
111100111001101111001111111011011001111110110111110000111101111101101011111111011100011100
200
101001001010111000011001101111011011110010100111001011011010001111010111001011101000010001
135
100110011101001010111010111110011001010101110111111011000110011110000110010110001010111111
188
100010111111011010110110111001011001010110011101110101110100100001011000110000100110100100
44
11010000111100010111011100001110111101011111110110111001010001111101001101110101000101101
152
111100011101111111011001000110000110011111100111011101111010111011100101011110110010111111
33
111010100101011111010011111010111011011001111100000011000011100101110111110111111101001010
135
100010110111101100000010000110110101001001110101001111001111101100111011111001001011101100
135
111001010011101011111111110001010101010101111110110100101101011111001100111010001101000000
189
101011000101110010101101101000100011110111011100111110101001001011001100100010101110111100
166
11100000000101011110111111011111011111111101111111100011111101111010010111010111111100011
35
10101010010111101100001100010100110101110100011111011011101010000101110101010110101111001
62
111101010010011101110001111001111001000010100111111010101011001011110010111000011101111101
20
10100100011111110010111111110110111101001000001010101011110101010101001100010110101001100
118
101001010011110000011110100110001100111111101010100110110110011111101110110010010001111110
172
11011111001100100010110001101010010110100010010010111010111011110001001100111110010101011
19
11101100101111000101011110110111010110101111101110111100100111110111001010101111110010010
86
11010011001011110000101100000000000010111000011011000010110110110011011011011110111011110
112
11110101010111010101010010011110011111010011101010110000111001111001111111101111011011111
132
111111001111111111110101111110111111111110101101110011011110001110101011101111101111111100
92
100111110110111101011111001111101010110111111011110110101111110001110011101011101101010000
93
111111101010101010101100111001110110101110111110111111111011010000000000011111101111110111
58
10100011011011110110101111001000010001010000011111101001001011111101000111000111111001111
16
101011010101101110111000010100001001001111110000010001111110100011000000110011111111001010
105
110001111011011101011100010001010011010101010111100110001011011010111011101111100000011010
58
110111111100100111111100011100011111101011010001110111110010011101101110111010111001011001
28
10001000001100001001010111111101111101010010101110101101110000011111111010001101100001101
30
10110111010001010111011110111110000000110010010110001110001101010001001110011011111110011
73
111010010011111011111110110011110001001110110110100101111011100111011110100010000111001011
54
11011100101010001001001111101101100111010001011000111010100000010110011110100110111000101
11
111111001111110001010000111111001111010111011001110111111101011011111011011110001111011111
13
11110100000111000010111110101010001110000000111010110010111111101010101001111111101111011
77
111101001010101100011110101101000111011001001010100100001111010011000111110110111100011010
7
11000001010011010100000011001101100001111011110100111111011000111111111000100010111110110
192
111110011010111010101111110000100111001110011001111000111101111011010110111110001110000110
166
100011101100011010010010101010011110101111001001100001111111100110011010010000111111011000
146
1011110110111011000011000110001111011101111111101011111101111001000010100001110000110010
195
111111000111101111111100110011110100100111011111010111000101101101010111111101011001111001
165
111111110100111110101010111110110101000101011000100101100111100101011001010101011111011
185
110110111100101111111100100110110010000011101010001111010111011110100101111101011011101101
11
111010110011101111010111111111011010111101101001110000111100110001101100001110111101100100
68
11111001111111111101111101100010011101110011100101000111111001001000001111101011110110100
107
10101111010110011111011010001011100100111101000110010011000000110111011010011111101010001
84
110100101111010100101101101111000011011110100111001101001110101111101010001001000110101110
73
110100110001111111011101111010110010111011110000110110101101111100111001111111111100111101
122
111011001110111101100101100001010111110010011101110010001110111111111001000111001110111111
69
101111101101100101111010101011111110111011001111000001111111100101001010010101011001000110
55
10101110110010001111010001101100010110110100110100110110011101100001011001111001000001111
82
10100110001000100011111011011110101111101110111111100011110011011111001100011111001011111
55
101101101000000000001101111111111000100000010011111110111001101111011100001001001111000101
113
111111111000111111101111101110110011110011110100111011111011101111111001011000111110011
28
111011111110111111010111110000000101111111101101100100111001100110011011011110101111111011
171
10000101101110010111110100010111110101100000101100111011111110001110001011111101100001111
28
10100110000110110011000011111111011100100111101001100011010001100111111011011110110001001
38
101110100111110101111111010111010111011011011101000011110111100101000111010111001100011110
27
1000000100100100111110011100101101010100100100011111000111111001000100101111101111101100
123
110000001001111100001101011010101010001000111101101001011100011110100001000111111111111110
125
1101101111011011011111111111101100100111011001100111111110111100000111110111011101111111
129
110101011101011110110011101111111001000111111111010001111111111101111101111101001110001011
66
101100011001011000110110000101010100101011111111101110001011010111111010111110100011100000
26
11001111010111111110010110101110011000011110110110110101011110101110011011110011101010010
147
100111001001110110011100010101011000101110110111011111001010110100110001111000111011101010
98
101100011101101111010101111111001011011100010001001110001011101100011010000111010100011111
47
11000000010101110000001010101111000100111011111010111101010110110001111110110001001101111
163
1111100010001011101000010111110110001111110110011111000010111111100010110101111110011101
35
1100110010100111101101000111001111101101011001110100110111110101110111110000011011101100
49
110000101011011011101111011011100011111001111011101011111111101000011101011111011101101100
195
111011101011111100110011010011100011000110011011011110101101010101000101110000001110001001
101
11101011110101011101011111111111111101111110011111000011100011011000010010101100100111
182
100101111101110001001010111001110111101101111000110110001100110010101001111111110100000010
146
11001000101000100101110111111110100011010111001001111011000001010000101011110100100011011
15
10001101101101100001010001010011100101110101000111000101100000010001111101011001110011011
11
101010000100000111111111111111010100011011100110111101010110011010011110001011001101100001
107
111101011101010110111111101101111100011000111011011111001101111010001111011011000100010100
132
1110010111110010111010010010111011110101110011100100111100101101101111110111111010100101
52
1110010111011110100001111110000101001011011011101111010000010110111010101011011101101
58
1111110000101110011011011101011011101010111011101111111011101001101000010011001110000011
41
101011011010110000101110001101110101001000010111111110111011101100110101011111011101010010
100
110101101101001010111110001001010110110101100110101001111101101110111001000111000101011000
118
11000101100010110100101111111101011101101110111101110011111001100100000010010100011010111
192
110011101111111101100101101111100111111111011101100010010000100011101111101110011111110111
159
101111110111110011010001001100100111010111000101101010110110001111011110111011011000111111
141
11010101100110101001111110111010111010101110111010110011111101000111010011110101000111111
142
100001110101110001111111010101101110001111011001100111111010011000110100111111101000010011
51
1001001001011010101110101010111010010000001011110101100111010101111110111101000110111111
71
111010011101101101001100000110111101110111111001011111101101110110000101111110111011100101
4
111110001001101100001110100001110110011010111110111111111111110100100101111011010101000101
158
111010001011100111101111111100110111110101011110101000011011110101111110101000001101100
73
110100101110111011010110010001110110110110111110111111111000100110111111101101011011111111
72
100110111111111011110110111010011100111101100011011100110010011110011110100011100011010011
115
10001001111110101101110011011011100110001000101001010100101110001100111101000001000100100
41
111111111111110110011100111010001011111010101110000001101101101011111111100011001000011111
188
10111011110011000000110101000111100101101101111111111010001110111111101011100101100111111
2
101110011101011001111100111111010011101111101111111010001100001011000110101100101101110001
106
11010000101111111010101011100101001111111011110110110111010111000101011111100111011110001
37
11110010101011111010101001111100010110011111001011001101011010101101011001110001111111010
83
10100011011011001111111111001110011101011010101111000101111101001001101111110010110110010
168
11110011111100011100101010111011000001010101110011011001111111111110010110010100111011100
86
111110101101111101110110001010101110111010011110001100010100111111111111111011101111111001
104
1110011000100111100011100110011110011100101010011111011100111011101011101111111000111100
195
111100010010100001101101111011110111001101110111100011110111011010011101110101000010110011
90
1011111110111011111111011000100000110111101011011100011001001011110011111010111111000
199
111111110110110111010011010011001011110010111100011111111110111101111100100011010100000011
34
100010100101100011100111111011111111011110001001110101110101101001101110110101011001110100
191
111100100101101110000111110011100100100110100110010111101000110101001011001011101111110001
33
101010101110110110110111110010100111011001111111110100011111000000011101110110011011010001
101
10111010110100110001100010100010110111111101110111101011001110101111101011011100111111111
37
10110100110110011100011011000101011101111100101001110110011111110101010011100110011110000
14
11110101011111101101011111001010111111000101101011010101011111011100111101100011000101111
141
110001001000111111101011011110111111110101101110111110101111111100000000011111101000111101
80
111111110001101111000011111101110110100111010111111110100111100111010111101111110100011000
106
100011100010111011010010111110110101111111101001011011011101010111000101101101100010100100
86
1111111100110001111010010110101111111101010011001111001111010101000010011011110010000111
81
11010110111011001000001111011010011111011011011110110111100111111101010111110001101101101
134
111110011000111110010111111110011100110000001101100101011111111110010110010011111100110011
191
11111111011101000011110001110101110100100101101010010101110011111111100000110010101111110
94
10110111100110111101111011101101110111010110110011101111011101010010110111110011100100111
130
100001100101100101000001010100011001111111010011100100100011101111110000000010111001100101
176
1011111101111010101111010110011111111011011010001101111111111001111010111011110111100100
168
110110101110011111100110101111100101011001101111001110101101101001000001110111100001100101
103
111111100110001111000011010010101011010111010111111101101101110111101001111101111111001001
55
11010111011110100110010111101010110001110111011101100111100011111111101100101011010111011
17
111111010100000111101110110011100101101111110110101110111100111110010001010101100000
13
10001101010111010100000111011010010011111111110011111100010111011001001001111000001110110
60
111010100110010011110101101111111111010111100101011010011111111111111111101011001101111000
57
11111111111001110111010101111101011111111010100100101111111011001011111110111110010100010
139
110110111111111111110000000001100111001011111100110000101111111111111001000000110101110111
132
100111100101100110100101111101111101110111101000011110010010101011011011111110001111111100
44
100011111110111001111110110111101010110001011100111111110111110100010011101110110110010110
53
111010010111011001111111101100110100101001101111111111001001110111011101010111001110100011
88
10110101111101011000101110001011110010111111101111111101101011101111111000111110111101100
23
111010110101001001011011101101100011011100111100110101011000110111011001100101011110100010
140
11011111111110111101110111111110101111011111001101010110100101100010111011111000001101100
12
111100001001010101010111110010001010101110010111111110100101000111011111111010111001111101
22
101011100000110111101100011100010000001010010011100100011111100000101100011011111111111011
116
11111011111010001011011110011111000011101000110101110001011111110100011111010111111100011
82
10010101011100100011101101010110100001001011100111010110111111111011111101111101010000101
102
1000000010001001111110011110001011110011010111100011101011101000100110111111011010110111
147
111001001110011001110111001101010001000111000011100111101000111001101011110101111101111111
185
111101011101100111101000010110011011111101011110010100110010000111111111101010001011011
115
101011111001101111011011101101110011011000011101100011100000010000110011111100001100100101
12
100111100111001111011100100100110101110100010100010011111011100001101101011000010111101111
174
111100011001010111010111111101101110011101000000011100001011111011001010011010011011101000
22
110110010011110111101111101011101111111111011000101001100101111101100011001101100100001010
170
101111111100010101001010000111111100100000011011100011011111110110011011100111110011101111
28
101011101011011010100011011101000101111111111110110010110111011010010001101110010100011
183
101101110110001000110111111111001011110100000111010111111110001000110110011011100111100000
130
1011111100101111111111110111111101111011110111011011001011001000011111001110001010111011
125
10010111111011100100010100101011101000111100000111110101101110111100101100111000101110111
58
111011111001111101011101000001101101111111010000011110111111111001111101110010110101110110
178
110100101111111001101111101110110010110000010101110110111011100101110101101001011110111010
119
10110010001111001111010110110011100001100001010011010111111111000011111010001010011010101
33
111111101111111101101010000010110111110111111010110011011101101000001001110011110110111101
138
100011010101000000010101111001011101100010110110110001001110110010110001110111110010110111
59
101101100101011000011111000101101110010010001111110111010111100101101111100001000010101100
34
1101001111001101101111011111111001011110111111101100011111100100100011111111111111011000
173
1001011101011001110111011110011011000001100110001111101001011111101011011111001100011010
110
10100011011011011100100000111110110111011001000011010110111010011010101111110110100100111
55
101001111101000011101101110010011111110111100011100110100111001110110100110010101101011111
104
111001101000111110011111110001001111110100000000100001011011100111100110101101011111111111
178
11000000111110101001011011010011011100011001011101111111011001101100010110110111011111101
100
110101110000111111110010011101101111110101001101101100101110111100110101010111110111011101
141
111011011110110101011110111111100010000111111011100111000111111110101101101111101010011010
173
110001111000010111011111100011100011100000111110110011111111010101111100101110110111110110
25
111001101111010111100001100011011110111000011011101000010100011001101001011100100111101110
120
1101011111110111011000011110101111011111000010110011011001101111010111101111001110000011
182
111101010010001111111101001101100110101011011100101111111000111111111000011100100010111101
11
101011101110011011111011010011001000100111110101000011110011001000101110111101110111010010
33
110001001010011010111110100011110110111010110110110011001011111100110111011011011001111111
8
100110011110100110001111011001000111010110110101101000011011010111111111111011111111001011
200
11101110110111100100011110111000000100010101101010110000111111011101010101011100010111
119
101111100011111110010000000100111100100011011001101101111001010010110110110011011000001110
18
101000101011111001000111111011011111111100010101010100011010100101000010011001111011000
80
101111111111111001011101111001110111011100101010011010101001101100111111101011001110001111
73
111110111011100111000010110101110101011010110011001010111110011010001001011111111000000000
143
100010110111100110101011110111101011101011000111111001110001111110111010001110001001110101
14
101010001101111111001101111001100011101110101101110011111101110101110110011111101001110111
187
111101110011101110111110101010110001001010101111000011111110010011111101101101101111101111
177
100110010110100111110011011010101111010111101111111101001111000101000110111010111110010111
34
10100101111111010110001001111010010100010110111111101110001011010000010111110010101000101
103
101000111010000110001111101011111011001100111100001101011101011010101101101010101100010001
89
111110010001101111110110111010101101000011011100100001011110110101101011010110110101110
162
110100111010111101101011101000111111100011101101010001110111101111110111101100110100101011
44
110101010011100001011011101110011101000001000110111000000101000111111011101111101110111110
33
101000011001000101110010010000111011100100000010100010011101101101111000101110100010011100
100
10100000011110010111110111001110111111011011001111110111101010110010111011101110100110110
36
111000101100001110110011101011000010000100101000010110100011101100100001010101110110100111
28
101011101111011010011011110100111100011101001001110011000000010011110111000010001110001100
7
10101010000111001101111011000000000101001011100111110001101010001110101011100011111110010
189
111111111000011111011111000110011111001111010010011010000010111001101100010011100000000001
67
111100110000000001010011101110011000001011010111011111001111100100110011111011100101100100
35
110000100111110111001011000111100111101001111001111111111110111100001111011110111110001111
18
111110111101000010111101010111100101011011101110111101011001110101110110111001100000001111
32
111111011011001100010101110011111011111110101011101101101000111011111100111010101011110
137
11011011111110011110010111101101101011111110110110101110001100111101111000111111010111000
47
110101110101110011011101011101001011100100100010011111110010011010010011101101110010011111
10
111011111101111111010000011011001101111011110111000001010111100011000001111100110101111
14
111011111110111101000111110100010110010110001111111111100101001101111111101111101100000111
118
100011010101111101010001011111111110101011101011110101101100111111111111111010110011011111
169
100110101011101001101100111011110101100011001011111011011101010000011101111111011101101001
90
10011110010111111010001111000000111111000101111010110100011100101110110011111110010100000
116
1100011110101100101111111101100101110101111011011101100100110111001110110100000110101101
200
1010011111101001100010001011101010110001011100011001011010010110111110111001011101110001
75
11111011111111011111111001111101101111010111100001011111101111100011111110001111100100101
153
111111011111101000011111000111111110110110001101110101110001010100101111000011111111001110
37
10101101000111010101101111111000111111111101111110010111001100001011011110001000111100001
178
111011111111011001001110101110011101010111110110110001110111101100011011011110100110110000
62
110001011111010110011100011001110001000110000000110101101000111001111001110011100101100011
100
110010101111101000001010110000110110110001001111101011101110011100111111001001011110111
184
101100000010011111101100111101111000100001110111110111100011001101010000111010000111111000
134
111000100010001111001100011011111011011111000100001011101110011000110100011010110010111111
139
100111111011001110001011101010111111100001111011101001110111001111011011011111100000001110
41
101111011111000110110011111110010011001000101111110111100001110100000110110011110100111111
84
11110010010101110001101101101000111111110100101101111101110110110110111010101001000101110
47
101000110100001011011001011001111010001100111010011011000110001010011111010100011111011001
155
110100110000010110110111101011111001101101010101010100111010111100111111101100011111010
120
11001110111111111111001111101111101001101111011111011101011011001001110001100110111111001
135
110111101010111010111101010110011011101111001101100010110011011110010111011101011011000111
17
101011011010111101101100001111010111011100011111001001110110011010001010110100011010111111
161
101111001101101001000010100010001000111111111111110111010000111101110000100011110011101
24
110100000001110101111010101100101111101100011100010010110001000001111101000011001101101110
45
10100011001101110101110010001110111010001101000101111111110011011000000100101011111100010
174
11110110100011111101111111010100011000000100100111010010011110111010011111001010101111111
137
1111110101000111110010100101111110011101010000111101110111110101101010111000100000001101
51
11010001111100011111111111110011110110011010101111010110011111111011100111011001011111110
144
1010101010001011101011001110101111110100111111101011010010101101010111101000100011101111
154
111111101101001100000011101100100011101111111110011111110011000011010110001001111110100
78
101101010100001010111010100111110110011111111111110010010111111111001000001001111110101011
103
100100101010101100111001001011111110111100100110010001110011110011010101101111101000111010
88
111100001001001000011010111010010110010101011111101000100111000100011111111111101101100111
83
110010101011001101111101101111111001000110011010110101101111110001101101001111010100110
172
101001100010100111111101111100111011011010000101101101001011001100010101011101110010110001
75
111111011101111001111110111011110100011100111011010011101011101110000001101111100011110010
131
10001110010101010111000000010011010010111100110110111111011011110011000000110000000011011
3
111110000001111111011010101011111100011001111011101101101100110001101011111111000110101011
42
110011100111011011110000101101011011000110110011111110000010000111111101100110100100011110
47
111001010110011111111111100010101010100110111101100100011011101100100000100011110000110100
89
100100000011011101111011110010011011100100010011000111110101111110101100101010011011011110
117
11101111000010010010100111000101011100001101110111101001101010101111001111111100001110
35
101100100101001111111111111111011110010011110001011110110111001001111111011101000011011010
170
10111110110001010101000111111111010111110110111011101111000001110111101011000101111101110
63
11111111111100111111011010100101011101011100100111101111010111110111011111010100101001010
4
100001010111111010000101110101110101101111001111011011010101111001001110111010011011111111
28
1101011101011111101001110100000111110101110111011001110101101100101111111111110011111110
178
11100100111111011011011101110111110100011101100101011001011011100111110110110010000000011
148
11111001100111100101100110101011110111110101111100001110010111011110011101111101000110111
80
111111111000111110001010011101010111111111001110110011011111010111111100100111111101100001
25
101111110011000001111011110101011011111100000011001110011001100010000111101111111011101101
86
101010011010110111111000011001001110101010000011111111100100010011001110001111101110101111
58
110111001010100111110010001011111010010111010010111110011100101110000100011101110101000101
71
11101101011111011111111111011111101011111101000000110101011100001111100100001111111110111
53
100111001110110010011111111100010111010001111110110110100000111100000000111111110110011101
86
100011110111101100101111100100101110001000100110110000101110110011110001101001111100111010
137
1110110110101000011010110110100010100011101000101011111010010111110111111110111001100100
155
111011000001100011001111000100001100110110111101111011111010011101111010111011101101101010
116
111001011011100010101111011010010111010011110011000011110111110101111011011101101111000101
38
110001101111101000100100100111111111111011101111011111110110101001110000111001001110101001
97
101011010100010101011111101101001101110101111100100101111110111101011010101011110010100011
59
110011010001011001010011001110000010100011001000111110011000100010000110101000111101101111
183
101111101111110101101001101101000001110010111101101111111100110011100100001100001000101110
94
101110101111011101111111110101001101010000011101110111001110001011111111100100111110001011
54
1111111101000000001100110100001011010000110110110111111001101111101100011101001101110111
41
111101011010000100111010011100111101010001010111001111101110111011000111000010110000001101
28
110000011111000000111100000111100100000101101100000101001010101001001000100001101001011
154
110111101111111111111111100111111011000110101010010111000011001001110001111110101101100100
157
111010110110101100111101101111000100011010101011000101101100110101111111100001111010001111
150
1001001011011111111010111101011011011110010101111110010101011111100000011011010101101
47
11111110101111011110011111101110110001000111101100011000100001110110110111011000101111111
38
100100110110010011111011110001111111001111111010010111001101100101101010001111101110111111
11
111010101110101001111100011011010110110011101100111010111110011111101010101100001111111111
139
101100111110011111001001001000110111011010010111001101011001110101101010011101111101100101
188
110001011110101011011000111011101011001010111111110111010001000001111010010100011011100010
159
101010101001110110111010101001111100011100111101000101010111111111011000010100111101101100
173
10010010110011000111000111101100111010100111011011101010100110001110101100101111110110
157
110011111100001011001010101001010010101111111111101011110110101100101111101111000000100011
8
10110110111001011100010001001110110110011111100100101111000101001111011100011110011111101
100
111111111111110011101111101110111111100100011100110111100110011110111010101010100111111001
23
10100001110001101101011010000001000000111110010010100000010010011111111011001011101111111
187
110000111000101010011001101110101001101110101010010111111110100011111011110011010100010111
69
11111111111110011010111111100111101111111011111100001110111101110011101011110001111110100
146
111110101001101110101011110101110111001110011110100111111011111001101101101010110100111011
134
111111100101010101010110110100111010101010111010011100111011110111010111111011111111110011
65
101001001111111101110111100111000110001101111010111011101011111010111011110110111101100011
115
11111101011010010110110011100110011111011111111101111010111110101100111001010010111011111
145
10011101010111111101111010001110011111110001000001110111010100111110110101110100111101111
107
10001110101011110101110100000011101100100001111101110100111111001101001111101010111111110
157
10111100111101001001101111111001101111001001101011111101001111110001010010111111110100101
52
110010011111101011010110000101100010101010000101101111111111010011011111011101011110110101
116
11011011100110110101010111101101110010000110110101110110011111010110001111100011111111111
48
11001001010110010111110100100001101010111111001011101111100101110000011110001110010100101
48
10011001011100000011000011010000111110111100100100101011100111011010110001110101111011110
55
100001010110110011110110011000110001000101110100110110110110111011110110100100110011101011
52
10010011011101110000111101011000010010100110111011100010111101111110011111000011011001100
69
111100011010011001101001111100010101010100111001101010011010101010011111101011011001011101
180
11011101100100101101100011110001111000111110110011101100111111001110111111100111101110
95
111101000000100100001011001010000111111100011000110001011111110101100111011111111111001111
129
100101011001000110100000011111111110011110110000101001001000111001000011111100011111010101
56
111001101011111110110101011001100111001100001111000011100001000101111111011001111100010011
154
111010101101101111111111110110111111101011111100011111110110010110011011001101111110010110
179
110111001100110100111010111111001100010111000101010100010011110111111111111010111111010110
9
101001100100101111110111011100110001110111111101101101000110111111100011101100011011111101
125
101010110100011111001001110101011111110011101110101101001110001001101111001110111111111111
95
111101011111101001101110100011111111011100100011111010101101001110010000011011111011111101
143
1111101011001100001100011011011101011110111011100010010101011010011100101111111010111001
5
11011100001011001011011111011110010100110111111110111111101101010011101100111111101101111
72
111111000111010001111000011010110110010111010110100101111011111111001100111001000101111
165
111111010100111000001000000110111001110110111100111111101000111111111100101010011010111011
142
1111101000011010010111111001111100011111111010000001000110000100010000101100011101111110
5
111010000010111111101110000111110110111111011011111000101111011110011111110101101010100010
177
1101110111000011000111101111011101011001110101111001111100101011010011000000110110111010
63
101001100110110111010111111110101111111101110111111110000000100010001100111101011101011110
25
1101000010000110100100000010110010101010111100010010110000100011010110110011101011010101
141
11011110001100101110100110111011010110011101110111111011110100111111001111001111011110101
93
110010110010101001010011000010100010001111111110011111101000111001110101101001000101110010
140
101111101101111110000100010100010011111110111010001111000110111001110011010001110110001011
43
111001110000011010110011101111101000111001000001100101111110111010011100111100011001111011
103
111011100001110111011110011110111101111001100101110000011111110101111011101101011011101001
60
110111001110111000111100010011101111000011111100001101111111010110000011000110101111110110
98
101111101111111101011101111111011110101101000001101000001001111110001111110101100111101110
135
110101001111101101010011110010010111001011110100110000011011010111000011110101100011011101
158
111010011101111111110110100101110101100101110110000110100001100110010101010100110000
116
1110110110111111111000011110100111011011111100101111110100100011100000010010010111010101
134
111111100011100011110111100001110101101111100000000010001111101111011010111011011010001101
7
111100101011101000101011011111100111010111101111001011111101110100100110100001011001010110
26
100110111111101101001001110111111011010111111111001110101111010011011101110111111000111110
8
110110011011111111011001010101100001111111010110001110101111100101010111010000010110110111
159
110000111111011111111011001111110101110001101101010100111001001100111110000101111110100010
139
1101111011000111101001010111000110101100110110010101110010111011011101010100110010011010
122
1001010111111010110000001111011101110110111101110111011000110010101010111111001111101111
8
10001011000011101010111110001111011110111100011001111110111101010001000011010100110111100
32
111011110110111111010111111101100010110111011111001100011011111011010111101110111011101101
138
110010011111010110111110111010001101101010011011001100110110111101110011111001110111100100
191
110111011011110110011111111101111010101011001011001111001111110111000110111100011101101010
140
10011011110011011000110010110110001110101101100001001011101111101110111111111101010001010
69
110001100101101011010100101100000111101111010001000111010110111101101111011111110010111111
21
111110110001011001111010111101000110111101010111010001101111111111011011111011110010111011
53
1100010001010101011101101000001010100111111011111000010110111011011001101001011000110101
174
100111011010111000001011000000110011101110011000100110011111111101000011110111110111101101
172
11110010101000111110111101100110101101100010010011111001101010101101110011001110111101000
20
1110011010100101010010100111101110110011101111000111100110001101001101101001101111010101
37
101011111111001011111101001111110111111000011101101101001001001111111010001111111110000110
163
111101010100001011101010110111001011110111111100010111110011100000110111101100110011101101
138
1110110011000111111111111111011111010011001011011100111011011011101001010101011011011101
61
101111111101100011100100111110111111110111001101111111001111001100110111010010011100111111
27
111100110011111101011101110111110001000111001100110110100001111111001110111001000110011101
165
111100110101101111101111101101110010101110101001101011101011111101100111000101011100101111
79
11100111101000110010000111001101111101101100111011101001101001100000110110011100110111101
183
1100000001001010110101101111101011101001001011110010010001000001111000011101011110101111
131
11010101000100101011100001111110110010011101100111101100001000000111111101011110111110010
77
101101001000000010011111100010010101111110011110111111111001011101110000001011111000110011
188
101100111011111010010010100111110101101111011110000011111111001101010011101010001011011100
166
1010100011100111011010110010011001111101000101110011010010111001111111100100010011100000
180
1101111111110010001110001011011001000111100111101110111111101011101110111001111011101100
36
11011001000111000101111111000110011111101111110100110011110100111010010111001001111010101
70
1101011100011111111001011111011011111011010011100111001101101000110011011101010110110001
52
101101101000101101100100100110000100110110000010100011010011110101111101111111011100101
119
11111111111011101111111100011100001011101001111001100001101111011011010101011111011111110
7
1100111010100010010110101110110001111110110111110110000010101111000110010111011010111101
57
11011101010010100100101011011111111110001010101101100100110101011110101111001000000111011
110
11011000110011110101001101111101111001111101111110011111101110010111110110001010111111101
101
111111111010101100011101011101100100101100010010011111011111101101001110101101101110010100
46
10110111001111101000011110110101011010101000101111111100001100010110111010000100000111110
41
111111011001011011101011011000001001001001101100110100001111101100000010101100101101001011
10
10101010101010011001010011101111001010110001111011110101011101001010111101100101100101110
25
111011100000001111111001001010010001100110111111111111110001100001001001101100010001011111
109
11111101011011010011111110111110111110111000010101111111010101010000111001110110000111011
118
110100001000100101011100111101000111101111001100110101001111110101110000011110101001000111
187
10011000010100101101111001110011101100101100101001011001111101001111100111101001110110011
45
10001010011110111111111111011111010011010100100111110000010000011100011011110001110011110
28
111111110010010011011001110111111111111011000010011101111111100111011000101110111010011
71
101001101001111011101100111100110111011100001111001001111111101101110100100111001001101011
23
111011111101110001101011110011111101000000011111001101110011101001111001101000110001111100
154
11100111111000100101111101101111000101111110001111100011010100001010000101101011100111111
39
101100000110111000011010000111010110011010110111110110110110111011010110111111011111000110
84
111111001100000111101001110111011100110111101111010000010010111110000101110000111111011011
53
110110111000011101101101110111001111010100111110000110101110000010011010101110110101110101
64
10011111111110011111010110101001111001000111010010001001110100011101111111110001111101010
88
110110000010101111111000011010011011011010001011111001010000011001111101111100100011011000
4
110101100010110100100111101001011111111111111011110000111111001001011001110111111001010110
177
10111111011011110011000000110101101100000011010011000101100010110101001001101100111100011
73
101100000111100011101011111110001100010010100001111101101100111110110110100011101110110100
19
1011111011101101001110011000101010001111000011001111101101010100010011110110010011110
181
111001100100101011011110011011101001101000010111101001010100011111111111101011010001101110
94
101010101101001111011101101011011101001100111100111001000001100001111101100100111111110101
18
1101111000001110100010110110001001111101010010101001111111111111010010100010101011011101
86
111001011011010011110101001110001000111000111111010010011001111010110111111111111011110110
2
1101111111001011001100011111011001111110000110101111001111110101010111001010011111101101
114
101111011100110100111010110100100110111100011100011110011101110111101111110110011111000100
90
110000101010110111100110111000010110111101101101001010001110111111010101011000100111010100
123
111111111111010100111010011110010011110110111010010111001010101101000010101011011101100010
108
101110111010110010111000011110100100110010111111110101011111011101000101111010110100010101
61
101101011101111000001010001111001100110011000101110100000011001110111101111010011001011110
29
100110111011110011010111111111000000110001101011111100011011011111011011100011011110111100
21
110000111011101110110000111001110111000111101101110001111101101100101110001001100101111000
22
111001111111110101110001111111001000001100111000111110101010011101000101011011111010111111
87
11011101011110100001110010111111101001100010100011101100100111111110110101100010111101000
11
110110101000101110110101100100001011110001010111110111010110001111011110100110001110111011
40
110111111100111010110000110111101100101000011011111101011000011111110100011011011101111
44
1111110110001110001111001110010111111011110001111111101111100101101000101001100011000
148
100011110111011111111010111110010100011010000100111101000101001001001111001100010011011101
61
11111110110111101100111011011110111001101111100101110100100000110011110101000111011011111
102
111111011111111110111101111111111010010100011101011100100111101110000010010100110010011001
151
11100100111011001010111001111111001111010101110110110100010011000101101010010100110101101
137
111000010101100111111101101000111010100101111101010101110111110111100110101010110100011100
114
101001111111100010111000110100011001101101010111100101100111011101101111101110101111111
3
101011111101111010111110010001110011111101101111110110001111111111110001011011111001011001
186
111010010111101011001100001011001010111101001110110000100101111000011011001101110110100100
97
1010010101110011110111100101110111000110100011101011110011110111111001000001110010010111
55
101100010011000010011011100001111101011011100101101111110101011011010101101111011101001010
123
11100101111011111101001111101001111110010011111011010000000011110101011111100011001011111
10
111101110101100000001001000100101100011010111011100000111110110111111010111110110110010101
125
111111101111100011111001110111111010011101011110101100001010110110000101011011110000110011
3
110101110111111111011010100111000011111010101110011111101011111110110100011011011011010011
16
110110110011011110101111011010111011000101101111100111110111010110001110101111111110010100
199
111111111100011011100010011010101100011011111110110111000110110011110110110000001011101100
171
111010110011011111101100011111011011110001000011111101001110110100110100010001000111011110
69
110011111100001010101010001011010001100110001000011100111010101100001101111101110101011101
178
110111111101011011111100111110110110010111111111110010000010110001011000110101100110111101
90
111101111000110011110111111111010000110001111010011101101101010111010111100001111111111
10
1101111111011000111001111000010011100101110101001110111110000111111010000110010110000111
67
1101001111101010111001010101000101101101100011101011010111101111010101010001011010101001
86
101011010110111111110011011111011110110100100010111010100010111100011011100110111011101111
96
101110111001111011111100100000110110010111110111010001110101100001000010100000101110100000
158
11111111001111101101111110011011111111001111011110101100110111010111111110001111110110011
115
10100101010001001101100111000110110101001111111001111110111010101000000111111001111010011
140
110111011101001100111111111101111110000111100101101010111010111011111111100011011111111111
18
110110111101101010011111001011011001101110000111111011110010110100111101110100001101111010
47
111110001111111101100111110000011111111000110111111111010011111001001111000110101010111
104
1111010000101101000111000101110011111101100010011111001001111011110111110110010110100
35
1011100101010110010000110101000011110111110010110111100111111001001010001100001100011011
59
111000101110101011000010011011111001111100011110111011111010111110011111110001111010100111
123
11101010111011101111001111100010101010011111101100001110110111011101110000100011010110
85
111100110111101010001101111000101101011011011011101110011111110110101111001110111110110111
103
110011011101011101110111101011110110100111110110111010011000001011100110000111100011001010
102
111010111011001100000110111101011001011101110101011111011101111010011001101010100001110100
141
111001101001000101001100111101111010111111111001010100000011111011101000111011111111001111
196
111001101111000100010111100111100100010111011011111110100011111111010001111101000011000110
65
11111111000111010010101101101010000011111111001111110111010110110010100011100110110111000
27
101101010110010110111001111111011100010001001001100111111101101101011110001111110100011001
90
11101010100001101101100100011011110001101010100110010100111010011100111011110010101110110
5
101011110011100111111110110011111000100110111001010001001101101110010010010011010001110111
98
11110101101001100011011110001110110111010101110000111111110010110011111111000111110001111
46
101111100001110101110011000101101101110110101011111110111111111101010101100000100001011111
170
111111011111111111110111100111101111000101100011011110101011011111001111000100011111111001
175
10000110011001100111100111111111000000100111111000101110100010001011000011111100111011000
42
100110011101101110001111101110111010101110011110010100111001111101001011101111100110001011
68
1101110001110011101111101110010100100000100100101010001110101011101101110101000010011101
45
110111000101001000001101111110011001110110000111110110010010111110000110111111110100101111
164
10110000010111110111011001011100110100010011110010101101110110111101111100001000010100110
87
10110111001001110011001011100100110110111101110001100110011111111100000001011010111000
94
100010010100011111111011111101101101101011010110100000111111111100010011110110111110110011
41
101101101010010100110100111100101110000010110010100110111000100101010111100111101101100001
110
110001110110110110001111100100011100110011001101111000001111011011010010101010100110011011
25
1100011011110100111111110000011111111111001110101101100010011100001111101101001011101111
14
111101110110111010101001111110110110111001111110010000100010000111100001111100101001111011
120
10101101100111000010101001100001100100111110101111101011110111011101110001001011000101
80
110111000110011001111001111000111111001101111000011010111100010111101010100110001011101111
90
101110101111110111100000010001101101100001010100100110111100001010011110111011111101000110
143
10011111111111011100100101110101100101000001111100101110000110011110000000110101011100110
21
11111101110111110101111011011111111110111111101101111110011010001111111100001011001110000
54
11100110101110101011101010100111001010110010101110011001111010011100101011100000010011010
196
10010000011101100011011000000001011011111111110100011011001001011000101101100110101111011
161
111111100110011001100101111001101110110011000011110100000100111010101111111011010100110101
9
101100111001101011001111111111111001111001111011100010011010001000011100001101111111001101
111
11100010111001111111011001110110011111001111011011001010011010110110010010101100010111101
152
110100110110101111110001011111110001110100101101010010110111001100111100100111111001111110
138
110110111101100011011101111010101110110111100101111111110111100001111001010111101010101001
99
10110110111111001101111101111010010001111010011110101101011100000111111101011101110111001
60
101001100100111101011010111101110100100111100011000110110011111111101000010101111111010111
30
111111010110011101010011110101011001010111101001011001011111111010111011111110111111111111
42
111111110000100011011000101100011101111011111011011100001110011010110010110111010011110011
142
101111010110010110110010100010011001111101001011000000111101011011011011100001110111000
112
111101111111010111110001110010110000001100001001011011111000101111001000111111110101001110
15
111101110010111101010111001101111010011100001010001111011101101010110010101010100111101110
81
100100011111011010100101000101001100110111101010110111110001110001111100101010110111001110
36
1110011110010111010101011111100011100011010010100101110001000110110100000110110011111101
49
10000110010110101001011001111000101110001011001010010011011100011101111110001111110000110
109
100100011110111011110111101010101100010111000001010010011111011110001010111010011000010101
188
110000101111101101000001110011101101010010001101000111111101100001000101000111101010100111
55
111001110010010100100111011100110101001011110010011111010111111001011101011010111100001001
87
1011100110111110001111000110111100001111100110111011110101011010111111001111011010011
1
11011110011010011010101010100011101100101100100110001110000111001111111110011010000101010
123
111110101111000100111011000010010111111001101010100110001011100011100110101110011001111010
131
111011100111011010011101001010111111100001111100111101111101001100111011000111111011110011
79
101000101111100011010101100011011101111010110111110000001111111110110011101011101110110010
87
11101010110010100100010000011110111001101011101010101010001110101110111000110001001001010
20
11100010010111010011111111101001000100101111110111111001101111111111000111011110111111
6
101011001101111110111110111011010110000000001111111101000110100101100111011100101011000111
115
100111110101100011011000010110111111110100011111111111011100110110111101001101111011111101
97
11110001100101010011111100110011000100111110110110100111101111101111001111111010001101000
142
1101011011100000011111011110111101111001010000101001100101011111101000011000110101110
91
1100111100101110110100010100001000011000101101100011110101101100110110101101101101101000
97
111101111110010011011110010001010100110000110100110101111100111101110110110110110010101010
192
11110010000101111001010111000010011001111010110011010111101001111001010011111000111110101
8
111111110111011100001011110110001101001111000110111011011001110010011010111110110100110110
79
111000011100001001011011100000001110000110100101011111000100110011010011111111001111001011
173
111011110011000101011010101001010101011101110111111101101000101110111111111111111010
190
11001011011101011010010000011001110000101001111010001011110001110101111110100101101110011
50
110001101001011011100111010101111011101101101001010010011100100001001111000011010111010111
15
110100100110011100111100000001000111101111100111001000111101100011111111101100010101001001
140
10001001011111111111010110100100101101111001101001011100100000011111100001111111101100000
3
110101110011111001110110100011110100111110111001110110111001111101011011001001000000010
129
10011011010011111110110100101000101011110110100111101100111111001011011110111011010001101
77
1101100101011000111111010011111101110111011111010100010001011111111111100101001011011000
149
101101011011111111101111101111011001010011101010111111111111001100111110101110100100101110
178
1110011001100010011101010111010111111010111111001011111011011011011011111111110101100011
134
11110011010101111111011110000101101110111110000101110000010011111101001011101111111011111
128
11111110010001110101110110010111001101101111110100111100001110111010001010111011011000000
192
11010001110101010111110111111101010111110110101111011001101101010111101011001101011110110
14
11011100110111110100001110101101101001111001110000001100100001100011100111100011111011111
111
1111000101000110101111000010111001010100100000110110001001111111011101010001111100001010
93
11000111010000111111110001101010110111011011010001010101001101101000110001010111110110011
159
10011111111110010100000101001001101110001111100111111001001001101100101011010100010111111
11
111100101001111001000110000110010011110110000011110110011011111011110011111100001110001111
56
10110101010100010100001110110001111011111001010100000000111111011010100110101111100101
63
111110011011011111001101111111101101011111111111010011111001011011101101000111111011110000
60
110110101001100110001000110110101100111111010001010110010111000001111011101111000010001101
110
10101011111100111011010111110111011010110011101010101111011110011101111111111010001111110
92
110110101010110100101111100110000111010000101101110011010011101010110110101111111100010111
1
110001000101001111100011110101010100111111011100110011100110010111001110101111110011000101
195
111101111111110001110101110110111001010111100100110010000111101011111100011011011000111011
91
110011101011110011011111000101010011110101011111101110101100011010110010000001011000111001
69
10001001011111001101111110011111011111111010011110110100110001010000000011011111110010110
8
110100111010111111101010101110100101101100000100111111101100101001100001110010001110110000
146
110001110000101011111110011000001101010101010111011010010101101111011111101011011100111000
141
11011000101110100110111111011101110111011000011111101110011111110110100010110111111011010
61
111000110111101101111111110111101101011010101101000110110100100111010100000101111111110101
62
1010110100010110101100000010110111111101000111011111101001110010110110010101001111111010
67
10101101110100011100101100000111011001110011111100011001011111001100100110111011001010010
178
110001100010001010001101110000110111111110010111110110011111000110111111111001100011010010
189
11111111110111111111011101011011100110111111111111111110100001010111000001010110100111001
77
111001011110110111101110110100001111100111011001111101111101011110000001001111011111011000
2
1100111101101100001110010011011010100011001110110001010010000111011001011111100100001011
75
11111111000101101111011111011011001111111110001010111110011011110000111111011000011101101
130
111111010011011101101110001011010001010101110011110011111010011000111111101111111111010010
144
11010111100100101110011000011011001111001010111011111111100011100010110111111101011011011
135
110101100001111111001111011011110011100011101100101101011100101100111111101100111000010111
103
111111110110101100001111011110011101101101101001110001000011101101010111111111010110011101
135
111011001110110101111110111001111001111110111111111000011100010101010100110110100011111100
13
1010101100110100111101001101011010011101110110111111011010111011011101010010101011011101
123
10101010110000011110111100111010111000110001010101110000101101111111010111000010101000101
67
100111111011100011011000010010101111100000111100111111010011111110111110110111110111000111
47
11111110011110101110000100110110011010001110110110011111111001011111000010011110111111010
21
111011011111011101100001100011011011011101001101101111101101101100011100110011010001110111
157
10111111110101111111110011011000110111010011010111000110101001011111100101110110011110001
112
10111000011111010110010000100011011111101101111101010111110001111100100001111111011101100
50
110011111110110101100101111110111110001111101110110011010000000011110011110001110110101100
109
110011110000111011101111100011110010001111001101011110101011000000110010101010110111110111
183
111001000001011010101100111010011000111111001011111000101100000010100111101001111110001111
192
111100101110101111010111110111110111100000001111001011100011011100011000011010110101110111
109
11101111110101001111101111110010011110001111001111100110001111011011111011101111111001111
2
110110100000101010101110111011001111000110011110101101001101110010100100110101101110111110
89
110011001111110011110000101110001011011001010111010110111101101011000001100100100001001110
5
101010011111111000110111011010100101000111111010111111110111100111100001101111110001110101
188
11111011111110101111100101011000100011011011101001101010100011101011010001111010010101000
1
111110110100111011011110110001100110011101000010001111011110111101011000100101001111011011
82
111011100011110010110000111100010101110110010001010001111110001010011110111011010010010100
81
10011011011001101111011001011110100000000011001100110110101100011100010100110001101110100
104
1101101101101101110100000111111101100110111100011101110100001110101010111111110011110001
16
110111010101111110100110010111101100101111101001010011100000011111111110110111100011
48
111010001001101110111110100100000110111100011111110101001101101011101110011011100100110011
1
101101011011000011110110011001111111100011111011111100001001100111111100110111111010100011
30
110101000111110110110010101011110011000011111101111001110101010110111110111100110001111001
114
11111101111110001101111000111011110111101110101110000010110110111001011011010101111001110
167
101001000110111111111010110011110001111111110110011010111111111010101010111010100011111001
92
111110111010111011111111101111100011111110000111111001100010111111110110111010001100100010
24
11100100010111100110110111001110110001000111101001000011110011100111101010000001000000110
8
110001101101001011001000111101110111011101000111000111101110110111010111100111010000001010
95
101101101110000001010110000101110101111001110010111001111011010000011111000111111110010111
62
111001110011111100101111011000011100011010010011111101100000010100111010011000110111110001
49
11100101011110001011000011110111011111111100010111111001110111111111100010101100100000111
35
10000100111001111000011010101100111111001101110111111001110011110111110010001111101010110
55
111010111011111000110011111110100101111100011001011011000010001011101111110111111111111001
107
11011011111011111011110101111001110111111101101100111010111000101111001001110001011111100
77
11111010110101001000011110001110010111010111110011010000101010011011111101100111110111010
151
110100111101111010101101011001110111111100101111101011000011010100101110101001110101110010
123
110110111110011111111101001010101100000000111101110110110111000011001001001110101100110110
199
1010110000111100011101010110110010011111101010101010011101000111111100111111011001010011
122
111011011111110110101111110010000000000001011101111011011001110110101010011111111011111001
180
100111101011011101011111101100000110100011110001111110001011011011001010110010111011101100
45
111111100011100010111110111101011111111011011111111111010010110110110110110010000111000011
188
10110011110111111011010111101100111011001111011100000000011010101111111001101000010101111
158
100110101000100011011110110111001101101000010010100100011011101011001000100101011111000001
87
1000010100111000100011010110100111100010110011011110100110101101110000101011111110101110
112
110000011100100111111010000011111010011111110011110101101111000001011110110011111111010101
98
1101110101011101001110001001101101110011010010101110011100011011000001110111110100111101
66
101011001111010011110001111101011010011011010011000110101100100100011010101010111100111101
145
111111110110001001111101110110001011011111111111111010110011001111000111101111011000111010
186
110101110111011111111111011101010010111110101100101110110101110110000100001001110010111001
123
110110011101011101010111111100101011001111110100101111111110100111000001100101011001111001
8
111011011011100100110011011101111000000111111110101011100101100110100101110001101010110111
64
11101110100101111001101100101111110010111110101111001100010001010011011101011111010110111
83
100111000100110111111110000001101110111011000011101100101110111101101001110111110001011011
146
111001111100110010111111110100110101010111010111111101111111101111111110110000100001011010
112
100000011101000101001011101001101000011001001101100100100110001101100010011010110100001011
11
11111000100000001101001000111111111011011001011100100111001000011000001011101100111100001
184
101111100100111000110001001101101110001001101011010011011101111001100111011101110111100100
73
1110011111100100010111111000011011110111110011100101010100110000110011010001100010110110
87
11101110101101111100011010110010011110110001110110110011101011011001001001111111010111110
166
110111110101001111111111010111011111111101010101001100001011111111100111000111000110111010
7
11010011101011010111101101010110010101001100101100111000111011110111101111110000101010100
168
110011010111101000001011011011110100011011111111101001111100011010110111100111011010111111
125
101101101101111100101111101110111100110010100111111101011001010011101111010100101111011111
19
10011111110010010010111111110000100001011111101110111001110110010110110110101110011001101
46
11110111111110001100111011101110101010010001111100001100111110111110001101011011010000100
10
10001011101111001111111111111111111110110011000110110100001011111011001111000111101011011
74
100010101110100101001111111101101111000001110101110101110111111011011111110110111111001100
85
101111111111100110111010011101110111000111011011111101100111011011111000011110101111001001
134
111010110011010110011011111010001011111101110001110010010101010111100001111110010110110010
72
111111110111101000011110000000110011001011001100010010111011010100011010010110010111101110
155
111010110001110010010101101011111111101001100111011100000010111101111110010000110100101010
136
11001101111110000111111110001101010011011110111001110011101111111101001001000010100101100
129
110001001110100100010100011011110111000111011100100110001101011111000100000001111100101110
42
111110011011111001010100011001100100010111101100101011101111011110110111011111010010001011
54
1100001010111100100011001110111110101010111010010110010000001100111011011111100111111101
137
11010110000111011110100110110111011110101001010101110000110100100000010011110011111011111
72
111001010111111100011110001101101100011011100011000111101000001111110011110011100101100110
101
110001000010111110001010100110111011010111001111001010010110010100111111110111001111110111
196
101111111000110101010110111001111111011111110010100010011000111111100111100011100101110100
142
100010111010110111000011111111010001110110000000100011000011011010111101010100111110100110
16
11110100010101110101101010100110001011010111111011100011001111111001101100011010001101
145
111000001100111110000000111100100111011101111001101011111110011100111100000110111111100101
151
110100111101111011111011111101000111000100101111111010101101110110010100110011011011101110
164
111111110011101110100110001010000011101111111011101101111001111101110010001100100110111101
176
101000111011100111011001110111111110001111101111111100110111011011110100001001110110101100
39
110110011010110011110111001110011011111100101111111110110110110011101011111010010110001100
55
100111101011011111111011110010100001101110011100111011110001011101111110101101101111111010
6
111101111001000101110010011000111001111001011011001101111111110010111101001101100000101101
130
100111111101110010110101110001010111111010110111101100001011110011111111100011111101111110
100
110100010010101100110000001100010010010111000101101011110111101001001011001111111111011101
91
11101101011011111011101001101111011001100100111001100001111111110011000001001001001011100
192
10111001001101111011001111011111101110011111111011100110000111011011111000110101100110110
177
1111011110110110010011100100001011011000101111111010111111001011101111011011101100101001
14
10100010010110010111111000001111110011100101111011010011011111100100010001100011111011110
20
101011100111111100101010011101111101010110111100010101100110010010010110010101000111101010
49
11000011110110011010100011011000101100110101011101111000101111101100100111111011001111111
117
1010110000111111010001111111010110101101110101111101110000111111011011111001111110011110
41
10101101011100100011101001101111101100000011010111110101101011011010111110011011001010110
46
110111010111101101110111111111011011100001111110000100110010010000100101101101111001011101
22
11110011101100111101110110001011100011000000010010001011010100110011001110111101011110101
158
10010000110011101011011101101011011110101011100110101011111110111110110100000111100101001
25
111001111010110110110001101110111110101011011000111101010110101010111011111101101100010101
182
111111111100000001101001100101101010000101011101111110001011011111111110010100010111011011
86
1001101101100110110001111000101001011011111100010111110111010100110111010111011101100011
127
100111101000100101001101000111111011101100111111011101011111000101001101111101110111111010
148
1101001101010011110100001001100000011011111110111000010011011010111111001001000110101
141
110101100111110011000001011110000011000000011110011101101111110101000101111111001111001101
190
11011010011001111111100101110100010111111111001111100001111011101111111100001101101101110
7
11101110100011011111011011111111111010000001101000100111110010110000110101111111110100101
189
110111111010010101111100110111001100000101100110010111010100100001011101011011111101101010
186
11010011101001111011110101000010111011101110011111111010111110100110101011011001001011111
104
101010010100111100111100110010111100111011000011111110111010101011110001010010010001100110
32
101011110010010100110111111111110110101001111001111100010111110000101001010101010111101011
160
1101010111010000010111111001001100100010111100101111001111110111110010011111111111011101
86
11111111000011100001111111111110110110111011101100100111111011001010011011100000111101
89
110111001100111011110101101111110000100101111010010111011010001110101000101110000011111110
167
101111011011001001011101011110100010111010101111010111000100001001011101111011111001100000
82
11101000100111011010010010011011011100110110111101110111110011101101001000101101110110010
191
101100011100010001111111100011000111100101111101101101110110100111101101111001011101010100
83
11101011111110111011110111101010111001001001111011011100110100001011111111110111010000111
82
10100101110101111100111100111111001000111010110111101001011110011100011011101111111110100
139
1111010010111110111100101010100001111001101010010011110101101000011101000010001111001011
104
111110011111010000111100011111001100011000100010111011011001000101110111111101000111101000
86
110010000011101000100111010001111011110101111111001110111111010111010011011011110001111101
65
1010110000100111111010110000101100100100101100011110101111100110101011101011111000101110
65
11110011010011101101110111011110010111111110011001110101111110010100110111101010111111011
127
101111001111010000101011101011011100101010111011101011101010010110000111011001110011111111
132
101110100000100001111101100011110001101101010111101111100001010111000111101011101110010111
19
111000111111100111111011110100101111011111111000110001111000101111101011010010100111011111
3
111000100101110001110111111111011010110111011110100001110110101011111111011001101010101111
138
111111010111111110011010111111111110101011000100001111011001101101010101110001011111100
188
111001110100001110110111010111011001000111101101110100110011011001110111111001100111000011
81
111100011011110110101000100111000111110100000101111111010111111111100100111010111100010101
136
110010100110101000100011011111111001111110110111100100011110110101010111111110111010111
118
1100111011111111111111111110000101101011011011011111011001011101011011010111101110111110
189
11001111000110001101011110001000111010111110101010011000100110111100011101101011111010010
193
111110100111111011000100001111011001111011001011111100100110010100001001111101001011110111
9
1100111110010010110010101001101101100010110111111111100011010110000111011111110010000011
33
110110100001011110010101001111000101010000111011111100111001101001100000111100111100100001
146
101011101001110101101110101111101010011110111110000110110001001011010100001111111101001101
65
10111100000010111110001100101100111010001010010101011100010101011000010011110011000000011
52
110010111011000101111010100011001100111110111110101011001011001001110111111011011111100000
93
101100011111111010000111111110101000111111111101111100011100100011100111100110110001110010
20
1111010100100011100111000011111001001001011001101001010111110010100000000110010111101011
131
111101101001010111110011101100110011101101000101111101110110111010110111010111101100110100
43
101111101011111111101111001101100100010110111000101100001100111101111111001100010000011101
140
111111011010110111011111110011001011010111011011111101111010101111111110101010101111101001
107
111110101111110011101111010010111010001011111000011010011010100111111011101000101110001111
73
111111111000000011110101011100101111100100010110000010011111110001110110100011101011100001
60
110110111100111000110010101111000111110110101111110101110001011011100111110010110111110110
176
101110111111111001000001000110010111111111100011100101010011101011111000000100001011010000
46
101101110110111011101111011111011000100111010111001110101100011010101011100010110001100001
120
110011100111011101111011101101111001011000000101100111111110011111100111111011010110111010
42
11111111111011100110001010101011110110111000000001111111111100001001010101001000011011001
149
10100001000001100101101011010111110001001011111111110101011110111100010111101100010101011
50
110111110110011000101100011101010001000111010111110101101111101111111000101101111110101111
146
